0.000150961321565693
0.000150872169282381
0.000150908096780397
0.000150662000586712
0.000150514097920694
0.000150514097920694
0.000150514097920694
0.000150514097920694
0.000150484508023284
0.000150485477753156
0.000150627732965594
0.000150627732965594
0.000150633106126971
0.000150633106126971
0.000150633106126971
0.000150633106126971
0.000150715694017534
0.000150715694017534
0.000150807813245487
0.000150807813245487
0.000150784567611926
0.000150847455947021
0.000150847455947021
0.000150821535572209
0.000150835903081043
0.000150838544125712
0.000150838544125712
0.000150788965347951
0.000150788965347951
0.000150788965347951
0.000150842572503583
0.000150842572503583
0.000150977112958523
0.000150977112958523
0.000150993585427446
0.000150993585427446
0.000150896300774969
0.000150896300774969
0.000150896300774969
0.000150896300774969
0.000150896300774969
0.000150896300774969
0.000150813502811092
0.000150813502811092
0.000150813502811092
0.000150813502811092
0.000150813502811092
0.000150813502811092
0.000150813502811092
0.000150813502811092
0.000150813502811092
0.000150813502811092
0.000150813502811092
0.000150950144605981
0.000150950144605981
0.000150950144605981
0.000150950144605981
0.000150950144605981
0.000150950144605981
0.000150965166703523
0.000150965166703523
0.000150965166703523
0.000150965166703523
0.000150965166703523
0.000150965166703523
0.000150965166703523
0.000150965166703523
0.000150965166703523
0.000150965166703523
0.000150965166703523
0.000150965166703523
0.000150965166703523
0.000150965166703523
0.000150965166703523
0.000150965166703523
0.000150965166703523
0.000150965166703523
0.000150965166703523
0.000150965166703523
0.000150965166703523
0.000150965166703523
0.000150965166703523
0.000150965166703523
0.000150965166703523
0.000150965166703523
0.000150965166703523
0.000150965166703523
0.000150965166703523
0.000150965166703523
0.000150965166703523
0.000150965166703523
0.000150965166703523
0.000150965166703523
0.000150965166703523
0.000150965166703523
0.000150965166703523
0.000150965166703523
0.000150965166703523
0.000151143194808563
0.000151143194808563
0.000151037075497859
0.000151037075497859
0.000151037075497859
0.000151037075497859
0.000151037075497859
0.000151037075497859
0.000151037075497859
0.000151037075497859
0.000151037075497859
0.000151037075497859
0.000151037075497859
0.000151037075497859
0.000151037075497859
0.000151037075497859
0.000151037075497859
0.000151037075497859
0.000151037075497859
0.000151037075497859
0.000151037075497859
0.000151037075497859
0.000151037075497859
0.000151037075497859
0.000151037075497859
0.000151037075497859
0.000151037075497859
0.00015111423316323
0.00015111423316323
0.00015111423316323
0.00015111423316323
0.00015111423316323
0.00015111423316323
0.00015111423316323
0.00015111423316323
0.00015111423316323
0.00015111423316323
0.00015111423316323
0.00015111423316323
0.000151248756141946
0.000151248756141946
0.000151248756141946
0.000151248756141946
0.000151248756141946
0.000151248756141946
0.000151248756141946
0.000151248756141946
0.000151248756141946
0.000151248756141946
0.000151248756141946
0.000151248756141946
0.000151248756141946
0.000151248756141946
0.000151248756141946
0.000151248756141946
0.000151248756141946
0.000151248756141946
0.000151248756141946
0.000151248756141946
0.000151248756141946
0.000151248756141946
0.000151248756141946
0.000151248756141946
0.000151248756141946
0.000151248756141946
0.000151248756141946
0.000151248756141946
0.000151248756141946
0.000151248756141946
0.000151248756141946
0.000151248756141946
0.000151248756141946
0.000151248756141946
0.000151248756141946
0.000151248756141946
0.000151325562429245
0.000151325562429245
0.000151325562429245
0.000151325562429245
0.000151325562429245
0.000151325562429245
0.000151325562429245
0.000151325562429245
0.000151325562429245
0.000151325562429245
0.000151325562429245
0.000151325562429245
0.000151325562429245
0.000151325562429245
0.000151325562429245
0.000151325562429245
0.000151325562429245
0.000151325562429245
0.000151325562429245
0.000151325562429245
0.000151325562429245
0.000151325562429245
0.000151325562429245
0.000151325562429245
0.000151325562429245
0.000151325562429245
0.000151325562429245
0.000151325562429245
0.000151325562429245
0.000151325562429245
0.000151325562429245
0.000151325562429245
0.000151325562429245
0.000151325562429245
0.000151325562429245
0.000151325562429245
0.000151325562429245
0.000151325562429245
0.000151325562429245
0.000151325562429245
0.000151325562429245
0.000151325562429245
0.000151325562429245
0.000151325562429245
0.000151325562429245
0.000151325562429245
0.000151325562429245
0.000151325562429245
0.000151325562429245
0.000151325562429245
0.000151325562429245
0.000151325562429245
0.000151325562429245
0.000151325562429245
0.000151325562429245
0.000151325562429245
0.000151325562429245
0.000151325562429245
0.000151325562429245
0.000151325562429245
0.000151325562429245
0.000151325562429245
0.000151325562429245
0.000151325562429245
0.000151358642262768
0.000151358642262768
0.000151358642262768
0.000151358642262768
0.000151358642262768
0.000151358642262768
0.000151358642262768
0.000151358642262768
0.000151358642262768
0.000151358642262768
0.000151358642262768
0.000151358642262768
0.000151358642262768
0.000151358642262768
0.000151358642262768
0.000151358642262768
0.000151358642262768
0.000151358642262768
0.000151358642262768
0.000151358642262768
0.000151358642262768
0.000151358642262768
0.000151358642262768
0.000151358642262768
0.000151358642262768
0.000151358642262768
0.000151358642262768
0.000151358642262768
0.000151358642262768
0.000151358642262768
0.000151358642262768
0.000151358642262768
0.000151358642262768
0.000151358642262768
0.000151358642262768
0.000151358642262768
0.000151358642262768
0.000151358642262768
0.000151358642262768
0.000151358642262768
0.000151358642262768
0.000151358642262768
0.000151358642262768
0.000151358642262768
0.000151358642262768
0.000151358642262768
0.000151358642262768
0.000151358642262768
0.000151358642262768
0.000151358642262768
0.000151358642262768
0.000151358642262768
0.000151358642262768
0.000151358642262768
0.000151358642262768
0.000151358642262768
0.000151358642262768
0.000151358642262768
0.000151358642262768
0.000151358642262768
0.000151358642262768
0.000151358642262768
0.000151358642262768
0.000151358642262768
0.000151358642262768
0.000151358642262768
0.000151358642262768
0.000151358642262768
0.000151358642262768
0.000151358642262768
0.000151358642262768
0.000151358642262768
0.000151358642262768
0.000151358642262768
0.000151358642262768
0.000151358642262768
0.000151358642262768
0.000151358642262768
0.000151358642262768
0.000151358642262768
0.000151358642262768
0.000151358642262768
0.000151358642262768
0.000151358642262768
0.000151358642262768
0.000151358642262768
0.000151358642262768
0.000151358642262768
0.000151358642262768
0.000151358642262768
0.000151358642262768
0.000151358642262768
0.000151358642262768
0.000151358642262768
0.000151358642262768
0.000151358642262768
0.000151358642262768
0.000151358642262768
0.000151358642262768
0.000151358642262768
0.000151358642262768
0.000151358642262768
0.000151358642262768
0.000151358642262768
0.000151358642262768
0.000151358642262768
0.000151358642262768
0.000151358642262768
0.000151358642262768
0.000151358642262768
0.000151358642262768
0.000151358642262768
0.000151358642262768
0.000151358642262768
0.000151358642262768
0.000151358642262768
0.000151358642262768
0.000151358642262768
0.000151358642262768
0.000151358642262768
0.000151358642262768
0.000151358642262768
0.000151358642262768
0.000151358642262768
0.000151358642262768
0.000151358642262768
0.000151358642262768
0.000151358642262768
0.000151358642262768
0.000151358642262768
0.000151358642262768
0.000151358642262768
0.000151358642262768
0.000151358642262768
0.000151358642262768
0.000151358642262768
0.000151358642262768
0.000151358642262768
0.000151358642262768
0.000151358642262768
0.000151358642262768
0.000151358642262768
0.000151358642262768
0.000151358642262768
0.000151358642262768
0.000151358642262768
0.000151358642262768
0.000151358642262768
0.000151358642262768
0.000151358642262768
0.000151358642262768
0.000151358642262768
0.000151358642262768
0.000151358642262768
0.000151358642262768
0.000151358642262768
0.000151358642262768
0.000151358642262768
0.000151358642262768
0.000151358642262768
0.000151358642262768
0.000151358642262768
0.000151358642262768
0.000151358642262768
0.000151358642262768
0.000151358642262768
0.000151358642262768
0.000151358642262768
0.000151358642262768
0.000151358642262768
0.000151358642262768
0.000151358642262768
0.000151358642262768
0.000151358642262768
0.000151358642262768
0.000151358642262768
0.000151358642262768
0.000151358642262768
0.000151358642262768
0.000151358642262768
0.000151358642262768
0.000151358642262768
0.000151358642262768
0.000151358642262768
0.000151358642262768
0.000151358642262768
0.000151358642262768
0.000151358642262768
0.000151358642262768
0.000151358642262768
0.000151358642262768
0.000151358642262768
0.000151358642262768
0.000151358642262768
0.000151358642262768
0.000151358642262768
0.000151358642262768
0.000151358642262768
0.000151358642262768
0.000151358642262768
0.000151358642262768
0.000151358642262768
0.000151358642262768
0.000151358642262768
0.000151358642262768
0.000151358642262768
0.000151358642262768
0.000151358642262768
0.000151358642262768
0.000151358642262768
0.000151358642262768
0.000151358642262768
0.000151358642262768
0.000151358642262768
0.000151358642262768
0.000151358642262768
0.000151358642262768
0.000151358642262768
0.000151358642262768
0.000151358642262768
0.000151358642262768
0.000151358642262768
0.000151358642262768
0.000151358642262768
0.000151358642262768
0.000151358642262768
0.000151358642262768
0.000151358642262768
0.000151358642262768
0.000151358642262768
0.000151358642262768
0.000151358642262768
0.000151358642262768
0.000151358642262768
0.000151358642262768
0.000151358642262768
0.000151358642262768
0.000151358642262768
0.000151358642262768
0.000151358642262768
0.000151358642262768
0.000151358642262768
0.000151358642262768
0.000151358642262768
0.000151358642262768
0.000151358642262768
0.000151358642262768
0.000151358642262768
0.000151358642262768
0.000151358642262768
0.000151358642262768
0.000151358642262768
0.000151358642262768
0.000151358642262768
0.000151358642262768
0.000151358642262768
0.000151358642262768
0.000151358642262768
0.000151358642262768
0.000151358642262768
0.000151358642262768
0.000151358642262768
0.000151358642262768
0.000151358642262768
0.000151358642262768
0.000151358642262768
0.000151358642262768
0.000151358642262768
0.000151358642262768
0.000151358642262768
0.000151358642262768
0.000151358642262768
0.000151358642262768
0.000151358642262768
0.000151358642262768
0.000151358642262768
0.000151358642262768
0.000151358642262768
0.000151358642262768
0.000151358642262768
0.000151358642262768
0.000151358642262768
0.000151358642262768
0.000151358642262768
0.000151358642262768
0.000151358642262768
0.000151358642262768
0.000151358642262768
0.000151358642262768
0.000151358642262768
0.000151358642262768
0.000151358642262768
0.000151358642262768
0.000151358642262768
0.000151358642262768
0.000151358642262768
0.000151358642262768
0.000151358642262768
0.000151358642262768
0.000151358642262768
0.000151358642262768
0.000151358642262768
0.000151358642262768
0.000151358642262768
0.000151358642262768
0.000151358642262768
0.000151358642262768
0.000151358642262768
0.000151358642262768
0.000151358642262768
0.000151358642262768
0.000151358642262768
0.000151358642262768
0.000151358642262768
0.000151358642262768
0.000151358642262768
0.000151358642262768
0.000151358642262768
0.000151358642262768
0.000151358642262768
0.000151358642262768
0.000151358642262768
0.000151358642262768
0.000151358642262768
0.000151358642262768
0.000151358642262768
0.000151358642262768
0.000151358642262768
0.000151358642262768
0.000151358642262768
0.000151358642262768
0.000151358642262768
0.000151358642262768
0.000151358642262768
0.000151358642262768
0.000151358642262768
0.000151358642262768
0.000151349064727741
0.000151349064727741
0.000151349064727741
0.000151349064727741
0.000151349064727741
0.000151349064727741
0.000151349064727741
0.000151349064727741
0.000151349064727741
0.000151349064727741
0.000151349064727741
0.000151349064727741
0.000151349064727741
0.000151349064727741
0.000151349064727741
0.000151349064727741
0.000151349064727741
0.000151349064727741
0.000151349064727741
0.000151349064727741
0.000151349064727741
0.000151349064727741
0.000151349064727741
0.000151349064727741
0.000151349064727741
0.000151349064727741
0.000151349064727741
0.000151349064727741
0.000151349064727741
0.000151349064727741
0.000151349064727741
0.000151349064727741
0.000151349064727741
0.000151349064727741
0.000151349064727741
0.000151349064727741
0.000151349064727741
0.000151349064727741
0.000151349064727741
0.000151349064727741
0.000151349064727741
0.000151349064727741
0.000151349064727741
0.000151349064727741
0.000151349064727741
0.000151349064727741
0.000151349064727741
0.000151349064727741
0.000151349064727741
0.000151349064727741
0.000151349064727741
0.000151349064727741
0.000151349064727741
0.000151349064727741
0.000151349064727741
0.000151349064727741
0.000151349064727741
0.000151349064727741
0.000151349064727741
0.000151349064727741
0.000151349064727741
0.000151349064727741
0.000151349064727741
0.000151349064727741
0.000151349064727741
0.000151349064727741
0.000151349064727741
0.000151349064727741
0.000151349064727741
0.000151349064727741
0.000151349064727741
0.000151349064727741
0.000151349064727741
0.000151349064727741
0.000151349064727741
0.000151349064727741
0.000151349064727741
0.000151349064727741
0.000151349064727741
0.000151349064727741
0.000151349064727741
0.000151349064727741
0.000151349064727741
0.000151349064727741
0.000151349064727741
0.000151349064727741
0.000151349064727741
0.000151349064727741
0.000151349064727741
0.000151349064727741
0.000151349064727741
0.000151349064727741
0.000151349064727741
0.000151349064727741
0.000151349064727741
0.000151349064727741
0.000151349064727741
0.000151349064727741
0.000151349064727741
0.000151349064727741
0.000151349064727741
0.000151349064727741
0.000151349064727741
0.000151349064727741
0.000151349064727741
0.000151349064727741
0.000151349064727741
0.000151349064727741
0.000151349064727741
0.000151349064727741
0.000151349064727741
0.000151349064727741
0.000151349064727741
0.000151349064727741
0.000151349064727741
0.000151349064727741
0.000151349064727741
0.000151349064727741
0.000151349064727741
0.000151349064727741
0.000151349064727741
0.000151349064727741
0.000151349064727741
0.000151349064727741
0.000151349064727741
0.000151349064727741
0.000151349064727741
0.000151349064727741
0.000151349064727741
0.000151349064727741
0.000151349064727741
0.000151349064727741
0.000151349064727741
0.000151349064727741
0.000151349064727741
0.000151349064727741
0.000151349064727741
0.000151349064727741
0.000151349064727741
0.000151349064727741
0.000151349064727741
0.000151349064727741
0.000151349064727741
0.000151349064727741
0.000151349064727741
0.000151349064727741
0.000151349064727741
0.000151349064727741
0.000151349064727741
0.000151349064727741
0.000151349064727741
0.000151349064727741
0.000151349064727741
0.000151349064727741
0.000151349064727741
0.000151349064727741
0.000151349064727741
0.000151349064727741
0.000151349064727741
0.000151349064727741
0.000151349064727741
0.000151349064727741
0.000151349064727741
0.000151349064727741
0.000151349064727741
0.000151349064727741
0.000151349064727741
0.000151349064727741
0.000151349064727741
0.000151349064727741
0.000151349064727741
0.000151349064727741
0.000151349064727741
0.000151349064727741
0.000151349064727741
0.000151349064727741
0.000151349064727741
0.000151349064727741
0.000151349064727741
0.000151349064727741
0.000151349064727741
0.000151349064727741
0.000151349064727741
0.000151349064727741
0.000151349064727741
0.000151349064727741
0.000151349064727741
0.000151349064727741
0.000151349064727741
0.000151349064727741
0.000151349064727741
0.000151349064727741
0.000151349064727741
0.000151349064727741
0.000151349064727741
0.000151349064727741
0.000151349064727741
0.000151349064727741
0.000151349064727741
0.000151349064727741
0.000151349064727741
0.000151349064727741
0.000151349064727741
0.000151349064727741
0.000151349064727741
0.000151349064727741
0.000151349064727741
0.000151349064727741
0.000151349064727741
0.000151349064727741
0.000151349064727741
0.000151349064727741
0.000151349064727741
0.000151349064727741
0.000151349064727741
0.000151349064727741
0.000151349064727741
0.000151349064727741
0.000151349064727741
0.000151349064727741
0.000151349064727741
0.000151349064727741
0.000151349064727741
0.000151349064727741
0.000151349064727741
0.000151349064727741
0.000151349064727741
0.000151349064727741
0.000151349064727741
0.000151349064727741
0.000151349064727741
0.000151349064727741
0.000151349064727741
0.000151349064727741
0.000151349064727741
0.000151349064727741
0.000151349064727741
0.000151349064727741
0.000151349064727741
0.000151349064727741
0.000151349064727741
0.000151349064727741
0.000151349064727741
0.000151349064727741
0.000151349064727741
0.000151349064727741
0.000151349064727741
0.000151349064727741
0.000151349064727741
0.000151349064727741
0.000151349064727741
0.000151349064727741
0.000151349064727741
0.000151349064727741
0.000151349064727741
0.000151349064727741
0.000151349064727741
0.000151349064727741
0.000151349064727741
0.000151349064727741
0.000151349064727741
0.000151349064727741
0.000151349064727741
0.000151349064727741
0.000151349064727741
0.000151349064727741
0.000151349064727741
0.000151349064727741
0.000151349064727741
0.000151349064727741
0.000151349064727741
0.000151349064727741
0.000151349064727741
0.000151349064727741
0.000151349064727741
0.000151349064727741
0.000151349064727741
0.000151349064727741
0.000151349064727741
0.000151349064727741
0.000151349064727741
0.000151349064727741
0.000151349064727741
0.000151349064727741
0.000151349064727741
0.000151349064727741
0.000151349064727741
0.000151349064727741
0.000151349064727741
0.000151349064727741
0.000151349064727741
0.000151349064727741
0.000151349064727741
0.000151349064727741
0.000151349064727741
0.000151349064727741
0.000151349064727741
0.000151349064727741
0.000151349064727741
0.000151349064727741
0.000151349064727741
0.000151349064727741
0.000151349064727741
0.000151349064727741
0.000151349064727741
0.000151349064727741
0.000151349064727741
0.000151349064727741
0.000151349064727741
0.000151349064727741
0.000151349064727741
0.000151349064727741
0.000151349064727741
0.000151349064727741
0.000151349064727741
0.000151349064727741
0.000151349064727741
0.000151349064727741
0.000151349064727741
0.000151349064727741
0.000151349064727741
0.000151349064727741
0.000151349064727741
0.000151349064727741
0.000151349064727741
0.000151349064727741
0.000151349064727741
0.000151349064727741
0.000151349064727741
0.000151349064727741
0.000151349064727741
0.000151349064727741
0.000151349064727741
0.000151349064727741
0.000151349064727741
0.000151349064727741
0.000151349064727741
0.000151349064727741
0.000151349064727741
0.000151349064727741
0.000151349064727741
0.000151349064727741
0.000151349064727741
0.000151349064727741
0.000151349064727741
0.000151349064727741
0.000151349064727741
0.000151349064727741
0.000151349064727741
0.000151349064727741
0.000151349064727741
0.000151349064727741
0.000151349064727741
0.000151349064727741
0.000151349064727741
0.000151349064727741
0.000151349064727741
0.000151349064727741
0.000151349064727741
0.000151349064727741
0.000151349064727741
0.000151349064727741
0.000151349064727741
0.000151349064727741
0.000151349064727741
0.000151349064727741
0.000151349064727741
0.000151349064727741
0.000151349064727741
0.000151349064727741
0.000151349064727741
0.000151349064727741
0.000151349064727741
0.000151349064727741
0.000151349064727741
0.000151349064727741
0.000151349064727741
0.000151349064727741
0.000151349064727741
0.000151349064727741
0.000151349064727741
0.000151349064727741
0.000151349064727741
0.000151349064727741
0.000151349064727741
0.000151349064727741
0.000151349064727741
0.000151349064727741
0.000151349064727741
0.000151349064727741
0.000151349064727741
0.000151349064727741
0.000151349064727741
0.000151349064727741
0.000151349064727741
0.000151349064727741
0.000151349064727741
0.000151349064727741
0.000151349064727741
0.000151349064727741
0.000151349064727741
0.000151349064727741
0.000151349064727741
0.000151349064727741
0.000151349064727741
0.000151349064727741
0.000151349064727741
0.000151349064727741
0.000151349064727741
0.000151349064727741
0.000151349064727741
0.000151349064727741
0.000151349064727741
0.000151349064727741
0.000151349064727741
0.000151349064727741
0.000151349064727741
0.000151349064727741
0.000151349064727741
0.000151349064727741
0.000151349064727741
0.000151349064727741
0.000151349064727741
0.000151349064727741
0.000151349064727741
0.000151349064727741
0.000151349064727741
