0.0599490866780794
0.103498837086942
0.0575507827257802
0.0986832025479883
0.0405263501630348
0.0970391982797662
0.0743996271257485
0.0594741646907501
0.0361724840389716
0.030298459253044
0.0619599443126812
0.0364099469213954
0.0648488999706412
0.0790200849131177
0.0731404932657203
0.0198596970266526
0.0422196238702918
0.0355965067797957
0.0479043654061691
0.0236942292984392
0.0530747820193055
0.047123110821328
0.0427057093545356
0.0240147050826492
0.0894345340485977
0.0420611968672351
0.0590006144144151
0.05866989717992
0.0491925004235425
0.0845664746166136
0.0758440158885312
0.0409764968218921
0.0907921633720611
0.0749456767634438
0.0871330769344588
0.0787316430951384
0.0726345060406738
0.0644694086623119
0.0493144038956149
0.0441113009182417
0.0608197136788435
0.0274029884037741
0.0571799439728478
0.0540740875762967
0.0379379003160852
0.0732247070197514
0.0328982960641561
0.0436381618255838
0.020429533430573
0.0541777824728049
0.0668505859391771
0.0704004095131674
0.0892610943851559
0.0648857084969452
0.0316289541508787
0.0587689148048042
0.0456855282048624
0.0576696527984121
0.041651821250304
0.0770525969474345
0.0827513043314748
0.0425539261707823
0.0316088337495165
0.0511135669274431
0.0487312909817032
0.0763254009816293
0.0770551235898924
0.0507205972261681
0.0691722027831741
0.0484481912240812
0.0383108135366348
0.0811245281628731
0.0565234500482884
0.0384699400423743
0.0781947937861404
0.0418591971701901
0.040202372397962
0.0519945392597685
0.0317975969680102
0.0731693845889746
0.0387737573445054
0.0561513141214696
0.0552703771493924
0.0402379136023852
0.0750609155186574
0.0812977327244712
0.0365325338761801
0.053492213265545
0.056113346110695
0.0165454951331727
0.0585002757428415
0.0514905293790976
0.0963798962759293
0.117822800664993
0.108492507872203
0.0581701813382133
0.0519352111834303
0.0544709160294379
0.045485265405515
0.0335570190472827
0.0761008678340225
0.0535499904927224
0.0513147831054601
0.030470571289574
0.0539842601660493
0.0907793628303326
0.132459576029581
0.062099581904704
0.0972689873800126
0.0517866792349386
0.0454732244196956
0.0913351796019444
0.0653779933651784
0.0523807640333071
0.0794581215430755
0.0759178345922055
0.057396908094066
0.0666945465703822
0.0657898823958579
0.0737530723227137
0.0142083706940722
0.0613037066446614
0.0228870713377336
0.0597526165260531
0.0626295473810922
0.0530406569673822
0.0261453670526761
0.0747391920122257
0.0637794650881023
0.0601413171936366
0.060712370236966
0.0616120634184089
0.0618040409824475
0.0761052163890663
0.0471017555752928
0.0499586823815247
0.0983807454372939
0.0426255868400371
0.0899192285246473
0.0301071247910195
0.0604896553366206
0.0803097256526394
0.1072805038426
0.0582047380688041
0.0441196408173534
0.0825250451204794
0.068376519013279
0.0539492869215122
0.0684602342687621
0.046302964764398
0.0530863049594515
0.0734523528651048
0.0481432270561871
0.0887987129977206
0.0587328830118565
0.110966125822679
0.054381435164124
0.0595491213037734
0.0469626169251229
0.0338242837211466
0.0926623872407606
0.0702486756444101
0.0383987630089595
0.0846054632050966
0.0380054717856491
0.0459733804138599
0.0212818168310143
0.0510898403037431
0.050367124433174
0.099494025570654
0.0445350902489646
0.0986049807371061
0.0297312631148218
0.0425750898970944
0.0335508099924222
0.0916138152577301
0.0541191549449588
0.0266928432599613
0.0719193171056336
0.0507121890540007
0.0655787596841706
0.0289208934937988
0.0535589780315115
0.0752342385584003
0.0643946524641374
0.083004188291751
0.0621677834279679
0.0433924936557053
0.0680325496506792
0.0798807700673691
0.0640982760479866
0.011975773150003
0.0381149446520639
0.051740324348909
0.0539255256814427
0.0350892111741424
0.0605859835001214
0.0678203802507578
0.105563720397489
0.0399841926065932
0.0703271543581125
0.0200660001931423
0.0316360819182367
0.0607315586727077
0.0328876909833414
0.0899647548485341
0.0404425546054534
0.0461998916756355
0.0654775776655863
0.0307074625956405
0.0381580451369039
0.0585696144279626
0.0518565464386929
0.0451690147005942
0.0391498700650121
0.055281176615392
0.0375830637812998
0.108393751927357
0.0666242972410327
0.0563176600344166
0.0642682015110558
0.0508295603704963
0.0484306982010528
0.0382278153798913
0.0655095019546609
0.0452040875996673
0.0575382064644056
0.0490986390608606
0.0452758929530194
0.065143389894168
0.0151496133483831
0.0181393123092613
0.0968436496063678
0.0473273165348335
0.0852006738359343
0.0678972439904337
0.0553106334900345
0.0598967337774213
0.0692404300541622
0.0616322792903408
0.074559457453555
0.0998537237993054
0.0544458885134058
0.0386424231455951
0.0572735779319966
0.109081941529617
0.117172343726208
0.0322839228664062
0.0606129810103441
0.0573936807068158
0.0393597945475186
0.0391944443189985
0.0516973314537227
0.0947937167653926
0.0235359841967117
0.103157154980932
0.0484790606866502
0.0458631609566062
0.0630117820368784
0.0739744558650294
0.0497504089060564
0.0575981073348247
0.0431839009133893
0.0999246651400508
0.0653768062491485
0.0487095348979868
0.043924423943172
0.0583743540934781
0.0576251662941644
0.0540084791884847
0.0861764007185675
0.0515270890912211
0.0517536085388457
0.0193250027944434
0.0271245962139054
0.081567537436099
0.10101806950649
0.0164204332303048
0.0488991644889416
0.0203101380475664
0.0733527344305611
0.0810012584081125
0.058313253513577
0.0642859789498606
0.0661884939778104
0.0307463781429497
0.0703982401329836
0.0684054232730149
0.0464431638097349
0.0465830661147865
0.028616515606271
0.0656809389404667
0.0705882846945401
0.0437937828385562
0.0415336102798046
0.064473789493352
0.030877129730109
0.0500351680710141
0.043219520700558
0.0432337995853748
0.0450059686759984
0.0596580365015712
0.0530849929044744
0.0638498804016715
0.0813316609862995
0.0562329765138477
0.088972563191166
0.0299508837171066
0.0529018076726976
0.0361601318628603
0.0500654912696429
0.0510443270584231
0.0387635834965344
0.0570406711665694
0.10423176845954
0.0346826217787063
0.0572382568993532
0.0293759357659937
0.0185009649754203
0.069051659633236
0.0276763322650511
0.016498632880797
0.0380116964895372
0.0642307112024636
0.0773365480093891
0.0736787048064129
0.047983507989167
0.0831086920803096
0.106596387514917
0.0738356812890205
0.0639303160953719
0.0430288448412576
0.100914321155253
0.0468631521289329
0.0292856224820321
0.049026785720801
0.0731461058654096
0.0808567848293268
0.0376816631047233
0.0858187799468087
0.068114890835103
0.0433217683021011
0.0732910251135982
0.0586894653383914
0.0475935006398513
0.0469064518496448
0.077570910538216
0.0685742538297275
0.0699935872867089
0.0477271586440555
0.0474555365920347
0.0371675116577275
0.0655698878095081
0.0465572563663122
0.085324063150927
0.0667945011614749
0.0608879308130448
0.0533725304387479
0.0390025419898074
0.115201816749064
0.0678157454448606
0.0775631003365382
0.0518013941937592
0.0592835009400165
0.0669137766049787
0.0454783686099795
0.0286254667310982
0.0351673056970506
0.0567308484403611
0.065449416958988
0.0188694645971743
0.0849268877769873
0.0672930664978229
0.0620299458988773
0.0870452719115308
0.061400183869974
0.0587441750933481
0.0482453808663043
0.041972651666157
0.0632150237827162
0.0946221918525016
0.0593463970605802
0.0666187411102244
0.0318474369658537
0.0716912609287132
0.0548884993529746
0.0511170754465675
0.0257170947733914
0.0787384510474943
0.048392037256409
0.0700621910292116
0.0659701831631006
0.0457221457246535
0.0836161625293989
0.085445938849368
0.0758037515306347
0.0504587765932923
0.0818598834929517
0.0812841828996597
0.0934798155762083
0.0704131997682055
0.0558610563814737
0.0665521405928347
0.0203010784008082
0.0472106341690707
0.0530526191707393
0.0289781723980687
0.0790178514370979
0.0603116407045775
0.0384756327554155
0.0541317354242622
0.0920921385355771
0.0719723809687728
0.0467611145436129
0.0490951495119536
0.0708814349284444
0.0682434054958436
0.0968383621299734
0.0825161369917986
0.0635480210029923
0.0254707975732256
0.0446387905939021
0.0274732872707264
0.0839545186644231
0.0634326404573942
0.169711801208884
0.0786359306058256
0.0852584572226928
0.0391802644062962
0.0649354363702023
0.0536980673637766
0.0606406663403209
0.0359656225717009
0.0559561961392706
0.0788781672942067
0.0510262660471723
0.0912296824830225
0.0788914783253315
0.0421003150268096
0.0424570245969989
0.0636639590192388
0.0475810949312994
0.0767101069450765
0.061344503228979
0.048794025363647
0.0688887426410938
0.0745783025646031
0.0449855560382009
0.0310310304278016
0.0133278405813472
0.0472759333904932
0.0736861832228675
0.0454873203731609
0.0636890846656244
0.0786994177057664
0.0481057085779883
0.0879288089642578
0.040948750421332
0.0282247849422226
0.0702752853790511
0.0390308794186888
0.0560965966920692
0.0236306942899242
0.0481319955498419
0.0649376552747957
0.0674787905044527
0.0692300233720672
0.0564944085866979
0.0667678931405062
0.100237611091638
0.0381646664117487
0.0889920014183461
0.0426128100438267
0.0567155269668947
0.0829495151176676
0.0947092750751301
0.0849028047064191
0.0721006079886977
0.0829534791235029
0.0498718808136085
0.0587872870714595
0.0670090065928777
0.0388351530609447
0.0722078754454094
0.0571780515285568
0.0646930605708152
0.0274351717177255
0.031083900468919
0.0590536122181309
0.0961222390224837
0.0475583547319885
0.0674954433520278
0.0879665885583901
0.0462402345862144
0.0444004518895171
0.04572132792274
0.0610873255572199
0.0703539329521744
0.0583753451711593
0.0657884759704441
0.0504142281356631
0.0650881709946874
0.0840570789461463
0.056919534847789
0.0646831515358991
0.0421096907927629
0.0660857467174972
0.036671429254804
0.0455191815048274
0.0821227000766315
0.0660770030800612
0.0662368432344982
0.096491526778542
0.0522843173765475
0.0816629192908729
0.104747856514574
0.0837418665742725
0.148575225760192
0.0601413654570797
0.0801769363688139
0.074841346066234
0.0390336869003631
0.0666157699820357
0.0200644169002013
0.0536943875415188
0.072379840860744
0.043603384930591
0.0539625032837158
0.10163969491816
0.0330624743055861
0.0991161382448023
0.0451894177045677
0.0420430704953563
0.0375940722538012
0.044830087316537
0.082309979436088
0.0813832345626321
0.040478993380961
0.0610744122128713
0.0609435453364441
0.0592073172250007
0.0420001353656125
0.0350145713046088
0.0335951816336495
0.0812280731291288
0.0850346657273855
0.0313352775419669
0.0785179694047879
0.0550260165553425
0.0783474025279163
0.0489757177511078
0.0968497017884112
0.0603807374709351
0.0944236865366356
0.046421711575233
0.0517505288697916
0.0798396960935004
0.064731074570192
0.0330015864468931
0.0777237942244208
0.0713591974469911
0.0705346741353478
0.0386251231112974
0.0466680188764316
0.0294539355713046
0.0863246983054241
0.068561221504159
0.118351601256414
0.0605503816511327
0.0438662050800218
0.0601719925319647
0.0797212603893484
0.0584146534295982
0.044728196696583
0.0949475283603046
0.0321378610206693
0.0928352810986372
0.0877958790786099
0.0538623379999412
0.0476367209063312
0.0515938474581837
0.0551693516302471
0.0984645184785209
0.0622078142185388
0.0480979309264957
0.0713412651527009
0.0558334049686582
0.0589533356612159
0.0289639350862155
0.0724149250398734
0.0979882830530758
0.0711098523350332
0.115337374710419
0.0230022858260837
0.0338012519867839
0.0731710222451584
0.0572594661837886
0.118918585328603
0.0531390200354473
0.0687061208128679
0.0763843638500327
0.0622534661606954
0.0649831888408683
0.0535514602752071
0.0503558990186944
0.0239484765385803
0.058383464531184
0.0476644175415283
0.0721008353776215
0.080832315660331
0.0774622608219257
0.0962494270604569
0.0645168412948578
0.0427154742799734
0.0789474722833215
0.0671558366415824
0.061417030258029
0.0505761522927988
0.064195728328786
0.049506268462148
0.0781821618076072
0.050372929568287
0.0531008298887674
0.0490651152701139
0.0365481211230612
0.0705365526497036
0.0912348035130893
0.050948563427606
0.0409384684137129
0.0757571470741064
0.0634085495769228
0.0608881662930041
0.0717879491193281
0.0479198726985535
0.0417349820052372
0.0679654333982356
0.0787007998291398
0.086154563714501
0.0432513916444476
0.0957755753953499
0.0541196635206625
0.0374891784460273
0.0407543403440163
0.0590545139170191
0.0623516394515232
0.0737011558147575
0.0810433494764007
0.0638675376476765
0.0838005623339603
0.0647026025535825
0.0163707716248175
0.0746037329368895
0.0640007068981771
0.0506251278338964
0.0766571072485907
0.0765614132450343
0.0282929321135383
0.0553383119819865
0.0698239704084563
0.0169175384223168
0.0288506870213221
0.0841230185441624
0.0581361960424553
0.0456058853981031
0.0776155245065913
0.0380553473999061
0.0737666467288625
0.0978829371346313
0.043981531857658
0.0476104317496104
0.0428044254835868
0.0249063197027549
0.0458088519039691
0.0778143511256117
0.0473734407849158
0.0732473668201567
0.0499948645468467
0.0475160320940778
0.0551165088845017
0.0341279083079297
0.048678087507268
0.0496774310223154
0.119040618939188
0.0559473619806758
0.0385782713209242
0.0668270022812409
0.0800626706519991
0.0473331400206887
0.0559066415884205
0.0620503876613939
0.0283305791523617
0.0447466627909474
0.0406595490064199
0.0673901427640708
0.0623369817365535
0.0364461833004412
0.0429731176995634
0.0740201220062657
0.0810726870735186
0.0381385615412882
0.0572416361512075
0.0153885085365556
0.0317264309104261
0.108811587067418
0.0491508205403597
0.0504052255797654
0.068393458657022
0.0383945938651525
0.0456566277299168
0.0625418289148922
0.0620171445815055
0.102759120001973
0.0590746799110756
0.100924445530865
0.0982998662806746
0.0340256705162871
0.0397586213496661
0.0585127243934443
0.0387243878793613
0.0509047590147315
0.059786038409033
0.0386712258306761
0.0447665407458208
0.0486857771498313
0.0597653449424604
0.0373210084657948
0.0871011252290797
0.0543398242742372
0.0858933028053887
0.0796047024038421
0.0770862978260251
0.0649691302110288
0.0509688016700832
0.0741888593026982
0.0918784733294948
0.0898229431860837
0.0836316266988342
0.0531747518713328
0.0808882135751807
0.0375480637801055
0.0186354867655303
0.055227331550832
0.0536521724491143
0.0826317084198497
0.0789737660711293
0.071497076697191
0.0272706112011857
0.0568110299468534
0.0697593002058033
0.0309251323382716
0.0682627062129459
0.0757595211521284
0.0384452714997458
0.050115666410681
0.0231704909519411
0.0872120062702506
0.0385473272158125
0.0242090117901094
0.0723567483285626
0.0342435262699607
0.0446916636605094
0.0753058316815828
0.0529370328591005
0.0869348804892562
0.0535705848168656
0.0590570954915097
0.0322321899347946
0.0252914919048578
0.0909865391147008
0.0599368951935884
0.0632865065701419
0.0716204381361762
0.0239142433656323
0.0316125993374108
0.0705220461094001
0.0365511511361115
0.0828461708446209
0.0528419417025701
0.0497176947225804
0.0492938367822083
0.0603644142797398
0.0834734475359488
0.0478004601513207
0.0417380682273065
0.0500880300624132
0.0454182014830859
0.0609906922686373
0.0491302961843903
0.0707479338600747
0.072864209436845
0.0288865924784934
0.0107820866031603
0.0657324200630476
0.0522958067167362
0.0355239790729235
0.0409212703466366
0.0450389571931751
0.0877765493265438
0.119419113638959
0.0614690780967082
0.0749741123222586
0.0281461794444012
0.076122118955497
0.0261286043690148
0.0675868383341175
0.037069393864814
0.0420180087552416
0.0674473972203769
0.052472759139102
0.045075498210097
0.0322209913739953
0.0247390232784042
0.048632107714065
0.112858008955251
0.0992759336707092
0.0549673490807372
0.0560128823903442
0.0327237617190788
0.0344896854521263
0.0312794273367657
0.0316166468490232
0.0718632123253211
0.0507533881291326
0.063650062103912
0.0387895681552556
0.0825164881832698
0.0498108110822189
0.0753994966436584
0.0400487207294794
0.0399933180581852
0.0730103102494
0.0629509440698936
0.0570482863049452
0.0481650918382053
0.0513213396839767
0.0645509233446912
0.0339983416151706
0.040174825334137
0.0284722813824245
0.0591213076183764
0.0793793639146677
0.0632705063184688
0.0664677411090629
0.039462579040721
0.0745561584733463
0.0692621192307874
0.0792622133199791
0.0240016214329519
0.0984269066808328
0.0609451618073177
0.0290650691063296
0.0304202552272991
0.102795568810957
0.0513614587139334
0.0477643130742037
0.053390258748269
0.0465771138436758
0.0355822715763345
0.0309175760311851
0.0395886230834041
0.0419428164697953
0.0529069700210595
0.0425025068821049
0.0322074029814148
0.0521075457741675
0.0557348830066506
0.041574892086898
0.0685783295952749
0.0753091895043948
0.0290654971286366
0.0329412395666652
0.0235752055985145
0.0515274232915845
0.0410661795803475
0.0755795884913113
0.0794754502978866
0.0712216755886205
0.0494378677646
0.0661748336268801
0.10254699994031
0.046568473837455
0.0389816404983314
0.074266181713004
0.0502858061001821
0.107293823599777
0.0748972267952522
0.0309221235294022
0.0759494324266134
0.0545548279330141
0.0736316737022217
0.057006889243758
0.0338429500041482
0.0384385014388198
0.0173119218996602
0.0486572734393852
0.0497785739705074
0.0334867205407195
0.043839724155223
0.0168888612748495
0.0535223801275427
0.0519671381957255
0.0574547375501886
0.0697554731191135
0.0233105710194111
0.0461940825147513
0.0746104191298082
0.0778161311097258
0.0434124588576351
0.0312993664502137
0.0369479084017438
0.0256827774445744
0.0762782077058101
0.0238491261041847
0.032888812411373
0.0722127251756989
0.0928317622454213
0.050666749169189
0.0543356155240681
0.0345765890467617
0.0573403041195746
0.0457850186183655
0.0524560469113316
0.0529560806481601
0.0676682774653013
0.0536478839237797
0.083014677822113
0.0393788716603182
0.0575678545865399
0.0996620163917735
0.0385446398137448
0.0704377802323714
0.0502618468307432
0.0607620341648121
0.032825673312283
0.0872821189240875
0.0604370523075848
0.0560388808261751
0.117444618016362
0.0858085565767097
0.0387067780904934
0.0591094982685098
0.0301430898862185
0.0702979089459558
0.071866324923435
0.0297407167101578
0.0655973725562988
0.0836800730326816
0.0674107728323357
0.0794385062378853
0.0570202925534005
0.106811654707502
0.0432293948606435
0.0579262147788921
0.0425147056504411
0.041918078161426
0.060474917233836
0.051690361389645
0.0632645284760593
0.0459462600879316
0.0410261749410324
0.0457830245892914
0.0830566420655487
0.111506188738611
0.102099367760832
0.0830267287683847
0.0408187455009084
0.075897995285929
0.0247474946432375
0.0398751681936393
0.100099181941907
0.0354537720844556
0.0569934632933203
0.0716106863666197
0.0704814937649082
0.0576406300528991
0.0747896425446137
0.0815405919169808
0.0574108187027479
0.0835645269661761
0.049818469969292
0.0543908140823809
0.0864246948539579
0.0616619937452909
0.0557360571095096
0.0292668521211397
0.0496782461284068
0.116795651550011
0.110465760704724
0.0527922215641513
0.0537891770433181
0.0446090649670949
0.0210583743821358
0.0427907146398179
0.0521810086726587
0.0315669282271266
0.0533174002548125
0.0435799924132766
0.0660621255347367
0.0309893138844273
0.0437636386466292
0.0549468400386185
0.0235944553761098
0.021730708781242
0.0429419534321264
0.0789531236037013
0.045716283693608
0.0471918115394596
0.0784790550682363
0.0432974540551591
0.043380641153582
0.0354974519345962
0.0216059127970885
0.0843809016213533
0.0760233976043045
0.0368622412224174
0.0552789629807331
0.0730868813765907
0.0564157080351299
0.0332108902728979
0.0522898491164135
0.0480035850707725
0.0782418404267718
0.0358923336328239
0.0674796989175923
0.054658491397624
0.0531508754382633
0.0470473037688642
0.0747459392116366
0.0144715133869619
0.071218637786177
0.0805575926654629
0.123714610353528
0.0374454452739263
0.0409487468303528
0.0421147841453467
0.0418618117823374
0.0502071069917676
0.0504086525672042
0.0511177782706419
0.040564849519235
0.0123808651098601
0.0852692090138657
0.0283259127441261
0.0674746754464139
0.0742698205110495
0.058316712608315
0.104442560533002
0.0562582460035948
0.039887008427257
0.0724257773746668
0.0223027338164269
0.0449911410286595
0.053033833668012
0.0698164462416732
0.0398205355700171
0.0684266415443832
0.0328993466202519
0.0555071576771915
0.0851138723380189
0.0796606373111479
0.0730117662548418
0.0350828919238702
0.0943892643976821
0.0550707727317258
0.0371280619537975
0.0495124397942986
0.0686032087171011
0.0995247286077651
0.0504929856899091
0.0430215575326897
0.0694190312051012
0.0808167813029782
0.0646017199798106
0.0816887832447609
0.079814221956652
0.0772964866094316
0.0415441133875247
0.0560455921313205
0.0827270394806763
0.0256729840329586
0.0309699427261245
0.048249865043208
0.0619877360853636
0.076699425774142
0.0882830958297594
0.077023905323853
0.063879244050274
0.0524162505343668
0.135327542523511
0.0702952301804266
0.051867161252867
0.0321759824810866
0.0767361264015032
0.0437534491901056
0.0433161162217755
0.064428453135913
0.0421421107053205
0.112106041517945
0.044362467459779
0.0527144055572098
0.0512397014206951
0.0824616494881162
0.0555015332692055
0.0586994808992947
0.0271141144630311
0.0675803267940508
0.0388928785066003
0.0772458584281515
0.0596832328722453
0.106751018130768
0.0480718031877489
0.0581767341973904
0.0803930805273575
0.0685618286487999
0.0577644089366101
0.106787714312498
0.0692734978059361
0.0605837289798563
0.0869246155943818
0.0811094084202597
0.0381734051984032
0.0207831255768774
0.0530602483664743
0.052834356669619
0.0469685147773784
0.0706067222496338
0.0405560657810126
0.0621435565556746
0.0779961109868684
0.0713515352378281
0.05863515142346
0.0642051930899137
0.0677407292942274
0.0269657800272393
0.0489280479829835
0.0265205025001908
0.0549763121694042
0.0693356126259649
0.0336786032292832
0.0660493453044915
0.0735906478308142
0.0286177353825322
0.0414563024715643
0.0467495906930251
0.0702225127641248
0.0418943190790516
0.0411988342776732
0.0668653968718343
0.058134805632283
0.107743229534677
0.065812464274384
0.0434926525255288
0.0369449678530904
0.0760569309937731
0.0233589067511391
0.0742878058430003
0.0306763875864414
0.0538345907937042
0.0302557607917484
0.0595312217532014
0.099594298500106
0.085057034546532
0.0637195369242529
0.0857368531816563
0.0762474592544794
0.0759794517166264
0.0400369061140833
0.0443595212972163
0.128082748219397
0.0404030005633133
0.0608535401439424
0.0292832877127743
0.0577196051104134
0.0207956021059298
0.0983001183287368
0.0472880788051995
0.0674323602602546
0.108823458714001
0.05809776047767
0.0878190769742635
0.0562889705038888
0.0526045715374109
0.0632356873586717
0.032074247803631
0.0266269011720546
0.0597692468266124
0.0566115134591167
0.0168382085402088
0.0604189336928789
0.0146872018655375
0.0285506364995741
0.0690539257428995
0.0945810978404893
0.0673892894569999
0.0453196758884736
0.0261942103195309
0.0468349186955672
0.0475915039150216
0.0562989323546031
0.0864402549676546
0.0973343968184279
0.0392621495115788
0.0449835795209637
0.0716679391800076
0.0629164983652832
0.0296503371293868
0.0550522679602329
0.0510204991773843
0.0513684504333535
0.0678399362295764
0.0696543366887898
0.0422938972164653
0.0296226590908344
0.0249135432205524
0.0765182071432485
0.0572625549795043
0.0239312203118251
0.0436659999028509
0.0605669526142545
0.072994154655565
0.0261106973119345
0.0470353623373513
0.0562288223998391
0.0569276522608597
0.0616016566782016
0.044585282883907
0.0969117060082264
0.0703621932535331
0.0409080895589521
0.0758480619237789
0.0903387578915697
0.0935381339823114
0.0705281733040534
0.065200564323662
0.0311134388520807
0.0647789504260887
0.0418164891926888
0.0877653515940243
0.0491515133160926
0.0607880447894628
0.067165045973174
0.0828988675440335
0.0198775264835245
0.091221699854096
0.0673950460800799
0.0646418596694017
0.047879518717271
0.0807556798856049
0.0308561926672826
0.0710066647042155
0.075966707990462
0.125057285622215
0.0401319363959357
0.0844874629331064
0.0936790875693889
0.0415040734674527
0.0719856292155606
0.0695020391852374
0.0499801214863914
0.0442878244936243
0.045413257223042
0.0567583074078186
0.0722426560066968
0.0598922900922637
0.0622697870900036
0.0832376356492989
0.0740764710318043
0.0851387180278078
0.0202725765205713
0.0675043206667641
0.0518855446181971
0.0619257524761638
0.0517169466009456
0.0234094789775675
0.0724382541908312
0.0278138197184045
0.0463577605742961
0.0609285724453488
0.0319981013769251
0.0319163396673361
0.0768295305061303
0.0480445821256217
0.0769439837338017
0.0311190395918411
0.0871051243586402
0.0360956299130747
0.0311167137407306
0.0761232886624788
0.0442754078833054
0.0943065768041395
0.0919723786525714
0.0483410967441001
0.0229840994927142
0.0414645447081104
0.0519596021853842
0.0621376467128959
0.0660255935009472
0.0331126171883331
0.0424642039659984
0.0811550485054868
0.0342678966263952
0.079564537438235
0.0536961491611471
0.0784977496573332
0.0451426965587227
0.0209337709232016
0.0405107020000462
0.0552728068753101
0.0542815748510067
0.0884033972932974
0.0499430373786228
0.0597359557880787
0.0549165600344563
0.0711735221362164
0.0544380425031613
0.0539065004254856
0.0268083636734683
0.0588269610563644
0.0353793542530319
0.0697892175092915
0.0298077278695536
0.0455481865458842
0.0490083637919285
0.0311209811080032
0.0517463177330538
0.070491722571697
0.0697669336213282
0.0461672396812469
0.0412329978641357
0.0713869076352833
0.0285837907000939
0.0733852158187222
0.0727148449950583
0.0958424336576488
0.0814337301984971
0.03885590429487
0.0412081953503018
0.0977522036183839
0.060952988222829
0.0372836441642834
0.0411961045634246
0.050266764340216
0.11318350008385
0.0419106229392235
0.0542915338780326
0.0730373934527782
0.0376689820571978
0.0257228720091353
0.0239550543049365
0.0561327337351936
0.048504195652099
0.0529468385697035
0.0718506194269028
0.0497582258767836
0.0545857199876859
0.0695796458102706
0.0591164640700309
0.0332696481955586
0.0581079846340557
0.0525436040902984
0.0423619019916169
0.0523979869235994
0.0857197889243003
0.0528810209303716
0.0543884494808344
0.0674530056935675
0.0622881324649984
0.0670974887803947
0.121694077274143
0.0512563960706586
0.0540542032708187
0.122279916109222
0.0291722073039804
0.0359436110998671
0.023344659918564
0.05572468058055
0.044234899312793
0.0570060979819298
0.0310142889558773
0.033781708836787
0.069816572428622
0.0561674914673053
0.0408259751847954
0.0378755813444257
0.056523999989048
0.062057477867837
0.0415664146455028
0.0581099846253329
0.0351251261222216
0.060280691380201
0.0622490045614353
0.0336045711867257
0.028675789208092
0.0812623164988803
0.0374141483189582
0.0540207580486241
0.0522610502709558
0.0278497432233233
0.0636444470689508
0.053641161488526
0.0684220660712609
0.0717576916202215
0.0487446744210256
0.0552434622823592
0.0670940369046607
0.0666616466481978
0.0701605475949567
0.049083957009848
0.0590495715888298
0.0347517874574425
0.0667607112009431
0.0501158119699774
0.0341385635860044
0.10432279910366
0.0674425205183695
0.0775564473414545
0.0598727497001983
0.0410333164103307
0.0656198398896063
0.0678380642336633
0.0879254105967113
0.039421131703569
0.0193492885994818
0.0852570001832463
0.0896696601146047
0.100263016593683
0.0563363881508633
0.0645651541316054
0.0211537728262761
0.0601545431237539
0.047960808736115
0.0770731337184173
0.0435223542346563
0.0842054832311189
0.0258022397577652
0.0635102833157971
0.0407310101123936
0.0597271534967294
0.0616854034363942
0.0730420980250845
0.0866174326142535
0.0552630253760181
0.0205422341113223
0.0470196706418774
0.134364952005976
0.0322820172118449
0.0324805670691599
0.0838530676836676
0.0293577468257868
0.0568405127749029
0.124607985049884
0.0480242512018638
0.0490842472820045
0.0276208187936132
0.0393136425298242
0.064893067413943
0.0739039059971093
0.0541526511630027
0.0866840623259066
0.0706445781019805
0.0824932508292433
0.0588130049621189
0.0624244096328811
0.0721327827284995
0.0155632680962578
0.0965130766758283
0.0750375662221518
0.051957891168352
0.0320309841999576
0.0490588995225948
0.139243953545595
0.0528681001720823
0.0619872279313355
0.0842468679732641
0.0544700343811087
0.0412381566398474
0.0839458403312662
0.0350494893212772
0.076102740032201
0.0933301056383408
0.047904840000436
0.0836510634715453
0.0825631658836325
0.0430217703449271
0.089282159398912
0.0527493597065556
0.0435787234615542
0.0612364129853913
0.104783453220499
0.0344885428213348
0.0355868472209707
0.0535544159176219
0.0458879435370807
0.0583491125064187
0.07574531598775
0.0647630130090764
0.0628724578149981
0.0447147600318958
0.0558596202078445
0.0707219240816108
0.0949192126890441
0.0380804173074559
0.0736708279476429
0.0672674438472221
0.0329493644766
0.0564617855351063
0.0428453208684604
0.0581243946190424
0.0334130420224112
0.0947067484338896
0.0414858448582565
0.0845621412938887
0.0940087913443463
0.0398982700781923
0.0790847686523371
0.0255839801414333
0.0538655373532563
0.0798056058888736
0.0430992865387598
0.0606226353245647
0.0288732477448169
0.068318753281289
0.0500285607948438
0.0760235166480658
0.0404318223175039
0.0472596230493507
0.0360268482222939
0.0976157501529256
0.0794013543311803
0.0586678344739632
0.0539118158124979
0.0195891309416692
0.0350145492392926
0.064861190015225
0.0754142011553376
0.0918527471906611
0.0426570785302651
0.054127413463232
0.0715075961679638
0.0973591384845906
0.0264275810688545
0.0593426946069464
0.0370422007935163
0.027830590904109
0.0839391970320792
0.025994995246789
0.0481712635638757
0.0705410409589377
0.0837467068447885
0.0866760907677721
0.0628950800273847
0.0315321203014808
0.0531354109597881
0.0626467511678607
0.0819989521956495
0.0385159928121481
0.0815465922305537
0.0931854924788491
0.0685921575749096
0.0656234080798588
0.0561983299048566
0.0646059310065061
0.0595467661367359
0.0330712030425762
0.127318277321896
0.0721273097909578
0.0717819224303788
0.0537028565582861
0.0609538771173772
0.0490518491551578
0.0826641523228162
0.0319450994018257
0.0784587738654882
0.0733760423753805
0.0709081996101734
0.0793958487605147
0.0441498033592921
0.0835397149618101
0.0723297753488967
0.0228483949170309
0.0408739504650745
0.0466185135183898
0.0368487627414034
0.0353737872654375
0.053921344042425
0.100308789061272
0.0668847318767876
0.035480577223391
0.092991201863095
0.0382470338143026
0.0175354874600571
0.0326243236688712
0.058629249173196
0.0502838272026711
0.0386274582232692
0.0686876095015019
0.0229993181683004
0.0203794232580884
0.0528470489859106
0.0470425436817061
0.0695413708782255
0.0632085551871097
0.12116292714938
0.0258697888099581
0.0667908940785279
0.0453692879122652
0.0651294543626213
0.0896422506908374
0.0545993162371467
0.045728031288239
0.0569052573479961
0.0627736136887663
0.0413870092287478
0.0426425989715677
0.070210258975689
0.117513311937338
0.0445157914768906
0.0517258584996363
0.0645568584535702
0.0742558131998709
0.0272342207528977
0.115468283330504
0.0583828383709723
0.0994983936810035
0.106200833951141
0.0604612397345158
0.0376450767123573
0.0649826707135848
0.0614383571440625
0.0567584522673663
0.0532379000391885
0.0498621395556051
0.0585753171721902
0.0204917136139296
0.0544324327000162
0.0538092275175815
0.0646601655932782
0.0221689142440806
0.100269616327907
0.0606630341912773
0.0720197354375303
0.0998915895771068
0.113692268351236
0.0554243167558966
0.0430736100772553
0.0780403626114413
0.0385804952502582
0.0960240485228096
0.0521639439505853
0.0447556413044415
0.0655129975171819
0.0345462741170826
0.0420273073918352
0.0923290553613255
0.0472606820233385
0.0495411000513052
0.032567356961518
0.0695849986244335
0.0679898274562224
0.0860730568540482
0.0431799781736474
0.0474096790135539
0.0664471999140915
0.058473148611352
0.0762704396631865
0.0758260097543244
0.0857452769803474
0.0730372086025938
0.0685516232780183
0.129702498037213
0.0706137038326715
0.0349425245858248
0.0487183193655651
0.083459791970475
0.0713741832668708
0.0259580797055199
0.0828575721513881
0.0558947084130895
0.0598882060926704
0.0746243466524896
0.062703925628953
0.0441383305255989
0.069327169882837
0.0402394475629909
0.0565958359493509
0.0636537904053912
0.054134453568868
0.0234128261542173
0.105531693238698
0.0196970620986327
0.0688814086570855
0.0543629470914422
0.0534698636240122
0.0442742010537905
0.0887544146647535
0.0332211458104708
0.057692887276272
0.0990505018501671
0.071734842680814
0.0456250663321267
0.0355176991132843
0.0874404227408531
0.043489146313386
0.0350937431833772
0.0820220685636897
0.0443572460170761
0.0859420299855065
0.0483337350210687
0.0681089841838205
0.0413218918929175
0.0865957841168854
0.0585915777341576
0.103613949552174
0.0434596118311915
0.0628138378293627
0.0483335181682583
0.0469552513159419
0.0298289250786022
0.0720145466706831
0.0804975960194349
0.0429929398696811
0.0489524090512544
0.0492610516586928
0.0736096659891228
0.0601654187584008
0.0756894034653275
0.0674656461786711
0.0690800518791625
0.0705305271376956
0.0285672629570826
0.0636695435605635
0.0490778725826759
0.0566255542646946
0.0410787596107477
0.055559371606301
0.0603627784808864
0.0566176691395714
0.0400575358902618
0.0535020805805074
0.0578233667294358
0.0470906365171322
0.0199101545212133
0.0417703352654133
0.0606132380403788
0.104022493241073
0.0591672208348965
0.0650779199801736
0.0662370328685183
0.0564093563259899
0.0866205451394061
0.0589917177193955
0.0867656942245945
0.0459774709585163
0.0239430354306992
0.0627697834173595
0.065879336186385
0.0445433051871932
0.0752359073556531
0.0619663123645831
0.0442420072468969
0.0406931362532315
0.0451630472905293
0.0741814289102737
0.0297690113044275
0.0282369634716741
0.0759283434249142
0.0887496735402208
0.0614990516152733
0.0414071770095921
0.0549013938007712
0.0977015528632206
0.0354108185018599
0.0585132719647678
0.0632089057660076
0.0940552609197863
0.0955505740500314
0.0670165500286808
0.0496974089285791
0.0228504807259653
0.0506265466033839
0.0407455098883898
0.0672132196572691
0.0402389379879051
0.0635049603166132
0.0491757349667239
0.0693793202067911
0.0457060753535929
0.0343169602512026
0.0427153841344195
0.0437329065914493
0.0529921065500004
0.0565882187872678
0.0827463781833874
0.0636059921105205
0.0659333801207605
0.0356788584860251
0.0858586287423167
0.0533935066207112
0.0574642626169867
0.0267694539773641
0.0374630760736263
0.0666908426283747
0.0396069330932047
0.0798620414266987
0.0792255605326796
0.0286666139686965
0.065379572516516
0.0728129065116205
0.0894012071515177
0.0253840795208622
0.0770854714813423
0.0285479802024912
0.0682793561606947
0.0390774920319382
0.0700777101954803
0.102654512813642
0.0692148368097006
0.0291029181464863
0.100090764905525
0.0765418889519629
0.0840290786710968
0.0567066821540181
0.0957986803027823
0.101552797101338
0.0637836787750861
0.0565881624909025
0.0942712982380731
0.0648913283577951
0.03117183434697
0.0644933496377599
0.0596727430763785
0.0675735571926988
0.0977480722178383
0.0571634994129422
0.0295510859612446
0.0441159302286353
0.0595719238768136
0.0421356023618743
0.067069488481164
0.0494056718155451
0.0450646176256752
0.0558175518803714
0.0849001708724926
0.0839827365281429
0.0225119319997774
0.0187995831819982
0.0609288518493661
0.064602335378246
0.0599194580019724
0.040191180417909
0.0976180946806881
0.0411390332898281
0.0330646231639963
0.0790405905565618
0.0271192864307513
0.0697364254873278
0.0825189146161096
0.101064077702452
0.0412827067310507
0.0592191695723766
0.0313312081441405
0.0589133220088254
0.0406050165532409
0.047012620762342
0.0353018352828526
0.0702289237310955
0.0659977542557287
0.0641211170925047
0.0310479888620387
0.0756844454704346
0.0140090198118998
0.0500184565365334
0.0349581072147658
0.0406886256443411
0.0767843867318662
0.042615148781891
0.0507771209874368
0.0552103203514168
0.0772627607993121
0.0633533091459116
0.0419441215138072
0.0599274403467195
0.0343603341554797
0.0320074331129801
0.0590468284320462
0.0716313488409894
0.0499141195032846
0.0334803404972166
0.0583327234630677
0.0390208782123941
0.0615909018296036
0.0150553220027155
0.0229482165762474
0.0653286071048932
0.0707588267146299
0.0450857498736768
0.0738967942482777
0.0624506208580775
0.0799764508792647
0.0377870533506735
0.0293194013316825
0.0798389499132353
0.0580060678878964
0.0878750655510131
0.056330847106796
0.0875560073794914
0.0650303897138021
0.0412652455873729
0.019733732670959
0.0392047758367084
0.0306763806361661
0.0450189020238182
0.0723575305476598
0.0620775816223872
0.0348192495028216
0.0544193293300665
0.0771781964842231
0.045760869567137
0.0406848186500831
0.0582758436902308
0.0480781869128047
0.0506816935871202
0.037198889359661
0.0843507110245153
0.0576810455884583
0.0947176805938385
0.027363048376186
0.0776989343572363
0.0509559892164116
0.117831245858524
0.0618754491873097
0.0259363969761048
0.0728003833187602
0.0330438903424519
0.0404781728117045
0.0712707275573248
0.0717320019272559
0.0614266274781766
0.0647124580880786
0.0484925545828556
0.101881943412386
0.0352040957551822
0.0689807551825932
0.0346688846420731
0.0306299479243976
0.0448897565731315
0.0782847326254008
0.100025564447006
0.0307514486716178
0.0415496966207771
0.066885408393464
0.0630662484892485
0.0375212749170005
0.0465732108756211
0.0762935179921224
0.0420100058025022
0.0872550648998211
0.0957235208453161
0.0565483521638614
0.0153741247738437
0.0425137037237458
0.0536787670504388
0.0510073798829468
0.0238911744538214
0.0519290913027591
0.0476972555992766
0.0344727656985331
0.0153055293052761
0.0496234978134545
0.0799113864654804
0.0587684310432894
0.0678426944907338
0.0618879606482733
0.0679303969817028
0.0455354576787018
0.0572773503377069
0.0288869388991718
0.0360082787956621
0.0772552104733371
0.0318501440046483
0.0313179608962979
0.0496603338920653
0.056905242581463
0.0822065016467188
0.0725458201294892
0.0468770156848527
0.126642980087451
0.0215309499969175
0.0871806675089472
0.0541550619877779
0.0837384974638989
0.0670468394686281
0.0639212816840907
0.0377593182456724
0.0417779662580343
0.0198588695585222
0.102934392922714
0.0530690114905173
0.0387977621836868
0.0443563019820784
0.0422846093285168
0.0496792926455004
0.102624369880891
0.0521331737651036
0.071787129864108
0.0586630365695604
0.0545395098526312
0.0896385003039321
0.0763792007417272
0.0390036981612377
0.0672955938551905
0.0401809846806694
0.0346047001704187
0.0722691247981986
0.0598901110331252
0.0998407616296351
0.0361427988514458
0.0333110588264306
0.0378798167163918
0.0516514651265566
0.0529096426197548
0.0670241895119992
0.0569462623663375
0.0730732905200848
0.0703069281434737
0.081267290813044
0.0598390004999763
0.0756998991212724
0.0570065952584809
0.0455877591275354
0.0648207746997627
0.0506429838320627
0.0384381373146608
0.066534638961265
0.0634883065753053
0.043895614351829
0.0777349461460672
0.0847731551015654
0.0542556434950457
0.0558609477765735
0.0285247629018893
0.0450379678596216
0.0717246955118813
0.0577886558078856
0.039713985054619
0.0723757178897584
0.0708558596937397
0.0169536988294393
0.0635568857300677
0.0730305414172567
0.035313916662172
0.0749998911995837
0.0278808415476182
0.0396508131349157
0.0668874470121072
0.0510002320137286
0.0512074260449613
0.0716814602065371
0.0748044675963472
0.0444740203346823
0.063896556036198
0.0343476366134584
0.0556097764194922
0.0680133272809437
0.0481690898309544
0.0550852449586587
0.0582644356548731
0.0512104959092287
0.0350186954044715
0.0835248112866607
0.0191375454821015
0.0330489965368534
0.0245792072612047
0.0569248140149556
0.0804555477517511
0.0669716264852848
0.0999840745186892
0.0854607390331622
0.054753963098623
0.0815978808213298
0.0393202290234412
0.0558496328343212
0.06024632393377
0.0689882547838342
0.0523289367916149
0.0512233653507385
0.0675677885836079
0.0760149268103981
0.0898714937078777
0.0495085795545071
0.0573012300042646
0.0624392513990008
0.0232612687586798
0.060754977809182
0.0769727370095344
0.0625783839063875
0.0754068707072512
0.0278604985604288
0.0502721852628352
0.104226067926571
0.053424069628187
0.0921923608060601
0.0498833518293301
0.0776373393932349
0.0715375242102375
0.0638881166036458
0.0848732211962718
0.0508089712451702
0.0429058407866777
0.0707265349062952
0.0369966772407453
0.0810879149192163
0.0368326773894144
0.0535508852519994
0.0676559518470779
0.0453649286715386
0.0750273038088601
0.0388861601273192
0.0614480793784049
0.062711350387426
0.057012497302363
0.0484761500197276
0.0427897629424644
0.0576957147678584
0.0348572146189939
0.052371839975829
0.0699396907900054
0.0864115162494695
0.0627306016257784
0.0594461283189499
0.0355438807629717
0.0250882127422974
0.0589522899801187
0.0733385745886195
0.0728575976518595
0.0612542721181825
0.0234274269088476
0.0402269436014211
0.0759544292259809
0.0331650715070504
0.0375808184042195
0.0957626244687276
0.0333739272178825
0.0638019409207543
0.0175601006174032
0.0587603084748476
0.0508152977491027
0.0976916483507744
0.0581193071239942
0.0735298913488522
0.0596866296502387
0.0572275454161098
0.0937463444067291
0.0477261249418834
0.0683995922092215
0.0484064499235481
0.10497275695449
0.0661637790717304
0.0453851334250901
0.0359442429577469
0.0681780134686063
0.0497965088836175
0.0701152526544875
0.0674105717194752
0.120174361120798
0.0658609908083782
0.0452283584992561
0.0345953218337518
0.0806337281799296
0.0798927957024456
0.0232145686744068
0.0696179303551522
0.0375144471426153
0.0406144730420771
0.0831481459819535
0.0350919217661818
0.0577764660732623
0.0298680963071187
0.0710520898395435
0.0763735329317539
0.0848687128656628
0.0641684284807454
0.0550394959174659
0.0395065460929136
0.0818834062026793
0.0519662953383552
0.0599187424713138
0.0306172718242452
0.0533511435207184
0.0924181389390286
0.0556180348069984
0.0534859260851761
0.0757021982078304
0.0469750688115983
0.0633365427856121
0.0628612352462872
0.035111233560095
0.0395055883795674
0.0274208930862738
0.0485954791614643
0.0661926018064286
0.0592620080333213
0.0928419852109404
0.0978590982474997
0.0606350918055188
0.084431841589439
0.0832840072253662
0.0567676015238126
0.0754828499467759
0.0753630569219171
0.0367376248732241
0.0675891127798497
0.0666248792352464
0.0871125814087107
0.0472963887242872
0.0492641799394997
0.0808526801092666
0.0572557936767404
0.0671385181456535
0.0575363603147343
0.0700395985262628
0.0441242554574289
0.0520536020279432
0.0481528960858232
0.0530685757659569
0.0305020107022683
0.0426173790583546
0.0759148329203913
0.0308909239663102
0.0236143104229933
0.0298396697821163
0.0528714176130069
0.0427874400323527
0.0703413997860451
0.0219851893129411
0.0627913557363449
0.0527500602322137
0.0211449925292683
0.0410722067620631
0.0672769891323713
0.0649973574602358
0.0364825661416101
0.0946835744031946
0.0525971531742464
0.0678654895977013
0.0664850277058411
0.0568171821313428
0.0556011525096334
0.0372858283724179
0.0696136899809396
0.034583423511164
0.0649613040583806
0.0901443148721872
0.0400588501930178
0.0531659881795164
0.0423542872077313
0.042007587789839
0.0804853131046314
0.0526742155683404
0.0345782460433852
0.0557383450569019
0.0672864395410639
0.0630050398601786
0.0170896550397706
0.0362771120884478
0.0551405385317966
0.0847091022574749
0.0639559951008263
0.136877156477812
0.0437143665907933
0.112847040293538
0.0373828837810791
0.0438356276436624
0.0741626544989731
0.0352401221293959
0.0530662254589186
0.0657854663215525
0.0419550341945259
0.0958004976951778
0.101747914256872
0.0600955383451536
0.0420285103070279
0.0631375987363931
0.051314898759404
0.045135910668801
0.0337369835829329
0.114389251317197
0.0523914468831108
0.0371799720756985
0.0825858370210929
0.0524770983209632
0.0998938594408822
0.0425769703726647
0.0450021898007153
0.0629085554082778
0.0626643596193516
0.0281146124685289
0.118477544087136
0.0597268557188029
0.0423101840431475
0.0465484812975083
0.0353862421161849
0.0435272019498622
0.0844074593555693
0.0522488485415488
0.0838202721401033
0.0558550429423029
0.0496452159068988
0.0997882456412413
0.0503478852738546
0.115991648294626
0.0713970471712442
0.0356410633935565
0.0551834629729645
0.0446494687037104
0.0671402254917707
0.0394553772439429
0.0474311795223572
0.0430916356898761
0.0370528915984643
0.0790062768499357
0.0426641675954948
0.025464221668383
0.0605949721311955
0.0859391728351722
0.0484447255283491
0.0614986932190475
0.0131968926038305
0.040080454289097
0.0605469956717003
0.0355330191619141
0.107170303624138
0.0391938637546633
0.100431728508873
0.057580093200227
0.0803807333992825
0.0781117475860759
0.0486751271106062
0.0801171399607279
0.0553337391389293
0.0347490083869098
0.0546647259366003
0.0364619265093556
0.073200663699352
0.0793912269582774
0.114982350565057
0.0657448066863876
0.038593178570854
0.0526847687269164
0.0692828909594667
0.0559172516128758
0.072585019627648
0.0561321157029573
0.0351242660642691
0.0513324927377374
0.0521161597802406
0.0504531750372172
0.035716555191037
0.0584605500968359
0.0871132989680728
0.096997366527
0.0439619406825478
0.0250633791720484
0.0579215577188341
0.0378145018324743
0.0415796139506599
0.120773482581709
0.087891403142983
0.0358838189149396
0.0672571434311711
0.048991967326359
0.103118015121731
0.079878547460743
0.0220072453014467
0.0240041362329481
0.0559837526804075
0.0220074424010282
0.0554664384832515
0.0262929324735978
0.0544784413889732
0.0618409265888141
0.0133480002169375
0.0669960480336544
0.0360092517576397
0.0698365851667581
0.0514844654175705
0.0531996712970207
0.0594980052803036
0.100530620956181
0.0580913284841028
0.0474421872339243
0.0569507157406884
0.0330843407868054
0.0975299782310914
0.0997921262920581
0.0767309603218773
0.0478839233912957
0.0388405462005388
0.0951727163279749
0.12133979884966
0.032868680585334
0.092867847937595
0.0767400867526893
0.0852250034720669
0.0696775805947527
0.0591660776461158
0.100514450108086
0.0829807347814191
0.044756776808806
0.0365622715534542
0.0326077081646802
0.0909751119947128
0.0415289285613948
0.0360490132665578
0.0661503522038358
0.07885823931111
0.0419334042103706
0.072193139754393
0.0410303295378934
0.0551460120266813
0.0656286178082913
0.0665181126046505
0.0333523043934085
0.0454955928087616
0.0663834182949757
0.0420297351061821
0.0355739133228716
0.0248245285838255
0.0819877740938504
0.0456693690607389
0.0691493618391335
0.0309770884344137
0.0714294621622017
0.0646794205416776
0.0585033360606864
0.0587308500454294
0.0554785006322084
0.108605213708692
0.0543072314948102
0.107010134304794
0.0572033332988162
0.0490531509924139
0.0494956615515365
0.0544188796538379
0.0372454447220671
0.0916449258165518
0.0479144571332616
0.049131989241268
0.0567362771184317
0.0238513717886027
0.0608173717411836
0.0371962378499537
0.0625255615139664
0.0654009096123865
0.0691440522793007
0.0375969737842954
0.0316691075618498
0.0597917668104382
0.104456686431326
0.0545339310375111
0.0769163695487359
0.0530864586379992
0.0691838200344365
0.0258196444215602
0.0385575491878135
0.0656144903603874
0.0194756997680576
0.0901916110341676
0.0641869818963721
0.0834643750867475
0.0378535558246604
0.0695885521333248
0.032189334210572
0.0563463342584647
0.0934399955186137
0.0267133518998079
0.0570661000275106
0.0449916001948404
0.0639085867943789
0.0507286878104018
0.059643879078319
0.0400164506178642
0.03215453674004
0.032935511190937
0.049253525999108
0.0649283617543966
0.0558383499136551
0.0775881326192181
0.0390996937431408
0.0342975356788435
0.0418299535110728
0.0626269904462595
0.0542986419521603
0.0645823686542731
0.0610254816664891
0.030018266427081
0.0228666025084173
0.0453977719695125
0.0599271233512353
0.077272600051198
