0.0260724926082058
0.0217801759719845
0.0370470167432612
0.0304511925326655
0.0202646657774579
0.0300518801380692
0.0357892225796048
0.0453542493364932
0.030975322918651
0.0282508194698821
0.0258533983163825
0.0360214276291177
0.0203383496753549
0.0182346135248152
0.0349269283456115
0.0246739141745475
0.0243689486185983
0.0309868122364185
0.0323691513759909
0.0122985520262231
0.0213230053041038
0.0372163870260646
0.0428745625449729
0.0279348423202033
0.0306744852329991
0.0216613518310516
0.0285721566375241
0.041475762314367
0.0216099313680722
0.0225770339769561
0.0418224792503019
0.0289439888950402
0.0249603929153912
0.0417534671518529
0.0231513904962218
0.031820441042416
0.0317259013653951
0.0134449751810009
0.0199144325640047
0.0347244471508682
0.0239941956571774
0.0261301584552096
0.0254842681708261
0.0543839312861
0.0207721281637581
0.032095168844536
0.0276084046847661
0.0276426191531917
0.0409319389038737
0.0450327832176028
0.0329138695922491
0.0211660443765592
0.0232325354065901
0.0498010339095829
0.0268866058202587
0.0310668590501543
0.0310256580787845
0.0126007405681973
0.0199248812450808
0.0292937690608885
0.0228445036502431
0.0246046538958681
0.0328671403671292
0.0362488186215911
0.0583653584139161
0.0295457456520408
0.0309287483973509
0.038792597977619
0.0182523134452221
0.0282899281287401
0.0289866595786811
0.0383169924017621
0.0377552622535227
0.024675219695177
0.021653236143536
0.0340678327203035
0.0252066176081508
0.0395713860385017
0.0225206450457495
0.0225677366119283
0.0256547364915768
0.0373493047392491
0.0165311492394423
0.0168149772594206
0.0220388576908996
0.050630689111299
0.0142024224939004
0.0466971110652908
0.0284157116972137
0.0276185767798062
0.0257669761110124
0.0296654952283392
0.0195065892071172
0.0389196589157246
0.02041681964671
0.0260408806438021
0.0246139106199798
0.0184515474183268
0.0314783946493811
0.0325856541443501
0.0285964072732079
0.0272141797176878
0.0213138144496872
0.036254308119198
0.0289810419592542
0.0321053607489676
0.0245859784015162
0.0303975686310571
0.013657561275575
0.0208105023528594
0.0385071335092365
0.0238974165620253
0.0331330632450719
0.0314501122177094
0.0382593341608957
0.0348361207319446
0.0436400240480923
0.0487589666969828
0.0148661164421637
0.0286707671377393
0.0286781929383987
0.0305390940167634
0.0442562110691722
0.0255315496250881
0.0449718475605243
0.0178060456571004
0.0370484297018841
0.027622600963684
0.0209414012508219
0.0209225461769084
0.0224119711721776
0.0422084368338594
0.0422442123898821
0.0192998386738912
0.0303713350574076
0.0191359345084896
0.0282735512563673
0.0334804013375209
0.0104871697851345
0.0292585946101927
0.0337249530908069
0.0358355093328107
0.0533533438725166
0.0320131653877817
0.0216835847205902
0.0326861343972667
0.0331563538266274
0.0288577520042552
0.0283665975587296
0.0212171096363056
0.0237129284341532
0.0227629898066757
0.0235059974707756
0.0532130421234873
0.0239089857898759
0.0414303789159592
0.018548542075883
0.0387523080171936
0.0254802015784905
0.0455945946761847
0.0260982851918292
0.0229638059140485
0.0212068423383895
0.036470691488392
0.023247430698435
0.0264503188597344
0.0330885612708769
0.0362373643924392
0.0197344872864618
0.0267215468724987
0.0449990833620027
0.0161459118156226
0.0296713869148723
0.0418224953980251
0.0316833576285102
0.0339568776257963
0.05176002827877
0.0248701360176323
0.022421636802274
0.035165706526973
0.0207597982862534
0.0260825173283027
0.0447375251675452
0.0274299946686804
0.0226849498108124
0.0194020332355913
0.0192682360207211
0.019156776743084
0.0262737455919024
0.0252562927102898
0.0357471175221628
0.0382973446170326
0.0230588465675731
0.0269515753194781
0.0361632195452521
0.0238873549380303
0.0283253826891136
0.0331428529299427
0.0284578182562968
0.0307232770221167
0.0261816540214115
0.0235536222426812
0.0433397507227179
0.0281365117436145
0.0188546331684748
0.0288116203636007
0.05551319526722
0.0294819861736823
0.0237012408480249
0.03820268497844
0.0550486068771603
0.0282573250819639
0.0317181963326012
0.04081166225359
0.0483047060551231
0.0274059873983654
0.0315378733623511
0.0365700062090627
0.0614462752956736
0.012513704289794
0.0281715941679214
0.0290518597767929
0.0367381312115908
0.0314137190770739
0.0279260448779214
0.0221789548149498
0.0296942820029673
0.02702421884912
0.0169692347237563
0.0254030312091124
0.0255031239327439
0.0295381929235839
0.0281602672687093
0.0380751567665503
0.0343457691827661
0.0453011292640719
0.0351592162435006
0.0270994867391173
0.0290405124261081
0.021238717149581
0.0347044634985082
0.0185748849139137
0.0275457216373863
0.0403609374372467
0.0512992675709623
0.0328099974993626
0.0206398014709495
0.024572659430153
0.0155244973975863
0.0189812067808125
0.0374320178481005
0.0407914222356081
0.0243809620850465
0.035169082306313
0.0337457213549389
0.0411411781437832
0.0202741849085623
0.013234317480401
0.0241993093520584
0.0205934046766012
0.0432797639405982
0.0287195974194097
0.0252211813496842
0.0370377159314135
0.0269755267066292
0.0333316601157453
0.0301250901030555
0.0460426473342312
0.0357672796990397
0.0293293975814692
0.0174289888887275
0.0353954236476998
0.0373055949733395
0.0442700774734596
0.0297317791243863
0.0212999814139681
0.0247021884818426
0.02460920652111
0.0326664042127758
0.0327303076600424
0.025359778723549
0.0296457201483117
0.0224265466906216
0.0259789572597986
0.0358093218086028
0.0339042727208812
0.0214672145803128
0.031520483992731
0.0431743178720298
0.0231037714940877
0.0240169527621401
0.0331984095995966
0.0179229693896249
0.031232991904058
0.0181543850143748
0.0388043582691646
0.0429132323267818
0.0377656964251929
0.0377963227042168
0.0401047740518254
0.0296575526790626
0.0323036197311075
0.0400334571498532
0.0223855969903404
0.0287878033282331
0.02641977241057
0.0439057178356869
0.0308153397762433
0.0236516304912903
0.0388596645191132
0.0344079398970569
0.0197434729314586
0.0275535721840509
0.0306234987290741
0.0333210237106045
0.0318333903748944
0.0286387584605382
0.0482616670477017
0.0318807788009023
0.0366766700302626
0.0160821704356568
0.0475755195624787
0.0342816113567237
0.0171749057502429
0.0355766523553157
0.0408829287808387
0.0428319020743335
0.0228803981435034
0.0207498638593643
0.0237479625129202
0.0171298560446323
0.0394306496247582
0.0212804884798468
0.029330350131061
0.0225182678529949
0.0536697743646758
0.0544197749633418
0.0267777829924317
0.0277973598995229
0.0255170693819423
0.0237595417967087
0.0221424377417129
0.0314336518138262
0.0415331527892495
0.0223390549780425
0.0269114207019365
0.0171793173487331
0.0386386962062698
0.0260568737879341
0.0276324734339422
0.0318198896967767
0.0246619170724849
0.0128222348361065
0.0351515757068142
0.0312062190790921
0.029628933024065
0.0357537898157352
0.0256136064099095
0.0331167898619202
0.0272495405497195
0.0103455540210478
0.0155149722526286
0.0371155464004596
0.0144153149021525
0.036427624947033
0.0364388859993343
0.0266144175971762
0.0217881393378881
0.0269236947043542
0.0369148501376233
0.0236510424492162
0.0353556614878921
0.0279059047201781
0.0225678028455478
0.0364992360973751
0.0391241005483668
0.0277695644257603
0.045821107862276
0.0371874670458501
0.0382614933615988
0.0313399378117713
0.0203831772752018
0.0283828032348959
0.0280435869436325
0.0326636783718687
0.0354196381540175
0.0417349164468358
0.0256517913234702
0.0236078322797287
0.0291029539525845
0.0374525984826238
0.0472849007572228
0.0206590649824589
0.0374748085497887
0.0408864664104831
0.0260445692254458
0.0219445114061024
0.0342787909832618
0.0324987680070423
0.0251500902166888
0.0357164393339695
0.0444873399505306
0.0327773823344999
0.0334918367599217
0.0326950309657304
0.0252215351967627
0.0239430351513563
0.0275751749827753
0.0211726104495593
0.0281612952433554
0.0227388432199697
0.022322263604079
0.0206846188645059
0.0383197413452458
0.0245121289931708
0.0351309875930374
0.0360604029818056
0.0524789983780218
0.0353535622247152
0.0234699587388277
0.0354927580714653
0.0388796039060514
0.0226226591612052
0.0211572323771133
0.0335031112603611
0.0167425240651462
0.0149548464143279
0.026594558428744
0.0373755765538872
0.0195658316492664
0.0309488789215917
0.0256552419728162
0.0306355280355875
0.0234114206787953
0.0381550424070723
0.0297946434161844
0.0491640417284371
0.035649073638766
0.0330483066041724
0.0362822822998858
0.0353164039931325
0.0427908908586184
0.0186998243088445
0.0280215293868422
0.0220448671462352
0.0240405390968594
0.0435639654054213
0.0341351905491888
0.0382928160874622
0.0391304244859672
0.0332710581208538
0.0518248966961921
0.0253582514726043
0.0285708679294472
0.0335224807313921
0.0282202742683384
0.0126806572595922
0.0184904696788116
0.0296065514393038
0.0379367841776557
0.0306369274799395
0.032055755139061
0.0442305184113478
0.0406587247420456
0.021666471307379
0.0273420153376333
0.030501637048859
0.0306424082097545
0.0435871781935582
0.0285075718874453
0.0187579510503692
0.0450104485761612
0.0317912890755506
0.0392139946303992
0.0375377821243058
0.0425274708829709
0.0385146283121123
0.030499180521796
0.0367429949711002
0.03415869495461
0.025791508839226
0.0250081160159912
0.0225807186892093
0.0413506968184306
0.0436126550273035
0.0251398446316889
0.0428777626145396
0.0293012679586547
0.0299900108384446
0.0302867349808736
0.028299141628246
0.0300780485015712
0.0368087950622466
0.0302799840324046
0.0244306182818958
0.0441916928123
0.0562822033086613
0.0455825463621389
0.0429209016722654
0.0347866827287078
0.0328657544199282
0.0187936282129515
0.0334975678707843
0.0322452085768493
0.0273888397864411
0.0239353415660831
0.0268096883490698
0.0389363611675431
0.0524381720583417
0.0419158086522336
0.0341420936613993
0.0215538829515457
0.0301012727063287
0.0361494275455692
0.0393628969090973
0.0311451640998757
0.0246240869586972
0.0563141874031535
0.0417693660778464
0.0309538128672939
0.0236279506276943
0.0253906492162013
0.0287603560493126
0.029713279428801
0.0326704039654806
0.0356502322874307
0.0363011560853496
0.0289169845257179
0.0359722099169484
0.0439379529994868
0.0266338298080291
0.0336947755431765
0.0250918362000482
0.0387897748874378
0.0198636069221686
0.0313853513950597
0.016211213808558
0.0315652787646081
0.0478735927237769
0.0316307136818981
0.0377822309202238
0.0271817244227746
0.0242581231422695
0.0284041511632812
0.0251816985338272
0.0260683661065015
0.0231052046921104
0.0433323698206772
0.0200137093674617
0.0299333675836153
0.0207275302238252
0.0415799354747759
0.0236377407060886
0.0281311340087856
0.0365223798235315
0.045385839121284
0.0373450694187411
0.0212699646521436
0.0202422244026654
0.0351029067683673
0.0162978730039776
0.0483659329169724
0.0131241257731786
0.019101436101285
0.0332383001741468
0.0423149230469629
0.0499878841395949
0.0314364559110788
0.0338280441299083
0.0442825094117267
0.0386905348009549
0.0276825711107334
0.0245368058934148
0.0339059525540172
0.0326949107274355
0.0251980538641314
0.0255580297401209
0.025012781469611
0.0203693165325744
0.0154609596895756
0.0343668884922135
0.0246781821802809
0.0326639522302361
0.0265739857588278
0.0222069997616643
0.0219536991283531
0.0110601595590178
0.0303506893750622
0.0232426436309228
0.0364636862305932
0.0296811108489443
0.0327711959887717
0.0309872279227599
0.0269308904504606
0.0382914162924649
0.0292088619607314
0.0179408641802038
0.0343784310012918
0.0243062755778985
0.0211726799336691
0.0232682999156113
0.0223011013917234
0.0277459160791912
0.0352490120620978
0.0345374515978926
0.0512732623697463
0.0284206898866301
0.0170322992440066
0.0119501379567512
0.0289552902158106
0.037427670498676
0.0256230084755835
0.0535326043421269
0.0376874347433481
0.0299086478523088
0.0239255920747068
0.0161511908526326
0.0201576729861633
0.0336817966386798
0.0373186893920968
0.0321071569677389
0.0194165293720067
0.0323212063273238
0.0366016894930001
0.0197700343890082
0.0384492237906015
0.0373635079318994
0.0207343272585216
0.0268092152480636
0.0344427421190383
0.0297151336248178
0.0378375654331522
0.038835562850065
0.0100838862083533
0.0368191166657588
0.0337449152470523
0.0283986399657464
0.0318928911566971
0.0204507922424754
0.0216477998218778
0.0449865701116785
0.0412550449954437
0.0374628329103505
0.0559614568018257
0.0311451109070309
0.0224642699987233
0.0299978897936194
0.0305372682020997
0.0267833684232079
0.0385566972308227
0.0317517570510741
0.0267051809572961
0.039314273051386
0.0248537645963288
0.0285168614133186
0.0231927138260818
0.0221566816559288
0.0330336269323542
0.0321466141496251
0.0269747024576162
0.0265189313347488
0.0380115244855967
0.0320587980522629
0.0185988818011534
0.0433809212271837
0.0268224690297082
0.0174555320005111
0.0280945450713278
0.0350996166877403
0.0254472124950398
0.0358915583231795
0.031076057290734
0.0460212864751867
0.0314391957461911
0.0342960275332342
0.0522739033514428
0.0287888891147264
0.0313445560895221
0.0369375844248423
0.02325539754684
0.0377121052675749
0.0375366638622226
0.0467212750567863
0.0335811153789769
0.0312356024254939
0.0226261584974149
0.0282557400575584
0.0307522332514305
0.0296049402331307
0.0204725695390013
0.0288129021225763
0.03365908208662
0.0209097818463027
0.0223199459560462
0.0347789469933175
0.0216288287670123
0.0476287667330017
0.0149480357032022
0.0226032548461379
0.0317718510858128
0.0380776215136283
0.033031199524754
0.0523117767175785
0.0244137179450434
0.0327761901896708
0.0493217447068317
0.0238319435677547
0.0428371791624027
0.0197277419190427
0.0300021211039185
0.0415221350287208
0.0327013497814469
0.0376097934748195
0.0426942577341203
0.0292021986916566
0.0468048546937219
0.0245643956131493
0.0496061954366321
0.0243953529103868
0.0193795720366687
0.0453518319565795
0.0232536938425682
0.0295469714413885
0.0255565021000403
0.0413302082779163
0.0497285258416495
0.0359274618318182
0.0283118015565923
0.0240151329567691
0.0237932237081042
0.0441244804157667
0.0376969314797135
0.0243197297715666
0.0364292763012084
0.02800326560617
0.0293600973871356
0.0242961037980716
0.0269240544057395
0.0417104777810693
0.0484247489471511
0.0277771004111155
0.0302811302618884
0.0329978513423889
0.0329608887050293
0.0301470886777393
0.0294466963729195
0.0399492776799793
0.027121519623188
0.0221298891873409
0.0339097392627063
0.0312622481882237
0.0402246317839369
0.0230487441660816
0.0219109183763541
0.0278791048125698
0.0427053790362174
0.015782516501594
0.034179989680113
0.0349003106484996
0.0291409872540544
0.0292457901430682
0.0276210447911027
0.0204563532255679
0.036794199039691
0.036598384819221
0.0209868840774176
0.0300891337856954
0.0287476618037204
0.0249203318630689
0.0239771573995697
0.0214048944684014
0.0324215168900454
0.0235763358404218
0.0345658716617125
0.029219540168379
0.0412745265628036
0.0328545539664831
0.0243906145980154
0.028837529869127
0.0393270013174011
0.0238263612955031
0.0528768000200419
0.0354984650324544
0.0281654924843177
0.0295613466820955
0.0333718805860401
0.0232155893806044
0.0314940043303818
0.0307475408422956
0.024926787905918
0.012792272860136
0.0372277960794537
0.0297082900068307
0.0248299307187241
0.0434834356379775
0.0389145544095723
0.030644916286577
0.0252764295215286
0.038181525447044
0.0351291143331198
0.0358207052557912
0.0422376307418245
0.0294588207459847
0.0118104071287977
0.0288463655465966
0.0268115853133287
0.0132403016274419
0.0458030215642417
0.0277916622384226
0.0372653407863621
0.0255667299755522
0.0337567048465728
0.0287504966883291
0.0181473589744748
0.0462313261736898
0.0269356030753721
0.0249511391240556
0.0183677545362013
0.0262368740080936
0.0227380181135656
0.0313323626141779
0.0305024571652596
0.0438547355671184
0.0255891371723291
0.040485476819694
0.0409588635065294
0.0201332070912454
0.0354527676104239
0.0193750168987596
0.0355474521849678
0.0365491512004931
0.0247863827777718
0.0441851840126487
0.0279879722493548
0.0399108375236934
0.0253371729720078
0.039454926739665
0.0329495884724402
0.0336266418995951
0.0218426652491034
0.0242378465968109
0.0379151530976048
0.0405648214988985
0.0367145476115434
0.0162413483003379
0.0359780358377769
0.0366368381521914
0.0245034902229859
0.0494674971056283
0.0290057552467945
0.0199544480574212
0.0479033319727748
0.0371238725598476
0.0283989436440961
0.0206968479442773
0.0316517003017091
0.0235604998820369
0.0248861577879818
0.0423490919795155
0.0356978940581614
0.0335985627017051
0.0424274060607051
0.022482687966347
0.0349778903697815
0.0171535367483317
0.0277486106425641
0.0364560307111427
0.030330325997291
0.0211447853850242
0.0211386183827282
0.0317195142650323
0.0172264389549899
0.0269846771556392
0.0176727945781754
0.030550564096746
0.0304748906602434
0.0460050679809794
0.0371834325376342
0.0360299319768435
0.0222987080264084
0.0143760130377437
0.0329733664873135
0.0266682314084842
0.0408774598184162
0.0326797100910938
0.0199932219372243
0.0181085353964216
0.036787793440354
0.0238862854086037
0.0279093621086505
0.0290961352742851
0.0419737034547924
0.0218510076312499
0.0327139993310107
0.0419101993894062
0.0362629311255469
0.0309677523853722
0.0376629067533983
0.0225943397233049
0.0125566657209571
0.027061278495213
0.0214531152162621
0.031952751682374
0.0260562360158785
0.0412363298497551
0.0282501445524139
0.0326692304419651
0.0474876111408698
0.0233753965339453
0.0206588067892835
0.016481860334452
0.0243933468000241
0.0195868540048839
0.0226703313035267
0.0308526366087512
0.0305693217641326
0.0334490588142087
0.0293324709886906
0.0221655624675455
0.0151411002686116
0.031977673190394
0.0198126276640789
0.0403013987596516
0.0398754145069381
0.0242416999037499
0.034690935828538
0.0446407132580461
0.034245133389558
0.0231604421663025
0.0346825570711525
0.0482028166218401
0.0357881736049886
0.0380296362220347
0.048902740218281
0.014797553030385
0.0244691020550067
0.0363512432203786
0.0293370226491274
0.0342318812782535
0.0487015132823546
0.0339088087160943
0.0424225280064565
0.0282572694175114
0.0290897725172267
0.0285678444964687
0.0358316305624156
0.0366956428706212
0.0336643819498426
0.0368886642561085
0.047059910105224
0.0343033352888802
0.0167939490852836
0.037141491361559
0.0204809091750486
0.0282642639406869
0.0356365267642678
0.0320267116736665
0.0301981775338781
0.0251857309843281
0.0191661083008196
0.0352576408332604
0.0361138703279244
0.0395798367819364
0.0375335989691515
0.0225115454545143
0.0460721881125344
0.0437777513259755
0.0241154702270041
0.0111436219258656
0.0337688895737689
0.0254671601177152
0.0288583831624661
0.0329611303242063
0.0389597629264277
0.025369814723832
0.0396381054888076
0.0285786290567069
0.0222520822663734
0.0259845495020858
0.0438685287292706
0.0323660439261243
0.026587513913614
0.0314069520214717
0.0174481628567651
0.0256874093178685
0.0237901970679255
0.0269612838569434
0.0226696379220468
0.0220544443208011
0.0238685263235095
0.025960515129488
0.029029199788594
0.0285591132101442
0.0293336887014358
0.0323277306282209
0.0282054251006508
0.0292178961270079
0.0251009809097902
0.0469967013785757
0.0233932658061131
0.0278800115686855
0.0222012362539171
0.0350491062523508
0.0297613419657149
0.0217401387810656
0.0131728400076992
0.0309607953656597
0.025552012992492
0.0404171008457665
0.034777257774932
0.0238877501733516
0.021281817486891
0.0351042886764798
0.0249583920981906
0.0107041014139926
0.0518890082396852
0.0350851821263434
0.0260405682182264
0.0300873865224664
0.0238815375998814
0.0236094545904725
0.0400551101687633
0.0459613758119949
0.023650461627737
0.0292375868396637
0.0152819282568876
0.0342036937000327
0.0179585894228471
0.0280044331281259
0.0411376468680255
0.0325439549632022
0.0262650513591528
0.0374326880105348
0.0276424258897414
0.0251902329717376
0.0243505557114921
0.031105891871762
0.0111334196191307
0.0364554338315705
0.0252088765972834
0.0333965486387296
0.023987705463728
0.0350121210902094
0.0338194530598912
0.0365507415104537
0.0174764459990891
0.0521988378191902
0.0355438232604038
0.0230086291553188
0.0176635855757338
0.0328065175280641
0.037198576839901
0.0118044468475301
0.0452586800485278
0.0262132056468467
0.0340061169932487
0.0276949025235459
0.0367800736359493
0.0317299482555486
0.0401194599744643
0.0377462374015874
0.0268604716458359
0.0340419120118737
0.0151111593727595
0.0180818425510645
0.0234180897680089
0.0355978081989968
0.0385305082211734
0.0344118377436919
0.0463807810281555
0.0233760226091362
0.028195411070435
0.0136492799664983
0.0197929348766907
0.0492168751493353
0.0185144717092435
0.020982439735357
0.0462816184102748
0.041399361928205
0.0326186014034791
0.0304513032344705
0.030232141146322
0.0258201556105029
0.03218622225921
0.0364245832452162
0.0264633168184119
0.0257176228428519
0.039187946107546
0.0291553225064267
0.0246189357193542
0.028920908996661
0.0330279228311632
0.0280395634135477
0.033176451483843
0.0262281909912376
0.0358229536979482
0.0394597915541658
0.033709765796642
0.0200104931720334
0.0143932107542512
0.040924062104556
0.0230869035769428
0.0375735845528085
0.0275239172281119
0.0281120645889197
0.0392422645046604
0.0266453183786014
0.0183064295245628
0.0372206474571024
0.0308441931691869
0.0405209233415231
0.0282111808494156
0.0327957704853858
0.0276150411975668
0.0272351655579123
0.039912784000163
0.0320034811156003
0.0306242315164588
0.0400127394637868
0.0220912224825141
0.0301625317617256
0.0397126303900804
0.0245278472008252
0.0340277361139573
0.0371122600505467
0.0227605475637497
0.0255052252859022
0.0295610828784039
0.0319024426373034
0.0343306374916229
0.0426742831617975
0.0303273631995315
0.0207961114484406
0.0373733873005265
0.0286146753309134
0.023565566880673
0.0242340668764744
0.0339729310468607
0.018818952396975
0.0164415193640462
0.0322999892115662
0.0405804412367795
0.0545109813675624
0.0256695739578282
0.0411584438160349
0.0373926264425513
0.0253258303273404
0.0156311042556836
0.0264991514428675
0.0276700822866453
0.0213577259240838
0.0314688492548297
0.0405006980489293
0.0256583084792322
0.0247414368728991
0.0210724573147876
0.0281819547519844
0.0363984707024268
0.0363978205934903
0.0269951362548823
0.0255065148734583
0.0217969343387283
0.0276650792367026
0.029272084918298
0.0235480672154513
0.0123628339010734
0.0252402971576274
0.0427769693544749
0.0366025390453942
0.0233218866680616
0.0409806641417489
0.0459688902513094
0.0287260264998418
0.0247466021925459
0.029161564826491
0.0273928592300282
0.0250183876556329
0.034382843071793
0.0180658046205143
0.0397914619552526
0.0174395289411422
0.0355657710943127
0.0295005579294744
0.0283164000186652
0.0395050598147733
0.0400260483146796
0.023364413511056
0.0292639530841366
0.0273901573703012
0.0295426417106075
0.0505604574035861
0.0323909033474518
0.0271219937034443
0.0312666033620949
0.0259220713709372
0.0377388010353418
0.023362873974922
0.0302505758239111
0.057909915098379
0.0429440491309898
0.0255296902529273
0.0364015690811832
0.0385907699620169
0.0377085798735775
0.0338244248128063
0.0346406909339667
0.0295076797769994
0.0156002426578672
0.0208285294200715
0.0241072255371008
0.0233366405098023
0.0272733376914031
0.028364657825674
0.0356368062680381
0.04347712713889
0.0248905480690462
0.0184558045760812
0.0326950918610435
0.0368874233415618
0.0268333626736119
0.0431742001666229
0.0344743374724628
0.0343421964574537
0.0185379443079001
0.0195390416585056
0.029776643897254
0.0243275380681348
0.0274137065349334
0.0098615089893657
0.0223394751002193
0.0419840780007019
0.0293063935450849
0.0268514374127956
0.0321661248314137
0.0261709617889141
0.0211544832134437
0.0268254875102481
0.0289822747720238
0.0218349863568654
0.0279278013301638
0.0303983948800204
0.0365600215601283
0.0262885453561879
0.0274696252361122
0.0205887257563983
0.0369561436223876
0.0279614932223059
0.0388787606357655
0.0262075564650709
0.0264454199553396
0.0304099511573968
0.0354270887742754
0.0184200517515563
0.03192267200416
0.0291206529505
0.0327768599059415
0.0360782416330217
0.0352556873177728
0.049814775744162
0.0333229557935902
0.0306124089426239
0.0230322269602824
0.0369505601407716
0.0453350694595234
0.0415795685778619
0.0403244852225039
0.0267390395439343
0.0385436084623003
0.0320261138050845
0.0250115897176722
0.0213957100734365
0.0434517241741334
0.020631773901972
0.0346237824626968
0.0360338312124503
0.0400101239989761
0.0222532087878569
0.0417425994017609
0.023447853066611
0.019956881274148
0.0291404074657625
0.032414387823666
0.0252333671276957
0.0263546366501608
0.0241521362958413
0.0329778914945667
0.0237097141878419
0.0170364414759436
0.0383617649854233
0.0207007440574677
0.0282256804931599
0.018829753663344
0.0326161927804416
0.0275580944120745
0.0233984924258865
0.0433938421675447
0.038268078337324
0.0202357644999807
0.0215466780576108
0.020703293411462
0.0230298796102237
0.0291512366746076
0.0298444941458278
0.0201762867020265
0.0273632206082819
0.0276600419661934
0.0421240323072327
0.0240088295336406
0.044140692040793
0.0293931160512626
0.0217421331226784
0.0176890798765969
0.0214316873685754
0.0331501936006876
0.0227956183397732
0.0377931206813165
0.0317423914114998
0.0402183593610184
0.0275371678970954
0.0327086975342111
0.0317789251045115
0.0390120340752258
0.0364509210714542
0.0466583238011158
0.0248468980475924
0.027447235038888
0.0244105756131562
0.0193658845734626
0.0425216996688056
0.0353786738065997
0.0233586272337886
0.034927229237792
0.0281581739772356
0.0258452553258499
0.0373308692626274
0.0223804332198601
0.0310054903325078
0.0179605925770998
0.0382715024504937
0.0295513840121802
0.0336564643036889
0.0263219179782121
0.0319951883934625
0.0236759316742595
0.0292787585900602
0.0240561210426523
0.0403845425424616
0.0208927620605068
0.0362716092639216
0.029168424075161
0.0340992248891613
0.0192468256799584
0.0228411991612327
0.0202168395777088
0.0244925715421475
0.0250422989118129
0.0312202965226497
0.0382679373081161
0.0401324863985604
0.0266641921672203
0.0191391312227345
0.0434578225362042
0.0266630677387887
0.0522264056484941
0.0415421470380355
0.0264360093774569
0.0342934867205661
0.0339157521502661
0.0448076288095085
0.0184431799407246
0.0324583965129508
0.0285856970969471
0.0370997437054815
0.0279705604542699
0.039847476641488
0.0173917161328474
0.018442938629979
0.0230430374947102
0.0232589708679429
0.0338127514830245
0.0281878850730582
0.0289804389816866
0.0316586928201219
0.0151171902566972
0.0297402615060517
0.0347849989367007
0.030136675694429
0.0163253511923779
0.0290385011854056
0.0278943369342708
0.0354722002970894
0.018207242926253
0.0243119019884439
0.0310230592799712
0.0265317221023851
0.0411140515049269
0.0423516564893961
0.041146820493756
0.0364243381949239
0.0419065446485749
0.0440636141927809
0.0239011277659858
0.0343169064036933
0.0292912933346839
0.0217057511070885
0.0199523732801922
0.0274675180492293
0.0512064493007253
0.0378798210075424
0.0199508453847497
0.0336773356374394
0.0263208007489659
0.0276113379818493
0.0247698617960056
0.0240179902855736
0.0213262996821358
0.0190861720670161
0.0358294675744117
0.0290017314828466
0.0375414999669834
0.0329246156758112
0.0417185756639305
0.0248745056192986
0.0361727027700432
0.0259224393993681
0.0251039800356166
0.0512558539692629
0.0304645164308021
0.0233655523325183
0.0268004001461806
0.0415190571280965
0.0316543868301488
0.0214494828406761
0.01890288726514
0.0265294031939853
0.0380038372020006
0.038424926980022
0.0456964163637839
0.0333551124628581
0.0345076941304775
0.0225461023194584
0.0292673812413952
0.0242004336144581
0.032073756077328
0.024196865244071
0.0136065873225856
0.0326557207896155
0.0331136518322504
0.0234874923697807
0.0221383713382115
0.0235868607793873
0.0214127780242158
0.0318329348100364
0.030632261252277
0.025065552811922
0.0487896553449046
0.0331497619202894
0.0294149865355367
0.0487757567394602
0.0298874397365177
0.0297482179414981
0.0285042299835326
0.0282624676302989
0.0377074675240307
0.0223633630698971
0.0271257217310163
0.0259903089000009
0.0292630178892349
0.0268295226695428
0.0242798722982722
0.0284871895546243
0.02447543203281
0.0418980806989186
0.01872728924042
0.022773610766685
0.0342999308582359
0.046325555339126
0.0293601011368481
0.0340380464757231
0.0346258521683322
0.0234851372447462
0.02009245168862
0.0337234065492144
0.0330090630784768
0.0305942945823124
0.0312174572738873
0.0189664878895087
0.0408968425578711
0.0244225538768944
0.0349610152477856
0.0287320147571553
0.0295366320871772
0.0323046768215204
0.0347116935058702
0.0218550993587407
0.0298244849416942
0.0225371158450868
0.0208535390555772
0.0249964233662262
0.0199518837265963
0.0279612089124497
0.0310069954988804
0.0257311453123347
0.0407821637374424
0.0318008777455163
0.0276996977313635
0.0208538722714161
0.0249396154593522
0.0341687021832538
0.0326493569534257
0.0271080380097926
0.0319089963578039
0.0255945792862622
0.0334848844086183
0.0227906960812858
0.0368100313270897
0.0229043696828261
0.0322727587988302
0.0336047744992241
0.0423833744739092
0.0638239707135734
0.0171096249204726
0.0262175911957637
0.0415489029416463
0.0314530912465114
0.0339597760130649
0.0320955405451116
0.0405815451695528
0.0348771139330894
0.0294736787894133
0.0235370372500579
0.0288036540062832
0.0159239201961187
0.0266799793055112
0.0253110331586287
0.0538185320978912
0.0252546602960579
0.0363915469674435
0.0376889452068352
0.0284111398886775
0.0330392663157504
0.0218244814599295
0.0291250097360187
0.0294787241300117
0.0409428082322934
0.0434710226298165
0.0184147449258474
0.026605360249432
0.0300573373720015
0.0401118922364375
0.029228530808897
0.0306005444915512
0.0299229931493544
0.0247844207114704
0.0302331384054124
0.0373375862425789
0.0336373764039761
0.0412087266035936
0.0635732739536858
0.0283665096488016
0.0443254963300945
0.0363138621923463
0.0351836759376532
0.0279326665380161
0.0225023752347508
0.0469116884539244
0.0324603453186376
0.0525447327237667
0.0194215948740002
0.0332415802915687
0.0170846217385435
0.0249938034317915
0.0169185453912635
0.0199844801708151
0.044432528688825
0.0246914881653357
0.0475497800504135
0.0168558450414584
0.0494196697393967
0.0171151051641817
0.0253366624471952
0.0186561818292423
0.0229117311271947
0.0344720164884558
0.0170635485114048
0.0368933278594429
0.0175766948355957
0.0192912242310883
0.0454727217497635
0.0274319305744195
0.0369881300638973
0.0269333297862039
0.020605118533157
0.0241082155129412
0.0285735259141163
0.0368259169543485
0.0327306723748873
0.0288667634265054
0.0264652399376718
0.0345734868827189
0.0215169557096745
0.0289075226366487
0.0342644683704532
0.0308304862154756
0.0250431913330444
0.046320927226435
0.0227978343159445
0.0335737885155929
0.0361670781480543
0.0167278753597637
0.0298455439078769
0.0344075229643952
0.0367661377951553
0.012492817995054
0.0235547015337625
0.0229227967596983
0.0280704985963986
0.0452029862724559
0.0211719595830406
0.0345989588499762
0.0321312223645578
0.0398084613304161
0.0299905706884283
0.0297101824026993
0.045303165268783
0.0235745817714522
0.0183385070404903
0.0460210822619017
0.0225996105159845
0.0277213094558835
0.0255618401148665
0.0203821505216961
0.0363862346518841
0.0298901542988364
0.0339982720593191
0.0439955848084917
0.0510684652268372
0.0326807989342357
0.0209107794940128
0.035247698164951
0.031984437267688
0.01893736641724
0.0261830816905398
0.0441452311487006
0.0162348094710917
0.0239737258520156
0.0376121094854472
0.0392483340039494
0.032886090375901
0.0242026310413082
0.0317713395069175
0.0444060138348138
0.0388013974762889
0.0375982227478297
0.034587198466765
0.0318783585712884
0.024282412231273
0.0300044795903884
0.0419613320582252
0.0247612014102333
0.0326400301209651
0.039198962749858
0.03088399249413
0.0470266974527363
0.0346065055170561
0.0205685915792216
0.0293988952483072
0.0329073433008679
0.0255620869925956
0.0407043409754666
0.0580914638158032
0.0155012331964247
0.0239288048617705
0.0187116716819596
0.0323330772221531
0.0257623958149859
0.0258638019728955
0.0267863424457854
0.0425044678082527
0.0189877444885417
0.0213909333078241
0.0227710036879263
0.0305214134614687
0.0286967191305285
0.0193472666025525
0.0340786254574733
0.0455564620767941
0.0228727871221878
0.023306801354707
0.0312534344292333
0.0257708449026742
0.0383695736250939
0.028686380694559
0.0289476862511441
0.0363985213828749
0.0251266711460938
0.026528973252925
0.0342094141526169
0.0292231177145941
0.0235191838787388
0.0302968867162494
0.0297186690367561
0.0502252153368144
0.038301011693409
0.0382481831334759
0.0321976284988318
0.0320338196298424
0.0308827148632802
0.0439663327212271
0.0384709882245436
0.0260128154842832
0.0402657605421107
0.0231093975546931
0.0178225163696507
0.0242162403994875
0.0318034588558786
0.0407578749465956
0.0461094851052077
0.0389702750968506
0.0323677707557371
0.0343887938973572
0.0344252070847846
0.0245134645709725
0.0245502155072137
0.0370591732080129
0.0193871420183075
0.0345253729521212
0.0328025972024661
0.024867201611624
0.0331937314351368
0.0325882204344879
0.0315725784116009
0.0346494020574466
0.0208520721856995
0.0265867864259334
0.0490237146891154
0.0264602288434281
0.0237252996970212
0.0284520045412407
0.0262166668017681
0.0335057446959535
0.0387198081494953
0.0413828207882805
0.0347582187627676
0.0293720548790398
0.0339819730844429
0.0192807460004396
0.029222226092964
0.0166528534774725
0.0306955728883547
0.0294438600719883
0.0321239958651656
0.0180791921753658
0.0188557549560193
0.0351584952014069
0.0306041398306418
0.0353625284462136
0.0271311593311695
0.0218917535428977
0.0316623169463949
0.039135250960931
0.0326212966072407
0.0205786954871064
0.0329214636985019
0.0178264410637385
0.0251183797184091
0.0282584975615651
0.0338515807658308
0.0242369071429756
0.0325906418548886
0.023368753643292
0.0458571488941476
0.0290169046816608
0.0339355320198779
0.0215029967988034
0.0233869753719748
0.0489417790004747
0.0429586595245825
0.0205461587025269
0.0340521762870426
0.0306152235379145
0.03481137735281
0.0290873191596338
0.0441475629080347
0.0279319778020264
0.0304920920522405
0.024559615362917
0.0282383794574046
0.035887962355233
0.0314460633069322
0.0290755696672646
0.0332467777971227
0.0339101327846278
0.0357879306022579
0.0421602889984252
0.0218695254392956
0.034372676752863
0.0294845061578717
0.020916255608771
0.0400449122299804
0.0450355838952385
0.0419649060621127
0.0423566291127546
0.0213849622219399
0.0191115026708542
0.0293815112765987
0.0360666288020603
0.0291296955651473
0.0447691284559186
0.0370438088604561
0.021939903781841
0.0427572642620102
0.0282449386504169
0.0286027264620258
0.0454363630721474
0.0392882512146167
0.0464805334276815
0.0148745412327942
0.0311081304584407
0.0228229843018353
0.0433572475558351
0.033590042551789
0.0469066045926534
0.0278433075370839
0.0211585221715712
0.0406772516426367
0.0278125051093895
0.0393034708125142
0.0262175282817307
0.0233356589480844
0.0296508647314058
0.0227264494986802
0.0166353193877931
0.0376083089923286
0.0351966027328444
0.0252766759153463
0.0270553321766434
0.0395430103951525
0.029618206853668
0.019687207263557
0.0187202498168045
0.0269466900470332
0.0397357945260349
0.0218714285111133
0.0345464982500039
0.0255765775999726
0.0362537813438628
0.030656192946426
0.0275961617989017
0.0199375052838413
0.0268504883875556
0.0231874299015874
0.0311940414289686
0.0299484543772842
0.0267882576535167
0.0377498501867296
0.0162337367863134
0.0353168753002806
0.0278845560126163
0.0336095407104328
0.0501172918437255
0.0189697046877568
0.0341320374992717
0.020158025235859
0.0201516617281572
0.0284640770902689
0.0450501956478568
0.0349350632683948
0.0252794312527945
0.0282609901350466
0.0266002707358081
0.0318493744697799
0.0217525482830468
0.0399444962958612
0.0508249789505287
0.0240162716276586
0.0379782000696307
0.0344391173305702
0.0160155007735321
0.0412284692962292
0.0339424072725623
0.0379409662693042
0.0175155728756083
0.0495114119583245
0.027089538941888
0.0214977165515108
0.026024868915039
0.0242524670216852
0.0348730598679413
0.0218483645709225
0.0206881014558308
0.03439272956124
0.0404347718887309
0.0301079797888739
0.0266479717632935
0.0203181281815664
0.0400091837256773
0.0144363080142626
0.0158544782001628
0.0509470727127722
0.0243346959073544
0.0253125511595536
0.0351019409856842
0.0421915752847694
0.0246277163590885
0.0199286263893778
0.0347837846707813
0.0276474375094241
0.0357703236595931
0.034235101737428
0.0252255997528446
0.0321827985862277
0.0271789062348994
0.0369217012063302
0.040561652361545
0.0331587481998119
0.0361372155154559
0.023578474232717
0.0294633602942272
0.0228752011340162
0.038199189801455
0.0419990819303406
0.0298239280463184
0.0246224177593315
0.0430567348370297
0.0208556845264615
0.0249046888061544
0.0474691900862543
0.0321188052416104
0.0304952789586209
0.0264415821735233
0.0325739077020284
0.0420245319145113
0.0231769263250754
0.0244689387626598
0.0323048146017267
0.0202462368706455
0.0202439969855655
0.0214293474283818
0.0314450239408479
0.0244170744776409
0.0330544965641562
0.0270917985864592
0.0132404763812329
0.0298334931667763
0.0313051786264694
0.0248851876273041
0.0217351628118256
0.034646459929135
0.0229277341022378
0.0243676195002554
0.0294989648959812
0.0385464477834044
0.0206670569594189
0.0404619371369824
0.0213030352618336
0.0386085494915961
0.0173181512201677
0.0314090112780628
0.036083964836499
0.0293016295806477
0.0337550634094494
0.0347736633309948
0.0377567718210172
0.0339212297748524
0.0257852905344268
0.038281909462949
0.0415235733353678
0.0373160945331062
0.0161175405573956
0.0393674782118683
0.0334736708616285
0.0204649044757279
0.0207441159319096
0.035263538612702
0.0279437121218742
0.0363067720297352
0.0182463150916295
0.0357128546058396
0.0143378593507032
0.0372087468485476
0.0284220998219782
0.0258508313722767
0.0339744206079733
0.0464090607879682
0.0418175649801326
0.0348923634217381
0.0372779777105789
0.0381154117920451
0.0242945468021911
0.030110950612595
0.0254057593400002
0.0212599765570622
0.0321292958757112
0.039404811620676
0.022977289082563
0.0346439960871487
0.0185615771482387
0.029790151140545
0.0225813097303155
0.0389975364669473
0.0402053633333724
0.0325362046130606
0.0292714079397768
0.0203536180667271
0.0200867517803141
0.0330523697254361
0.0380422382132852
0.0290120460515485
0.0399889445017807
0.0262257444336511
0.0328444958820947
0.036077501503362
0.0375790251033197
0.034802014086949
0.0390580439605567
0.0219892720794407
0.0386535400705948
0.0310716268386954
0.0389420573860126
0.0238890879043612
0.0235368186429497
0.0276875873792667
0.0325355135403513
0.0367800193323062
0.0293649487802858
0.0338648954496944
0.024446682400821
0.017699312967563
0.0388715789870518
0.0270060644092863
0.0293498661933877
0.032175991688306
0.0257601293833205
0.0260813880374303
0.0160279871423874
0.0254623250809026
0.0218104326242153
0.0410630988306539
0.0289649705734235
0.0378174532740974
0.0310888227728945
0.0262955893137298
0.0356616641134705
0.0187020928328014
0.0289280307518703
0.0256103828338739
0.0309881244843971
0.0408024486186023
0.0261614429017625
0.0239636889389328
0.0394687019014066
0.0152499163353964
0.0169522175171835
0.0339198631471897
0.0224181761480103
0.0278093262265904
0.0179860168791047
0.0548823177742507
0.0228329039862407
0.0348135252691265
0.0457855016004607
0.0270830982317119
0.0281585975533504
0.0250341246032375
0.0213794336368473
0.0299884402812233
0.0304687814227
0.0274082513335579
0.0290023955617541
0.0442724011108041
0.0364407112454338
0.0293091671759172
0.028662951498164
0.0286907743118333
0.0308890859723289
0.0306617601056169
0.0276055958553775
0.0398947771680232
0.0333903934918417
0.0266907295288561
0.0235534970303798
0.0132593245607649
0.0389615188834327
0.0330067278053669
0.0237072296748943
0.0193802375753991
0.0326846582038566
0.0361134921577496
0.0346675119106984
0.020087513377818
0.0314577662434225
0.0358418334863565
0.0321057015536955
0.0253275954405681
0.0212378489635223
0.0221368547745636
0.0191685254689558
0.0330651757316887
0.0170352573444603
0.0300027893872162
0.0265891180051514
0.028287120036213
0.0245861429740745
0.030189998211838
0.03635593339933
0.0202007681187537
0.0344961004260613
0.0187515424693127
0.0277956309072339
0.0293436685108307
0.0340262190238771
0.0306272967201687
0.0443470703275458
0.0306331639675749
0.0218510934184605
0.0202225498037981
0.0303629761288171
0.0377521233070339
0.0225334967518241
0.0323949841218096
0.0444168298409836
0.0283857386693884
0.0273931009618801
0.0604480848434269
0.025490387510209
0.0319606422027957
0.0268461751191678
0.0290894480481573
0.021070976015354
0.0297440988859235
0.0391861523774152
0.0249006237588677
0.0386540592453374
0.019286564665106
0.0271405770430008
0.0317159564988415
0.0406907207080595
0.0401884868389568
0.0209147550258655
0.0242575443596865
0.0389101352405278
0.031401872265193
0.0405268762478551
0.031676133719007
0.0413685598145805
0.0320461032840645
0.0311880069241284
0.0338642224091027
0.0209658106733992
0.0219509478350707
0.01997048481225
0.0276247179458843
0.0167764950184067
0.0404692636615803
0.0286894067234796
0.029121775243194
0.0300280943759655
0.0275011984920545
0.0546872090371626
0.0194063797167559
0.037837094133716
0.0324248286132416
0.0190083859488768
0.0294660767881365
0.0188000148810549
0.0271890946239685
0.0323282737437417
0.0267937529393623
0.0303075177686014
0.0403742350772805
0.0401017097613734
0.0427498286113268
0.039491912722259
0.0264203582805303
0.0371384280529089
0.0182319022484784
0.0316532648136237
0.0272342206041656
0.0249289775577089
0.0432307936013692
0.0229838698369325
0.0215084454580918
0.0224785352466898
0.0240827533887581
0.0386419380000123
0.0294177274718944
0.0405796542991822
0.0280454045901254
0.0383330699334186
0.0264955072475093
0.0254327222238111
0.0386931910351654
0.0206875368272221
0.0363712572812013
0.0303076040782053
0.0354587026445777
0.0302069579887269
0.0458077326533677
0.0505343265689817
0.0270587543261701
0.0201660599161685
0.0173474632144894
0.0335364345176588
0.034714963144191
0.0318142001840101
0.0304700061137039
0.0307453495797028
0.0471138728364408
0.040022168259783
0.0346984726612704
0.0223973103907983
0.0411878145875068
0.0334714261502121
0.0303101276334486
0.0308526473782333
0.0369922925184811
0.0164043320039571
0.0424598133089981
0.028038912626124
0.0421244334533254
0.0330172571448111
0.0401819491340613
0.0490976538150872
0.0240198297847925
0.0352835394328419
0.0213470359982949
0.0334587870846336
0.0277347992447124
0.0484209395745928
0.0382609109286945
0.0233195745582671
0.0441884389390601
0.0168505420126459
0.0287560039903997
0.012243690675488
0.0499509900336322
0.0357187443388568
0.0323915584172902
0.0310925302248382
0.0221420158999042
0.0412070360708961
0.0304322436042012
0.0256523987088763
0.0273163495088271
0.0378393752777043
0.0276667001895882
0.0276435890757537
0.0341123038587339
0.0316953743488112
0.0333476163497728
0.0223985518531704
0.0264274229720229
0.0265412614176752
0.031741967567055
0.048538239050613
0.0294335483478607
0.0342894929079311
0.028712380903695
0.0396109022644376
0.031550431939322
0.0227284800126752
0.014576599032351
0.0206500282113545
0.040796309308648
0.014852359024457
0.0244710394221916
0.022619009285619
0.031747346589052
0.0243090845827578
0.0392675840597727
0.0223206370268287
0.0368604865920243
0.0243257694143979
0.0277665761573163
0.025401295035592
0.0379821032499358
0.038265961334489
0.0357478798378688
0.016492240399651
0.043508546230241
0.039032335458695
0.0321918249558659
0.0243519484107912
0.0412381325423588
0.0300509503894412
0.0330538161824637
0.0265825545937113
0.034777990986507
0.0309551558533232
0.0527936121265919
0.0372552390938146
0.0294301915665282
0.0154980560679412
0.0502497055316962
0.026936047511437
0.0267064912890397
0.0191756558688688
0.018563691216259
0.0361211690244761
0.0421196241763517
0.0278929766414994
0.0315499750248388
0.0385646387006559
0.0441005028551617
0.0227228358531035
0.035082599966441
0.0271583306934246
0.0155664846207486
0.04286068675372
0.0353632394649703
0.034597959292836
0.0405634940947266
0.0257934268450682
0.0369930419368254
0.0184318651230485
0.0444002739461808
0.0333286390285457
0.0305822739292893
0.0234297279812208
0.0492374350413654
0.0219440370624154
0.0160500982176011
0.0334711219187985
0.0227732514889463
0.0379652195155157
0.0415127695173284
0.0365352045845563
0.022086344281066
0.0311675155097386
0.0463550114843639
0.0345433839984939
0.0293250612421069
0.0191250489003029
0.0250139823546089
0.0179524019078765
0.033445948712275
0.0314121747023375
0.0162785728085605
0.0259889564889331
0.0225485485117102
0.0275762481936362
0.0366275595695291
0.0354439895224097
0.0400420256553883
0.0222567599493394
0.0329027742963448
0.0305381501333005
0.0385231401581301
0.0313536921069933
0.0212397438204972
0.0336914687593494
0.0268824364341635
0.0294770533684824
0.0263498847016772
0.026323104350383
0.0307962981014507
0.0249618198254826
0.0249332220143899
0.0236546413641032
0.0273569420818256
0.0515189505000739
0.0265239283568751
0.0426058312351065
0.0143375488215462
0.0321615616927661
0.0290932771123967
0.0259882023167264
0.0240174978005639
0.0375231705637166
0.0446242681355661
0.0172389958997716
0.0267128229703229
0.037949207447184
0.0368707765561538
0.0249081773435396
0.0455744912009235
0.0271513867705549
0.0337051578978091
0.0486840073753128
0.0399886547671514
0.0242361164706654
0.0242030051169093
0.037465412701942
0.0241020014778594
0.0328948082011725
0.0359476973224231
0.0213773161477667
0.0362601972226792
0.0431420402685601
0.0430212826739102
0.0192528881429809
0.0386621959429801
0.0337962784387792
0.0344664155876614
0.0209824588569018
0.0195972283606057
0.0334150465944067
0.046040745714622
0.027692983119493
0.0257867431256931
0.0279154797146591
0.0435665298901098
0.0336131915607038
0.0245836469514328
0.0236655269425388
0.0315102916388704
0.0310302696298946
0.0260506834243563
0.027530483436063
0.0265646699297212
0.0274925671785279
0.0318499930830084
0.0292930733358707
0.0347705107490197
0.0287927513042897
0.036447114322209
0.0318107134301383
0.0369901282925003
0.0222207920858157
0.0263614936307079
0.0379131519015981
0.0285298755123931
0.0235193952831859
0.0343891977462242
0.0383337357633109
0.0358169860570663
0.0381808570757094
0.0306668195382821
0.0228882263752438
0.0241384528777868
0.0289619234072876
0.0214038005019072
0.027692418732392
0.0352894537928535
0.0339677304096226
0.0282005868342404
0.0301371075876003
0.0187289299492849
0.0265304462367927
0.0286318102940188
0.0396387095637839
0.0327521164429094
0.031482717374676
0.0406333724896442
0.0193516714013985
0.03580890825653
0.0281631227586395
0.0317601123901147
0.0300744967818025
0.0367723864430874
0.00782603969794946
0.0259595910333138
0.024639225837972
0.0286298007084926
0.0368082493320327
0.0243382739039059
0.0333466181034488
0.0211077756360605
0.0241713291621645
0.0364956076083927
0.0258064068757468
0.0400584929778936
0.0329082426438116
0.0276114075690094
0.0212541664318847
0.0136651960926596
0.029692271074407
0.0174014031820177
0.030590560554364
0.0219641856775931
0.0338272342776958
0.0267018865025066
0.0314402653402621
0.0302044273949776
0.0332081386816725
0.0223501128185326
0.0483232155161979
0.039806780002927
0.0285599411724059
0.0295971584714881
0.039628488759328
0.0291410565190521
0.0294988214459608
0.0336450693154954
0.0435615006768521
0.0299922744658484
0.0217095177856029
0.0412653346954747
0.0325828203319949
0.0329007418482028
0.02169898052362
0.0277314647918313
0.0178566964518089
0.0268521142645826
0.0198383099419486
0.0293411416831248
0.0220414190953272
0.0282083538984052
0.0316250552317239
