0.00923003523655092
0.0154602400529661
0.0122321031109229
0.00993678558053602
0.0105491919242102
0.0111914718268811
0.012752635721272
0.0116933384384919
0.0126646108873947
0.0124388047547076
0.00901846974900938
0.01069202230326
0.010916750483176
0.0102925574330065
0.00867072754560217
0.00945817979081465
0.0110850264830637
0.0134478318391597
0.0150696473928905
0.0108257649237952
0.0116877271986237
0.00937371284315695
0.011507407104702
0.0134305263463127
0.0107119822486708
0.0113030897611984
0.0104926008616647
0.00928874862729714
0.0104163953624885
0.0117813350610199
0.0106415137397144
0.0119096182311103
0.00979769672974052
0.0115047550445712
0.011502347898267
0.0106203944256362
0.0141766823040255
0.0206477856167291
0.0103477552839594
0.0118561042968053
0.011354499497046
0.0147195907979743
0.0116406333776953
0.0105440493447741
0.0150440479445058
0.0107968722626421
0.00829292431411065
0.014406461821536
0.0113346029835277
0.0172802983220987
0.0133390416513141
0.00999126866469364
0.00894500486614918
0.0123713125317305
0.00979020852725761
0.0101744546167079
0.0147117378933734
0.0121362785286447
0.015454471619437
0.0096893778745205
0.0130036545602648
0.0103455288957325
0.00942011982170415
0.0134345908186834
0.0135078433593144
0.0116632364634437
0.0112707814113733
0.0127591551480568
0.0119302034343962
0.015605725467536
0.00909981490405502
0.010758045951375
0.0139043365884932
0.00941804102982515
0.0110444573720154
0.0115435153567661
0.00891742063962276
0.00895345569705562
0.0142400603525183
0.0106850205597533
0.00924977559018024
0.0124373533379599
0.0142401419421111
0.0122779281811567
0.0148986853741394
0.0116373010548935
0.0120886443793777
0.0107301918152667
0.0123812889000196
0.0118944309412102
0.0121944218439765
0.00965048307257715
0.0108263565332619
0.0153545728294361
0.0105881785792027
0.012775965342083
0.0105039828041121
0.00968885720795395
0.00997216985829292
0.0104208239411171
0.011834514426499
0.00921409432810993
0.0128951384155818
0.0107535924381139
0.0118082806999801
0.0113311688485798
0.0114464098110749
0.0142627616484966
0.0113410828556539
0.00879441334083305
0.0108507294404025
0.0123713941596791
0.0141455755880158
0.00961740970538526
0.01096158125576
0.00853534739457476
0.0109421996110009
0.0113117474583214
0.0111629090061916
0.0132204440439458
0.00980616902228399
0.00874263175681795
0.0120640254177654
0.0111048830137721
0.0117061277692878
0.0106504925687426
0.0106928086193594
0.00961465624613654
0.0127718899222426
0.010759867230146
0.0148775460777345
0.0104380154423443
0.0109746777264817
0.00867568126260605
0.00909177777265885
0.0121878191646427
0.0123363485732325
0.0121232808213757
0.0157734253889347
0.0100112800863256
0.0113042840026968
0.00976658451312875
0.015126594965756
0.00771182523051232
0.0128394039051005
0.0101413965396299
0.0101052542991133
0.0114402650727701
0.0103805913821344
0.0121331970221141
0.0102955602129555
0.0116551656667777
0.00914627001548091
0.0119768346001111
0.0139610810693785
0.012317495731849
0.0100765871894746
0.0108130306663676
0.0121792294405539
0.0116569297222832
0.0132923073399722
0.011543411964127
0.0142061947387595
0.00770238647785497
0.0106967764925065
0.00981054826800832
0.0134349263978001
0.00942642175897542
0.0119074795484656
0.0118541868997076
0.0116544144598368
0.0118567534272517
0.0113388958150039
0.010208181521268
0.0110383517935138
0.0103339744004232
0.010239057316138
0.0128078363494868
0.00897229354056809
0.0100834813017147
0.0136399175429909
0.0112913980311168
0.00993171797663707
0.00937765434564764
0.0111992531276378
0.0104205376554128
0.0108703506565322
0.0131796527711566
0.00883003298298815
0.0117390590211356
0.0117347897213551
0.0125924832988776
0.0173259606886311
0.0134246469308473
0.00937868450201648
0.0120774602350969
0.0123945287074386
0.0099495678773021
0.0126081095095085
0.00991104694579324
0.00873192684893574
0.00956764658618162
0.0105832838187297
0.0104764346462081
0.0108722168366299
0.014754795635789
0.00844900653442071
0.0156499688445784
0.0122894705143195
0.0127342418318686
0.0116515647640214
0.0115382448467058
0.0115151979780481
0.00985682383261517
0.0105108076025009
0.00994217956627729
0.0108861529505464
0.0149968743636196
0.011850493880398
0.0128843433198164
0.0144798557369214
0.0123616743986434
0.0119929190790655
0.0120354427894087
0.0138982637230259
0.0130804419941695
0.00987338961656057
0.0124081563272366
0.0105976742304612
0.00879417782999356
0.0115700477515095
0.0118782808228317
0.0126408174494354
0.00881271197414318
0.0130501778301453
0.010524985774813
0.0114200259263537
0.0110714505643336
0.0116153544553609
0.0119628918925108
0.0134108669839939
0.0112602501908751
0.0110969882172866
0.0101649358391334
0.0137946228244436
0.0112602430815039
0.00916343803500812
0.0110299034954945
0.0131517980628791
0.00909019196787497
0.0153130429519362
0.0134149914589478
0.0119395013656033
0.01107681187633
0.0123022988516547
0.011817772851231
0.00929585611756884
0.0113339149222708
0.0105869466012206
0.0101609348192532
0.010682522518492
0.0103247292406589
0.0111140366258202
0.00868882226144808
0.0112033374089645
0.00894514043603602
0.00934856992717359
0.00966124597911517
0.0125642217522783
0.011214049126306
0.0108608094791991
0.01173661764576
0.012762623651863
0.0117315650055031
0.00740777041133915
0.0140762191751306
0.00883586177742057
0.0111410999010196
0.0114193655985497
0.0129517624079227
0.00779170248389083
0.00908245183151815
0.0112619811232664
0.0119304616145124
0.010367531849348
0.00974475121498457
0.0111799643462692
0.00981384541144849
0.009271783163479
0.0109558488873523
0.0122375473785816
0.016844936597228
0.0132140982101694
0.0122864419279081
0.00901196808526785
0.0133803639795854
0.0114215400095476
0.00736876165502383
0.0164610830103497
0.0122699213166591
0.0119881417584308
0.00805749178724983
0.0130754513012394
0.0181540136515511
0.0108751902725775
0.0154306726605099
0.0096485435410206
0.00961685620502945
0.0113121812197285
0.00963330951958591
0.00852469584331402
0.0148942672725425
0.0111356163698758
0.00920012193414513
0.00961829748659783
0.00792626344376139
0.00992703922718712
0.0108489616852749
0.0130089429355197
0.00954082605887948
0.0111545358603512
0.0121529061112395
0.0103126244127423
0.0121821032657491
0.0118705436703222
0.00982514190519621
0.0146313535237509
0.0107673415084279
0.00793959107094274
0.00901164000010671
0.0104091380309428
0.0116136866769258
0.0106098218280587
0.0141562225590926
0.0116118100365342
0.0121963832141566
0.010802939428736
0.0110820667775116
0.0112582388377124
0.00887849419843979
0.0119940275686294
0.00991199009154703
0.0171401772681791
0.0113327018051043
0.0110531283509496
0.0111547031316918
0.00895240422196471
0.00921769178604911
0.0113558060602887
0.00982102599950863
0.0109633058224383
0.00896482944083067
0.00901107637934891
0.00893679603045478
0.012028646310308
0.00988170002134004
0.00897153382388328
0.0142305341368477
0.0133714892168932
0.0125798637501573
0.0143163279122887
0.00826879997619275
0.0089499384926549
0.0104739285517667
0.0110603700575286
0.0143750036150736
0.0110170678820207
0.00735136486502576
0.0101178950548921
0.0124623573890793
0.0114768872786546
0.011317640778262
0.00934808967093781
0.0119865951478925
0.0108609649108424
0.0124614552379889
0.00966116020134412
0.0116883839262766
0.0148768963268242
0.0138925514399251
0.0113816249221583
0.00868041237007204
0.0111263177639417
0.0135979157947157
0.0115640414539487
0.0116229125695029
0.0123018192493747
0.012001633778546
0.0104851117958328
0.0108506840755522
0.01204697462859
0.0109266796750712
0.0154413899496667
0.0108836590820787
0.0116250390796287
0.0121620630278041
0.0144643462111231
0.0106584704188227
0.014304500506938
0.0113684985930871
0.0104628299312979
0.0113025376474367
0.0123951752412985
0.0117232300143997
0.0112774469543598
0.0112382492632523
0.0102019587306174
0.0118337754852038
0.0129277596943835
0.0129718205605147
0.012602400073973
0.0151514828078718
0.0112865713264551
0.00925288689351515
0.0130666203496096
0.0125578666296143
0.0129795459472168
0.0107478421181692
0.0131686154462189
0.00988097881569541
0.00994527610220818
0.0129188907219352
0.0104880968369188
0.0101343147359872
0.0130310532632044
0.0092075692404311
0.0155067690718758
0.0105154985861219
0.0101718525507988
0.0126420724694645
0.0135364031659755
0.0112208381608558
0.0102057041802132
0.010384134938357
0.0147900748532306
0.0114151872408074
0.00893405907848834
0.0119949132978528
0.0130260281162434
0.0111861536386742
0.0128088414379172
0.013795594982471
0.0126723174668534
0.0110126969903402
0.015456839918913
0.0171572460258261
0.0105323979177234
0.00912649705382387
0.0125258496574956
0.0103539074611045
0.0155057009053406
0.0155188841744635
0.0125848295475349
0.00891079194496375
0.0128617994153362
0.00920650952593907
0.00887757874451055
0.0136437858591583
0.011447949973692
0.00980077760204041
0.0121306377890802
0.00992330968033824
0.0129439741412999
0.011472187060791
0.0135330618259233
0.0168594465875241
0.0122495024970628
0.013771528447512
0.0101309626964221
0.013411844639806
0.0122150227175412
0.0101558998369752
0.0115373893346363
0.00992315570297474
0.0106246322470194
0.00995810972352249
0.0131852468487678
0.0169907987311646
0.0157577438083495
0.0110339814566828
0.012772517140039
0.0109555743411537
0.0157438962261026
0.0128710846711674
0.0134255757835758
0.0106387317328033
0.0123231760964733
0.0150603293577663
0.0145047528829576
0.0135962273506821
0.0131314615975667
0.0122345904148027
0.008679368982657
0.0112660694760991
0.0100928686407297
0.00990865599505941
0.0102342959316079
0.0115309412947425
0.0128727515555348
0.0124432253113471
0.0118601233930959
0.0139482008025096
0.0109101930348482
0.0130802681888548
0.0139344548255638
0.00996452026133828
0.0150557982384616
0.014014133393048
0.0120306849755725
0.0104529656161905
0.0102615083472007
0.0134011673163603
0.015557792743782
0.00962419473178947
0.0141073285693219
0.0102769424330752
0.00902782687603575
0.0100140582300559
0.0110055149740114
0.00926733477349591
0.00928132279747927
0.0105031044034018
0.0104097649778624
0.0103809976617428
0.00893055704183244
0.00844326422846111
0.0124173551836388
0.0170089298299058
0.0100644779653827
0.0096498268464859
0.00928929318300477
0.0150282838100285
0.0147641774239667
0.0115463842901452
0.0167013366668304
0.0135363248709073
0.015822060847109
0.0157140463012775
0.0113148708788209
0.010608903053946
0.00716152539039871
0.0121105104193347
0.0103818907705421
0.0130673414994675
0.012444454038966
0.0136447117861625
0.0130398793012086
0.0149211804270077
0.0108840810578836
0.0125262773913244
0.0123869253019348
0.0107129668737067
0.0130332856343481
0.0147328274306542
0.0119420884010241
0.0110421656846891
0.0109575650490047
0.0119469874642865
0.0119033720367507
0.0108331672634654
0.00953472021386592
0.016728480228527
0.0125445601214473
0.00839814284477358
0.0154922129199692
0.0114083532505227
0.0154949349687034
0.011390546580922
0.0139617872779555
0.010810827571647
0.0123134481116404
0.0140111730987231
0.0123270105687579
0.0098642567045618
0.012083543431885
0.0142393697029677
0.0150890113625384
0.0111397589564678
0.0108027175721509
0.014112383105062
0.0111380165145889
0.0188019228744918
0.0127793813776986
0.0118374171669865
0.0152015048037752
0.0143312504594434
0.00928604221947766
0.0117901285991748
0.00954021647944918
0.013066309781601
0.0109149733032414
0.0111626819980022
0.0121027774949877
0.0141227970913397
0.00972731799208709
0.0088313140821733
0.0124103293062236
0.0119177590910948
0.0121428851234043
0.0118168005313606
0.0116280074367093
0.0102257416156455
0.0107964469454851
0.0107603372620348
0.0117784629982971
0.0116589758527531
0.0170273748131353
0.0109553146102564
0.00898720527639095
0.0104573413023837
0.010087310506824
0.0143759514821446
0.0123940031943714
0.0111305029747116
0.0129229529142925
0.0123674970731503
0.0141284626075989
0.0109076127888451
0.00876452651461321
0.0129462623195704
0.010144244728697
0.0121477311408614
0.00977612720261199
0.0124879350498663
0.0138531744631332
0.0131556014692399
0.0112164021601896
0.012853462176903
0.0105308937827339
0.0105017333491112
0.00839241619215896
0.0155402821721453
0.0116812764424214
0.0123620502063143
0.0121045216234462
0.0165683686834326
0.0126924223426574
0.0128702425609014
0.0109566077703674
0.0153949463263923
0.014076663238192
0.0117758879726322
0.0114472377259623
0.0111762365741426
0.0125334111774282
0.00770735067325482
0.00998622650249399
0.0101151607349236
0.0114803143453112
0.0115105084552932
0.0187143360254294
0.00797374219917998
0.00892313779161915
0.0133833461531362
0.0132425930032995
0.0103772102379581
0.0126273820584426
0.00775681250330693
0.0102734410856085
0.0104024226557362
0.0108399214124051
0.0136900127844618
0.0127898738062741
0.0125271999976861
0.0115874421871255
0.0103420372378976
0.0136955041901912
0.0107603593839736
0.012255823616407
0.0122621438254677
0.012042775942793
0.0101700800362693
0.0141038551295923
0.0148607034354904
0.0124605327684645
0.0150070017842346
0.0100545843882745
0.0087490556522464
0.00905688064345988
0.0126090760061563
0.0108250904117663
0.01438541101744
0.0106278917427128
0.0119063034847924
0.0121394471059455
0.0110117836311437
0.0125484108981728
0.0127280550229668
0.0117337149916237
0.0112150338533718
0.0117011223781857
0.0121526790669511
0.0132178181272101
0.0108586234560734
0.0116388185687819
0.00976971654266697
0.00961218996168814
0.0123480876722187
0.0135997952786716
0.0137904679493771
0.0116340881923054
0.0130394621397417
0.00821857824129177
0.0117769598478841
0.0127633292311422
0.0114119154240945
0.00923729867051603
0.0123315774411726
0.00964016444048503
0.00982715954774964
0.0100264763363841
0.0105975654584271
0.012527731058579
0.0102138071706633
0.00944093285386897
0.0133926089686692
0.00939503944108898
0.011174022842186
0.012708590542149
0.0159081705284907
0.0121293394852117
0.0120223454453899
0.0128908691488796
0.00784997237744986
0.0112860717852243
0.0137756517157058
0.00908367072616478
0.00873167143721451
0.012812769896924
0.010256641166474
0.0138623862423343
0.0161848466995077
0.013284380624384
0.0113339378435573
0.0112213107488066
0.0119380264454447
0.0147570413020035
0.00911660530032308
0.00940619719351679
0.0106703494725025
0.0160921772836868
0.0144866901389011
0.0089927347618948
0.011262454015894
0.00889060160078763
0.00821418193087954
0.0119985228665604
0.0108759654408274
0.0133894828712965
0.0127056961573351
0.0137031647026422
0.0103073518430059
0.0140741606478623
0.00924556802698032
0.0102987084247146
0.0142569898751918
0.0104254404141962
0.0103629293285766
0.0102839725783186
0.0129710903101882
0.0134909599440634
0.0109665861705308
0.0103731760058742
0.0104005436633055
0.00945631792409453
0.0150381868773226
0.0122566976054987
0.0131363479931883
0.0118428337189431
0.0161726921781826
0.011174337846941
0.0127002230340922
0.0101640551070728
0.0113364046324462
0.010043373569368
0.0120907563525395
0.0136868022669802
0.012072917855794
0.0118592802217505
0.0101816613837723
0.00878418719659751
0.00867625337842237
0.0110897872086681
0.0135373217511886
0.0103494195231575
0.0138881578780023
0.0104143377341074
0.00843870993592773
0.00947554510967367
0.0199864638905462
0.0121279557854386
0.0126323579708651
0.010998108213995
0.0173556357434205
0.0154910355794755
0.0122247152185966
0.00937739354257468
0.0105676056935782
0.0107921964584702
0.0104738241464407
0.0125798268394572
0.0107582222783268
0.0117148173439488
0.0104145666036978
0.0129119453041198
0.0109828852408219
0.00920350051822148
0.0118031184807755
0.0105063830494644
0.0106080673344591
0.0130383272485837
0.0107327746217989
0.0159898484321495
0.00978621943478074
0.0133615775280829
0.00989801280039088
0.012802762361535
0.0137163323333987
0.0120813977996909
0.00914924942863465
0.0134038159940305
0.0102376610240997
0.00901217315809851
0.0101164353941901
0.0118637080012096
0.0106626934276145
0.00729715992069996
0.0128291680984379
0.0108545899053164
0.0112996771104841
0.0142721904273645
0.0131274557857362
0.0104039265711589
0.0132967843159356
0.00898073420573157
0.0133637478943401
0.0120376357417321
0.0137865726517855
0.00897153366813188
0.0143482050019831
0.0117039791873908
0.0075599914387302
0.0108602880138842
0.0128637856361245
0.0115975151995605
0.0127557897137633
0.010511498914683
0.0113828460064841
0.0168411220865415
0.0137357921492903
0.011676194083922
0.0105587721640382
0.0128958161836092
0.00915511310611847
0.00934909212231466
0.0113111827520226
0.0121864979694364
0.0104307224115055
0.0117499443926648
0.0109749996145348
0.0108506668405407
0.0118281757010961
0.0121022204574842
0.00881346321511718
0.0134913057707759
0.0132711632384521
0.0164349275993199
0.0109566851924211
0.0123431694220614
0.0125332139565464
0.0146399454612073
0.0131088587943763
0.00970435876148108
0.0176414655877399
0.0106484111142235
0.0117363375652001
0.0100173210230384
0.0104941824154584
0.0142169615226927
0.0131870731764728
0.0108487583773333
0.00833542834668404
0.0129422978939384
0.01293043942595
0.0116483374348178
0.0125881168978515
0.0126156161632332
0.00891711958252039
0.0105122606570827
0.0122129944899493
0.00893601898032655
0.00831099508920104
0.0118972463210035
0.0109393740096763
0.0111829560263744
0.012714485504166
0.0105470354472064
0.00886567580891563
0.011589210932194
0.0124122333418998
0.0150155139198266
0.0108229220905411
0.0117475128750547
0.0151739282552921
0.0129263945003149
0.010454319459524
0.0115996197271354
0.0110125617828787
0.0146129806326317
0.0128541045770109
0.0125319188986831
0.00931234373837501
0.0128449528585154
0.00876955094928236
0.0143607002857761
0.00910005991228922
0.00794925697111472
0.0121271231805209
0.0104457192596729
0.0119553145575219
0.00912369222046254
0.0144463251367217
0.0162993369106397
0.0101663848548849
0.0101325117227844
0.0164008566075821
0.0134820758674129
0.0163239455181713
0.010734789118664
0.0119784041607309
0.00835604547077854
0.0122495494930862
0.0109138196807392
0.00975696306365354
0.0167960425636092
0.0128600936838874
0.0106258704660299
0.0101690216447913
0.0127238845798764
0.0126772120452366
0.0141253616191916
0.0145557711377711
0.0108030886266074
0.0107855286708189
0.00866865022199245
0.0122107379388264
0.0120007317890326
0.0122565523347528
0.0172607035267055
0.0121413967407675
0.00951720071209505
0.0143123964684272
0.0113202385591055
0.00935555425034943
0.0125907430668938
0.0132387841820178
0.0115376782263197
0.0104591155043674
0.0197325283105884
0.0126344636573788
0.0125651547960891
0.0137042913879184
0.00882499262217802
0.00823760577100403
0.0106082482306983
0.0113393802717808
0.00982357067875103
0.0121921198883761
0.0144341854558898
0.0123358404879671
0.010739833098983
0.0161545901994735
0.00972132631731481
0.0144119497111705
0.0110112525640355
0.0114612711788317
0.013078104782818
0.0131404737433049
0.0138870899173347
0.0109793679552367
0.0139568693773595
0.0139034228143141
0.0138392467409561
0.0101349289577424
0.0121180619822362
0.0066576522468078
0.00969461152223165
0.0146869814469919
0.00975897210090717
0.00873469388069091
0.0105070818809099
0.0100635880093208
0.0136499933323214
0.012544424978129
0.0138317678309442
0.0119785347085393
0.0104076023906446
0.0183032014644122
0.0140312056764989
0.0114021621306454
0.00790901412471216
0.0120822748735195
0.0112468017297326
0.0118901658369172
0.0134250681401008
0.00786483588396097
0.00963239718349638
0.0144509142137766
0.0134540317413172
0.0108618496853273
0.0113662591174105
0.0157233072944373
0.0117319673861057
0.0102316027286211
0.0135683452417625
0.0107019463365421
0.0124586602466567
0.0122860563142101
0.0148035642374041
0.0131122737075822
0.0112304653385417
0.0124295742814096
0.00976090971099106
0.0145381860417091
0.00970311620035733
0.0115168164883395
0.0114339102792277
0.0109484854674057
0.0101986414870788
0.0160291213157406
0.013079488685404
0.00977314405395778
0.0109966820975085
0.012936277131944
0.0111935881328883
0.00871590393080968
0.0108948340452301
0.0120752752876004
0.010865409400099
0.00960216769836405
0.0125169913946557
0.0113536393335
0.0127189400374682
0.0109641594245364
0.0164550892127659
0.010882568748556
0.0124112267798846
0.00969110654833284
0.00961481868210292
0.0101592574999239
0.00875452830486834
0.0148985238983903
0.00976440368437181
0.0129354771175895
0.0109886712916831
0.0116958662370204
0.0120257003107687
0.00838645772569003
0.0136153520165893
0.0105082943426864
0.01410822246125
0.00982391666787839
0.0102010708555534
0.0131264438989279
0.0136885044971148
0.00871496554697277
0.0139586185297154
0.0124158465748141
0.0117276219459029
0.0100025131586518
0.0120999139652078
0.0102431200849676
0.0124388806012933
0.00838398994956849
0.0114078930736882
0.0104200608255905
0.0103261620036933
0.00921383721756138
0.0113601887998513
0.0125604957225763
0.010362506448004
0.0132890865927236
0.00974027469811077
0.0135498526757323
0.0161660075749804
0.0117932409968863
0.0130524496368251
0.01011552908786
0.00982400613500118
0.0107103107696885
0.0133371702278414
0.0108218331048007
0.0166929289848522
0.0108362641297803
0.0131536782899808
0.0106431958608141
0.00885264528061061
0.0108884146833256
0.013943235289536
0.0167796000270188
0.00894144974526035
0.0115389107793661
0.0128051068507651
0.0111445569354441
0.0103143173887644
0.0119272013908574
0.00957206944941334
0.0111803704252178
0.0126177669333325
0.0139857083040944
0.0120446895763803
0.0141496726002156
0.0108127230324541
0.011472293712891
0.00981251422907136
0.00749295722708093
0.00960076749172706
0.0129450154646179
0.012580434821166
0.0110687055029125
0.00770452558790764
0.0119373770026948
0.0120995070494344
0.0135388858397546
0.0112453422436016
0.0131477770853547
0.0100078302303046
0.0136893443118136
0.0111064409152666
0.0139577574288762
0.0111439537168246
0.0137184308195597
0.0102291360294755
0.0104975966263827
0.0138097490582118
0.0105646233665911
0.00958196515017311
0.0139086869707578
0.0112986525186262
0.0118644039565077
0.0126513068466535
0.00846144594359434
0.0106303607609413
0.012853167548006
0.010994000537007
0.0104226500184341
0.0090470223880945
0.00776642421265942
0.0151678200986836
0.0106258760010871
0.0101724708193368
0.0105956290169571
0.0102824441180498
0.0108703444532791
0.0120570132397653
0.0141664898732979
0.0133053029232956
0.0113080937622225
0.0102548982702692
0.0127137718103784
0.0118286988389691
0.0121319192147979
0.0101412504920425
0.0131301958147671
0.00876725122582511
0.0134211915299899
0.0109423669409657
0.00825616023546205
0.0138769311868487
0.0135037320996939
0.0180692576887371
0.0105307508754714
0.0126926828903911
0.0164708616008577
0.0100719367783762
0.0101964589803504
0.0121013715532229
0.0163344465969469
0.0117093779769891
0.0102855105433253
0.0102618127118528
0.0137584020056373
0.01385203236078
0.0157375541337863
0.0113804691890181
0.0118322629537878
0.00922362858103401
0.0114540100858772
0.0133877511451012
0.0128739395195023
0.0120142802250166
0.0108800386172168
0.0143663876079852
0.0172911371942469
0.0115053787236375
0.0125326542361416
0.0121325879808038
0.0134830235019292
0.0123124428815918
0.0107640727861994
0.0133983460191787
0.0126479747642082
0.0157628149876758
0.00911499778909114
0.0124392390364694
0.00965763324904384
0.01040007814635
0.0123816620388683
0.0100292532189103
0.0117462521153868
0.0158357270720037
0.0112713630821872
0.0136631967990432
0.0112729644517235
0.0119778932552889
0.0099895652641567
0.00916540925833721
0.0128982554693683
0.0102469407721429
0.00896892237225866
0.0074207251123595
0.00912706121303496
0.0109392362385125
0.0147846170986146
0.0119753625978943
0.0104312425533538
0.0101197294562799
0.0144242168622715
0.0129947662333556
0.0108379890751838
0.0130560074806957
0.0154790893947702
0.0151459227970227
0.0125001847924325
0.0113756226503618
0.0133083589831254
0.00926187913174621
0.0114152751240422
0.010025335942577
0.0143832154824813
0.0105156713363047
0.0119535136281159
0.0110015652143244
0.00989194695669119
0.0138228415625771
0.00971986120660358
0.0149779577006851
0.00938115071392032
0.0135447150544092
0.014972114373646
0.0133375568835013
0.0126519827096051
0.0128552735416292
0.0101673197350683
0.0134433590865514
0.0112814352852669
0.0105426858209322
0.0109257486545611
0.0133803648037143
0.0147672229044951
0.00948045399214058
0.0136691344898858
0.0154259809426557
0.0105279444922821
0.0121550456484731
0.0140001115336856
0.00923799536269897
0.0135024199159586
0.0087045550257732
0.0101928644785359
0.0109375188133212
0.00954447705102959
0.00921442765857635
0.0120222087257599
0.0140954225758095
0.0144072887989139
0.011794294562721
0.0101814866659286
0.0105761278486066
0.00933876977307614
0.0132701885176911
0.0128567743754889
0.0101552252617944
0.0140316750560072
0.00942738937606018
0.00703500379637614
0.00817835886122478
0.0111055455299142
0.0100769978277009
0.0125521204772223
0.0128893750867834
0.00955600640808505
0.0130336236050073
0.0102673953821943
0.0119726457418323
0.0132685982572698
0.0103684612808724
0.0108417594728504
0.0143278483535265
0.0121908790096449
0.0134949908987767
0.00985993549210604
0.0120587702517062
0.00961054126567547
0.0125394665628271
0.0151600756470337
0.0109096261696508
0.0113568632595004
0.0126305904829192
0.0129951256860112
0.0102343664766377
0.0105885500013163
0.0162873595094083
0.0145370080309856
0.010591879810874
0.0131764763595016
0.011026948916567
0.0109417191588097
0.0136769200471968
0.012704230279502
0.0131128933297979
0.017149343662945
0.0110188701095285
0.014770234915856
0.0119019785150268
0.00988235296472483
0.0146574923831395
0.010141471134775
0.0120521729102144
0.00935799158167415
0.00988993103088845
0.0111180114662916
0.0126564205779259
0.0124244461399517
0.0106400237926406
0.0107934846027951
0.0157650558457573
0.013942908907096
0.0102788996427485
0.0136241325564869
0.0112628268312137
0.00965378351787698
0.0126530952439948
0.0117489273233593
0.0126037498138568
0.0161088850445215
0.0102447330073618
0.0122337128197904
0.0108942428399854
0.0117920867279967
0.00998820269437083
0.0109524234536094
0.0120919819768175
0.0116037484326437
0.00980084617259958
0.0114715074971551
0.00912658579702582
0.0147474999936832
0.0117374602992399
0.0119218413638542
0.0132700678024023
0.00800451446749916
0.0122013590631825
0.0116887576689127
0.0147813067358547
0.01000995440605
0.0133165806327025
0.0128493928972753
0.0126748587224279
0.0123732147575097
0.0116708355106249
0.0122976034669778
0.0134080021177494
0.0108170065741424
0.0135281516539252
0.01300088586004
0.0112863616305887
0.0127654040054497
0.00907817615554635
0.0119483957535972
0.00970056389661258
0.0134218608768827
0.0119578634207614
0.011613051490065
0.0161783472951547
0.0124194480684548
0.0176907902530775
0.0126690527049089
0.00932765098120234
0.011591569713198
0.0107923332401813
0.0112487891674813
0.0105047046634746
0.0104489999102803
0.0117237963990379
0.0111862433112439
0.0128232110492164
0.0173173405096476
0.0125922264751444
0.0136233840992924
0.0102949088290186
0.0120593957165958
0.0122531162957641
0.0104378274389861
0.0189863664118359
0.00990094217178572
0.0102601219691473
0.0106201965142353
0.0154467755721441
0.0120974935212418
0.0134515250245027
0.00911575720714884
0.00855923694954848
0.00816236685951775
0.0111775666765703
0.00794109564261093
0.0119996199491456
0.0145189907917917
0.0106766623969496
0.0148204067940832
0.0123696745932165
0.0140850613006393
0.0102117160772741
0.0163060061861037
0.0132283474620314
0.0130334913524304
0.0104659301265236
0.0105722406082996
0.0123691641691091
0.0149669853126254
0.010101124560289
0.0120416331440113
0.0115105043946454
0.0130320336204355
0.0108116473974443
0.0110728968943459
0.0122845713573426
0.0087056328315739
0.00895097044809457
0.0117390009092789
0.0109222014338159
0.0139200250765727
0.0157210828912797
0.0104357368043581
0.0108748358931737
0.0103257835667324
0.0115153665499738
0.0107473362478334
0.0120498860362902
0.0115696909933215
0.0107582244417314
0.010416008316088
0.0116825290408761
0.012434528234974
0.0168160035522781
0.0148499191560889
0.0103793892002952
0.013675815198735
0.0115578456715444
0.0105037691909088
0.00971137703680062
0.0168050429671139
0.0139892468221789
0.011708703435395
0.00948738294833842
0.0157328144478961
0.0119814347339281
0.0111369439981675
0.0120980637459378
0.00814524989876575
0.0101214730171318
0.0120527779341102
0.00851178269529399
0.00876023202163285
0.0150779329602392
0.0107832954136636
0.0144858398416306
0.012350800565123
0.0123571877317742
0.0125851655847238
0.00907778436383702
0.0156030912086393
0.0167886620546795
0.00859173074160283
0.0103700038639839
0.0111186698669627
0.0138871062798107
0.0112679608541347
0.00942222864253119
0.0129446062627622
0.0134294601006875
0.0107246327116074
0.0165506388835141
0.0105587232698489
0.0117188046118406
0.0101552148302948
0.00907095719901048
0.0142201957762645
0.011883701145955
0.0122771866421058
0.0112692315627518
0.0107354187972054
0.0127752534765074
0.0111643136896274
0.0132044643336213
0.012293607910175
0.0112061912286762
0.0114874642775298
0.00891767475744059
0.0111774651543892
0.0150854954663302
0.0127530611602743
0.0133446241220255
0.0125188272194538
0.0119603830040216
0.0116722974357525
0.00932728191944979
0.0130367458374751
0.0143808592780731
0.014981284810585
0.0110897869452017
0.012809498518556
0.0152006756830005
0.00968832546602973
0.0104163171655765
0.0106276362208202
0.0108655699501699
0.0113751876247212
0.0130450613617818
0.0123552082981383
0.0182450962877617
0.00986272743134031
0.0130979504984027
0.0126346798705396
0.0115385480356125
0.00796207791213029
0.0103847165648932
0.00997373098957412
0.0109970947457372
0.0105346759831624
0.0100868559480981
0.0115769467081975
0.011987158902121
0.0116821711605524
0.0123385437413516
0.0142579676084498
0.00910746855042218
0.0101495767035019
0.0138804294232708
0.00987825117455784
0.0129565276852853
0.0109682218788018
0.0116866354048382
0.011136500476467
0.0103974971533754
0.0119648301075409
0.00731184106050008
0.00790669201965118
0.00897790994767937
0.0107622400511709
0.0114865365903297
0.0094546323456012
0.0111181343129113
0.0109887675790335
0.0137953373780512
0.0105377087303408
0.0160973802883239
0.0119035361028751
0.0100139811265164
0.0102372053702845
0.011426309931888
0.0108906618535743
0.0106061325050422
0.0141882404969714
0.0144062185639567
0.00812307579076787
0.0114374463077052
0.0100786228872368
0.0120629169204868
0.0132033161952421
0.0130519114948737
0.0137715768896876
0.0109255337324812
0.0167344251371767
0.00957775853791271
0.0144612398209825
0.0117344903008579
0.0114930925836441
0.00997234598747469
0.0112727125383507
0.010120287341334
0.0114053949265857
0.0139716549253118
0.0121103727837448
0.0101646457708996
0.0139000470081113
0.0106321906011999
0.00819773984352778
0.0122588099989227
0.014501922464876
0.0101301645152631
0.0121362272666259
0.0118716515163389
0.0132468507137916
0.0112109007330202
0.0132189804867461
0.0101420635704114
0.00894845282856595
0.0115612793853975
0.0120839255949523
0.0131063371517043
0.014588753101992
0.0118518683796027
0.0109019721688211
0.0124141585060092
0.00770113737419197
0.0127528796089322
0.0147690930402553
0.00931111058604245
0.00948543070238413
0.01214368473588
0.0104300861142435
0.0105385276674801
0.0129130774326728
0.0133573519962601
0.0140842125648763
0.0105869584484133
0.00672853042588572
0.0108180110824165
0.0148188626858092
0.00993226792184698
0.0118112244231592
0.00995296283997743
0.00944025521682628
0.0200292422531682
0.0133671183273567
0.00845951664731492
0.0095942237399736
0.0082134616447046
0.0106022354740739
0.0106300116898747
0.0102728421722567
0.00955041188943991
0.0102161839016494
0.0102277322489543
0.0146554459735684
0.00947588835093973
0.0124032171851007
0.0135694030972062
0.0142677962104673
0.0169652511231961
0.0094004961246375
0.0128049302896261
0.00811350150566215
0.0114469915242532
0.0084468255540822
0.0081260987473373
0.00838115168376905
0.0113063238494712
0.0167474626839262
0.0101920896805061
0.0142259739936499
0.0135369553116184
0.0111011894857496
0.00861905060836493
0.0106496133237241
0.0120909116949505
0.0102008518117349
0.0172150013602784
0.00882222571738481
0.00805508644718071
0.00884152560598039
0.00707749570444496
0.0134426276822666
0.0134241046176369
0.0105339199807651
0.0171450962488323
0.00922211806930764
0.0132003659767095
0.0127613647468983
0.0112722304092818
0.0119653366130049
0.0112152855715458
0.0110386205703926
0.0117262489395209
0.0147768183595049
0.0129550220153213
0.00927258024266456
0.0146547210582472
0.0106368062571514
0.0110207036300649
0.0107483511655311
0.0122779071333853
0.0113192866303736
0.0165140152919738
0.0104300509603013
0.00972848726939153
0.0113563657855323
0.00913687284419333
0.0121305215691464
0.0121126887407878
0.0161864049044985
0.0120936814338054
0.0102895571499614
0.00878608961480756
0.0133535404919751
0.0139368034853135
0.0127485574302225
0.0104715804785043
0.0078427259199291
0.0119469945363289
0.0126063274795828
0.0103475578785366
0.0116835849066154
0.00956759605355259
0.0101057855094662
0.00933603499702055
0.00713941074289304
0.013850472689318
0.0126129418368267
0.0137662178862447
0.0130999707937754
0.0109490021507842
0.0109931212602563
0.0114336448283799
0.00915878657646602
0.00958630197148652
0.0121619776676914
0.0107343280349993
0.0122992542568449
0.0102200982962038
0.0126157706219728
0.0113469873077583
0.00979359875740909
0.0132879754066494
0.0147150419516233
0.0112555490689863
0.00956395168971943
0.0131436069346727
0.0116352329067233
0.00914681114854631
0.0106346058745478
0.0136993043445034
0.00816560518275933
0.0132473008973671
0.0124430941529871
0.00875362038978206
0.0086851159183739
0.0105423267931487
0.0105967951074611
0.0112257744866126
0.00925177442933586
0.0175763276555094
0.0134962333712522
0.0106712789769551
0.0111493868031636
0.0167978377173126
0.0148233852362648
0.0125874777387205
0.0135583493314235
0.00993757110256992
0.011020115263461
0.00965028205450815
0.0102081078882628
0.00683204142559623
0.0106517406274358
0.0114417866036615
0.0101993393281657
0.0167538982255561
0.0126394723229866
0.00967616650064402
0.0108716474321924
0.00994070421293072
0.0115924521035774
0.00927360123619084
0.00955229899586164
0.00867078205245765
0.00844765041080866
0.0112196575398036
0.0145549272406017
0.0132785338943562
0.00956725467716825
0.0152412086871358
0.0125259354310844
0.0116787117365334
0.00985500378723231
0.0099464351766358
0.0127359467953243
0.0109926926914786
0.0120843205083531
0.0123129195957114
0.0122457313113608
0.0127471228675169
0.0117050091990819
0.0144494462770106
0.0107570120062876
0.011565067113275
0.0125857308356596
0.01138455136532
0.0119820328695198
0.0102029102802969
0.00889576438175261
0.0102517262803746
0.0118766782878464
0.0119324294501446
0.0141871847790732
0.0120363491930663
0.00905797825643885
0.0132446017864091
0.0142620112659588
0.0140022868806062
0.00935339839294522
0.00806508900669285
0.00981384262487921
0.0115906570577847
0.0114140835835778
0.00926127711906412
0.00978308542907576
0.0120336628122867
0.0109106727178076
0.0136072429564825
0.0110426901839527
0.0124854470477699
0.00952966083700001
0.0099482355282086
0.0135767879031254
0.0113394624213958
0.0115611879393004
0.0115429594364315
0.0112218199586405
0.00924706666938596
0.0123564241042833
0.0151053196176966
0.0106118980565514
0.017498262163021
0.0111563734057357
0.010458970158115
0.0105215106702363
0.0112226777249922
0.0126140609475021
0.00849589796398539
0.0101019092604549
0.0127987039208941
0.00867406159442316
0.0125030826481221
0.012893440637197
0.0104675489980043
0.0096110822371412
0.0140130682523026
0.00922860458819789
0.0120520918172697
0.00985426367950284
0.0141219193281008
0.0104871230087288
0.00781637868425323
0.0108587373016537
0.0115165405467358
0.0117496660671416
0.011119824319394
0.0160112858457297
0.0121948060979474
0.0122149546383814
0.0191017381734469
0.0121580770064372
0.00753416591467494
0.00939490813994802
0.0156523708589568
0.0105861916970497
0.0123169077552967
0.0136082066318673
0.0150014908955016
0.0143002770894283
0.00888497544428667
0.0119987302664198
0.00986605097863879
0.010643245782199
0.0107142812223873
0.00896152545007248
0.011534805065422
0.0133579924053625
0.0105032009000655
0.0115687087109206
0.0113507789237527
0.0113993678341912
0.0133274534205309
0.0134100546863318
0.00971621551866826
0.0106246594639692
0.0112503625006807
0.0110702094772121
0.0140540408281081
0.0138603397525527
0.0149112895012935
0.0100632837856122
0.0104161794527941
0.0148668193026933
0.0129045628781112
0.0106217223999884
0.0104355984315496
0.0121661062892591
0.011634792594748
0.0101706976696991
0.00994495133268687
0.0105250950838947
0.0122987619420374
0.0131264438344639
0.0129632575899617
0.0111996663958094
0.0100139263264502
0.0125185268038511
0.0107138013633042
0.012036126526602
0.012089440239064
0.0142534575445923
0.0100938036331116
0.0126099556966479
0.0189470287501074
0.0118795270509435
0.00940256899683756
0.0178277171300373
0.0137053975670254
0.0131941688462696
0.0111287475968552
0.0143845779207386
0.0117754729251221
0.0129769937930516
0.00883145415156757
0.00977477830467941
0.0143013205094776
0.0110049947854662
0.0156011797103484
0.0116785784679579
0.0137159841251172
0.0145509262268055
0.0124644297659866
0.01479996457159
0.0100556697095308
0.008615776296657
0.0142940688200394
0.0110147008287617
0.0136238139203639
0.0134479345947509
0.0128368810382343
0.00997637662747462
0.010566996216417
0.00951800495584787
0.0102257343655249
0.0146995567844514
0.00921768201588524
0.0119488860917607
0.0099265446388692
0.00837114095319138
0.011524889999288
0.0138090663632184
0.0168782868947844
0.0114669322011357
0.0112503374836862
0.0107181535858052
0.0134226098013206
0.00889891739040933
0.0132551826446858
0.00884346701792543
0.0104818024167068
0.0125438121706997
0.0119982290526546
0.00991593237354571
0.00927902881942991
0.0089556782352319
0.0126229336026846
0.013332545998823
0.0102815590612633
0.0141129493439688
0.0112988590887801
0.0129043505261814
0.0101916351179011
0.00937134131220207
0.015800624667496
0.0118641425569642
0.0105300139233277
0.0114248530238641
0.0108801947720091
0.0114478669234061
0.0133878131078512
0.0126368180720375
0.0141206845917561
0.0118588902180243
0.00906953519135117
0.0118471672094202
0.012854129973268
0.0121523539046493
0.0109355830848137
0.0118820216541245
0.0140243595412985
0.00871901484997895
0.0132418235758161
0.0124326685719851
0.0159125056985299
0.0106500874615427
0.0125411134518658
0.0142790831109511
0.0109463804649791
0.0123975648902908
0.0111777736879235
0.0117630051543001
0.0112710722693445
0.0136451585567253
0.0136211177005803
0.0149680411774972
0.0124823960919571
0.0154307164853808
0.0124029092223742
0.0121079719421292
0.0163099625689893
0.0116055981761312
0.0149064035047671
0.0124356585504617
0.0123353110757673
0.0114973478765413
0.013626383735933
0.0131058801273528
0.0159031025603119
0.012884222925355
0.0122280574199131
0.0144860309605982
0.0113074517793898
0.0149849380389907
0.0155316981102925
0.00985238864388537
0.0104358334732669
0.0116847930204543
0.0164805778489342
0.0100246540705588
0.0106957920901745
0.0114379894463273
0.0156013116317273
0.0150153815877297
0.00892643024845361
0.011800156588748
0.0112272938323441
0.0118352923390124
0.0106843397790599
0.0139449081949
0.0121203614565248
0.0151387780499161
0.0134264350215957
0.0129837494570855
0.0101869200789454
0.018054164019466
0.0166972374460718
0.0114265347936708
0.0130265225580691
0.0145799685751885
0.0122315254831413
0.0126878471203379
0.0108824024325232
0.014498237032714
0.00965306922055432
0.0154669300554403
0.0168225777842246
0.00969214713950337
0.0102292159973012
0.0149322520342786
0.0105970060650764
0.0115515298953207
0.00976260691150575
0.0145481179509042
0.00958189370873059
0.00994383841165362
0.0091482283847947
0.0104668578212532
0.0110112086172204
0.012016547178172
0.0110572021967757
0.00992434928605381
0.0135312139830274
0.00962224111579032
0.0145920919725459
0.0132975515067366
0.0123359808860768
0.0166515711287599
0.011044629879314
0.0101591784581881
0.0117896054900159
0.0165994609645109
0.012407307809152
0.0103789032660782
0.0153909764572706
0.00794680735342734
0.0112942926554129
0.0121911733087038
0.0145030003737326
0.00924782508424781
0.0130281186463107
0.00807934404566908
0.0116490458591371
0.0114462791149991
0.0107137844809944
0.0119284013485477
0.0105105483443149
0.0129302124310647
0.0122663842750397
0.0111367783995568
0.0134040930092242
0.0111389200299454
0.0120981436897916
0.01327888137135
0.013499812442117
0.0134448845694385
0.00986108062263684
0.0125164746139854
0.0103627712203352
0.0136643354537182
0.0112169884606174
0.011464906124136
0.00998033050553463
0.0185537501901046
0.0130728561596474
0.0130668268398159
0.00734563945097632
0.0113844374200295
0.012232438786634
0.011992451871514
0.0153136360442895
0.013011080093586
0.01031113016968
0.014790626904898
0.0119473560124282
0.0128327063045393
0.0179473720042944
0.0109267097887095
0.0152979478119827
0.0143701225706329
0.0139557518862988
0.0114116597527309
0.0134417165077616
0.0114495366256041
0.00869741670601006
0.0112993639339615
0.0151790283006171
0.0108108539820148
0.0107312113140929
0.00996544400163227
0.0151363084632059
0.0122875818950421
0.0172167644574885
0.0101974185862786
0.0105430138206185
0.0132813047791335
0.0136046973644417
0.0105693414136964
0.0104848205538334
0.0136401611764654
0.00992684601320172
0.0110177429731815
0.0134180083661162
0.0150935200357039
0.0138744099100075
0.010299274191533
0.00922024887304497
0.011536982976666
0.0121008449812794
0.0101746868267213
0.0125393844972531
0.0097102314247177
0.01162008319636
0.0131986164041266
0.0127615509649914
0.0123027075314083
0.0106025141286962
0.0129704053848087
0.0101113293717426
0.0109742300987099
0.0151586642114102
0.0119241620726107
0.0102837701932553
0.0105757637072153
0.0119655601930732
0.0104565113491071
0.00952548187790443
0.0130502403040918
0.0111808030476771
0.0139340972565975
0.00976066531042359
0.0092219002490064
0.0134606772247852
0.0128909414509418
0.00826261256591633
0.0115852136792349
0.00790847791226502
0.015483598650624
0.00781970060430782
0.016608754186388
0.0108133657963508
0.0129197864133481
0.0136930773695876
0.013635399572468
0.0140614509538687
0.0121756970242741
0.0126611901781914
0.00783151929735885
0.0092944665179844
0.0131237167660572
0.0120470730366179
0.0102346007583116
0.00957848579351772
0.0150176946137031
0.0114003760301932
0.00948893987865889
0.0125800452049506
0.011197093485749
0.00903414321146306
0.0135795309621006
0.0150426818943329
0.00688798168251073
0.0097014069850903
0.0121871451475199
0.0125945100331421
0.0116019404843436
0.00901883774194305
0.0133726420021921
0.0098680310432676
0.00936619279544989
0.0153288777317495
0.0096476342812582
0.0105879929190771
0.00984350590789722
0.00920412190803191
0.0145941642426759
0.0132798045423674
0.0129451740955955
0.0114458974281303
0.00864344219987513
0.0124505239309705
0.0128808749647953
0.0115013134730923
0.0125647875227685
0.014942008777
0.0107122012610871
0.0121538679629817
0.0115101896873418
0.0131664081048172
0.00941752941418604
0.0133353668149677
0.00890220796158568
0.0125531683765659
0.0117737318228255
0.0114779400228246
0.0143335058802233
0.0141200124749843
0.0144687780566484
0.00963558785714415
0.00992030194275722
0.0120156938749217
0.0130469484737486
0.0137018013329377
0.00898546027016697
0.015266374891955
0.0131800008467746
0.0136170572184989
0.0154503136054243
0.0112092385448159
0.0176498089137073
0.0116898727227898
0.013553678201081
0.00746895162974834
0.0121258949928527
0.0141753111278299
0.0100606439659322
0.0137850093522237
0.0138426774802042
0.0106137727606596
0.00931602154346965
0.0107803676948641
0.0178439951045511
0.0126007083702922
0.0140202995363023
0.0145350486481509
0.012082450251582
0.00925222431933702
0.0130577822524592
0.0118438053781969
0.00861316083458113
0.00899504153725319
0.011163230179636
0.0153688016414568
0.0105533471979625
0.0113239867854658
0.0101857775251729
0.0117285753807394
0.0129647148868638
0.0126943410273402
0.011012626838423
0.014829375693316
0.0112694586133213
0.00866236913436487
0.0115751616683493
0.0119224872364258
0.0117362960579195
0.0102814474094977
0.0114791651676273
0.0130126161206254
0.0115023065139436
0.0108566016117505
0.00953326276564946
0.0145480700723798
0.0151507456405044
0.012616429243294
0.0138877387051315
0.0110826105352022
0.015054113610967
0.0121954432968301
0.0102686458130124
0.0118472191544704
0.00966382818737053
0.0115999506491176
0.00861541474638609
0.0102829451288797
0.0100319061682274
0.0113672096319387
0.0139899389736023
0.0121356126053263
0.0154142274815006
0.0106110697286082
0.0111261065311641
0.0109337486244652
0.00810254642179879
0.010772484954566
0.0120231095305991
0.00973699808109675
0.0124821852964676
0.0138022838360335
0.0123746578654354
0.0144016852695814
0.0100899209829559
0.0101142243826674
0.0156158325737629
0.00972057384178742
0.0127590449003444
0.0108022955492145
0.0153515899502045
0.0127778183253822
0.0124154005162586
0.0111046340043326
0.0127469154453292
0.0117132258755721
0.0139723536479114
0.0137759933499821
0.0128558616823786
0.00999488339946709
0.00997234165359375
0.0114950948297213
0.0105432662106561
0.0111507860403744
0.0132338378566985
0.0122535085377662
0.0129323911087218
0.0113196681192326
0.00886942271439264
0.0125795475893884
0.0121728071646622
0.0153482139250618
0.0114282050605639
0.00991177480882661
0.00969418965802813
0.015396440841628
0.0125261614514304
0.0109599699182939
0.00876019535280456
0.00925275042174755
0.0126763061443586
0.00859915878103351
0.0117955970497586
0.0143964647921293
0.0129368163461536
0.0133735801481343
0.0161440095101583
0.0140702337570172
0.0142517385743005
0.0112763983146933
0.0119970343767026
0.00935683725250147
0.0115345790357032
0.0121357856469695
0.0153370946322838
0.0139494297613707
0.00824955492147799
0.0135474446613047
0.0115534513171395
0.0115783113551372
0.0129185546715753
0.0159540957762614
0.00919757613316163
0.0122174326306542
0.0119508615970361
0.0137086039846049
0.0113228175320075
0.0134279168588676
0.0131173426726517
0.0107163097116098
0.0128306302223005
0.0106826199354741
0.0132630380450691
0.0100272134705313
0.011391426568628
0.00985262602841838
0.0112088761538077
0.0119926309936998
0.0157127859983786
0.010335109582138
0.011120790192845
0.0123863001140687
0.0105117140431632
0.0120499008447815
0.0124001144993805
0.0101743999813602
0.0120912304738085
0.012873786931245
0.0118963879522452
0.00983333525783571
0.0117904497913466
0.0127755747790328
0.0135740395163722
0.0108389894203445
0.014006350242514
0.0137689570151242
0.0113163896422931
0.00878867317555275
0.0103631591336775
0.0121066456804342
0.0111901914045838
0.0154664005504048
0.0111964450921441
0.0115961044403413
0.0103665891786325
0.0138419427549536
0.0122707594132359
0.0113008022876977
0.0142102492025766
0.00954716306942863
0.0113559574624803
0.0116959904949869
0.00959835770404229
0.0182128072732726
0.0149809568435727
0.0114853367845523
0.0107189330219001
0.00676311074494206
0.00924417220791949
0.0131573896540686
0.00787307372169735
0.0123114243165824
0.0145003123506181
0.0150595463586378
0.00905659696185766
0.0109028394154596
0.0101144284447533
0.00997210842844006
0.0118586360175371
0.00892818418436313
0.0133604239891884
0.0104254939281637
0.00934772640055279
0.0207323593497638
0.0120407711084207
0.0114416642355618
0.00984806109044536
0.0102411804495458
0.0125566795725394
0.0118718555154697
0.0122684942865404
0.00978957227214823
0.0112314397627273
0.0120860765910742
0.00886026820346957
0.00966935474794572
0.0136819982672621
0.0114857454039616
0.0102905909251579
0.0124857892222705
0.0116380128301201
0.0153325605019127
0.0113920337481772
0.00922120458843523
0.0115613769423078
0.0130960892594981
0.0111395386373606
0.0100586639869145
0.0152035350307049
0.00894004576444945
0.015705009297102
0.0122801609313684
0.0126699291277747
0.0128632354856163
0.0113856284072743
0.0116286663643065
0.013795171959386
0.0107533251980513
0.0118145217133758
0.0117439777571942
0.0106822533416879
