0.0110378280285754
0.0231964970690292
0.0174091773179699
0.0122515528458293
0.0142699647781186
0.01499514914151
0.0134503458062539
0.0147818620620107
0.0156345282166445
0.0168278539771843
0.0150815352978523
0.0145755145834067
0.016249205601444
0.0140684096839053
0.0130307907521685
0.0142796438741201
0.0147268941409838
0.0183916402037524
0.0157338964482732
0.0139864599610158
0.0163006433261314
0.0149958708896615
0.0204996492490509
0.0170842627704658
0.0136136969680022
0.014611150151014
0.0130458813946339
0.0145813274329893
0.0154621280456421
0.0175139081718988
0.0132872701832831
0.0173233480761107
0.0130927551485843
0.016724355200405
0.0162177900379186
0.0158246193062604
0.0161531083835458
0.0219916457403139
0.0140841754385658
0.0181486797029027
0.0125410082948488
0.0114389335278029
0.0165293388163327
0.0151290383474703
0.0176334793072052
0.0142040334531778
0.0110076432638265
0.0201234276287598
0.0148208093286394
0.019987354006664
0.0147725008262708
0.0145782823235305
0.0131459671493605
0.0178933543350395
0.0138917441214847
0.0123865648861684
0.0211642445735397
0.0172825719670428
0.0191210149098064
0.0126209713168294
0.0159782929932679
0.0144061557638846
0.0126338799752332
0.0202458646234354
0.0189933092972751
0.0118380989302643
0.014081443019293
0.0160403737461812
0.0122958790600473
0.0198133140167917
0.0135309385565647
0.0127507192241559
0.0169847751523169
0.0137391970506588
0.0144400312759201
0.0150378882639754
0.012551401917372
0.0133276995043219
0.0157151732306596
0.0153778358668856
0.0107626153375222
0.0142759977818236
0.0174018988550904
0.0153774544504636
0.0204001614406913
0.0156256519713341
0.0175069263000815
0.0174405701173669
0.0169973894910892
0.0116856168977734
0.0142618465487525
0.0130050429926367
0.0159576036590711
0.0203448904043067
0.0137984926061543
0.0149189215747081
0.0122651477352268
0.0138360045981425
0.0108932641336735
0.0141692566482694
0.0163373592150063
0.013636958988702
0.0149012263723713
0.0146332679849737
0.0123387717436102
0.0125589179300855
0.0173082679315982
0.0149188166930113
0.0151681756290004
0.0116795318146074
0.0139136004315279
0.0168420007405984
0.0202794601718667
0.0135606860230557
0.0161529579375751
0.014510914023342
0.0150005468857114
0.012432529158794
0.0137071530036094
0.0137971831029221
0.0134934315666983
0.0131134503836627
0.0128638441300546
0.0142995251691149
0.015843257969381
0.0114228720524918
0.0155668006831286
0.0159054835223079
0.016625487049549
0.0138161811290197
0.0197694420209142
0.0137706004595548
0.0157950622648394
0.0104360635622329
0.0111683662765812
0.0160292144307368
0.0169221089179691
0.0176426538771209
0.021137888828375
0.0140702507287155
0.0148893696173091
0.0160280854728763
0.0153202915990934
0.0103282824316629
0.0159911029706281
0.0131054301863136
0.0158409172124629
0.0146303330667212
0.0127697582992996
0.0181941211808181
0.0148434628796606
0.0171220592595191
0.0144178740971419
0.0136513057939466
0.0177440269195921
0.0149936339060415
0.0127875624473362
0.0132212177583197
0.013292714892461
0.0163490394853048
0.0160851293774921
0.0174130567006769
0.0180639802145034
0.0097281565645963
0.013656790596565
0.0124586036509912
0.0135788918401822
0.0145103370733061
0.0162213785185365
0.0145349702529452
0.0159275713277214
0.0157646556657111
0.015500187627261
0.0134813488198649
0.0144884887106665
0.0158980302669305
0.0137175808779862
0.0117601285469018
0.0122600309701165
0.0140554548857049
0.0168746051875695
0.0143099683807495
0.0151262968162835
0.0131310238486316
0.0136725922790569
0.01392169334459
0.0181958395375445
0.0175997391676887
0.0129242291511466
0.0137528924475851
0.0128142040598199
0.0152987081710375
0.0204414829349688
0.019011988030226
0.0112849273278954
0.0151005929771047
0.0163730741130565
0.0142881975666134
0.0127849665977476
0.0124124261022909
0.0161488272910373
0.0141104552344147
0.0126101080987642
0.0142261843508773
0.0166751385588149
0.0174677718644072
0.0126570939288482
0.0195951376302098
0.0136551507733137
0.01631583071696
0.017084825042839
0.0181657509209178
0.0160672187925519
0.014414922293115
0.0113576069276689
0.0142343954906262
0.0154336615537207
0.0184165776828057
0.0130891751264491
0.0185915743023232
0.0167562504235323
0.0157666440652617
0.0137837468805987
0.0168078259224804
0.0145786764206956
0.0131687059538868
0.0120935150906083
0.0147023487968926
0.0158340510495983
0.0122077045654398
0.0131982262528255
0.0185273814583906
0.0131663995301111
0.0135459857094575
0.0176874594203645
0.0142968748069948
0.0161817534581313
0.0169744729999238
0.0170317899531699
0.0176919423370187
0.0148479120065992
0.0128817189763759
0.0132738209846395
0.0128032667542453
0.015418574897413
0.016082034598393
0.0121540615364999
0.0136564777095471
0.0139652928854484
0.0113039622981251
0.0241987376493221
0.017241062371167
0.0115983872377245
0.0146809821512311
0.0160504925036234
0.0150601712569198
0.0131178275458316
0.0161248306794327
0.014074704506313
0.0141854606315441
0.0145585439943894
0.0122491108519927
0.0138869646420296
0.0103094101432259
0.0145509085718191
0.0120493045014552
0.0137227673537154
0.0146504353484408
0.0170107954336777
0.0156413336653806
0.0146914478430207
0.0136661068688016
0.0168806316343582
0.0151233548617553
0.0097169926885248
0.0190521896951672
0.012449966842009
0.0145986053509287
0.0149031821337864
0.0145586691953885
0.0112246046288146
0.0120434864488471
0.0143630345786639
0.0178942779940565
0.0150545490481309
0.0126561303498566
0.0141311980796726
0.0157441521099079
0.0130625894089134
0.0145544427759785
0.0164011095320603
0.0140410222048367
0.0167154264436838
0.0144048182059402
0.011998919215945
0.0174756006651068
0.0158745070615222
0.0107820725838607
0.0176035876032038
0.0163074916580939
0.0176873699209302
0.0118048962126056
0.0162246790580277
0.0152636728412657
0.0163317662427352
0.0165005921755769
0.0113900688854681
0.0118273464171141
0.0158854175228595
0.0131735832619624
0.0124530922660787
0.0160944307316134
0.015031974967893
0.0105718553842713
0.0138065894435057
0.0122600891612368
0.0138383572507761
0.019576639346085
0.015720422180141
0.0115644819806667
0.0161327957404286
0.0169117835646583
0.0138999765423269
0.0179296515563856
0.0148861971752398
0.0134465792279074
0.0194322359931568
0.0141103887908536
0.0101126760019097
0.0131685339441915
0.0180197538339268
0.0155522142174054
0.0134777669991173
0.0143411791245923
0.0151764014675594
0.0148713343475808
0.0143953664103657
0.0152238489882307
0.0171286940782406
0.0126716456521891
0.0172946808256225
0.0129424189962185
0.0188623948642843
0.0165640288413232
0.0173472342057454
0.015354456938083
0.0112417758998971
0.0106973915416866
0.0162987308249068
0.013685032390546
0.0145384500194879
0.0108605244597068
0.0104841517016608
0.0119934646018072
0.0182997914315959
0.0138890543493339
0.0138401625410357
0.0163111244365736
0.0135958274934122
0.0185988056368365
0.0172751730011389
0.0114155231514841
0.0114194574119797
0.0138470446302516
0.0180240407884519
0.0186819527599872
0.0129314325168713
0.00917394461000465
0.0136949047475114
0.0135785486465471
0.0146021144540267
0.0152013382618366
0.0124048488871184
0.0145680843455224
0.0158470579561412
0.0142259906648686
0.0114914781960587
0.0175915672866457
0.0186145988335008
0.0139552162407338
0.0142065445525725
0.0124820909493028
0.0160507899344983
0.017454562481914
0.0152509647078876
0.0152702100019166
0.0166945020995132
0.0163220663476597
0.0143474186131386
0.0143292983182525
0.015286182573589
0.0158479152383224
0.0189914770776676
0.0170842918110428
0.018047780093873
0.0183951057167714
0.0170577373623286
0.0154003868409246
0.0176057523208832
0.0162013860195082
0.0147122675935272
0.0148931573232103
0.0144065444369339
0.0143068920890775
0.0146118547364092
0.0134410374324063
0.0153628112352325
0.015777022788308
0.0168143716405268
0.0163505253433697
0.0162932974918326
0.0165404694373173
0.0143251011128283
0.0135558538574797
0.0140455017666348
0.0154663335187242
0.0143505335056652
0.0172015336989539
0.0169659392696113
0.0137698041437971
0.0144357564042372
0.0179603535564166
0.0135323333695311
0.0139609348508857
0.0172734344876635
0.0136719285739832
0.0168241991757441
0.0146341524438705
0.0154904406209444
0.015373283795346
0.0182921886195521
0.0135024481968682
0.0159792881051568
0.0143103670412518
0.0157109555536747
0.0173501368428213
0.0127172945375648
0.013662857937468
0.0218825913450031
0.0151866632790921
0.0171946918992099
0.0152603554021655
0.0172309363251698
0.013781146815858
0.01505500397002
0.01717745935744
0.012369615394249
0.0101259504230449
0.015518372179467
0.0150691235687114
0.0144407970601828
0.015838164799961
0.0144395663548672
0.0140823155515479
0.0172300005649461
0.0131399025509719
0.0149359574800281
0.0207285187075048
0.0110898110006197
0.0122060675627945
0.018341825578015
0.0147754568923575
0.014909845750812
0.0129824359834386
0.0150405162621048
0.0171357417519531
0.0146334967956195
0.0156011810862966
0.0133367561086248
0.0167027817795631
0.0194402351617789
0.0157693492992335
0.0152074213331869
0.0143157561315894
0.0180988603111685
0.0129682519848091
0.0176711005950543
0.0160775246074584
0.0159657945613361
0.0159235864538142
0.0153039165915594
0.0141822135860744
0.019744336108984
0.0174440035843805
0.0161841345538739
0.0149994111181169
0.0158698212514506
0.0135348437011406
0.0193592964884568
0.0175785288275626
0.0146319959688297
0.0148784967509773
0.0142865272570111
0.0159431021583724
0.013849385728065
0.0141026055893687
0.0138872729127743
0.0130254992809527
0.0130957188156294
0.012361567912325
0.0142716107190908
0.0204333231627228
0.0175200535749588
0.0156038514737913
0.0165027216324716
0.0139650520126786
0.0153945105921476
0.0143790646790585
0.0134665409423488
0.0128824177441099
0.0158267241141603
0.018372026750713
0.0167118648638459
0.0133414333235864
0.019556770122927
0.0151728430765769
0.0141632603980935
0.0137432238086783
0.0140943772146427
0.0133338720616904
0.0143065914917155
0.0148270328937631
0.0156414432984631
0.0129843669070949
0.0140296018570866
0.0115719286814317
0.0115578411356867
0.0143417331585395
0.013739936453135
0.0133083815249074
0.0122945915429473
0.0181256133950007
0.0212632905044187
0.0140972219023025
0.0173031417027196
0.0155803609977774
0.0158112126341865
0.0213670856146787
0.0170771233539812
0.0143092099741626
0.0116626358744067
0.0140837634461392
0.0144536453554547
0.0173932986485062
0.01904267097816
0.0197242598488241
0.0174590487246206
0.0198249725160249
0.0195266421965134
0.0151214623338313
0.0163228235129697
0.0146310710797981
0.017218199581062
0.0171016452748015
0.0145358595081301
0.0127197733315265
0.0155762175957901
0.0157037837558674
0.0156158404862888
0.0152415016244905
0.013115071076882
0.0139979595626688
0.0142382822735386
0.0112012456010365
0.0164716054939304
0.0189619337438752
0.0149392394511587
0.0149270543122079
0.0189121902971869
0.0169945817218304
0.0141213264296552
0.0180325129667189
0.0164314116912281
0.0110162125256538
0.0157231015499528
0.0180772409499428
0.0128315403959485
0.0129287531283717
0.0153695949139355
0.0163378655021419
0.0165256809025782
0.0150244402968217
0.0167261451393525
0.0170641917180227
0.0181491284750836
0.018446439229589
0.0157313101212723
0.0139931640562532
0.0139198888107856
0.0188411044978857
0.0146217115765983
0.0146301976640218
0.0162805091684743
0.0158771625095085
0.0157511158375504
0.0127072809539616
0.0121972979992716
0.0170992385920439
0.0159290414841245
0.0128210646464979
0.016042031853182
0.0143324201948739
0.0141193040721376
0.015716825363263
0.0133435524448164
0.0155972281048651
0.0188324546708332
0.0146449797469128
0.0122740224787201
0.0181266902352601
0.0134523553890102
0.0196381600315939
0.0163123480236636
0.0145239672681504
0.0158541382107347
0.0162815239617053
0.014091193933847
0.015159912376854
0.0146687476527355
0.0183694372363832
0.0118340248523387
0.015498825156184
0.0108854307954179
0.0176383520349367
0.0183929683212445
0.0153706100356789
0.0181865394276618
0.0172118608144211
0.0148378654199131
0.0136569413503844
0.011370698561435
0.01265191930442
0.0144902289880377
0.0146821541610072
0.0178252073669583
0.0192955106551028
0.0182790872309367
0.0172879602597105
0.0146068044000021
0.0160647487931889
0.0178422234633457
0.013556525427059
0.013856369478948
0.0143093181307708
0.0160166134652114
0.0123427461478655
0.01451650822916
0.0124536862322594
0.0139309636349047
0.0182050872022225
0.019807739548365
0.0103529996386202
0.0140993392627557
0.0167642645505844
0.0195000991526304
0.0137770618846594
0.0179645039750011
0.0114142557226009
0.0141737944414081
0.0136474499195533
0.0140417042228109
0.0156378673257581
0.0159713235872276
0.0148096796324782
0.0189998225056602
0.0144116690738691
0.0192787006737965
0.0151078884225352
0.0165941569232945
0.0161481871733735
0.0146177660331252
0.0119013046438062
0.0192121780459725
0.0161497401332927
0.0165184858736844
0.0165059280581502
0.0136381789109939
0.0125678116798826
0.0155849101719384
0.016693141223127
0.0138878505763412
0.0184013083109056
0.0154748885429988
0.0143011007251385
0.0127442840394025
0.0147736527840865
0.0194046216252768
0.0184762014708765
0.0154796723241905
0.0141558522561361
0.0150410028362097
0.01675098828194
0.0152004112669602
0.0145352707621371
0.017058197509446
0.0127729591075125
0.0124681595259698
0.0159604204820401
0.0173350216173832
0.0215162712607363
0.0185809644071572
0.0184956241886948
0.010273758972964
0.0156924068650837
0.0161998442770979
0.0168380918928464
0.0122219953089621
0.0147452232789126
0.0138567077709684
0.0131287990647542
0.0134376455404576
0.0151429699774013
0.0170655462700416
0.0120724962696727
0.0132045820537373
0.0166279298158811
0.0141467139775552
0.0149141229732976
0.0153958363941771
0.0173707240765093
0.0172840355805598
0.0201027735002233
0.0160310524650712
0.0117427563778373
0.0124666621665673
0.0188727844152856
0.0124586428990191
0.0114285654474256
0.0167071192176448
0.013710263433261
0.0141873847798669
0.0173742211207274
0.0155113296733896
0.014076989994017
0.0140772360661158
0.0179147670830693
0.0167956242928567
0.0118542415352577
0.0154779279265381
0.014170754533918
0.0191920382484649
0.0212453678111466
0.0118196775018378
0.0165801824827659
0.0135811800367972
0.0135488203595562
0.0138242164136409
0.01640527460182
0.0135770287284403
0.0157544740559877
0.0181564629599992
0.0146514626294417
0.0181507790008209
0.012566294527225
0.0137566730813249
0.0162387305864701
0.0122330067463352
0.0163013195675898
0.0147023926120204
0.0167630368909824
0.0157234515053672
0.0143514455943785
0.0142048884545569
0.012272329886634
0.0136746590252326
0.0188247748635056
0.0171749677888975
0.0176773070206487
0.015999565919003
0.0178132382972388
0.0168196595537483
0.018727207216322
0.0126322895322163
0.0150303686152527
0.0154947629119845
0.0170505813257894
0.0151941100573154
0.0143106965743976
0.0151069805074599
0.0125505772070522
0.0118502842379771
0.0126118477664751
0.0161395838039883
0.0160370982264187
0.0136185371350443
0.0171894290583312
0.0160582639073552
0.011677004989979
0.0137762739544293
0.0207845949973172
0.0157116481782813
0.0154607538541188
0.0161406300006657
0.019142088246564
0.0108193527691493
0.0170729355567521
0.012892270974983
0.0132463848035141
0.0143274612857669
0.015899457429673
0.0138511033798914
0.015724674778472
0.0160349681538554
0.0136384456654096
0.0156416678403565
0.0139931171502435
0.0124015530985387
0.0164383647287114
0.013290953898493
0.0199563757409727
0.0169945682595033
0.0131442324196989
0.0189668983703376
0.0157304349592748
0.0167908866135584
0.0156012851603937
0.015722899982844
0.0173578573639021
0.0137510698250204
0.0126673082095668
0.0129655473980633
0.0122644321083528
0.0118250824617597
0.0135652295648928
0.0124687170196401
0.0164840901164394
0.00879029299001848
0.01856715759787
0.0146932705033045
0.0158246149624761
0.0169345364943315
0.0153794277394562
0.0147825277944069
0.0168277239579862
0.0120163664133277
0.0169001663061703
0.0173741340773729
0.0171697981117291
0.0120213232938317
0.0195471511003779
0.0147250900084717
0.0103192355706944
0.0142501950442664
0.0169927564793147
0.0159369583708768
0.0174418982401664
0.0134261141994583
0.0164871180132472
0.0142311788224652
0.012376289975056
0.0180405932781497
0.013441964479022
0.0183342358102955
0.0122125905679947
0.0129857236424297
0.0174503575782165
0.0151193528676644
0.0152341047282109
0.018984205734767
0.01585753816467
0.016251729305898
0.01544486033019
0.0162215239636235
0.013184088212263
0.0171468487758398
0.01469098239724
0.0182118552646624
0.0142644828368951
0.014651771042054
0.0155471351087953
0.0152818159076551
0.0168809165845926
0.0135823887416561
0.019433527361644
0.0125823671945372
0.0151258802879971
0.011215991457127
0.0126025531429512
0.0161743016797275
0.0188363102928296
0.0155446639452196
0.011616952615185
0.0177088191181616
0.0141321559967787
0.0146675969901822
0.0151767205415638
0.0139746374405747
0.0150212849885258
0.0160994988075375
0.0168443804477157
0.0133682491150981
0.0115544535895397
0.0146961897186657
0.0188143784227292
0.0158619234287091
0.0161854751203274
0.0144179135874919
0.0120006574504128
0.0151855221204208
0.0159411969489364
0.0168564919637554
0.0137962770464014
0.014837668260455
0.0155520626003713
0.0161323784586059
0.0137186819504678
0.0154234295624215
0.0135198403668558
0.0148980931066075
0.0173468102656657
0.0140397585492946
0.0139169378612797
0.0131777907374215
0.0129674778848
0.0179559503676985
0.0120298473258004
0.0110652316444163
0.0165897081798839
0.0120328053603431
0.0145364595048707
0.0128808162315228
0.0165224986500907
0.0153624064984315
0.0146527816867436
0.0137703268052676
0.0189163345545038
0.0157377702819201
0.0134798388162698
0.0146928101488272
0.0118697651345168
0.0160988144374864
0.0160184758173804
0.0159959516355363
0.0127910230405296
0.0165491856924184
0.0150730466607845
0.0149430690647973
0.0140156454765249
0.0190995744946955
0.0154732226438595
0.0171456559022763
0.0150290755073107
0.0129541521858024
0.0132469896392288
0.0125062995465525
0.0169484017071772
0.0183901932084821
0.0155174134966528
0.0212005955817852
0.0160084191061449
0.0119932049802233
0.0144243844877792
0.0141392862714458
0.0123386372261525
0.0142884306804936
0.0146426092542325
0.0152562606403602
0.0134512168828264
0.0186465809764247
0.0171688929177388
0.0136049841932183
0.0171513397686999
0.0120303648228777
0.0108779781487881
0.0159243665378685
0.0156246435447101
0.0130339138527213
0.0141844343539108
0.0192747549438821
0.0148103465439583
0.0137519466608553
0.0172894256478497
0.0115109469914484
0.0172162759204119
0.0111604507379824
0.0151818648073176
0.0181269347918467
0.0142853827849039
0.0138936838704935
0.0160899081272373
0.0164426779748119
0.0138095384325717
0.0157300171759839
0.014463668200411
0.0163443566647919
0.00920342530656914
0.0128987389991563
0.0170006819230022
0.0147319194621284
0.0135618088736363
0.0158509172944137
0.0140710406935096
0.0171874126023339
0.0187727912197694
0.0156836634208174
0.0138514857133607
0.0145604478335804
0.0209554161101925
0.0226113174039295
0.0134108966030317
0.0115817844316344
0.0164787202168876
0.0127942732728655
0.0155159545840557
0.015881970991046
0.0117294524802952
0.0130781590484936
0.0142705909207713
0.0152409556277788
0.0139447457425324
0.0148623847829994
0.0171093707966535
0.0133632758504764
0.0139329487691027
0.0208602205295641
0.0129385021993301
0.0163836530790486
0.0164649565420863
0.0127761863001872
0.0157172530095953
0.0150065656956471
0.0162774113801643
0.0142341227138787
0.0169328267263056
0.013137133057544
0.0151257869761957
0.01657134440544
0.0150466935415303
0.013758258084339
0.0167581812293504
0.0110477557206762
0.0133551967505205
0.0169300197734266
0.0161488162270885
0.0140982741980255
0.0139540830013144
0.0154891400641217
0.0166738422098793
0.016397166385104
0.0131801656194727
0.0165550534920754
0.0169362884389051
0.0128984113365354
0.0156333288011702
0.0168337361183661
0.0146608930008764
0.015323137119136
0.0126499720172908
0.0135038027958109
0.0136445759056356
0.0120335693807563
0.0161661216968389
0.0121933148702101
0.0221114169993551
0.0149415689640084
0.0111462490546018
0.0150091558309445
0.0115897409283912
0.0189919255358773
0.0159995120594701
0.0195629318742024
0.0126082959800431
0.0135047681583668
0.0160589474001797
0.0141748618464715
0.0115226251887673
0.0180154330059438
0.0160647094750266
0.0152830854677448
0.0161321835635914
0.0159843088543691
0.0147877899136854
0.0143118831965168
0.0119160303542225
0.0148033670097778
0.013473478779346
0.0131586036470979
0.012342826797934
0.015867195041792
0.0144934726751896
0.0124846688502386
0.0156032040373972
0.0138854413162177
0.0175278370538109
0.0193497387709064
0.0154647150012832
0.0162559713052756
0.0141576210547573
0.0133844528848142
0.0169732106425799
0.0171490751896814
0.0152910846866849
0.0209940890394067
0.0163629255995639
0.0142593998170241
0.0139657597351739
0.00829179941434797
0.0139828549752971
0.0204339649975912
0.0231330758381737
0.0130570299755764
0.015371772772771
0.0171746545105962
0.0145393943495543
0.0120326913735901
0.0160094698004503
0.0152695706027453
0.0140900673586695
0.0167292569421141
0.0179700343045334
0.0143071375696966
0.0177734560472555
0.0170078072038833
0.016531331029055
0.0116316367398867
0.00964382813985819
0.010635402694906
0.0153879971745974
0.0172516292730974
0.0131538849833261
0.0111688411750234
0.0158808639268792
0.0161307947408253
0.0169273679116809
0.0131522223313345
0.0157924293457492
0.0129210827177292
0.0134815521588875
0.0154642345201753
0.0146662638522537
0.0167838575337597
0.0176391472130398
0.0130960404727431
0.0137627799237059
0.0175047996540433
0.0134179064062603
0.0136774639551539
0.0188496068583553
0.0151730117060956
0.0143839597788842
0.0175818530532828
0.0125133777343075
0.0151595755940521
0.0151165918521794
0.0136185698571331
0.0151977364529632
0.0121696914656101
0.0101574673674337
0.015784183599145
0.0148833289369259
0.0162620002180745
0.0112159313547028
0.0137062711788337
0.015065516370933
0.0189294753173707
0.0173325715386804
0.0176582223965356
0.0153601299307874
0.0126954330549846
0.0185326172619403
0.0143600911797978
0.0157245980714373
0.0126258086432515
0.0179600688658887
0.0119687353378595
0.0178590119739998
0.0153609539149156
0.013512091758948
0.0137285281401802
0.0176595852799755
0.0203591072053434
0.0131131791905095
0.0157861185232442
0.0168715331536301
0.0146701891637234
0.0110622281501612
0.0157604769036582
0.0226336209324493
0.0153680432281084
0.0135462547475278
0.0135370055327569
0.0178969562912083
0.0177700604957265
0.0184783055200394
0.0127517975481554
0.0161819441116148
0.0124014148437201
0.0151081294235566
0.01450470883685
0.0196993242674749
0.0133671347368809
0.0144414310593167
0.0192164878243222
0.022758060702421
0.0133572197750344
0.0170816356558131
0.0144209395931008
0.0160092624880983
0.0199046041317008
0.0154783311960657
0.0139461657403143
0.0153358534998586
0.0193275863822608
0.0107974506490849
0.0166328554880041
0.0118006516515542
0.0123838296850213
0.014603867072379
0.0137235991232834
0.0178332806999655
0.0197604363136213
0.015224960590652
0.0155440171463854
0.0121703422372426
0.0148910378982246
0.0153062573276391
0.0124790533575165
0.0171158210544071
0.0132491008014462
0.0128585534472958
0.0108403688099086
0.0124279944281265
0.0131836587845067
0.0181850865443563
0.0158314153825442
0.0172796034498581
0.0136858035690719
0.0192587469400371
0.0186858609145846
0.0159799670841135
0.0168366111906559
0.0185511139326519
0.0157717474768442
0.0159318111956088
0.0148731033044658
0.0162597310932168
0.0124242669963492
0.0163749915200099
0.0132809994462494
0.0179534028876678
0.0139463932709066
0.0167944202152475
0.0148094912325157
0.0124979190132561
0.0145891942416622
0.0144410686013483
0.019234683106051
0.0151193129313037
0.0145891834441088
0.016351972164705
0.0149095455995548
0.0136112329722965
0.0189605115818711
0.0155520862782342
0.0159594025954331
0.0119151733866599
0.0154736695613809
0.0147103332844451
0.0143897730895388
0.0180865076412298
0.0140770773134114
0.0185613999043697
0.016616206893192
0.0135251734661844
0.0153680813111197
0.0204194411815567
0.0140138637794888
0.0154083364991779
0.0130225538937959
0.0133831722671046
0.0130540482051315
0.0175238881577669
0.0134680504064232
0.0186811825606668
0.0144022775442729
0.0196624667170536
0.019655849073437
0.013466126091607
0.0146094400802088
0.0125755883018398
0.0133875810675952
0.0142951538369163
0.014414033278705
0.0172269840232512
0.0134985521341621
0.0108971376246791
0.0114256798191241
0.0149571834167979
0.0141700457044285
0.014892966930079
0.0133059542859918
0.0143378439574336
0.0171571745422906
0.0138879093618963
0.0189176099252095
0.0144135295070291
0.0133789987900702
0.0145481263008676
0.014575247950784
0.0176219274342045
0.0172756733202961
0.0154351933634171
0.0175537001659371
0.0134529371907471
0.0173447410796378
0.0170438130348519
0.0164132588777231
0.0203538341673439
0.0181406851581481
0.0194338990773784
0.0116467384592426
0.014446604112891
0.0166119927882024
0.0185962834972779
0.015612642114159
0.0151314364694113
0.0154746285848442
0.0149069181573501
0.0190057455469037
0.0136933653604742
0.0177548224617652
0.0180184985753074
0.0164616216895422
0.0182791727163463
0.01850495419787
0.0145141322943772
0.0181422518159118
0.0173051433714537
0.0160462845916649
0.013445567294228
0.0133193744930493
0.0132775619790607
0.0170930498470173
0.0177382821272767
0.0128299761451597
0.0144917411904093
0.0155230209198848
0.0174280387132082
0.0143212707555215
0.0173439276813242
0.013658251897557
0.0169269922492872
0.0165561312216745
0.0152562162632645
0.0123654895232824
0.0143115508696468
0.0152660398208811
0.0166831490736209
0.0129694792005482
0.0152182614906683
0.0129254481190975
0.0152262184042609
0.0161902665166918
0.0158813837367367
0.0140347117243896
0.0138547815103202
0.011914880144007
0.0183972536711187
0.0139643721952892
0.0181433895332985
0.0178978527829522
0.012565853799512
0.0161369165381192
0.0180226854965935
0.0138727804691856
0.0128872575826018
0.0145515250074458
0.0173462147732452
0.0191345855370115
0.0161939206898887
0.0158177650367308
0.0128719430628198
0.015730067960017
0.011624480929099
0.0208683501153366
0.0170597049357962
0.0200297948488049
0.0168997885442432
0.0128982656925781
0.0192862848468521
0.013451597110494
0.0162279564091301
0.0136006040111098
0.0143295697295632
0.0171146659695154
0.0135614521584322
0.0210699583028288
0.0156794111159359
0.0122949487091181
0.0153481804946465
0.0164596769283142
0.0149198991429631
0.0126394225755124
0.0127974660618318
0.0146796158790994
0.0139961690100487
0.0160669835335302
0.0204702256230504
0.016180842567954
0.0151318320351
0.0130228942820152
0.014834082248393
0.0162957718830738
0.0158399051336215
0.0183778675843395
0.0129545499802733
0.0184570905781255
0.0133681781153861
0.0195260239219845
0.0155795299112607
0.014028251278922
0.0136377284044427
0.0130323295422455
0.0108489992638006
0.0157054132110876
0.0142960891995604
0.0152870721054732
0.0130908541878491
0.0111401393595936
0.0149025516702443
0.0128960398914219
0.0160516550805982
0.0139788815248556
0.0171853378190493
0.0142647771002214
0.016362434293725
0.0146657151853381
0.0140078873928575
0.0201475990750466
0.0207651915803049
0.0138602568452062
0.0179694096780461
0.0145886148105573
0.0208705721191105
0.0140078349965294
0.0151971276072138
0.0132999742073322
0.0111681359280216
0.0128604706532157
0.0160360443284507
0.0163332001314891
0.0182857961705069
0.0171344270718249
0.0142690921767002
0.0130673834622302
0.0129235530394182
0.0173826844077792
0.0163878580770158
0.0134666910949282
0.0168008797071726
0.0126348311311275
0.0131319186106593
0.0152803325645254
0.0156293927395293
0.0154797477956728
0.0153518691060861
0.0119030026159223
0.0190076879540094
0.0123691774940923
0.0141452592756821
0.0121903151443865
0.0173902195195432
0.0170557558023463
0.0180814770147065
0.0126303668237624
0.0153021180827765
0.0172243987280989
0.0135878144838647
0.0156742323363425
0.0106969361719759
0.0141024431102483
0.0180400942187108
0.0120406954732089
0.0100708586275153
0.0157416464189449
0.0132285626617849
0.0177499924669573
0.0136824851900924
0.0167420066411299
0.0158168969257735
0.013229351814724
0.0177813995420674
0.0215561510363395
0.0116544308666134
0.01289210885374
0.0174274212505118
0.0190403312274091
0.0140833943327368
0.0124249595289613
0.0172943304415095
0.0154259824362235
0.0141659020141907
0.0191095929840753
0.0139097358228169
0.0135338389525165
0.0126625747960215
0.0137050114713454
0.0172493556129501
0.0155226033475985
0.0167091588116095
0.0141948503847335
0.0145234094150093
0.0172956215305442
0.0187469766280968
0.0134548298784711
0.0161151985509598
0.015943571373663
0.0165895500819542
0.014574277778944
0.0133102056480951
0.0186549105006544
0.0145630578168244
0.021944794388668
0.0163357590604004
0.017019377471647
0.015192425288625
0.01647896247161
0.0161199342508416
0.0152310643523458
0.0178101421806102
0.0140438882817874
0.0145116598044773
0.0147219866052437
0.0129743493098519
0.0160406788943146
0.0128577895493221
0.0154641932394586
0.0142601797267395
0.0149903658288311
0.0143401078930125
0.0190485844234893
0.0131651410927639
0.0164295230158382
0.0137507031346618
0.0164151914501502
0.0110651508079704
0.0141237779471786
0.013984535584503
0.0134837042652779
0.0155748556494941
0.0134830786502179
0.013488640634304
0.0166460208453867
0.0148761845866082
0.0164209585811965
0.0125829627437472
0.0119478210122251
0.0135391321986137
0.0144000033229135
0.0133207902855929
0.0131692712234805
0.0133086689774426
0.0155075505659627
0.0149341400186358
0.0136404401377464
0.0160386394434397
0.00987411578866996
0.0122413515973995
0.0135153526134391
0.0140718352171875
0.0155380665744978
0.0135143324903935
0.0152291422293723
0.0148174562564419
0.0168005718104959
0.013365730635369
0.0132346668463301
0.0167502583868828
0.0158869784997881
0.0128838021429447
0.0159579305026518
0.0145033814103484
0.0158839095622963
0.0184860722051069
0.0188311502233102
0.0111291775938559
0.0138926472949037
0.0136463500240963
0.0139090782387689
0.0172854825225637
0.0181502001052548
0.016730744474215
0.0153121692502516
0.0188460374397454
0.0125113083974166
0.013317560156577
0.0181743549959286
0.0170299950802732
0.0135639601738901
0.0145029216210603
0.0157675670326042
0.0195332491607383
0.0140886990145706
0.0132110064139776
0.0142763310126945
0.018584025822776
0.0156671532261069
0.0114423434706511
0.0160919246134246
0.0173993892801781
0.0148805973008527
0.019334758349083
0.0144555423841957
0.0155713128040984
0.0159808009668514
0.0176489223987717
0.0158639271477456
0.0120738388107943
0.0157493532199224
0.0161887237577643
0.0159936497292291
0.0195573639475658
0.014458814550346
0.0175638731739125
0.0143345990931126
0.0105996504090929
0.0170093362623883
0.0170003734855015
0.0132269242332829
0.0139473919502296
0.016622191760483
0.0155940126466413
0.0147819938382421
0.017780472307587
0.0159558741160537
0.0155910128468976
0.0143809881435458
0.0103970282316557
0.01732023553718
0.0178381043812538
0.012999666008238
0.0155066395670379
0.0167743390531379
0.0139334536039463
0.0220061501551761
0.0158122224345599
0.0144360841210395
0.0126322007469304
0.0121423985068356
0.0146618878534441
0.013682619721837
0.0109577858195351
0.0156395987176029
0.0170970158251304
0.0121410825838739
0.0153575112816145
0.0155796143619522
0.0162661077677776
0.0164865699555495
0.0181178460193013
0.018428200875281
0.0129505096873868
0.0140686955931602
0.0122092754709561
0.0128317103318714
0.0112426532462841
0.0116240502325833
0.0118864269879931
0.0146826806733186
0.0212687445744678
0.0137249894954881
0.0159263588392747
0.0163996836514556
0.0130852835549904
0.0129098163887657
0.0161846879767078
0.016015682367253
0.0135561206765055
0.019392445492386
0.0132942638150894
0.0130496897967961
0.0135117729527634
0.0110014446921113
0.0127222318694443
0.0185879961374344
0.0134352373933306
0.0140081388567398
0.0121332918268738
0.0158024876180437
0.0173516460779588
0.0155184385751798
0.0144620673830682
0.0154720186346066
0.0141809088698728
0.0170754730726097
0.0192515662179347
0.0186600921647857
0.014573578912173
0.0161758159921316
0.0137053544011309
0.0150264693669735
0.0150804570865806
0.01700113240183
0.0147450366109399
0.0186811437628899
0.0123326096173444
0.012839861208035
0.01529643931602
0.0117521922647958
0.0168188202824714
0.0192077813912961
0.0164530937395064
0.0154428403938685
0.0115349264137328
0.0129026008032034
0.0139805170570504
0.0175148830123281
0.0165428451425567
0.0135507733824817
0.0103310710024206
0.0148284009727135
0.0139598925865757
0.0138490253078726
0.0171586010639467
0.0122643012090598
0.0150151335003166
0.0112021572201042
0.010880127599165
0.016808594632135
0.018350289935341
0.0141337081762913
0.0194525253049632
0.0156914749896652
0.0152043236726096
0.0161635820983703
0.0127978935381345
0.0139273329478272
0.0148001161915941
0.0154022680805363
0.0123372958854143
0.0141674013475223
0.0150673622921399
0.0134876040172425
0.0128147471569168
0.0141149177464508
0.0194033599956774
0.0155439105980454
0.0127566626219516
0.0137743352227068
0.0174234144545605
0.0130557402339064
0.0123565987691796
0.0152132584957199
0.010698806313162
0.0177589729502563
0.0145139397882673
0.012090570224361
0.0115832979360473
0.0154345525970187
0.016888030857236
0.0164808098057477
0.0117547382989875
0.0168645778879473
0.0163610162749887
0.0176953600220705
0.0142226633046945
0.0172521349440161
0.0146467977491515
0.0148806648750835
0.0169233971789888
0.0117427978938121
0.0160496666532734
0.0160123449804871
0.0139687979004862
0.0103248403988102
0.0168524472912962
0.0158280427579611
0.0125120555749329
0.016847502682513
0.0148514769973851
0.0104480761740867
0.0118547976773378
0.0143219277977794
0.0131520258806674
0.0133173185565967
0.0143655577646137
0.0115164699596139
0.0115265506151523
0.0176710597065925
0.0185647052327913
0.0154512937569354
0.0127261818498116
0.0181056450408917
0.0130421657915152
0.0149658712730519
0.0130258474998844
0.0126151382088185
0.0193242090064162
0.0153602894093047
0.0169620246566712
0.0123339782797179
0.0130160115401539
0.0154266563094006
0.0126438762369187
0.0179943452101361
0.0157257366578819
0.0148376563864992
0.0144218551897821
0.0157410517450499
0.0160225894731969
0.0150722669162709
0.0132637036790681
0.0162432523978208
0.0147259864499149
0.0140749831104682
0.0131242954954201
0.0146323402373392
0.011041778642161
0.0179632554711547
0.0191500991059964
0.0134841324077942
0.0147410218130022
0.0119509635416337
0.0131711729644185
0.0152057567348385
0.0126532924195945
0.0160256881639341
0.0123957177168728
0.0162514422673081
0.0141180283997357
0.0168727265009372
0.0179334797165646
0.0186773891697438
0.0119116913975581
0.0107431798686621
0.0190580652599788
0.0172600933226437
0.0121722556355126
0.0153702793520284
0.0161228937166332
0.0144793040225786
0.0153887652120412
0.0165909933123106
0.0159634153483169
0.0160346388595095
0.0140029741255247
0.014055859128805
0.012105780981408
0.0151726646562471
0.0196576356643374
0.0193053671315974
0.0136484985878789
0.0178398629833669
0.012526925319934
0.0169056575465433
0.0184558076883123
0.0158153779779877
0.0120411877169986
0.0160571427072509
0.0136784765816882
0.0149743829790068
0.0146290666564511
0.0140167303732381
0.0149683487376063
0.0100228749023415
0.0169467356246834
0.0149938090887672
0.0142617988602308
0.0114440522109027
0.0143316200901363
0.013805874050362
0.0192792242175841
0.0195633412387149
0.0126228191618168
0.010209289252311
0.0144062932260988
0.0166650762061594
0.0146113089130782
0.0149485619037472
0.0185841635993375
0.0218637732702823
0.016466242766548
0.0136889791402157
0.0147936915414526
0.0130874549178274
0.0133817256448594
0.0143143442446113
0.0125832340788311
0.015209585438212
0.0176777057746115
0.0107121371545702
0.016006124585688
0.0170357458219617
0.0122129221709666
0.0169983351107715
0.0158546679120491
0.0121668022975497
0.0105516920388079
0.0165152752239113
0.0149922123926307
0.0148988360246619
0.0126133145433298
0.0201527085451485
0.0163980806775483
0.0134095188704823
0.0161669742938034
0.0165691308092891
0.012647223999304
0.0123459908552584
0.01770265700088
0.0157777113229986
0.0135673027098674
0.013333237042414
0.0124310544746534
0.0154414650841665
0.0117650990453412
0.0129549227109341
0.0150864204709555
0.0125750564890324
0.0172369320797699
0.0141646268501576
0.0130218710770734
0.0148917005163608
0.0156775399269478
0.0139744954759686
0.0158147993251527
0.0138684273724102
0.0143034488795893
0.0120077900759707
0.0188712717538052
0.0175422140198028
0.0185299213421923
0.0149011554849348
0.0188826818266863
0.0190621145506983
0.0192155337763382
0.0118028746625628
0.0115295012113897
0.0169260890546972
0.0155352739354015
0.0177465110156496
0.0153111569166899
0.0154902974873179
0.0177437148917329
0.0145766881582967
0.0183611304008646
0.0138064875653817
0.0109850275678115
0.0217972067968904
0.0166550318450948
0.0169021336400819
0.0155195279959131
0.0165700071513051
0.0125517071887551
0.0149116725788869
0.0131074414228327
0.0171568464709781
0.0167414791442028
0.0119220150543634
0.0177118505609499
0.0135245575222592
0.0107838267926166
0.014758790048773
0.0132638780018534
0.0167174937979205
0.0167205959249423
0.0134132831755596
0.0158377126082266
0.0148868334566279
0.0131582079925184
0.0138395359080472
0.0117962799882392
0.0140574971150989
0.0161632908097804
0.0168710661135402
0.0132108619340227
0.0132917955290663
0.0130187722264934
0.0149032801510685
0.0152308145548254
0.0123786076524054
0.0148484328380076
0.0177494808250728
0.0197533889342033
0.0132486545033024
0.0163034310690493
0.0188519492347543
0.0110819992866947
0.0139941935993876
0.0150212655303239
0.0145238330306296
0.015727957929751
0.0171462667926727
0.0173130330970668
0.0167188675714091
0.0153413567072036
0.0131538648073801
0.01518777134763
0.0122364300202264
0.0181608713768033
0.0149941663590279
0.0140531217137079
0.0132131450185009
0.0125232045690507
0.021772408886035
0.0176547339475842
0.015910954123373
0.0139596114498634
0.0136391867034778
0.0167146581949517
0.0165508591431022
0.0152530700504001
0.0201771347327254
0.0160346496534429
0.018229318047989
0.0143321414574168
0.0196233700097338
0.0161045718099846
0.0160510327339481
0.0187003687404618
0.0115773683993333
0.0156738800470287
0.0172917364159112
0.0122895757860331
0.0196822265421659
0.0156091598725071
0.0146170865695724
0.0149196661301027
0.0166869661343601
0.0127868390075075
0.0152243313060462
0.0151296446579026
0.0122087045001942
0.0157345406502033
0.0167204038426262
0.0167987280108093
0.021724799263835
0.0139884796380397
0.0131365172974097
0.014908072220713
0.0138858930387731
0.0127573750192015
0.0139371572527932
0.0165711957012091
0.019617773958929
0.0154529277870292
0.0119311244428238
0.0134133319676003
0.0146141996664395
0.0145675076344608
0.0159496837163675
0.0172113619968064
0.0167253906487358
0.0150913195788414
0.0140795257731531
0.0171365630191998
0.0132072159344343
0.0188515958119538
0.0149296195041419
0.0161026832578524
0.0203523846939961
0.0158401639843278
0.0154365248261072
0.0172284259847888
0.0163889256699855
0.0152015062266246
0.0141197863552756
0.0177553250034604
0.0165570458247067
0.0151291352356251
0.0140574424972505
0.0158160955800915
0.0159944964294836
0.0174490161435652
0.0141586888806646
0.0175817595631556
0.0116971005608503
0.0134359059639361
0.0125868679378734
0.0137405753729101
0.013716088136967
0.0161225055213809
0.013713019967037
0.0131157452814564
0.0173879670318199
0.0123204583855407
0.0177377480237246
0.0182409118240692
0.0146536169733574
0.0194559570349802
0.0153953553827796
0.0126541314015193
0.0192844500311161
0.0233906672782588
0.0156095246724777
0.0117740443277058
0.0185839544394472
0.0102509441704803
0.0163848232915447
0.0164133399921906
0.0203864104280472
0.0106910043478769
0.0125893246829722
0.0120016314006424
0.0150174783270195
0.0171597598014689
0.0131218816061353
0.0173099508816573
0.0139671831787753
0.0176207306928122
0.0124960587705893
0.0148847185668357
0.0177842096007591
0.0149035076443424
0.012547214456674
0.0132496638722448
0.0147335340479109
0.0162637384578965
0.012995424938206
0.0134555437196757
0.0117919423873212
0.017107727904976
0.0153651047098797
0.0137219676538566
0.0141562115125149
0.0202680922691045
0.0140386161828026
0.0136196796323653
0.00993864323805962
0.0154500699235882
0.0143203761193661
0.0152262783874175
0.0162231939565935
0.0169657715657349
0.0130189668700254
0.0153667256054496
0.0153938557953698
0.014277893176044
0.0164543176894712
0.0151301756750962
0.0192405030840942
0.0158588174113747
0.0166340739896204
0.0124282506867925
0.0153295148258034
0.0143377902767193
0.0125202246534691
0.0155265118171203
0.0202188864833768
0.0178356694605666
0.0136146805596176
0.0136406027965263
0.0161415898760834
0.0158202862871369
0.0163739787489791
0.01531040421254
0.0146069529236592
0.016188757004023
0.0155129032136426
0.0158571657221841
0.0130900370795812
0.0141240796023633
0.0116594361440566
0.0115600034715081
0.0158062258772712
0.0125512517965547
0.0150423953174393
0.0145733890604525
0.0132573903436943
0.0106031395908772
0.0164468599215342
0.0121322055212654
0.0145763085096294
0.0144856286569708
0.0146463220794749
0.0171824298921446
0.0165620703112606
0.0167129163715673
0.0127263565155899
0.0142878895862219
0.0128482128452017
0.0148758457454114
0.0180887318495783
0.0106483537589375
0.0132746655293408
0.0173487113184214
0.0169444283116426
0.0146252572883013
0.0129157266263581
0.0155733356943649
0.0141985562519836
0.0168660608066435
0.0155671750099901
0.0122389580352742
0.0170093254065693
0.0161444583473302
0.0130799084410562
0.0148452598555538
0.0128030243775483
0.0192549738017048
0.00969489480005346
0.0162680835302943
0.0138906198485912
0.0183020380652353
0.0201874843124569
0.0169581433842991
0.0193260182199746
0.0148484233313515
0.0144080533501352
0.0107313401808528
0.013329072744377
0.0188408369493442
0.0114667041129118
0.0141775912754369
0.0186340787995903
0.0183277852960585
0.0133251690091233
0.0131391150240839
0.018189781493595
0.0137100942563333
0.0121516284738172
0.0196799937445485
0.0144092837246282
0.0105089920049927
0.0125660634208813
0.0140824510328432
0.0146202196474265
0.0165297703836724
0.0117047964607203
0.0192838440819389
0.0136645731070513
0.010281846540228
0.0173378817193015
0.0150972377955391
0.0140894249640859
0.011544521920751
0.0119528591827884
0.0182490261021536
0.0200165637117098
0.0192707139088631
0.0155278861368288
0.0108483893837865
0.0146062556959701
0.0204439490880627
0.0179816343754133
0.0192373725469442
0.0194519207579688
0.0134932448763278
0.0200661965322809
0.0143048784498962
0.016998581233079
0.0149272397927275
0.0181785458489177
0.0140684906237396
0.0176773788280233
0.0162511006834947
0.0163455858037095
0.0164495307749183
0.0179179919978738
0.0179484866677007
0.012420149631987
0.012861137960027
0.0156316568202496
0.0140162255245661
0.0144006982198781
0.0123984543965261
0.0163576496063309
0.016472942124925
0.0151062663263731
0.01747951177956
0.0129013006380882
0.0169203748461651
0.0125430415341749
0.0167874899105945
0.00957303311509954
0.0147182419443841
0.0148649377341773
0.0140315649879574
0.0215199042850897
0.0155747575590059
0.0141586841651728
0.0123491434350559
0.0137936970264654
0.0180869825531649
0.0158873376200762
0.0143985189926494
0.0180352420242074
0.0151395620343936
0.0114784006647062
0.0197667045155717
0.0147281968436432
0.0131141186395725
0.0128338396148391
0.0137800105534047
0.0156396384448714
0.0114792892282273
0.014086320438046
0.0167542089248258
0.0164099058216744
0.0179144637817491
0.0141058028602495
0.0160405620043434
0.016656198841712
0.0136797508146023
0.0120779235827441
0.0164029900380534
0.0153521609919559
0.0141080600083695
0.0140759496226658
0.0154777601062446
0.02118869373654
0.0148998003325627
0.016813852994558
0.0134277876721683
0.0227326103150306
0.0186331028995327
0.0135433093509555
0.0146463502437469
0.0130032745139726
0.0163201511540357
0.0156158244839478
0.015903791821451
0.0171494649497998
0.0127967144574154
0.0129897464269815
0.0101380203588416
0.0154965528625485
0.0124511680814173
0.0136988993925937
0.018345689240768
0.0191107003447036
0.019351041372906
0.0119782675753248
0.0137318521277771
0.0107732864526051
0.0133451471907829
0.0140786618144893
0.0165492648296599
0.0146945029999791
0.0153248048396433
0.0143137472911443
0.0143038526970532
0.0149162978318685
0.0125731983681684
0.013717853708144
0.0163399699858189
0.0152885709517898
0.0166291675566454
0.0121146704962917
0.0173309052912929
0.0167366459069491
0.0163822809367467
0.0145155672785352
0.0168616028793163
0.0138336403660752
0.0177390838533511
0.0152010792792182
0.0141226647134632
0.0131466358408549
0.0155827224948166
0.0142526040073439
0.0155229101388607
0.0112606557141297
0.016261361784243
0.0171119958874164
0.0126342491961701
0.0150109480414267
0.0118004830164313
0.0150771256716417
0.0159131328647547
0.0192750170770563
0.0163761025304774
0.0122537544287538
0.012850087361235
0.0196493680664495
0.0174233120927315
0.0131777162116956
0.0103649894198994
0.0172633477656678
0.0165253647264405
0.0136730374221541
0.0158362960480481
0.0169262146428554
0.0147410482155531
0.0149467968643006
0.0171562096305119
0.0168213494301215
0.0151063757371436
0.0196788186528055
0.0176748328897649
0.0120585202409646
0.0153961728626331
0.0157823682082751
0.0173615680903328
0.0186755701489995
0.0112973541116003
0.0175252090002607
0.0176682988252841
0.0153902825018332
0.0184441736751734
0.0177410016986298
0.0144376132044939
0.0173948895137391
0.0158224490208776
0.0161467883782723
0.0146019569290895
0.0171082992823985
0.0159482685554359
0.0141662629548422
0.0144314041840217
0.0161269328545179
0.0175900297316087
0.0153425959733908
0.0173387927716938
0.0119374376974532
0.0134484417540557
0.0139763331346467
0.0157553513344963
0.0142162006819586
0.0159037802144592
0.0131895143640729
0.0130049928568882
0.0147392266490904
0.0170845188612973
0.0173931292033747
0.0143136256199735
0.0192371876684574
0.0190502851360462
0.0143500820351415
0.0124903561326997
0.0148366007157756
0.0149730352400359
0.0157760180816739
0.0201752994362604
0.0162145317279608
0.0139588727575834
0.0116366610876094
0.0160100003375427
0.0186044632856599
0.0131973146435899
0.0155265881725832
0.0157577241566015
0.01659572837679
0.0152512303984496
0.0160082696388725
0.0138817853549385
0.0154017239393912
0.0162156743036451
0.0113936644055658
0.0124576593960156
0.0141863390055368
0.0152987696449559
0.0160472278023761
0.0157672864078734
0.0150385905460847
0.0148301133933005
0.00983394826584614
0.0129973204648875
0.0134331457892607
0.0108073075679188
0.0129821715739884
0.0148838965654256
0.0160413767474121
0.011236259476605
0.0116417285481605
0.0141939918105099
0.0137619025494217
0.0155040453101399
0.0118039913168996
0.0157603751672377
0.0148900326643924
0.0135536798870122
0.0144904408065085
0.0163011848348315
0.0154111248573582
0.0136708506500171
0.01440477003104
0.0171991452619904
0.0138859775211325
0.0143102580078902
0.0125402753063715
0.0132943696116817
0.0145429662285218
0.00938719902081403
0.0131207557432137
0.0161918016169004
0.0145332137292264
0.0138328734969626
0.0165526166883419
0.0161193197928892
0.0184402830181777
0.0184673291338024
0.0111799264318152
0.0145354593474673
0.0166534159784839
0.016677838675294
0.0120468324168924
0.0189283800326354
0.0118287322445818
0.0204717287662068
0.0149520002552736
0.0159604366854912
0.0148662375946224
0.0184608857202454
0.0170430572589886
0.0181117601160007
0.018414451681206
0.0130661853083087
0.0163601350138032
0.0161711490540442
