0.068404529276574
0.100919887858468
0.0543415044174345
0.090625859056399
0.0441129458334205
0.0477964007609796
0.0444242713922275
0.0611742006959349
0.023969071377351
0.0230119942347092
0.0694968967648653
0.0688157825335045
0.063623208042966
0.0573065515756096
0.0576853028713877
0.0372168417493136
0.069516572475836
0.0476064223066426
0.0675198476027485
0.0354282379914037
0.063245022139831
0.0421526905420365
0.0531160634305142
0.0631726035895515
0.0842741717423753
0.0289792726126644
0.0633350338025111
0.0575392955795336
0.058573189543519
0.0642401447154281
0.0691928252269862
0.0440834960471796
0.0348594855142283
0.0621594307451005
0.0555888035855526
0.0752273257390709
0.0663830542320921
0.0689404559982265
0.0443129138423336
0.0628374408125862
0.0469072145908004
0.0393460616502525
0.035966990027515
0.0573930752681707
0.0400125145779005
0.059260321137512
0.0478912324753726
0.0513190568910216
0.0524087924469466
0.0484222453381375
0.0461555750088666
0.0495508630703156
0.0593469820141739
0.11249713537984
0.0514301814131707
0.0430001903748972
0.0394334471642464
0.0351316290476003
0.0282814830895762
0.0951643898206743
0.0567849402503658
0.0419130913156961
0.058333370124446
0.048081837191811
0.0765796541806588
0.0815303050746858
0.0438712821822208
0.0639845579343189
0.055776848639551
0.0405222067780664
0.0393937443339124
0.0486352984277176
0.0413660249301141
0.0219703277236012
0.0636955338454385
0.0352662578450748
0.0204424870314804
0.0347177929290399
0.0410020648317912
0.0653778890264948
0.0708724798068692
0.0342432148219787
0.0471150521573682
0.0485908909002615
0.0678603869516199
0.0650794061029893
0.0607301697917838
0.0765896019879958
0.0445854372548537
0.0268336280044954
0.0337572373669296
0.0380326623276132
0.071638417111132
0.0958719349043454
0.0520244855970242
0.0658485124251233
0.0544966661084322
0.0604035059062267
0.057209655842225
0.0303042269145696
0.0769517961325706
0.0401500971075801
0.05102776765389
0.0295065054750754
0.0400154652121718
0.041798573130737
0.0907711376829029
0.0423842925060787
0.060502774405389
0.062869744323085
0.0470030077229912
0.0679585012869698
0.0538400031556139
0.057764774265217
0.0535967580079379
0.0661483532917925
0.0514331397260607
0.0812631278957873
0.0502280097649902
0.0753531554840172
0.0115834025753741
0.0426926257679296
0.0187652126540727
0.0687091072293644
0.0414289129304403
0.0602877958458384
0.0354371084905952
0.0650038410171761
0.0709045898790247
0.0529535736050565
0.080015592672054
0.0558282247473644
0.0641428461573827
0.0640975227727752
0.0266110691633247
0.0734415126413309
0.0864492499614552
0.0794276494853985
0.0695710323716472
0.0825728363107773
0.0663775833566701
0.0495185571181723
0.0822713271804622
0.0651022312812777
0.0398920088256096
0.0624536383954771
0.0939600375719339
0.0495075130455478
0.0619164413186586
0.0348950962187767
0.0629520105192273
0.0591084910030657
0.0523089360134613
0.0577419631189079
0.048412997237634
0.072154953537418
0.0428098206627367
0.0718466606238839
0.0524553737685204
0.0259585190111722
0.068988035672063
0.0605613416950593
0.0492692693912923
0.0927737249112418
0.0480820084450808
0.0581397455831799
0.0349882334651653
0.0369546221876004
0.0556784601828163
0.0780789436940077
0.0333364095653863
0.0978384272536144
0.0268902542736521
0.0456652447195294
0.050230176959336
0.0767756860198866
0.0500717973934112
0.0270336462449727
0.0448475887647673
0.0515231574070281
0.0895329154087279
0.0395880998309705
0.0638061539264354
0.0632012249539841
0.0614428611219142
0.0746948422240443
0.045870718420058
0.068917126071013
0.0566276404505943
0.0573229642794837
0.0371085779079554
0.0362337127911043
0.0631512374626656
0.036551154217488
0.0443580820345325
0.0668187544379621
0.0925221497939862
0.0555951293025231
0.0943102291212972
0.0375129890485029
0.0549395234566675
0.0156349315424879
0.0282212411562884
0.0535653765378605
0.0336735440889196
0.0559884405158935
0.0516045904693483
0.0397200741804049
0.0443611685636625
0.0373840455992694
0.0415428825322743
0.0989041604539783
0.0775303546146032
0.0463802815634965
0.0271324595498239
0.0365013308968733
0.0340085717417096
0.0532287979792517
0.0627427419094087
0.0711825679182013
0.0748367005214433
0.0538619123772789
0.0615071028931139
0.0458283533928914
0.0792688304995638
0.0377266700921859
0.0626650433951588
0.0564742915056027
0.0407542941577024
0.0648057153065339
0.0258364104133488
0.0354042026914418
0.088394959822958
0.0389075230673844
0.0746413984245254
0.079093090455451
0.0528806819188577
0.0354320655124062
0.0490713369096989
0.0575658377472996
0.0722724399844949
0.0505162712636228
0.0339415977443897
0.0535152484876481
0.0338504914250728
0.0816411840682267
0.0624116227746704
0.0573242404540877
0.0617482028588277
0.0439856956636827
0.0357444958143324
0.0256464686371085
0.039539195121856
0.0494014437419285
0.0249606253159901
0.115316131196469
0.0495336755261491
0.0467560448856682
0.0602225665448437
0.0884406836769839
0.0481937743174803
0.0419836514143459
0.0542004269836604
0.0886100609887403
0.0511668116843918
0.0472567131103644
0.0620729138920401
0.0608294193601521
0.0607753283980017
0.0269369543646089
0.0769726493829258
0.0330154890130295
0.0435667912701
0.0475207424100637
0.0222996955546782
0.0491712017024302
0.0742926972399692
0.0134478444740843
0.0296442563932778
0.0257474006468875
0.062531152019528
0.061481085689152
0.0516495382155094
0.058741940671247
0.0794946282506583
0.0417713312329082
0.0651737863595104
0.106138485180535
0.0552943704238794
0.0309874810250685
0.0450347272918632
0.0475111679043758
0.0508668184823579
0.0444932584297353
0.0536426443791803
0.042706968860245
0.0390397341979769
0.0670435862854858
0.0478235646927686
0.0534470990637061
0.0564761167101031
0.0641572750273612
0.0722314148347019
0.0685658264367061
0.0776838110623984
0.0463539091994069
0.0881917915000653
0.0385970255670305
0.048686697553786
0.0399580374351736
0.0372051917156596
0.0318154145782923
0.0484980602444458
0.0555727057935023
0.0848125282175752
0.0344711501152415
0.043695369201976
0.042638755694634
0.0136416669410452
0.0554367034231187
0.0264557745834854
0.0512292930773903
0.036978279800167
0.0538137173000456
0.0909092324718353
0.0691058173327066
0.0391768030679985
0.085643305843964
0.11197447140017
0.042334944824183
0.0698518897739744
0.0467762507138111
0.0666808030615608
0.0487161957352542
0.033968206982746
0.0392320313214768
0.0909597469877874
0.0708735922752851
0.0274233756202347
0.0802870062380359
0.0793949154755102
0.0495530324067101
0.0447076518718311
0.0369031873817348
0.0372279386705782
0.0616190273738016
0.0447625725940332
0.0661944283329747
0.0585478601335004
0.0575450909081071
0.0666231613628713
0.0630437255112428
0.0617740701319794
0.0422491481261075
0.0513162799805317
0.0452378679853889
0.0525746283791822
0.065027489418441
0.0712791543071044
0.0721063597343655
0.0708479037679754
0.056437592387746
0.0389109852800804
0.0600633246425046
0.0622942856724885
0.0396263622498184
0.031341548377207
0.0376770716448625
0.0430143145254485
0.0667093517257815
0.0392099830492936
0.0719107282716266
0.0673131698473995
0.039646622760262
0.084713244048241
0.0512936345065443
0.0791313077139475
0.0299914722134185
0.0706727169561399
0.0730087157753648
0.0626288739770243
0.050038168408435
0.0672565235072353
0.0379340149577603
0.0500966685382881
0.0368515606643506
0.0737954599297534
0.0573194584994998
0.0758361627406278
0.0414879781310812
0.0568459289549314
0.0899893825473883
0.0800066888433486
0.0671708143443754
0.0809298587344341
0.0572711495364466
0.0294553215698598
0.0706648200771463
0.0916658708098879
0.0800766035087964
0.0731860462791863
0.0630950684861254
0.055209924072167
0.0194743436408932
0.0480794955668394
0.0490470384692475
0.0338057589782365
0.0713455883158673
0.0613966140807799
0.0535987457158131
0.0555917891807939
0.10945020058018
0.0585258926840921
0.0561147370694321
0.064760736359405
0.0874162278887929
0.105032664387994
0.0668676316437084
0.0497464298608316
0.0594166351035249
0.0277714581331396
0.0634014209082403
0.0399062944750223
0.0470688635753467
0.0632636141555897
0.0914166302005286
0.0753330639649829
0.0688419025734189
0.0350287546273027
0.0838464214459345
0.0360806282301242
0.032776698834371
0.0381161283869323
0.0934418609480788
0.0754282538774139
0.0647358851553135
0.0592159635865479
0.0804396023223793
0.0600542364716366
0.0466049271962327
0.0648794493716294
0.0356987177104639
0.0811768858348768
0.0503457567665374
0.0632465304144429
0.0291993873859547
0.0637481787204
0.0417797346475118
0.0460360242109363
0.0458268843370057
0.101161237474634
0.0617948914212672
0.0463461692837312
0.0471788422799074
0.0425819399648091
0.0450042604408524
0.0799153236309022
0.0266067165034351
0.0274147105416696
0.0662273533056775
0.0290276406137203
0.064271379475549
0.0481282301735142
0.0592897387279396
0.0411449538652229
0.042984825877329
0.0716891704378495
0.0750647824581753
0.0878726863668848
0.0678567056423351
0.0417981967493781
0.0859432614903508
0.0481932210390373
0.107316821387494
0.0701503871606952
0.0744678393239926
0.0771013466766041
0.0631829586830166
0.0779921496468063
0.0424391938027911
0.0675791804014649
0.0489533211309568
0.0548736385164137
0.0765685983277253
0.0565796262386117
0.0620526197993165
0.0328452933500472
0.0367286031271051
0.0337831963657355
0.0628513246366147
0.042832324553526
0.0621708117739152
0.070974114219699
0.0524451329853846
0.0616826867802982
0.062330554286933
0.0638021030267286
0.0508240616582291
0.0623219683940774
0.0629603601310948
0.0698116873416218
0.0678531210725224
0.0878545122089581
0.0454487870894876
0.0554912780560912
0.0452832770292665
0.0891935768895517
0.0422041216817441
0.112662207503544
0.0474073350897022
0.0460958608660194
0.0825606064480556
0.0430422433167094
0.056441508114431
0.0617862184801004
0.0847547770607514
0.0647533118431542
0.140104843717045
0.0719964745871678
0.0712452612773937
0.0480235710194451
0.0313075360558117
0.0752593856805653
0.0233775533993201
0.0510425880570838
0.0462611529729441
0.0490794684472942
0.053722448318124
0.0779669240711676
0.0336773405115875
0.0677026552285883
0.0401230659105848
0.0276423946640556
0.0165261207971451
0.0679664196004851
0.0990059289445025
0.0605689715997802
0.0763733681438464
0.053366412677679
0.039359737821184
0.0294724119315724
0.0485037203064377
0.0463771811855639
0.0697322127280203
0.103686704862247
0.0565251069460936
0.0405023436661411
0.0607597218802589
0.056187883661915
0.0715271143292497
0.0489524422915052
0.0456955952467257
0.0561836610477318
0.0375562664774498
0.0402836259318211
0.0434020232888836
0.0576780183649136
0.0406754155065249
0.0369216388043031
0.0794417213412714
0.0498380751591132
0.0876465597277172
0.0295468469546943
0.0383117863676708
0.0255374351045695
0.0596394740340791
0.0789030218610288
0.101290858886202
0.0525696379116076
0.0523117448678375
0.0650443973807339
0.0715099413840911
0.0619000957833097
0.0691498536186271
0.0550505488388339
0.0447130130167299
0.0686301046656714
0.0605549510647202
0.0589253355960997
0.0432093297919452
0.0352365122073341
0.0487606943609181
0.109134105168902
0.0629005907797625
0.0376427521310968
0.0663393696588107
0.0398429006160618
0.0269262402358764
0.0278703683898288
0.0586533719408182
0.0517320625118677
0.0471798242122722
0.0475107876059897
0.0344154918476594
0.0380108968323411
0.0397721490645654
0.0378215072957855
0.103520434334006
0.0527694873752357
0.0653668810825701
0.0494871136075489
0.0371145569493773
0.0699573052212399
0.0516380863935937
0.115450342715194
0.0377195264549386
0.0613390811926189
0.0361345218291254
0.0633476085933497
0.0755287943365903
0.0742152227034687
0.0842639172253156
0.039379201448118
0.0625051803906981
0.0812486247146196
0.0836609189740131
0.0379438273955895
0.0818421402500517
0.0609601100752653
0.0485275601857302
0.0411908667386081
0.0405202143255105
0.0559931538315234
0.0340788931044248
0.0246420641770009
0.0895465159341356
0.0731213645746695
0.0485570394801061
0.0784498505534771
0.0600498214094589
0.083326412942304
0.0593925996487553
0.0658108951721847
0.0478679363014721
0.0358985611993259
0.0797688705241515
0.0544406249685774
0.0986433672961396
0.0397155104241749
0.0698551816599943
0.0501529601422223
0.0607360925024388
0.0322826909373412
0.0622774392818815
0.0712544751512652
0.07615436218877
0.0736838639786447
0.0760400942056511
0.0756334083958854
0.0537174883139812
0.0327658693804355
0.146132069196581
0.0665649034345791
0.0492416527231404
0.0688577764859792
0.0697815220473455
0.0386665679381634
0.073134476115641
0.0840051817972106
0.0180070148648972
0.0332341524542231
0.0602286006444061
0.049351596033052
0.0662751762708345
0.0280167880785135
0.0531356705496455
0.0771738988793943
0.0855283786686377
0.0283936797451134
0.0425539845718477
0.0642499218310097
0.0251871774912471
0.0440528051740011
0.0909003012304127
0.0574364027362028
0.0806648408499503
0.0447991674728421
0.0515302138575448
0.0506545338241944
0.0276076712246494
0.0390438607841709
0.0656386950461548
0.0861041396526661
0.0425151858604859
0.0631774983377112
0.0633364692832702
0.0505527313725634
0.0639414040264046
0.0665507035899716
0.0532767758067568
0.0498458136270552
0.0442971079983032
0.0847246941791781
0.0653783850783616
0.0587155322394642
0.0650985224241954
0.0483079946056202
0.0691173828936817
0.0992384336076027
0.0598087806502555
0.0366384147657047
0.0177897360552292
0.031049346492942
0.0978396853767964
0.0544879475669173
0.0470038180512429
0.0918320244379129
0.0538439892969722
0.0570243389045422
0.0405713991202649
0.0559496626085907
0.107223001845385
0.0568398926203891
0.104940355652613
0.0704844644838168
0.026321457702908
0.0655315547424477
0.0545463052123174
0.0428579121524248
0.0591028691689847
0.0703988215737517
0.0323715157014232
0.0413485704918307
0.0521912543457635
0.0625491770946659
0.0381655582022764
0.0778239023296699
0.0489534448823683
0.0476829369694905
0.0968625966643284
0.0609684363597863
0.0740552367756048
0.0473066781824302
0.0484249902526896
0.0501166411710763
0.095127630730097
0.0727957210430925
0.0510096196885707
0.0464764629774461
0.0273756160839308
0.0183067896884631
0.0374700337840262
0.0460266663088553
0.0650660149448699
0.069823882357507
0.0827489998728898
0.0355117414531921
0.0425032978407761
0.083424539534528
0.0445570901150367
0.0576959175568903
0.0732107168993907
0.0407694027488258
0.0675764929545286
0.050747868089457
0.0877473319179292
0.0488623162189307
0.0263575557348198
0.0563339087960049
0.0257122363988322
0.0374971898615391
0.0543837212217898
0.0446571803397119
0.0544689899016374
0.0582113619898694
0.0588225750020737
0.0260506471014535
0.042254325590633
0.08271311582072
0.0611113569559305
0.0456117061108848
0.0801534467399118
0.0323954219912129
0.0453501197613299
0.0644357893479626
0.0293714921095897
0.0461314524594647
0.0590357476957986
0.0419305667396138
0.0373474012244351
0.0358073480682626
0.0620324509901292
0.0390642120653551
0.038607597571573
0.042984020046146
0.0743819644269966
0.0550126482763364
0.0469754639087734
0.0499768955738723
0.076880001524336
0.0596503775269489
0.0251841520246063
0.0920765879408773
0.0513719459458793
0.0366698332029826
0.0702275226512755
0.0466985928385841
0.0706113801031853
0.0869580401712429
0.0495551609159269
0.0805061938437983
0.0620635660620351
0.0454749299863394
0.0214646885490598
0.0510636934242601
0.0635628534065908
0.0417283878584879
0.0430198244636928
0.0456648239887596
0.0456722305606693
0.0331412260402716
0.0221922071439229
0.0834398640686599
0.0862659718562174
0.0708625070205792
0.0706204581604449
0.0681503739052043
0.030046701426173
0.0406450524507656
0.026696557443817
0.0279277589911391
0.0545926657449139
0.0658227330880745
0.0413586851943451
0.038747251392032
0.0486911871353337
0.0345271853858487
0.041132049386573
0.0273041182478196
0.0695954277332843
0.0476477175232673
0.052183407675254
0.0483890649374377
0.0570253514493458
0.0456149084190157
0.0502474893911428
0.0415124191432765
0.045789751208512
0.0434201876687099
0.0677057762036291
0.0566140273525328
0.073558800297732
0.0403350015807244
0.0575928839486009
0.0692058336470489
0.0749820927076762
0.0452527938839268
0.0289536145962231
0.0857400174943228
0.050703720618096
0.036378023955086
0.049796351425731
0.0698660767555522
0.0458644600065376
0.0454922060932394
0.0528326218181702
0.0349733607370587
0.0680881276172073
0.026960733838939
0.0382085169396809
0.0357233778410062
0.0524762269415905
0.0455386198458217
0.0286195065857929
0.0462842200986617
0.055051637026443
0.0474320256318063
0.0710182181715228
0.0488565652051349
0.0489284570130363
0.0302641828321961
0.0414131893639881
0.0499797625423259
0.0253235782873018
0.0651788057256961
0.0386751991863276
0.042511074696923
0.0661549068393015
0.0621632729688647
0.0744470826188657
0.0373800931860212
0.0315992115204174
0.0596874872479572
0.0398819819899863
0.090283047143593
0.0714754589739558
0.0497428812209495
0.0775022692239084
0.0442582453622152
0.0693106814099615
0.0383504066659524
0.048289405501059
0.0554969930480532
0.0274962688367554
0.0433490987231957
0.0449961137272129
0.0454216244393634
0.0291905740473745
0.0473748886703425
0.0545220004435987
0.0390797618776088
0.0363210771869584
0.0694926344536854
0.0144943685690752
0.0645976969896785
0.0788769571810912
0.0415928446617079
0.0346446920325076
0.0319449960234753
0.0221785465182381
0.0307533408487341
0.0519011284522995
0.0413908809405239
0.043957603216341
0.086317972574715
0.0551783893448016
0.0789496614959062
0.082303254781411
0.0304510298860366
0.0492578863523817
0.052234080680242
0.0482195039440121
0.0569040006766127
0.104091895261013
0.0653133439511275
0.0667476129347236
0.0425230460795439
0.0332881299550001
0.0643886056202974
0.054847639490176
0.0480057246455623
0.0344118293799144
0.0889155260298649
0.0482831724292822
0.0778788043773444
0.0504211661664158
0.040896472844226
0.103326803772198
0.0610265571731784
0.0515443761174737
0.0629022860031577
0.0588600151004185
0.0698975687156245
0.0622696673674278
0.02788819712128
0.054198464598907
0.068996714960446
0.0512513059150879
0.0453590616668809
0.0803427465181573
0.0864631321775253
0.0392582358238789
0.0604765116265412
0.0468245261504375
0.0345493265568664
0.0457986218699073
0.076003184140868
0.0495224572806809
0.0302170256224507
0.055282244961855
0.0329693349730347
0.0750377746838356
0.0988853157596383
0.0663203062693399
0.0612439419324194
0.0257698891595787
0.0698053735845977
0.0335388012857647
0.0250082937244844
0.0581684302660954
0.0634181261143056
0.0572329068762711
0.0748526701927416
0.0624918713340853
0.0358917678631875
0.0602766289697017
0.0620685979064772
0.048999376712438
0.0665834716762543
0.0382163726040314
0.0357939889912487
0.0514734470739552
0.0477753052967125
0.0300846424879457
0.01496924256777
0.0515034172570585
0.0775451382113135
0.090047842362835
0.0467620974681575
0.0442527310705001
0.0730327014940468
0.0238618532706773
0.0684409600121943
0.0507078654716125
0.0426732434338016
0.072735464135657
0.0247673307298316
0.067378030328975
0.0546783345545589
0.0510787432187042
0.0364457947817883
0.018813929166233
0.0174044558857182
0.0322514344153085
0.069170232547408
0.032258961515747
0.0451132988593298
0.0517127392103004
0.0475391262344822
0.0400922682012845
0.0663013657236275
0.0252060529105174
0.0524573950620145
0.0686480258135279
0.0678867891783346
0.0667194582318843
0.0581904349712285
0.0466647713733621
0.051842732935751
0.045667585559815
0.061791329199012
0.0579025415704629
0.0677052946788777
0.0786415865388491
0.0483454606016189
0.0568657051101225
0.0393534288527004
0.0583066640052892
0.0168575169020022
0.0852646192424201
0.0877701336849018
0.106544940969897
0.0551458541223952
0.0552959051283338
0.047601904007167
0.0670137548132075
0.0621982549612907
0.0495376721022693
0.0744859452654232
0.0576309386372679
0.0267347011801531
0.0658684193652598
0.0421983216562204
0.0682664167671233
0.0799904902695159
0.0637643416926069
0.0878413430492672
0.0551492791626451
0.0272485715400948
0.066193244152999
0.054399257268826
0.0694516092285727
0.0656159353070188
0.041874365018704
0.0503324387187143
0.0555815851564167
0.060931350535203
0.0270015946105777
0.0839394275075204
0.080908820482093
0.0999077205273886
0.0595931819000223
0.100598701771287
0.0413298765775825
0.0606363365084108
0.0329269498980816
0.0575953802504332
0.0698730705785726
0.0457942857513772
0.0618656392945931
0.0577935183777343
0.0702726322216387
0.0499080916342423
0.0830392180996967
0.0795191740315536
0.0920696231122569
0.0559486229152919
0.0766081120533479
0.0584432706047684
0.0238127966352423
0.0390207744134957
0.0397534171820943
0.0623429997191318
0.074986837445439
0.0628799540275451
0.0590706284392611
0.0654814424438
0.0339619459869539
0.121541757415912
0.0693245983937678
0.0519708413724664
0.0108545672888522
0.0745082613284109
0.0603621300415457
0.0670092710169576
0.0417004582448279
0.0658292092122795
0.0980396567244817
0.0553565615453667
0.0364791126595592
0.0482605729278076
0.0727765569341162
0.0559598739144915
0.0540271538345832
0.0263249071290588
0.0769131861861926
0.0400616618114487
0.0476080986557666
0.0621501153931499
0.103868363353966
0.0525070973113471
0.0520236096799104
0.0599910760920022
0.0567374859480458
0.0523335523396985
0.0572018313703646
0.0562516576289243
0.0694408009904778
0.0532575525871056
0.0777421436854416
0.0635881575167558
0.0208734551764367
0.051138041605477
0.0497883243449944
0.0278339368259986
0.0747463572010638
0.0657605989770592
0.0612727221451925
0.0469475153057941
0.0477563606853941
0.0711144867811208
0.0546762207365436
0.0512471100294828
0.0290224418240568
0.0804538141544574
0.0393588947936492
0.0556683824566472
0.051473110247906
0.0282855161294577
0.0682589989226803
0.0797469497235986
0.0297728059667735
0.0254484280813446
0.0387634985881089
0.0489353653853471
0.0612509516602133
0.0573324848645613
0.0359081037485537
0.06707321831277
0.0554029194243628
0.080320702905591
0.0483174749877554
0.042841634057516
0.0523263382344435
0.0175290714873176
0.0669073821162059
0.047849879260063
0.0735952715603689
0.0261072572807125
0.0372115403435355
0.0933680582433224
0.087506891975708
0.0824039222245204
0.0581846371216271
0.0848842880829678
0.0784168828310363
0.0454651157181989
0.0594129736905026
0.127177329324787
0.0458543680447345
0.0635756939878932
0.0543707846989765
0.0484419985898918
0.0383873371536613
0.0612605155508939
0.0293623142624185
0.0514544871389979
0.114536593121798
0.0334975186274349
0.0931427028855498
0.0500679885036789
0.0637583697279119
0.0493336219256705
0.0495663528864179
0.0525897388385842
0.0764722523450501
0.0471560709884392
0.0276661816288553
0.0964816825233831
0.00986057644315957
0.0402040561325421
0.0685022762236932
0.0709998031141007
0.0612994484593104
0.0534388909654598
0.0498088098896949
0.0466594711817477
0.0548955317830037
0.0398836238763673
0.0668790586459046
0.0570329464945327
0.0468151153437097
0.0388859354534503
0.0413909692050869
0.0900764808777109
0.0304657917964016
0.0472971524010421
0.0543426030376418
0.0420527576080151
0.0649445007796647
0.0816046647218821
0.0575891961682764
0.0237276027156691
0.08080187054447
0.0708455432335819
0.0613130409668886
0.0299733853353451
0.0365126757596504
0.0577436700199249
0.0614936964917303
0.0337555634800305
0.0586129997986381
0.0650211287405503
0.0574030274305451
0.0655502784618504
0.0480710847427751
0.0651629477741455
0.0420338338085332
0.0529549835702815
0.0616901072058343
0.0895590176077066
0.0724403514140315
0.0902173634864317
0.0683244751958376
0.0421668587707391
0.0552632862668324
0.0567923385680325
0.0621844787877356
0.0648884145562872
0.0465175544399619
0.0875007937743496
0.0684036173328829
0.0404604492225498
0.0965154094730424
0.0800429772254745
0.0685838846009907
0.0452271548047777
0.065575971024237
0.05409761579039
0.0510797949978406
0.0735363270184881
0.124297531576806
0.0650850766597361
0.0774731921750432
0.0770090322285695
0.0438846434718581
0.0671140777326583
0.0545498699152565
0.054981405822196
0.0647489889765567
0.0543924157412249
0.037373332722072
0.0706219051720032
0.0830772400982834
0.0567043190780842
0.0512293289072923
0.0396804165234741
0.063558094677875
0.0403015627400258
0.0389994554365485
0.0636024796717344
0.0529742632860075
0.0706388086617551
0.0416615659029877
0.0737546533378425
0.0336724051010475
0.0565907107640459
0.0548961619613402
0.037997577743989
0.0165317592343153
0.0768154645978458
0.0847874325198873
0.0460676799419369
0.0279544291778434
0.0827778464367831
0.0444120595133154
0.028093249654004
0.0630894922016038
0.0581039970580643
0.0794765074668716
0.0750640592321243
0.0644224025420325
0.0292436341810156
0.0504724826929526
0.0427116532852281
0.0536270734312898
0.0620105304944803
0.106292658066163
0.0772318184484073
0.0616618407471572
0.0288670802600292
0.101536927229576
0.039576129177139
0.0724816174555316
0.0480629849378067
0.0154188085336501
0.0648790963346384
0.0667629901941478
0.0494719400407862
0.0784240066374909
0.0281427948315633
0.0635563207967633
0.0463499344742662
0.0599546952477108
0.0410481335750061
0.0783769107602261
0.0537458295212099
0.0343484775609392
0.0446831131737854
0.0920285110372557
0.0379286110233217
0.047533498862288
0.064197616605337
0.0466354565188506
0.0315495275039237
0.057955710085337
0.0563958404401124
0.0620043659481602
0.0494934819439338
0.0814828892607886
0.0507155745471846
0.0585498445074713
0.0712717885164775
0.0761182561800623
0.0651074745437249
0.0543883369006155
0.0438251537170098
0.0669342691798814
0.0319940968298445
0.0341386715580364
0.0380359378384701
0.0511626381119084
0.0892715715093963
0.0583114049230933
0.0638942129441464
0.0518099552771221
0.0686082390799364
0.0385410610047947
0.0230782036676533
0.068586011275866
0.046387165497575
0.0738212695397606
0.0718883061634628
0.0379526718393446
0.0396247648928032
0.0446016342374944
0.0498704291021036
0.0603681608861216
0.0559413896435891
0.0703067910414166
0.0462417013275292
0.0455497590695698
0.0689096069823947
0.0441415621546434
0.0515911536140277
0.0779593624928374
0.0380038602984201
0.0675362289718971
0.0882938575543231
0.0640569039346486
0.0418898755832589
0.0878622646078554
0.0269753577147039
0.0459296277064642
0.0197548656907377
0.0480949866930804
0.0512974405790995
0.104763349321558
0.0359401370669182
0.0415651318738538
0.0847544874381389
0.0389234640646305
0.0450866977214249
0.0532385550470344
0.0679882050894771
0.0635922517645774
0.0505717177501493
0.0734219472200424
0.0249477015797821
0.0483081808023499
0.0710471997000204
0.0439043416790668
0.0271377806992994
0.0675740391157973
0.0675735691590503
0.0540188791832264
0.0399739890210596
0.0500494942964952
0.0539389201934687
0.0424647634069751
0.040442208124952
0.0640574634995313
0.0402576355802808
0.0487552885968736
0.0649083130523831
0.0454433627751462
0.0559955107310023
0.045336610374399
0.0768184124070881
0.0351637053716228
0.0667969459287173
0.0573790345585646
0.032866302428185
0.106287003906338
0.027563858739775
0.0784667718074775
0.0528126261533027
0.0316482329740882
0.0547918608079256
0.0652505566473937
0.0746135000699694
0.0538582751261097
0.0289947780369573
0.0639075384501364
0.104910797081199
0.0557946888696754
0.0392588966950876
0.0660759278672051
0.0163684317459771
0.0485763913769958
0.0599550597392017
0.0920354768250455
0.0562395158573748
0.0944865475689877
0.0420656316860771
0.105202266232176
0.0437879110693366
0.0401775010088273
0.038518730873107
0.078184293475631
0.051751290280982
0.0391097085333433
0.0305385454069023
0.0540183115873464
0.117497361521811
0.0336755828309877
0.0336404794861224
0.0801927273456971
0.0322232853495335
0.0612360008999703
0.111833497007337
0.0382707165459301
0.0317047095315043
0.0417919943607514
0.0486762042002379
0.0623074311809424
0.060349909256087
0.0505893187118808
0.0692094293637545
0.0541760006430346
0.0727719333783597
0.043023050461294
0.0634091126981527
0.100480771685636
0.0265508329436192
0.0599556135275149
0.0508338411743041
0.0839348354136675
0.0129853147026848
0.0635566035541606
0.0958800998543562
0.0466085446955469
0.0477073139099891
0.0783153961000043
0.0988185688919562
0.0654875911427152
0.0638770663455278
0.0627255067204273
0.0471412512647615
0.0592995347471938
0.0403237521916845
0.0545504945374309
0.0572190767511223
0.0418282441721396
0.0788238060966657
0.0482655644284626
0.0506843183297297
0.0555320652245418
0.0832940849742837
0.0508512410176176
0.0362615651396742
0.0337568760396955
0.02229393677938
0.0274696983929525
0.0727005373792854
0.0711427460032157
0.0505227215196916
0.0228451351167932
0.0603974430227323
0.0785845648945615
0.0942275530056741
0.0294759816591896
0.075564831149384
0.0636886471198051
0.0610405365643917
0.0307450404103702
0.0473494708636086
0.0450272611216385
0.0551077876756375
0.0978059946741783
0.0458812312858978
0.0536769285164421
0.0860943580506442
0.0437256218846972
0.0408259677600312
0.0310439941134071
0.0751932858614288
0.0784611242057399
0.0691273819058702
0.0907566361385051
0.0206614597825784
0.0529099207627919
0.039236118826078
0.0786919193808131
0.0624868351581576
0.0490783017718078
0.0353685659410982
0.100225799313282
0.0416357213065795
0.0219096229143419
0.0483380682656288
0.0372257372829535
0.0649918351679343
0.0445831403882435
0.0591315154744253
0.107931420094891
0.0325267696994714
0.0539778034004448
0.0477117939094138
0.0891080318873762
0.0458671194357518
0.0605899495221027
0.0491856314625935
0.0452300131306294
0.0614490411950734
0.0364699963216781
0.0376477140761325
0.0383375959097398
0.079744555787087
0.0606374965721238
0.0494956295782431
0.0401081467236423
0.0443772915154976
0.0418528072158717
0.0641575109748755
0.0763554113112094
0.0963714771329708
0.0657150628459643
0.0518048806379855
0.0640352314770671
0.079325221159403
0.0765486192839246
0.0648097250510804
0.0381148932121295
0.0927630998670976
0.0667442608641615
0.0642994452374984
0.0505175970584815
0.0679169437457828
0.0623400090415922
0.036191903885245
0.0360382302007837
0.0689726057906374
0.0889336116112753
0.0281142428559599
0.0707166079329441
0.0520547202681881
0.0607264955952409
0.0403862516646423
0.0496917392966716
0.0408593342274613
0.0472807895024193
0.0216506795232998
0.0351998262937644
0.0736927029635905
0.0993519358198219
0.0547239634415322
0.0567658160010569
0.0584511254528103
0.0225181316021312
0.031384711595542
0.0413873414936533
0.0569338374162922
0.0479182208795328
0.0501356342313403
0.0547248076571275
0.0515777457688047
0.0258559247366531
0.0606604349129629
0.059972822427742
0.0493157695387668
0.0660415460686956
0.0722457759961476
0.0413198791523147
0.0694663087276939
0.0311497675056706
0.0545953595922235
0.0755850858249495
0.0725267706976344
0.0314998413370898
0.075760642805357
0.0703786113102041
0.0622945327847891
0.0314858600139207
0.0621400372597597
0.0775927764111023
0.0578995226679767
0.049719281109665
0.0563711614253306
0.047727895205715
0.0219381494972663
0.127607431808274
0.0692505508003544
0.073805117302207
0.0762406069367585
0.0579936398263849
0.0253056664694769
0.0672774320076859
0.065923011500425
0.0590811807824573
0.06159084455322
0.0716670392521279
0.0530805430297671
0.0253540514684007
0.0400921146689665
0.0557662531580556
0.0873575605389878
0.0306525285514981
0.0793246279400416
0.0723743218424953
0.0661782748762435
0.0611545771621403
0.0453958121848326
0.0603821081597113
0.0406146943434942
0.0674917482480931
0.0377705464741735
0.0703419821469795
0.0572696194050066
0.05064531745473
0.0489324284584971
0.0512689789058456
0.0280391375220163
0.0993674421644992
0.0410502366654292
0.0536415289927036
0.0293522348189722
0.0519284457992707
0.0667785533649092
0.0666135599567598
0.0774328169348438
0.0503188803461976
0.0460263472377745
0.0402808086051187
0.0301088583006
0.0658543723718807
0.0791950225536774
0.0633529757761362
0.0701893106637657
0.115737565911148
0.0695215103939008
0.0258870216572769
0.0400284143826492
0.042354624744227
0.0669261221706148
0.0395634134560446
0.0499081050335349
0.0717271701551192
0.0563955224486297
0.0522250046353723
0.0557934515525027
0.0470988714063979
0.0741944488297383
0.031378520240072
0.0573747110866968
0.0837222348978182
0.0736981587167056
0.0381310495202275
0.0669205168620433
0.0390391641316201
0.0616556792549323
0.0491450344570008
0.0484826600940347
0.0483737482876799
0.0558740356765859
0.0445601038929881
0.0773417897159914
0.0475209552551308
0.0694623141392289
0.0291160613164577
0.0391597743092042
0.0641034398628287
0.0771485751279693
0.0416496309186168
0.0617004185112428
0.0572214454202525
0.0524092305191168
0.0789884226024019
0.0681265307729772
0.0348375962677076
0.0445070202372401
0.0773701102110195
0.084297612736722
0.0546488181604259
0.0667320371198113
0.0486571537997508
0.0758040931189664
0.0229837847807513
0.0434445716218943
0.0910679705214395
0.0438278994061972
0.0537272934272536
0.0529451296404716
0.0526276021462794
0.0770431169537458
0.0677392895126102
0.0725341970267089
0.0604574691183758
0.0519241673595293
0.0244461972441862
0.0537633782039369
0.0744959918043297
0.0485588951162895
0.0570877179873752
0.0471149783348805
0.0683099171742851
0.0840925190066734
0.0762126930499099
0.0850393028385059
0.0325303976210636
0.0321278060318456
0.0137112270803755
0.0260937915366757
0.0757059190953679
0.0577549287122353
0.0661139990234351
0.0850785603940593
0.0707464725991812
0.061817428813592
0.0550134300420438
0.0550356724756924
0.0758185939633897
0.0475059971299471
0.0206875941327373
0.038764013536513
0.0616981441698291
0.0380110032886674
0.0903303914466442
0.0499098676636166
0.0397609041451542
0.0232536693646614
0.040837243809822
0.0614974279385089
0.0227074864133968
0.048489262701771
0.0542450695301498
0.0629445708650832
0.0566300555974842
0.0416672290423313
0.0575328516678071
0.0549008044910829
0.0351352836785573
0.0441119757282369
0.0432320944666273
0.108362868971274
0.0547377993063673
0.0830367488489588
0.053190065241843
0.0198821350993796
0.036801057547768
0.0654985364538553
0.0539109422867845
0.0563320841070502
0.0517403575226133
0.0582376403188284
0.05185926313763
0.0418562092351186
0.0341980109392852
0.0524211232093545
0.0449100300497035
0.0323682173796038
0.0629566083983136
0.100101186966126
0.0559722151256028
0.089373100252906
0.0391354512050646
0.0463137133829053
0.0449857897588961
0.0547081224135264
0.0289352438186992
0.0404393796216529
0.0673310959363417
0.0846036025861645
0.0833920837745722
0.0512324047077344
0.0398655141729028
0.0608240501648262
0.046649195213606
0.070111662674687
0.0425149585298978
0.05448412572874
0.0270610081859975
0.115302803422132
0.0431819603708316
0.0711514191425906
0.0983258630880604
0.0537369513087502
0.0239294299662179
0.0774369498047567
0.0797450912031473
0.0695476922951873
0.0493225192671102
0.0672712583424585
0.0746110596242068
0.0610076129833553
0.0723697006397914
0.0373916653395322
0.0831632673748862
0.0395010982881279
0.0645002495175292
0.0669525165165736
0.0617620323916454
0.0724946447452091
0.0565755040339591
0.0216827757534692
0.0583790506497376
0.0733567580060655
0.0558485631010599
0.0363760453917393
0.0364240910370646
0.0558437862321638
0.051574633086668
0.102259622471472
0.0747181464983954
0.0462173741452415
0.0463908288249489
0.0615193018839788
0.045942589547145
0.0602851570140604
0.0603606750160028
0.0619207653870428
0.052941454942803
0.0378205918991388
0.0763423086392067
0.0452789202445851
0.0682173094343515
0.0750193909013562
0.0572301081062085
0.0227612503610621
0.0664745979668009
0.0662772406101774
0.0562014245825892
0.0294688269224136
0.0359539901769416
0.0576694313055019
0.0447968376913196
0.0554448483340323
0.0832357387803905
0.0284685911874401
0.0707846686110968
0.0242202119829116
0.045842648024042
0.0400208233899761
0.0350055924135797
0.0689284594112422
0.0447418343199163
0.0507405036052173
0.0237977587322882
0.0836980157139165
0.0674609644772358
0.0246842866992491
0.0404336626704871
0.029627641601822
0.0343653724979437
0.0672895497798029
0.0361804122887481
0.0465556914570689
0.0493823803375464
0.0641445755732214
0.0371390584661102
0.0837064591407862
0.0274969677712859
0.0232304503100872
0.0480873543213782
0.0479909821918211
0.0938976252985963
0.0901486294787201
0.0629874096284944
0.0889689232325882
0.0518037636217143
0.0558124265823789
0.0733824395643112
0.0395391298123116
0.0974349345952737
0.0702658722033862
0.0759007511845787
0.0621372271092659
0.0318708567843627
0.0379273064329603
0.0472512746450466
0.0501064981113267
0.0918431256133025
0.0527425933786815
0.0552120740949613
0.0310636193269137
0.0567170587157194
0.0632107827155529
0.0290092727638884
0.0516493770701544
0.0277577851427553
0.0495080082611947
0.0367210694035859
0.0357571534168762
0.0892281758771136
0.0372566024161312
0.0674701751972875
0.027752388563856
0.067704519005972
0.0511523293260365
0.0817940778969609
0.0659502858442659
0.0260033687497061
0.0502848184294131
0.0488928933751424
0.0438186233311024
0.0836463205371858
0.0548687795977177
0.0571201557327142
0.0544873704845198
0.0615883122186192
0.0850923957463923
0.0297032788478526
0.0780257456680532
0.0263051075382141
0.0573656594425973
0.0411667251933203
0.106240756294241
0.0701716362182045
0.0362747396891734
0.0597695457464021
0.0580993531161938
0.0462436302499655
0.0577777680347836
0.0468567767369007
0.08486838171019
0.048313637211314
0.0578985863364762
0.0643683676017551
0.0458924183628657
0.0204704782350544
0.0427538686014979
0.0660103168265299
0.064209901415636
0.024233204044093
0.0522739853646573
0.059579653948583
0.0389075395755359
0.045254980971398
0.0587915616285913
0.096263809039092
0.0349424337935225
0.0529499731988652
0.0546929679664221
0.0467772543138503
0.0466938919821083
0.0445806886725618
0.0414921563603342
0.0416910976288084
0.0517510777691187
0.0314845564207968
0.0433943164311304
0.0655687280649393
0.0503518171188742
0.0639426493010269
0.0904654558278775
0.041669134873138
0.089531543920687
0.0212755241201001
0.0541798633990275
0.049025998904944
0.0526980443561747
0.0877431342303773
0.066234522284498
0.0608417300463931
0.0360877340214947
0.0529565145446378
0.0580674141798787
0.0289100809374556
0.059899563333148
0.0434594629330561
0.0497240142911433
0.0742826856998981
0.107977634370123
0.0550993774076706
0.0595028433090021
0.0506896122586507
0.0501448570583826
0.0754438916932766
0.0689627883317197
0.0473997974527666
0.0668169349711404
0.0442792634579317
0.0423786272008717
0.0859177843730401
0.0249821285116539
0.0723507015994254
0.0188301842726766
0.0213925947156927
0.0446413545568448
0.050800041751732
0.0500793037445428
0.0609586754731005
0.0423589856521357
0.0619293725892912
0.0624175263962418
0.106161815111767
0.0673078899899782
0.0500724435184646
0.0745168527951996
0.0548642296993734
0.0854378066163143
0.0633138049624804
0.0440353916957513
0.0716100044131697
0.0803435988406926
0.0441169769044033
0.0551317807684809
0.0642343249955131
0.0858968806111819
0.102708039784283
0.0287163187502792
0.058618878160875
0.0666094432309066
0.0682892692078949
0.0629911585419872
0.0582368201574184
0.0748279691221321
0.0303394398183468
0.0655656616612031
0.0569835462237312
0.0469192009468332
0.0419563026128836
0.0600758219324547
0.0480059619671445
0.0573251264077795
0.0258518796204414
0.0718675399091952
0.0676504504932501
0.0492638093533968
0.0351621247170871
0.0629225502448184
0.0458210693261862
0.0948657224134709
0.0461051762590475
0.0506769315569821
0.0626783681059371
0.0480655971441272
0.0617517186359835
0.0557471966421807
0.0939587859317791
0.0255043139161081
0.0337819599010279
0.0113560566043525
0.0435347817157804
0.049276059262122
0.0759230753499464
0.0851873688737146
0.062314526463088
0.0782170108014767
0.0796075974930881
0.0604853833785467
0.0513710158515568
0.0464397544815099
0.0682542949798667
0.05085417039532
0.0270683637162558
0.0437849002802462
0.0591476891144989
0.0790042849390421
0.0885307887724113
0.0515561326424684
0.0504251406314317
0.0393235029737228
0.0536332901693805
0.0370709498448908
0.0463921196822776
0.0513213162254074
0.0372441276245444
0.0284748750655911
0.0989927896360258
0.0724044056420309
0.069323789495947
0.0499172456531654
0.0689040667901301
0.0973354839399038
0.0593831200053383
0.0524100926715403
0.0607417911399678
0.0563990319479893
0.0543099418602817
0.0369032428305847
0.05685994573129
0.0517426670661073
0.0537085499450354
0.0505365465751326
0.0400478122748334
0.0658096896691009
0.0671249658348533
0.0664872789403204
0.0776749582689118
0.0412959292492189
0.0487015524582696
0.0404357192263715
0.0745156532464922
0.0480066688977622
0.0506818623445727
0.0319112705537799
0.0692768128720873
0.0304723296775643
0.0474338861170543
0.0561901061824823
0.0297444897169709
0.0446798259850582
0.0586503198284906
0.0970302445716684
0.0398863743556858
0.0302690023820726
0.044457780405187
0.0622587209195833
0.0184572828757012
0.0392879507215146
0.0631835460953726
0.0668659754867744
0.0479841539230474
0.0414388286113973
0.0495651759370858
0.0494523134757292
0.070257121033027
0.0481157802371352
0.0419867385051566
0.0382799071412016
0.0356688553107694
0.112319235319173
0.0501413855918567
0.0396046197632531
0.0701150165799592
0.0461536825817555
0.0575416542661151
0.0671240827548682
0.026405563913292
0.0444975989206831
0.0506107262253962
0.107400843350528
0.0532826017700438
0.0879674578297455
0.0835927472431792
0.068484272579796
0.0355266706087577
0.0731044443153247
0.0834939048942251
0.0367825802101888
0.0661541993184815
0.033583101886606
0.0764433824576566
0.0929514797353314
0.0741866449255269
0.0769990650295179
0.0622706928250838
0.0635413320283171
0.0820076329295574
0.0781424073364293
0.035017298436685
0.0422897086619798
0.031397138018941
0.0479365367982766
0.0562301146736702
0.0471041874913592
0.0369381428164876
0.0800489127265734
0.0654112414716084
0.0582119837645065
0.0779168027135203
0.077644658465221
0.0281898895138412
0.0566937735914924
0.0544563936322251
0.0499886524644733
0.0877342340203749
0.0548095483050322
0.0450003584957505
0.0474006654048627
0.0539898149164378
0.112581666084479
0.0810274773775194
0.0628767409855633
0.0923226184893015
0.0542034562282463
0.0421253151251279
0.0685887081410073
0.0359247494508556
0.0373501260763101
0.0482491554963372
0.0920863710856859
0.0779271808086092
0.0533789486709765
0.0532410982605676
0.103508103857248
0.039530317303633
0.0775101061332174
0.024742659258965
0.0771665152406359
0.088702164269902
0.0696802538799069
0.0666894846192762
0.0485481869390409
0.0657631055303833
0.0718736553163681
0.072348193270068
0.0399121103442123
0.0461975898619266
0.0418096938446256
0.0533360796845964
0.0489225379607334
0.0719129021837543
0.0266180582821295
0.0718954427352754
0.0371008743259698
0.0191370809896777
0.0368746573798913
0.0671778711446434
0.0537578193658133
0.038220887535297
0.0803368463224988
0.0317696300386144
0.0876554663470456
0.0547124499020882
0.064945511472361
0.0629719365347972
0.0415862641763178
0.0734629073020677
0.0214294797219449
0.0744417651277394
0.0760461753342313
0.028440042165087
0.0705402377190498
0.0237317503925673
0.0220621328718559
0.0760422758006775
0.0339134746486435
0.0556192127248557
0.0436361097200306
0.0549707781276468
0.0348495258027056
0.026949726442943
0.0443807938305832
0.0386864533689719
0.0869248935342884
0.0652212852548619
0.114567850848068
0.0360397401979096
0.0637389451661592
0.0362800732668138
0.0390290108484491
0.0566725549895205
0.0211764345835155
0.0485057661282767
0.042091530017036
0.0292913921435917
0.0593004122359686
0.0724089916430101
0.0649345153521626
0.0626827353874585
0.0372377077326954
0.047542292329171
0.0476033005253219
0.0317691929983986
0.0914363730673361
0.0929613781064791
0.069537418156005
0.0596763853253842
0.070507304740987
0.0843529165195795
0.0422347548371812
0.0430733237332901
0.0739356596960133
0.0410183173168363
0.0518348103900754
0.0718581468778224
0.0421354615570143
0.0588373167471254
0.0374973621238204
0.046039993823607
0.0396826855103969
0.0667222476101332
0.0601142896320918
0.0561561642887792
0.0271692480462877
0.0339834285952181
0.0534902888100715
0.0635847547015871
0.061836064567824
0.0803488596219497
0.0684463392256393
0.0525242446353692
0.0366938218583849
0.0544123208580751
0.0594215200595083
0.0569839361306769
0.0356321549488488
0.0628098790081776
0.0973919561519244
0.0306002592779548
0.0213688421276616
0.0416586445285901
0.119386014084929
0.0384135684519167
0.0813665798628058
0.0136392193395695
0.0653359509621223
0.0535388599488376
0.0519561448055197
0.1126085735397
0.0579259227698199
0.064366974812388
0.0458556176073486
0.0865874132938709
0.0646253623686728
0.0273274596870379
0.0955569479843574
0.0722940160550625
0.0442230905775624
0.0884666140802967
0.0595741009197272
0.0744461836492786
0.0956145213670442
0.0838446294622609
0.0915420356798058
0.0567330333937454
0.05688775410329
0.0852000889794209
0.0710668549421633
0.0521335434809547
0.0437834429068295
0.0602108502759174
0.0516092446907792
0.0535062532234769
0.0444939353965085
0.0617424105660851
0.0664094249866903
0.0587518173147305
0.101065634669323
0.0589899897269727
0.0234098241028985
0.0525580778991667
0.0383257198157001
0.0558436296228371
0.111434002331683
0.090433952796628
0.0323186779868984
0.0770775747184402
0.0376227849336139
0.0555182809131148
0.115796115308276
0.0187753552535442
0.0425324935855736
0.0488002259700057
0.0299649200350459
0.0663368862703989
0.0350534538616418
0.0571517240043735
0.0334707692671513
0.0161267327261359
0.0659007063747581
0.0523808918380152
0.0421934029658779
0.0318129581399374
0.0842352835968199
0.0493394230273167
0.0942980078577736
0.0471775720325929
0.0341185580884316
0.0722741154760192
0.0532415651407222
0.0807981301873925
0.0873874260840565
0.0574735613068802
0.0678224999256319
0.0424404377005251
0.0559397868237821
0.0882622194829995
0.0363216536768143
0.0427057718298993
0.0334413755443384
0.0937477678568725
0.0650908277628086
0.047717483313809
0.10814124834284
0.0739655191492412
0.0836770759940043
0.0521094628080888
0.0803822010149837
0.0579047601994365
0.0249546845985803
0.0386426832375887
0.0679294858238983
0.0555690098111774
0.0684940049845536
0.0653180713674281
0.0216066811010438
0.0563282384662284
0.0627101953120735
0.076930594842101
0.0582477063939469
0.0458257363101871
0.0512832864489036
0.0525047815244118
0.045525091725594
0.0504464993873014
0.05865826331376
0.0591104608204845
0.0761672591373793
0.050126717549598
0.0538758829453202
0.0506065448520485
0.0403737707069175
0.0383957820990082
0.0877169584912141
0.101192937118861
0.0678736722682321
0.0898142465064648
0.0646037966815237
0.0439649259378047
0.0423831216624674
0.0843969939657586
0.0608762206064334
0.0742180350959848
0.0453849181720023
0.0744058644560194
0.054396167871462
0.0544246402139749
0.062872579655829
0.0431831346593909
0.0430941895461586
0.0496791522155018
0.0636065579399884
0.0598760779155795
0.0226021369381741
0.0662851478810299
0.067640283418108
0.0498306590314861
0.052857157057295
0.0605399858798117
0.0675437010244873
0.0297532817310127
0.0381874845930021
0.044570476431242
0.0213802115641691
0.0566906770004938
0.0434800971635812
0.0584608361102306
0.0454326466199997
0.0555021229991435
0.0234288401714295
0.0547079805119912
0.0968294337322381
0.0435518966077385
0.0501123323468414
0.0593846423439602
0.0508740565920774
0.0438252362544455
0.0340228251327683
0.0397782221990864
0.04615446718425
0.040860736432037
0.0523178924593093
0.0402423725581249
0.057434719109425
0.0570104118804994
0.0485891751324087
0.0351089920634516
0.0384990397523258
0.043618404829069
0.0592948904980722
0.0571972151254866
0.048923618037225
0.06238778048703
0.0294438491964319
0.0546045295729454
0.0647180983380769
0.0763590261601823
