0.0361459061985171
0.0218362894974383
0.0438252197795666
0.0312885787321761
0.0178664016523924
0.0397823660468818
0.0431511812705516
0.0506417964515473
0.0279805106370067
0.0297286098460641
0.0300909787481074
0.0325096713787449
0.0216769582429171
0.0227599873144549
0.0326921217556764
0.027536379962916
0.0313654085498577
0.0287901822566367
0.034725601194933
0.0202076355106907
0.0239036371741176
0.036136473008954
0.0360177247552563
0.0352133271698689
0.0311170047473173
0.0246498692381097
0.0384024896167747
0.0378564036969446
0.0482220402108016
0.0265811767126432
0.0381008731173351
0.0337763605757974
0.0252250019807836
0.0374866420905151
0.0195840571757117
0.0287016564106327
0.0384296584383162
0.0193564695901791
0.0336807678139546
0.0279996565457038
0.0294310327159888
0.0460115868183831
0.0242151293920654
0.0515145610315008
0.0277096500629659
0.0430076966046578
0.0336695098122975
0.0374243368745061
0.0321737559716783
0.0434513199083441
0.0386734456019503
0.0338174386148355
0.0264227027222072
0.0399655265461678
0.0158787089639802
0.0292639017301266
0.0360935862583453
0.0129279196770894
0.019107786461235
0.024458631058981
0.0240692317915474
0.0231044151712563
0.0441219220834774
0.0491648564164915
0.0412263865045088
0.0389825963556888
0.0283917187724559
0.0390456882749263
0.024880027046613
0.0314972708955464
0.0324967406914245
0.0444339469308437
0.037194423243176
0.0351918833362787
0.0240195698524384
0.0351085932708975
0.022626848482552
0.0371289516848259
0.0375752088565862
0.0304268108526795
0.0234827272274435
0.0297460645087303
0.0184769333788861
0.0196882392514452
0.0255852060253413
0.0464016575412744
0.0197172066797958
0.035846846836432
0.0337266748309213
0.0207892843285602
0.0248897221310167
0.0313763789347695
0.0190186216152836
0.030384602648874
0.0249730840313423
0.0305134058968227
0.0274650753470796
0.015242779544631
0.0241719490152839
0.0261370418337357
0.0236684313567373
0.0261737308017725
0.0203698662152457
0.0280741214564629
0.0321966668664153
0.0225373892717851
0.0312024664059548
0.0329264500606031
0.0167628490308285
0.0287610324446472
0.0377970464549147
0.0255897805324865
0.0407028949518978
0.0459223911007162
0.0381102194105225
0.0224412837950387
0.0319689012244787
0.0506625883378192
0.0215707820452456
0.027311017081642
0.0283576468745838
0.0195671971817644
0.0408578157631997
0.0205397207727034
0.0606418685929715
0.023423109764689
0.0423109325953928
0.0472600019023503
0.0310253143581092
0.0253076704817715
0.0380775131221824
0.0370953867631827
0.0534206412329479
0.0278944540975827
0.032335185724478
0.0192435526120589
0.0236313878604559
0.0420428786171622
0.0129353411324844
0.0272885283839098
0.0303551307684153
0.043093088259091
0.0259364021042747
0.0315378599599218
0.0466413172710007
0.0308451108964103
0.0320995308440461
0.0288014951396772
0.0355003673448561
0.0237410364913237
0.0209085372692553
0.0228405831059364
0.0247360893050532
0.0529596206818917
0.0258067729434023
0.0492524564484569
0.0222954860606455
0.0265172578201907
0.0257765983551281
0.0423991299960539
0.0249578674681689
0.0296245472809204
0.0338741296208769
0.0388344871939999
0.0237478745933812
0.030006391058197
0.0387201278031084
0.0400368952670676
0.0220857548055574
0.0264920756012142
0.0276775738799174
0.0241863842627363
0.0139197072751565
0.0446935475222273
0.0315358904862503
0.0318029790228358
0.0405260530245859
0.0290588100910036
0.0253227784946658
0.0372674662434666
0.0218607414924844
0.0238853953070801
0.0350113849231304
0.0370719807004861
0.0226440265813682
0.0207083260109164
0.0237371247766932
0.0315274922741751
0.0244485653003358
0.028940268568164
0.0358663134791751
0.0249327577727022
0.0211656531519618
0.0421574121729839
0.0339132351084869
0.0367877995771901
0.0290490519588697
0.0290356563487759
0.0283947908920245
0.0318518607742811
0.0262755760283916
0.0288902696065087
0.0379702993721857
0.0315251758568723
0.018232552941822
0.024449839011679
0.0504795934054562
0.0312599307831146
0.0228722679249546
0.0434774566210354
0.0406862133741712
0.0298688802563372
0.03168047649734
0.0490355488545971
0.0405306601396021
0.0365351834341284
0.027720430644643
0.0412718851593019
0.0398212971885329
0.0118136820338508
0.0268055302690925
0.0240687545268526
0.0524598959166904
0.0315208824635555
0.0228262802144797
0.0278981814744299
0.0281839797033788
0.0241735403210939
0.0229975748803984
0.0349519099782123
0.0265240417711879
0.0281778718838504
0.0269594630825669
0.0403561747842403
0.0297689147782426
0.0351513327562581
0.0395528045756013
0.0272173957449133
0.0281646179338361
0.0241601251607006
0.0455268120051341
0.0209990320654476
0.0277768817974106
0.0348518815940349
0.0416186078931021
0.0308637222123949
0.0407900255310294
0.0285078030651162
0.018358842736197
0.0175467085250231
0.0312509129224417
0.0276863182915023
0.0242591050074842
0.0337165293758933
0.0306474524388073
0.0346237467050231
0.0216508721245676
0.0203689513379144
0.0357653311855037
0.0234256508598173
0.0490850512455165
0.0276165294891153
0.0233033198552675
0.044934143316612
0.0260802626310894
0.0275567345431217
0.0299290376551097
0.0397771981872545
0.0348606899260084
0.0259505956095324
0.0170963386296957
0.0377936411191043
0.0444231107743181
0.0254504060701651
0.0316596593584063
0.0255472062147386
0.0238361540419609
0.0331683455050642
0.0248784018649942
0.0262988407518134
0.0225171112469383
0.0314753116409637
0.0258809729141859
0.0224091906739936
0.0432070123678734
0.0317727244361577
0.0199772230316577
0.0314680778473692
0.0358473311064849
0.0237698430907777
0.047534660759263
0.0279279752359465
0.0215926776765699
0.0204297789487421
0.0315774779774953
0.0412776567660452
0.0281855567058721
0.0365016066606942
0.0357009832642331
0.0316382944307764
0.0340693526370073
0.0312648338816446
0.0401007691208682
0.0264530769109294
0.0329541795514022
0.0256718443294591
0.044187501026788
0.0352653017714094
0.0238322486073466
0.057571987773658
0.0378523599413003
0.0303661940939506
0.0329382918366612
0.0331272255751078
0.0284468404009488
0.0222064788200873
0.0302490567149339
0.0270295634076944
0.0506583199170436
0.0310261371459701
0.0201455637771642
0.0358912955255673
0.0403735256967743
0.0178370255156656
0.0315629319658563
0.033721874765478
0.0358877742408142
0.0267035518277019
0.0258518250953914
0.0209599393974955
0.021393691074991
0.0481074939599828
0.0227110375837905
0.0314482935330995
0.022874258873546
0.032234919656236
0.0462193514684769
0.0233674946109466
0.0408208282343801
0.02701839988507
0.0190078828433061
0.0228792000903438
0.0329424347451221
0.0405891156688371
0.0234030959592444
0.0280382299926249
0.0223047374319517
0.0435461462573392
0.0277472766253855
0.026170335203109
0.0330976164278608
0.0261190203506561
0.0136592244403149
0.0395546164012519
0.0342471813777332
0.0318839166139535
0.0312595849398325
0.0280723785971413
0.0221320117820201
0.0308582743747031
0.0130887326770707
0.0205200943551791
0.0403531981562609
0.0269930909680903
0.0415342341558372
0.0466438547487371
0.0187733383474621
0.025474756722147
0.0248181239673543
0.0287387677926049
0.0278318148956581
0.0320140846313238
0.0303875422896278
0.0334460492652437
0.0473652023743152
0.0336952674092743
0.027967646182099
0.0428246648772603
0.0401848593396414
0.0361072530781722
0.0324704266334724
0.0255119892849575
0.0344280954557561
0.0205645187433102
0.0386836439138809
0.0358849141424915
0.0301689879982402
0.0270338634734509
0.0242462976780382
0.038509448481133
0.0268764225980257
0.0305021468186051
0.0270716794202332
0.0239090090521214
0.0351213668493546
0.0242833379846321
0.0303277316446555
0.0491493868892347
0.0349216344464699
0.0272734911928537
0.0249595774532729
0.0370631369181199
0.0248901950014152
0.0277505944847661
0.0339246987885754
0.0234531309020559
0.0294499716344817
0.033457418080325
0.024231727184533
0.0307087628895015
0.0273005098804897
0.0259990223099107
0.0227320594631309
0.0284037720250521
0.022152720633725
0.0309475686519842
0.0326233838782477
0.0316955683857746
0.0379402306814485
0.0250021402825959
0.0239288120117559
0.0497541574410411
0.0241451396975196
0.0210531694834027
0.0343897537438785
0.027206639932853
0.016211509785665
0.0286485745652845
0.0264257140180659
0.0333099103479818
0.0213428768378984
0.0281058962905729
0.0391210894387546
0.0238403841669241
0.0455156416940551
0.031241401848179
0.0404853120237617
0.0343345061686061
0.031532325051573
0.0268510068508037
0.0230178786690969
0.036628760772143
0.0270025048482843
0.0266549837197534
0.0284411505253119
0.0254132780250086
0.0390271809951011
0.0296436780746196
0.037714477608058
0.0248518652069032
0.0340734731506533
0.0345331869007615
0.0364715226058748
0.0247084943951184
0.0263353529397637
0.025140500532639
0.0113250558173061
0.0247461060442452
0.0411345497958505
0.0354779743351732
0.0386272404875962
0.0370030389758192
0.0318353441884754
0.0397093691920375
0.0229584166812556
0.0292700233923454
0.0289501909034546
0.0296923607737409
0.0301656062211266
0.0304373003268512
0.0237783992195322
0.0418284396788724
0.0372816131495392
0.0343543509867832
0.0221879839239754
0.036109547938954
0.0457299373024534
0.0258124927671642
0.0392080265300183
0.0430667059766263
0.0255069562553653
0.0338151882802673
0.0322921600585057
0.0308876295541669
0.0295458304522344
0.0474346702398264
0.0443872122605771
0.0252518394254456
0.0266846314557008
0.0404194855260332
0.0271673808380908
0.0365913441894848
0.0258765912958558
0.0292307076321823
0.0242554213586082
0.0556955162988096
0.0390448173349924
0.0329369949525344
0.0423335326641142
0.042510657283005
0.0459711826174609
0.0300830659047711
0.02599358278719
0.0417244866262842
0.048144550331973
0.0217316667865849
0.0271249663537312
0.0408149454281145
0.0373023528442031
0.0405331105388622
0.0333676703489044
0.0188345506809837
0.0275070886387306
0.0371395365401847
0.0355231940862949
0.0257136242540939
0.0290696271909734
0.0394441344037119
0.0403188550912684
0.0313633388267893
0.0374917706187452
0.0311537417556026
0.0247047893824484
0.0266362442909142
0.0316928829178821
0.0379229439871642
0.0421967089604708
0.0243610465041673
0.0419799875526487
0.0360704119880005
0.0282267430984496
0.0283336262708883
0.0246738824580746
0.0336047141360281
0.018018883558855
0.0308323320189379
0.018794225236323
0.0357474578831639
0.0400609594045859
0.023211587544387
0.0417561668373474
0.0188197273280177
0.0237961521487041
0.036276546425588
0.016743135695967
0.0286679621711315
0.0286802017293582
0.0356394837046336
0.0171328055800451
0.0469742032112757
0.0292866832242662
0.0491497091346611
0.0211230433171728
0.0309573885355365
0.0365595070405099
0.033891989338024
0.0206547936574845
0.0150755410191542
0.01150271342293
0.0231825808336986
0.0178886418794806
0.0454758908538703
0.0153382281182003
0.027497382753216
0.0308252433611785
0.0295753774659998
0.0370241775248423
0.0482421400999998
0.033662181413918
0.0368264160153187
0.0369388964011757
0.0220230530478836
0.0249572646941547
0.0350247908865738
0.0519929038299187
0.0278968772338511
0.0232746085149634
0.0334960402983921
0.0201016401854484
0.0176765855922503
0.0349606537143212
0.0257334269517299
0.0313119588275745
0.0280047749482141
0.0274520904499947
0.0199768880718554
0.0163366342418269
0.0405709076924711
0.0373553990189141
0.0349308363575605
0.0305558641815
0.0304778450496804
0.0283538304079007
0.024485192242617
0.0360538567055203
0.0376390555199522
0.0199486670644567
0.0194072422113931
0.0280725664695625
0.0230177384246791
0.0228898722649559
0.0283131156247813
0.0351211479409887
0.0419848779117546
0.0298145158262602
0.0442364364632509
0.0408215251359233
0.0210825749261432
0.0136060616286458
0.0320041000514147
0.03415328973515
0.0246917747726376
0.0414910655644221
0.0331167935631101
0.034984361690256
0.0294312611799747
0.0196379982834612
0.0212162586595501
0.035373021698788
0.0384886032816235
0.0490303747852932
0.0237257247683175
0.0263440123212738
0.04751075203822
0.028149890424489
0.0382961903280146
0.0326415495984425
0.0346101089879685
0.0382326716431157
0.0325538462960109
0.0474989808663479
0.0347512327770718
0.0382321914350986
0.0135992198029965
0.0308733936420354
0.0252954703933939
0.0297281968657248
0.0399834209797869
0.0157286475227084
0.028080058190096
0.0436824391780609
0.0269613981148164
0.0383119084142518
0.0306157816194894
0.0294798269358193
0.0180399208482742
0.0314351072461912
0.0371502917731557
0.0363914031181186
0.0316032778608559
0.027359854785761
0.0245765141409318
0.046045229242728
0.031808800447829
0.0398876040981404
0.0178596741289214
0.0249577998147649
0.034598201461272
0.0340347199041929
0.0374872506051271
0.0224899104997865
0.036606171775659
0.0335723458989904
0.0222242464844845
0.0476859415092839
0.0336354241652882
0.0266670405237656
0.0244641862468072
0.0352221625447176
0.0322566257741935
0.0357334426655178
0.0386877762210782
0.0387202372650854
0.0261259814703771
0.0388398891941157
0.0374361784064251
0.0372974199816705
0.0421713843390871
0.0225535471100375
0.0189073475790525
0.0304986648743114
0.0362583611753546
0.0380842387803766
0.0292715759161778
0.0338627012587962
0.0210906531511223
0.0310613027708923
0.0353277662099088
0.0284736395387223
0.0164515563381768
0.0376445894672572
0.0303321869193336
0.0223341860918223
0.0278586971646073
0.0413571220329514
0.0293336171758872
0.0453024238987649
0.0214606253124219
0.0341518550241914
0.0333036583309994
0.0385426070736876
0.0340754183821615
0.0426407634029422
0.0245712436363035
0.0462523816077623
0.0490081900265537
0.0238711615389804
0.0334984798679256
0.0275677890981423
0.0318764236062551
0.0520982373461834
0.0420260113432336
0.0401874674137578
0.0343178377427383
0.0371336711163491
0.0454915559977625
0.0317012657275945
0.0473388207599464
0.0223305731561328
0.0180294196826158
0.0393779943272255
0.025976780612846
0.0255360347047276
0.0251633437815028
0.0289381895973829
0.0353996846570976
0.042807510239102
0.0160240466947514
0.0340638777273862
0.025927916860009
0.0563488561037909
0.0431973450159878
0.022684541714425
0.0325559509400644
0.0275006527310926
0.0258720282975349
0.0376550698111151
0.0353774640980334
0.0346295570323684
0.0386850188853861
0.0327639711003328
0.0329492041706692
0.0384013484467878
0.0402697450736672
0.0257883288654053
0.0331605797042951
0.0329936516827059
0.0290786213225658
0.0237010301702312
0.0288493198557867
0.0346681414455913
0.0339253362954873
0.0205126428763966
0.0294364389722541
0.0227852044089259
0.0317448079921491
0.019961374438315
0.0329698023024572
0.0409598264497514
0.0291753281583581
0.0256316381069347
0.0301122346523845
0.028557191751009
0.0296780992778952
0.0382175818858766
0.0201876465672819
0.0291293238387178
0.0254250673192977
0.0296302052085568
0.0285284162441833
0.0385323925372127
0.0477023526136766
0.0262171052118506
0.04619246258131
0.0319209202884112
0.039870232749868
0.0420293182523314
0.0215670647269957
0.0331866152671822
0.0339197766443834
0.0269797325026699
0.0326106726504587
0.0359363681674909
0.0259839139057518
0.0356698480683848
0.0282996141752364
0.0219972356399161
0.0283729763444835
0.0388019982715202
0.0262782557651186
0.0165297499742248
0.0399035984195046
0.0337746112873751
0.0411596813082392
0.0331728453634863
0.0272191882855837
0.0430270907772998
0.0287670881349657
0.0355169223040885
0.0382884927886874
0.0468651038932806
0.0462453357426142
0.0332222908195681
0.0144589741783055
0.0342132204895817
0.0323239098740296
0.0269358778258141
0.0403983870619006
0.0217898270522029
0.0292339419476399
0.0373799666556236
0.0289333950230549
0.0276187653864947
0.0276836274329755
0.0485476346436661
0.0291579710517877
0.0225653135546474
0.0230882046025452
0.0274569873139525
0.0275427798999346
0.0372905285562457
0.0319134636402457
0.0334369610503435
0.0313009874856953
0.0313572765305244
0.0272647853422632
0.0225384642673617
0.0292441758370362
0.0211858062410742
0.0340399464226301
0.0377174780473872
0.0334891631330926
0.0420482926722323
0.0239576249744718
0.0375321074745116
0.0236528920510073
0.0465656827157762
0.0317236835677728
0.0351947695674873
0.0208545421303216
0.0271819044710699
0.0301384444737993
0.0433161689449967
0.0331357293026069
0.0228208377058704
0.0277347396019456
0.0309181072798323
0.0299366469423052
0.0545105219926625
0.027611602563091
0.0161708769083753
0.0418438294269034
0.0274123453449818
0.0361825258644353
0.0237068294459515
0.0252033701168089
0.033141307409551
0.0242190621640002
0.0479210697233349
0.0364344240277619
0.0350464202732776
0.0411604380286389
0.0225764880294096
0.0363266671023426
0.0383812036553787
0.0267521872545117
0.0318478609405084
0.0329130220993591
0.0217957980573274
0.0235355358562718
0.0324224243412708
0.0299350920377966
0.0222762048989018
0.0206964094035577
0.0335614485169607
0.0220687468535686
0.0409560727602598
0.0349180565398809
0.044078256441311
0.0233897743564492
0.0146311478794973
0.0335903725247247
0.0348811413434191
0.0380524134080635
0.0305477847419369
0.0147450380000313
0.025005103843335
0.0303349120392677
0.0246432626355293
0.0331361056390229
0.0260462925219256
0.0375382475746931
0.0215180806037821
0.0292455247944466
0.0338750826145176
0.0264711734605309
0.0307295037295932
0.0301231623777474
0.0287703633260671
0.0170447711400697
0.0322887677441354
0.0215030403921937
0.0409697826384069
0.024232492383877
0.036700351993722
0.0225644379607885
0.0182291569396016
0.042506324419326
0.0220167114622676
0.0252324014256164
0.0246990643442115
0.0223598451116212
0.0234293323918223
0.027785290154656
0.0451419552229877
0.0419723020631701
0.026452253059346
0.0286687543208025
0.0269109030417474
0.0170303613210505
0.0308617956770723
0.0280146669185715
0.0403241285614525
0.0269724977248792
0.0294590481145556
0.0388416776490823
0.035346421731902
0.0390937709309599
0.0290335211807668
0.0453500009391012
0.0410719027229394
0.048374427443377
0.0366479991585154
0.0326089219175994
0.0165018933659448
0.0201558564899642
0.0376764536259761
0.0365346065288271
0.0352161935746788
0.0367863104552831
0.0318814628461699
0.0333043040024464
0.0279941779523239
0.0455545632368605
0.0230391878781896
0.0461333705471073
0.0291828786177683
0.0271471765889876
0.043458966886118
0.0278075333046796
0.0388406296365958
0.0147311126492799
0.0459458995017695
0.0217452505788323
0.0342335798613107
0.0382812752691538
0.0341568171744911
0.0361650307315046
0.0217186812768905
0.0241171186532152
0.0206183585465499
0.0427037981621486
0.0311117242589792
0.0265616895594302
0.0364389797790564
0.030427409344098
0.0500758918290203
0.0216200464986006
0.0124771776730135
0.0242820209096188
0.0267460704709002
0.0294017825555349
0.0360297147031941
0.0375736111525566
0.0188384697887237
0.0410340899696515
0.0289533304247143
0.0327853274382052
0.0328624043103266
0.0390327649064543
0.0424886204914791
0.0379313630468124
0.0288559094375121
0.0182804443233258
0.0387555791879476
0.0307644144521837
0.0291936649302806
0.0359582166928781
0.0232193491086607
0.0409796278292191
0.0374465303783557
0.0344000053288042
0.0294808348046823
0.05366268694992
0.0212117992280425
0.028416369078717
0.0203921173342426
0.0356226453028693
0.0423143367163809
0.0225906663327399
0.0225494781561563
0.0288411292984927
0.0275979422707752
0.0342082196460764
0.0217350285903175
0.0112927226713795
0.0365483486707726
0.0292133061179443
0.034483056594356
0.0260482963221319
0.0356642586919341
0.0344972221731684
0.0329321320495314
0.0256320920694222
0.0188651296110104
0.0327994311730437
0.0224482274202466
0.0282822416323435
0.0217006233314765
0.0306660566877438
0.0304101652791141
0.0309134067238401
0.0438476377627194
0.032164604331086
0.0368510811223088
0.0191393647973848
0.0323737092605245
0.0185644063280453
0.0249965401004519
0.034929714193229
0.0319166576282822
0.026761560438867
0.0326827733727376
0.0403314756132359
0.0231847249075939
0.0251455642986752
0.032987664053928
0.0185045959038576
0.0304801829159109
0.0246153090146645
0.0286087777617392
0.0286642895695469
0.0381824666583124
0.0302202979402114
0.0456875203447792
0.0191462249962713
0.0378362936478116
0.0342766196941548
0.0237838157050742
0.0213634782710848
0.0401625752102055
0.0356078468821987
0.0101216977804301
0.0395175008758124
0.0188566054519281
0.027437694226136
0.0231461216136858
0.0399316502080681
0.028601627986454
0.032186516529837
0.0358437712066695
0.033247640627872
0.0280424138116767
0.0200477626468802
0.0250789761509928
0.0234235155395433
0.0330186141432101
0.0398487451349415
0.0368564250642853
0.0556726471399302
0.0177415701886575
0.0347527943487398
0.0137922611592109
0.0244309015263986
0.0450879531509859
0.0187386167497586
0.0350760864406678
0.0393947739877098
0.0350276852506432
0.0268682139393638
0.0273172662154775
0.0421769905755621
0.0311560837090517
0.0243923855517831
0.0470719789539238
0.0293756137996355
0.0246277566834843
0.0211418663322576
0.0274534203768147
0.0201304406629709
0.0258237877690953
0.0448676101162937
0.037164680604489
0.0340310508952884
0.0260063569456063
0.0379487304690311
0.0262944722140417
0.0343660447470453
0.021665455317561
0.0226693549744748
0.0292531588997162
0.0242477756421155
0.036219651742204
0.0319960962218543
0.0228746006558775
0.0299799511915695
0.0269708237716721
0.0217599524753904
0.0320046339219165
0.035146772110446
0.0380320039121129
0.0191206387539752
0.0390700836487337
0.0331272977750011
0.0233237028601622
0.0399729486806233
0.0300853725666682
0.0211241514072379
0.0462262139309216
0.0272658170851924
0.0309451664709712
0.0334386553722184
0.0288578273454251
0.0347370581244416
0.0371034990988662
0.0328133858389742
0.0195817981171573
0.027422228595535
0.0301049404579103
0.0363197759053718
0.0321419162131035
0.0174006123583672
0.0234167701747253
0.0318979805732207
0.0327301507587487
0.0264093988555314
0.0184809333926629
0.0285687163860836
0.0250343018582122
0.0158098910258308
0.0265721889718379
0.0423609693342859
0.0263198002284099
0.0244350669858639
0.0487096724010622
0.0370511684629288
0.0204772609819227
0.0168464909350228
0.024010200643813
0.0314485720310285
0.0244220684887498
0.0368675885077266
0.0270126480603941
0.0258753691817981
0.0182232353418045
0.0225666465710932
0.0244201410218365
0.0464194863103649
0.0353732088789501
0.0307745158932858
0.0166845619855209
0.0287448299285458
0.0328575513320951
0.0288138355863113
0.0222547910717398
0.0192477630501231
0.0302679103468462
0.0321558964540229
0.0388459554978824
0.0131997655183188
0.0357667774501803
0.0425416000277407
0.0239499359847004
0.0289042620500823
0.032376379802985
0.0255459658186281
0.0310442132185908
0.053695775633417
0.0251881038244553
0.0357150130758366
0.0303951253517378
0.0485190007509591
0.0362180789203076
0.0277770545715769
0.0415763528329573
0.0319177628690381
0.0278170776682269
0.033720172149173
0.0261774946079532
0.0269268697444761
0.0553635804201239
0.0227148208190593
0.0219338120929498
0.0324356953214193
0.037883187055781
0.0389556834356075
0.0284321209598473
0.0360765225531958
0.0339483222514834
0.0382243877379888
0.0353358671721791
0.0297054482147422
0.0449106968246201
0.0322817743591898
0.0334721209202767
0.0503886515881086
0.0213489103870254
0.0185560885761689
0.0294885897495018
0.0241505210669479
0.0227744739958699
0.0320513657542857
0.0355997387978407
0.0314115226600599
0.0433763479461763
0.0250755982929069
0.0159952542402782
0.0355257039672273
0.0282466327601276
0.0232322658974575
0.0263366712750069
0.0344167778278235
0.0330475390025564
0.0201586192530025
0.0264569387048934
0.0289180286797228
0.0247448300158001
0.0287546081610359
0.0135867897145572
0.0207312212824092
0.0306115242783649
0.0380385215566516
0.0296455171021918
0.0268006292716467
0.0269195667111123
0.0308878704651445
0.0293593562124327
0.0316266232845786
0.0412081119767368
0.0408640490305442
0.0338815803159699
0.0315758550365573
0.0306507309063671
0.0246444268093078
0.0248473465556423
0.0245338775614049
0.0366655411507267
0.0318806057015245
0.0270074803981441
0.033677739956082
0.0304184010628121
0.0365114387589145
0.0200883502132458
0.0414335902753166
0.0322249281305886
0.0297295499608078
0.0398834072155347
0.0377947616547123
0.0374352496550373
0.028798509278664
0.0234429317767415
0.0156888279148588
0.0412721846489534
0.038095623503914
0.0531028519773647
0.0377852159533154
0.0372696468193447
0.0469865497240206
0.0313161674335651
0.0254715263869846
0.0291959195411906
0.0465800205669153
0.0373007355566646
0.0338805571559787
0.0428991663621608
0.0485136868666446
0.0252048902374431
0.0349590737179372
0.027139312489288
0.0199782298863726
0.039095389457815
0.0232135636276598
0.028296112322232
0.02844124823639
0.0186332769539677
0.0294873196170364
0.0250899062184363
0.0239649344388784
0.0340180593155128
0.0229416237693395
0.0300153878530071
0.0280141164160246
0.0297319663010815
0.0277536115653292
0.0230457164622222
0.040940954129253
0.0421098111580329
0.0319425837353272
0.0243545559810886
0.0284637879374932
0.0261584918123266
0.0237066856631398
0.0303047568146204
0.0230307993772374
0.0243125079421472
0.0341790620586068
0.0269565504281836
0.0247890956810402
0.0310255470889715
0.0302568329333341
0.0230669368185851
0.0114136300897853
0.0259805518018531
0.0340879264640673
0.026209796015243
0.0438336063680184
0.0340626264011082
0.0368852410947482
0.0346860869362933
0.027948705221664
0.0289468916325166
0.0351443248054386
0.0461132891302473
0.0380297959045995
0.0285614977265851
0.0339539743046749
0.0296928887840702
0.0145598262262368
0.0410091139274162
0.030763559994411
0.029606174437439
0.0340995990005753
0.022921250305089
0.0228647184246593
0.0425437115646568
0.0420337797321436
0.0287636204774172
0.0170092291862621
0.0259028899293355
0.0315484279933171
0.0260444377466173
0.0231354636734679
0.0178730955358921
0.0231863393974643
0.0315349329122977
0.0243410374143523
0.0264277776070384
0.0220110424270985
0.0334716496116787
0.0261590422924729
0.0311102228386402
0.0320133759398379
0.0209035754458467
0.0238189476631526
0.0207669735050796
0.0206175436224892
0.0411662277085327
0.0341138809188037
0.0328410124618389
0.0382236101099761
0.0210272754797302
0.0454429748393355
0.0260853729108446
0.0358047071185462
0.0325498303166281
0.0256553452338728
0.0308594625417152
0.0467158202282143
0.0401639966295111
0.0220738574874538
0.0401096590674051
0.0438044799784909
0.0447872117327271
0.0269169129984576
0.0299946923218729
0.0283468545412696
0.0151972725066799
0.0267305811843698
0.0275508978442429
0.0354392032344097
0.0256255041264941
0.0248312664252568
0.0318768243631711
0.0198276983686275
0.0326572440835459
0.0332667751168686
0.0332920797207774
0.0192665885488441
0.028898825096479
0.0383288747554234
0.0407603752297575
0.0237751903690223
0.0253202484546476
0.0250812257689387
0.0318147180108501
0.0332355940292629
0.0385396510048985
0.0327757289473098
0.0414088753227095
0.0298692250976309
0.0349335367154339
0.0207760268429575
0.0338807432493941
0.0303068282656111
0.0184589007850113
0.0246988450888622
0.0418340425123411
0.0485687405023943
0.0356635998001748
0.0193262328228469
0.0341084434638965
0.0259914976200926
0.0440931399618251
0.0276468047763827
0.0277440823461499
0.0289456270533209
0.0258387118401689
0.0391905708349435
0.0320868348329589
0.0374567306784255
0.0294005090100718
0.0488470282955847
0.0248345726261289
0.030211338582295
0.0245368113049582
0.0225520002983795
0.052603958788923
0.0415998421449388
0.0268684453659736
0.0237464227482394
0.0317300152323037
0.0358849510857803
0.0216766245291402
0.0280103533511552
0.03015105954216
0.0435140301512633
0.0430475176196423
0.0395652188340992
0.0313581330560563
0.0289439629628319
0.0228685784117525
0.0212778152017037
0.0208362290077202
0.0306892353610377
0.0203757955645056
0.0124267719551589
0.0238816551087028
0.0388371364909846
0.0225715297947984
0.0252678971878292
0.0240622196628581
0.0264257096025455
0.0346490596437834
0.0260406734864423
0.0244611273080152
0.0469395975722325
0.0272498644193544
0.0252595650566886
0.0525310884894534
0.0334182571314044
0.029251019711941
0.0301594036962018
0.0230657787587479
0.0249559755452032
0.0266840926198362
0.0272654224711843
0.024262978067558
0.0321263697587683
0.0313301883859735
0.0224342700429525
0.0296658362348026
0.0227011065928062
0.0318913520756287
0.0405700220142325
0.020746235416979
0.0426727791939929
0.0503588870900725
0.0270923867215431
0.0268116184601928
0.0315018915074994
0.0249620560851419
0.0245696915846294
0.0176475055699084
0.0293300714774779
0.0480059349815412
0.0437468595262871
0.0189118039527349
0.0328965734273041
0.0217002142490213
0.0360002635533825
0.0238476452821641
0.0321048757648063
0.027388532785946
0.0310202729887218
0.0217756586392518
0.0344804391333329
0.0276617993330026
0.0279150050737833
0.029606589122082
0.0280035193657008
0.0330424714844779
0.0349339209784903
0.0304149059723561
0.0387075713151711
0.0407416316339695
0.0554011656689845
0.0203926629877603
0.0210235596228068
0.0260534540975747
0.0248239860295466
0.0362606707540043
0.0348033320351933
0.0259848515243648
0.0237226524097913
0.0185826516821608
0.0501363736348449
0.025732383052619
0.0293245434090544
0.0199250204828236
0.03532762839774
0.0616234634888098
0.0176722003777127
0.0305503173881329
0.0271431620166438
0.0307324715145866
0.0325814543044498
0.0232120592108075
0.0442128346209557
0.0270438030990225
0.0327789436988234
0.0338141340012793
0.0300931093112022
0.0259874414390338
0.0283854266398532
0.0252819005786963
0.0423506121136522
0.0225124372186558
0.032476400055553
0.0294105667633671
0.0286715597076375
0.0455953774724924
0.0225778985783627
0.0273853417568985
0.0305775579018593
0.0345474139383752
0.0248765503331832
0.0209261595684052
0.0300026195528063
0.0282105557197295
0.0304799278194973
0.0270438802443842
0.0382140648437466
0.029528795442194
0.0284350185858143
0.0281940689170842
0.0339848955971463
0.0504920093321814
0.0454761316450313
0.0452485706907929
0.0257013703148083
0.0275791458131277
0.0412696964958732
0.032992584945758
0.0345215364521808
0.0319149125955566
0.0321859939251173
0.032538517960506
0.0387015322069527
0.02095250603884
0.0376407256027702
0.0183016089718169
0.024771777403107
0.0219036882749978
0.0211118313594735
0.0470366672389194
0.0227474647608087
0.0432508146456751
0.0170639731238297
0.0329161046626295
0.0209265489168603
0.0240472794488163
0.0165880131541049
0.0220078942923831
0.0366805937724041
0.0136306831203011
0.0379045024431196
0.0178756506171576
0.0212466437703152
0.0213499608128833
0.0260320801832062
0.0414112125920144
0.0287256839440235
0.0241390569177051
0.0356649647358731
0.0273711680731195
0.0313036751721325
0.0372151892530582
0.0236516277630423
0.0319117832615679
0.0397863310520137
0.0252231170167071
0.029735001655768
0.0340016707363358
0.0245096719449564
0.0294038108387519
0.0305403634207938
0.0229434960502644
0.0417941278231093
0.0251708867845525
0.0191138916878107
0.0230317865889725
0.0298435310889707
0.0349745319408975
0.0132446763650876
0.0219004031150611
0.0374565437530261
0.0392769874175437
0.0344365085609871
0.0230200433382304
0.029058349517438
0.0413874706116268
0.0426788792372776
0.0374980188316309
0.020360587040575
0.0497288162691963
0.0311400787045743
0.0157349887066189
0.0444794048069609
0.0203575430063723
0.0228665069931422
0.0277162688979776
0.0272551904140345
0.0382756105522587
0.0291533314408706
0.0314371788243494
0.0346918802191988
0.0463641946588001
0.0234885048940187
0.0247183029843108
0.0334529899062762
0.0327986040443835
0.0201714965518317
0.028545157131744
0.0419576695908138
0.0292624876551098
0.0188820364333525
0.0555719148663814
0.0280823965009926
0.0318511178385224
0.0166894019684823
0.0337467936779044
0.0371129098181962
0.0326662235272423
0.037891026690427
0.0365618159337324
0.0259257724888865
0.0237341232133032
0.0276505475566426
0.04050497568461
0.0283762154674935
0.0449541203297592
0.0327462007741462
0.0372785183596995
0.0223759061806361
0.0328007664926567
0.0235933258124982
0.0444719390139754
0.0438857237996601
0.0372532511400486
0.033035966494611
0.0682526320767814
0.0163334125458714
0.0298050953236917
0.0197394082674135
0.0384166424323232
0.0266350974703435
0.0327485640618609
0.0272602109003043
0.053118256880575
0.023801842486914
0.0206694953872064
0.0175976359826575
0.0276197380735493
0.0321166865682229
0.0243329048433748
0.0234134123118206
0.0579245535807449
0.0223236358991824
0.0231251008494872
0.0323731696329586
0.0328865272391025
0.035731949708022
0.0328182433982635
0.0287135340014143
0.0390791966732337
0.0258042966203533
0.0316767992017003
0.0310401805759167
0.0522200931093341
0.0270990241407856
0.0319748881319643
0.0309621024355804
0.028277244830392
0.0268913504911804
0.0329599713879365
0.0319219344000642
0.034050819487524
0.0217002760065775
0.0360678050929923
0.0405958320393942
0.0320609516241404
0.0327236548610148
0.0199925016082406
0.0191555256903703
0.02922350137479
0.035870308688838
0.0361503379368337
0.04898291746728
0.0190996315000147
0.0320217522121471
0.0258540000979303
0.03000995481058
0.0350296490806654
0.0286762383908387
0.03084828123578
0.0254135282871366
0.0387640632633507
0.0259355484020102
0.030553363856564
0.0385862760950146
0.0257282327552816
0.032258354934752
0.0319464295713794
0.029188485022599
0.0342008940167954
0.0457801224091935
0.0394088010966562
0.0272935383136533
0.0231874571643134
0.0292227234205008
0.0314860550733374
0.0414974505675765
0.0307604759603469
0.0308248150504867
0.0241298229908212
0.0217127486296069
0.0210755428720175
0.0292201882025563
0.0181568923191638
0.0309196432376373
0.0223406121517527
0.0343231231887507
0.0205644153539692
0.0203537251390214
0.0305250259291533
0.0269686481652225
0.0345805533153705
0.0433008360553212
0.0225443217168427
0.0348085508575834
0.032483508515326
0.0338776808806231
0.0241109875793083
0.037007438267635
0.0223810747391193
0.0253259000741545
0.0305968329089362
0.0302999277830623
0.035159598391566
0.0301258075994345
0.0225905220198826
0.032021133244791
0.0339154770686914
0.0347286347191244
0.0214381319335104
0.0381742594678165
0.0327780972379959
0.0373921551683322
0.0270619280430038
0.0267190500069894
0.0295640570349258
0.0366030606385275
0.0332480726960439
0.0348462803037412
0.0229318618568088
0.038702940531894
0.02608374823597
0.0323055715654731
0.025921182354885
0.027921139014513
0.0383747668623055
0.0301355622383804
0.0344040561287116
0.0318741868315768
0.0292536088585215
0.0252139526151986
0.0374111875776898
0.0324011738500985
0.0258214866486689
0.0367065304499773
0.0360867439818329
0.0369534259944316
0.0289252323275464
0.0337535570566766
0.019888516025122
0.0354686953058755
0.0320451777969689
0.030328601301445
0.0305334694620456
0.0286218280344976
0.0246587140516605
0.0448031271424569
0.0394572996642146
0.0296919234354258
0.0449497669969503
0.0514592013321207
0.0438346065747215
0.0227610828696579
0.0302781102637321
0.0221032316034607
0.0285829073478517
0.0322104321308548
0.0313826608077445
0.039233976029486
0.0223100210918024
0.0392720185640632
0.043417482007709
0.0277484654763368
0.0238150850118829
0.0314900868964003
0.0484442107397279
0.019046941066505
0.0227926015980633
0.0388655247704659
0.0406447328634342
0.0219938356818231
0.0282309495230354
0.0318929932333078
0.0299461761216133
0.0260791031124908
0.0233201144043025
0.0223265510107667
0.0351983880775948
0.0236267212102988
0.0385632150740323
0.0266679121263134
0.0364229599906789
0.0371443498045422
0.034869844793647
0.0221007404478294
0.02621437387848
0.0291921290383274
0.0292591290511916
0.0283006837150491
0.0251800509639282
0.0387127018054686
0.0218959032388094
0.0394398866823325
0.0329755322840658
0.0253592735369195
0.0387080844671203
0.0237948479878049
0.0464374435047593
0.0209667066003572
0.0200158315091691
0.0256128087357548
0.0511088578292416
0.0391670161447293
0.0429163717972664
0.029836441098178
0.0277653025303402
0.033113303726943
0.0215941610985676
0.0418455309043567
0.0511443484317243
0.0208052468298142
0.0341941571902626
0.0434225268552732
0.0180594318720042
0.0375923233368123
0.026796292653867
0.0395986877894919
0.0180884210812319
0.0421205293919781
0.0236122210305504
0.0292027406680383
0.0333417163000568
0.0224453023359523
0.0444152306770337
0.0333105209983736
0.0254904755026721
0.0460216756584572
0.0362439501283224
0.0402321889622781
0.032378182304093
0.020559198586241
0.0370905697976581
0.0265724137288337
0.0193809182390158
0.0539128547634771
0.0210846510464544
0.0349115595950823
0.0296323826600359
0.0362022163916633
0.02836664060261
0.0228799801367442
0.039186829231517
0.0265326955265355
0.0329902009673094
0.0411995562072915
0.025997268690316
0.0307791129001414
0.0325556983010816
0.0265667068942526
0.0373885119754812
0.0309499787974456
0.0539073336435275
0.0321214124460813
0.0234213149102413
0.0205781002818275
0.0340061625511694
0.0362615506866367
0.0350193206064726
0.0285368191662423
0.0230597949283935
0.0418238483368463
0.0223092611862356
0.0370192901226572
0.0330540190612381
0.0345521077491944
0.0268381216433496
0.0294043014001926
0.0378827761352295
0.0253710703170765
0.0180691786931122
0.0351335075046085
0.0206450665147471
0.0276948509856206
0.0183803651532121
0.0313486461349276
0.0300500537121914
0.0424764374185453
0.0172867880886054
0.0165847994868873
0.0276718515681177
0.036638446536804
0.0240096867914882
0.0265476385188802
0.0324608192871039
0.0237223805284589
0.0276564607441547
0.0341524245676198
0.0336498788266619
0.0249695077401276
0.0239811605719946
0.0197179473005569
0.0244247918433875
0.0284748019223803
0.032142132306068
0.0382063301254625
0.0406288912764496
0.0363736584179392
0.0407620106062796
0.025461760267946
0.0400758315349646
0.0258434444642167
0.020952256130321
0.033608239953973
0.0283470428001941
0.021543607127317
0.0546654332552704
0.0277666579496176
0.0284206108894426
0.0177158825465753
0.0278005577805666
0.0250997429381348
0.0333712946598606
0.0355399252222877
0.0343588713201708
0.0154338194706545
0.0315752633820541
0.0234676310701977
0.0184310308779319
0.0326633977486446
0.0441501592070635
0.0383667425567572
0.0273417884777135
0.0369953629513147
0.0392396653310039
0.031665364903053
0.0329211337656442
0.0326624284779014
0.0244615703082901
0.0423535341149879
0.0458787905820036
0.0308803314393373
0.0259490112989078
0.0202425143649458
0.0198801655478392
0.0157017041660586
0.0289823623781113
0.0368402884167536
0.0310507964909841
0.0329132287346809
0.0181447367162797
0.0228735489331339
0.0304815462554635
0.0414710559884008
0.0302987989448059
0.0373805529745887
0.039544062214131
0.0449443196844388
0.0282094198271671
0.0507228956155288
0.0282200000513457
0.0334896360256382
0.0276062218407543
0.0275585480333248
0.0287941027231544
0.0360175140557128
0.0220325697773218
0.0321243111165508
0.0250551549624714
0.0262598763966944
0.0339731767309663
0.0328973660057533
0.0311845948424102
0.0346488881584936
0.0225842273205536
0.0269654922752441
0.0309076523968696
0.0326530231578945
0.0337110450782913
0.0229613508536858
0.0261924282843738
0.0321897300968304
0.0312698080701347
0.0265029110630648
0.0335107032331669
0.0352286100681545
0.0442588307718257
0.0240933282245191
0.0226494102137072
0.0363467321139404
0.0136539656526168
0.0314105533557189
0.0283303241314145
0.0292257070375768
0.0262582039567213
0.0432484214104202
0.0145740040557651
0.0287217766658869
0.0184074490304107
0.0252145995884879
0.0266961886223902
0.0259948596904348
0.0290779999078491
0.0251427400966963
0.0606579926887934
0.0303840292201152
0.0307267531876541
0.0432874171843357
0.0235147502293218
0.0294954347285049
0.0244539227384524
0.0246780394406298
0.0355416578096517
0.0244436109673942
0.0270248381853333
0.0311165410408885
0.0327360837674549
0.0318056934664334
0.0249455298392794
0.030094570962812
0.0252505777586052
0.026631709941813
0.0292537013163344
0.024333663130727
0.041782776579217
0.0319845587812803
0.0375118828728043
0.0259366554291598
0.0165594295808499
0.0288172329348635
0.0237979681960482
0.0239348741068614
0.0193636590678676
0.0504195224995612
0.0454965789664603
0.0279182152762266
0.0212471773992811
0.0377677068677475
0.0288061202068622
0.0359733708487453
0.0221248865119307
0.0250661536274963
0.0409985989667751
0.0163531148621884
0.0271738044846165
0.022234290135045
0.0341931471515398
0.0240245879840507
0.0305267389320537
0.0420927163663912
0.0319963621639735
0.0322103440738955
0.0273647554849349
0.044194325316952
0.0271014687409432
0.0292337600473668
0.0291510976743324
0.0367798793671565
0.0330602140251245
0.0417077544200064
0.0324721721783031
0.0312285515335302
0.0293094690154715
0.0270802374771304
0.034903352830805
0.0295085687668459
0.0404326591715413
0.0458323674048853
0.0298244272526403
0.0177595762539593
0.0417079316517792
0.0274023060639772
0.0327015523992534
0.0311658137134594
0.0372249709370347
0.0253353712702725
0.0365626738374457
0.0322818216582822
0.0359047678701025
0.0298285664814716
0.0187723232869699
0.0276187988675445
0.0295411187842589
0.0421640892122941
0.0313817369238168
0.0260982008649574
0.0262991587201893
0.0456856221331927
0.0296216066370833
0.0357214545044681
0.0324111042427971
0.0341842701022003
0.0418743147450607
0.0312033867351881
0.0333544946321347
0.023884983512047
0.0301589892938295
0.023943239369403
0.026573357297458
0.0160446968932597
0.0341403079105553
0.0349560842747463
0.0323004763110959
0.030710244604525
0.0378259556350756
0.033567666697022
0.0242160369373971
0.0391175980497038
0.032357377582395
0.0167856337583455
0.031402748095503
0.0204184778762264
0.0283755947124376
0.0276769062879351
0.0324116562146122
0.0268497485242137
0.0416888635367239
0.0441352642264125
0.0407075389465094
0.0463696133388936
0.045060375554603
0.0330173268169107
0.0166834527415001
0.029547316063184
0.0275521093795611
0.022277428400168
0.0312922812110745
0.0264842065723665
0.0241065570883266
0.0216972057192798
0.0251381315918515
0.031777040149298
0.0267932557275949
0.0371444831027968
0.0232973851520958
0.0298816437482677
0.032595242014644
0.027900218566335
0.0481703178802487
0.0209610403657986
0.0334114347044764
0.0329137851555125
0.0354389930314237
0.0245563693970704
0.042155246805015
0.046892227509143
0.0303228279832718
0.0265814112585566
0.0167685349143113
0.0285877507091129
0.0390409662257949
0.032798046629409
0.0247544667981669
0.0227042736194505
0.0260580967603326
0.0351555846863155
0.0342279511693921
0.0170819935871289
0.0341455756869115
0.0314881316351962
0.0251793108951227
0.0374406711626334
0.0293264476027434
0.0306208526986904
0.0330858796035976
0.0282703463190777
0.0327547998616551
0.0276181028152427
0.0284416596704387
0.0484008360262289
0.0337198558121109
0.0275852401168465
0.0266982360256003
0.0369065045051865
0.0272091491729962
0.042461649632795
0.0294167756970373
0.0213360638204644
0.0445041257083655
0.0238475496713005
0.0282819677461233
0.0194999031156531
0.0441833612456968
0.0341036193626293
0.0309684895518299
0.0419501461968162
0.0285310716173142
0.0410296411577995
0.0291509242437079
0.0242750371588254
0.0321185511269027
0.0363297088630063
0.0306375683786527
0.0387542394999876
0.0221930139555761
0.0350897267791653
0.0402654295936349
0.0247125551473523
0.0300408987823094
0.0281620894412111
0.0297191949855191
0.0349328558920912
0.0375189679388322
0.0287299426441145
0.0288487989789535
0.0388046122264651
0.0200165319726989
0.0351864599518201
0.0165650905269359
0.0251220651789727
0.0387225982407979
0.0207117789137673
0.0229482459702611
0.0294132581366654
0.0242463827689528
0.0297164105155897
0.0524778770960429
0.0248253422760469
0.0329290444164363
0.0286088047964888
0.0254793380607014
0.0259127798076271
0.0275977022372229
0.030509449191398
0.0292834662133174
0.0192946780902215
0.0319462952354297
0.0310181131806541
0.0318356270647737
0.0237700635878898
0.0240628513409035
0.0318178611803497
0.0394747635907823
0.0274075654791936
0.0263396950969995
0.0408836885333778
0.0453452006295899
0.028429689407848
0.033620094804226
0.0176373720500152
0.0556106607650714
0.025991762765054
0.0368707995409562
0.0158549268074821
0.0218522571519255
0.0388939108880221
0.036578174368973
0.0248340681840939
0.0309612304809825
0.0370652482710389
0.0349491168518327
0.0231583040319017
0.0416026472624277
0.0394888596919375
0.0196605325902056
0.0357255393657333
0.0313717547982025
0.0357423598154519
0.0368435571395427
0.0238468442914488
0.028994675065314
0.0190941163887322
0.0431391816645797
0.0447436548811604
0.0315328379365238
0.0289447759159611
0.0487026095527669
0.0226613870651329
0.0169407359046264
0.0387486050104849
0.0313421165463238
0.0293107054280527
0.0319260613733782
0.0249692484285952
0.0235673310517509
0.0306198603025503
0.0442222219298376
0.0226728314587677
0.0352361141604648
0.029870953610157
0.0245912502428031
0.0206155359197814
0.0301641799107432
0.0369026498083214
0.0214867864420846
0.0370222984948249
0.0201745448047383
0.0227484612292401
0.0374631941381128
0.0414612892288565
0.0273762658295816
0.0355706739776104
0.0253933459931365
0.0269391831789996
0.035288717171899
0.0371582084128632
0.0263657026799792
0.0324239761955132
0.0331809208716972
0.0317816029803843
0.0276169555384091
0.0300833144348089
0.0243261181283182
0.0270768730173679
0.0304307624121766
0.0222014091741514
0.0425140579433298
0.0466671221173537
0.0240640475618881
0.0580813529087562
0.0283123685662703
0.0376526063152323
0.0288082467100131
0.0240697209270752
0.0469746048380814
0.0376639973140816
0.0344177786901293
0.0182573439412217
0.0218486486869783
0.0389292768966052
0.0341883531497648
0.03905314097274
0.0308476666266876
0.0303588490906418
0.0367469677410171
0.0445384599461058
0.0260642081867315
0.0393400676066758
0.0235852903778667
0.0290226683346287
0.0306801280385186
0.028279498816111
0.03049107035634
0.0218920377243891
0.0293821621495934
0.0407440969059355
0.0437788200155718
0.0237984823240028
0.0332516074008164
0.0271353591142823
0.0327182008863606
0.0237770133751863
0.0252171805916195
0.0433114036383912
0.0371188704506006
0.0231149443663661
0.0259286941986496
0.0224208604885597
0.0312858756067924
0.0249544544939226
0.0273902729779164
0.0230359675895404
0.0321115212412654
0.0339360487520323
0.0455028505327986
0.0359206682553215
0.0299313765520266
0.032842246672486
0.0323741603859876
0.0309526391642085
0.0416832745450543
0.0214351655025761
0.0266165601822039
0.0390909759316547
0.0325943753529664
0.0361161219976241
0.0371109404950681
0.0376507544728561
0.0347225198931778
0.0214502087036123
0.0302446890143443
0.0363960435184493
0.0333734608737888
0.0416165498873029
0.0319305569373256
0.0196521058931412
0.032308422792413
0.0315597118371865
0.0250959040704181
0.0291624342390988
0.0584683233977161
0.0275255225340619
0.0340277741199302
0.0308623986738605
0.0191350705879211
0.0407529877361979
0.0287516833193686
0.0453880080471658
0.0317597255027499
0.0251280103064396
0.0312499301804285
0.0215429910879042
0.0394711804466958
0.0239424363224766
0.0463381892123999
0.0358627977829906
0.0346199305111958
0.0212930788384718
0.0240940033589874
0.0202060791421845
0.0383484032502668
0.0351932658932513
0.0322557707476457
0.0298488761785474
0.0258165234117397
0.0196703317693199
0.0356730199071059
0.0364968138985586
0.0329674208223891
0.0219943601347693
0.0294882254492922
0.0269287382323507
0.0151135146832915
0.0321910382734761
0.0175629624596891
0.0257813749527043
0.0315233112613624
0.0310371123056868
0.0266034931962863
0.028798861809557
0.0280260999630298
0.0387870668508681
0.0173723036925787
0.0268716093877596
0.0314502121946855
0.0273657062351376
0.0261945225527858
0.0525775461529625
0.0422768759416045
0.0334674276636104
0.0418200306912838
0.0483259876812385
0.0315692812797526
0.0262298573453215
0.036345819226656
0.0303258706373826
0.0265908961915104
0.0267985330016359
0.0323917191824044
0.0207995524402105
0.0376268712495815
0.0293393753040204
0.0430470644060852
0.0218347534814636
0.0241148607795903
0.0302179087214136
