0 0.195876288659794 0.00365997344029133
0 0.145214521452145 0.00247233235447165
0 0.188925081433225 0.00361870101142984
0 0.208904109589041 0.00311468040253729
0 0.196666666666667 0.00466029554714698
0 0.149006622516556 0.00382554825519835
0 0.197324414715719 0.00356872162889053
0 0.224755700325733 0.00339746304300443
0 0.214765100671141 0.00322426000083296
0 0.218543046357616 0.00300818893717443
0 0.174657534246575 0.0049174167995589
0 0.199324324324324 0.00429495294272784
0 0.226229508196721 0.00441977084784077
0 0.167224080267559 0.00389251453665829
0 0.188356164383562 0.00455454117783805
0 0.142857142857143 0.00350426187831902
0 0.257731958762887 0.00620654780959859
0 0.230769230769231 0.00461312107061494
0 0.167808219178082 0.00468903561442602
0 0.146258503401361 0.00333753794760693
0 0.190789473684211 0.0022499031092225
0 0.178571428571429 0.00348379362682014
0 0.175257731958763 0.00374270263300653
0 0.216393442622951 0.00505857007301051
0 0.188356164383562 0.00377937116150169
0 0.190635451505017 0.00260323583926043
0 0.189830508474576 0.00342489770237444
0 0.230263157894737 0.0027100251255788
0 0.191780821917808 0.00305405924595391
0 0.186440677966102 0.0061163193202822
0 0.212837837837838 0.00346804832985489
0 0.210355987055016 0.00339515217248012
0 0.21 0.00235528407587522
0 0.173469387755102 0.00302421573157185
0 0.204697986577181 0.00401036106906716
0 0.159468438538206 0.00440067881105577
0 0.136054421768707 0.00148223575946271
0 0.144329896907216 0.0015263787836558
0 0.216216216216216 0.0041085440072016
0 0.164948453608247 0.00257793856604963
0 0.179738562091503 0.00225537905123645
0 0.214521452145215 0.00522679952462024
0 0.1438127090301 0.00196414522369399
0 0.16271186440678 0.00289260981939085
0 0.199312714776632 0.00563932129430751
0 0.213058419243986 0.00697714539921104
0 0.184300341296928 0.0040840261265398
0 0.178807947019868 0.00489692257350892
0 0.228758169934641 0.00485831704356204
0 0.185064935064935 0.00431320359181754
0 0.218954248366013 0.00313358117773307
0 0.171521035598705 0.00559262878846469
0 0.191126279863481 0.00766238478108742
0 0.213559322033898 0.00384750686327993
0 0.233333333333333 0.00635717504184802
0 0.233333333333333 0.00362084412476189
0 0.166666666666667 0.00349495980937873
0 0.190789473684211 0.00383100775511111
0 0.202702702702703 0.00374005898352287
0 0.197278911564626 0.00401697520365094
0 0.23202614379085 0.00606932422616638
0 0.22 0.00471911454734688
0 0.192439862542955 0.00272008146904034
0 0.236666666666667 0.00408430020134624
0 0.207482993197279 0.00337584921540909
0 0.210884353741497 0.004811080880779
0 0.139931740614334 0.00369658262851674
0 0.199324324324324 0.00542571096527784
0 0.19281045751634 0.00302605273767211
0 0.173770491803279 0.00268573189173998
0 0.209150326797386 0.00508385828915185
0 0.201298701298701 0.00255258079744933
0 0.170068027210884 0.00480948880089702
0 0.195286195286195 0.00354421366356417
0 0.20655737704918 0.00492435095660259
0 0.228668941979522 0.00384050868097329
0 0.205882352941176 0.00393908882813723
0 0.187713310580205 0.00378477225008884
0 0.236666666666667 0.00367243228475236
0 0.17056856187291 0.00427154021043638
0 0.19281045751634 0.00366761096546577
0 0.183006535947712 0.00382655448897622
0 0.174061433447099 0.00418139678410993
0 0.179153094462541 0.00355751314521697
0 0.182410423452769 0.00398723227137045
0 0.224422442244224 0.00370470259110484
0 0.167213114754098 0.00514812022883921
0 0.217105263157895 0.0037654664441573
0 0.201298701298701 0.00318283463966562
0 0.172185430463576 0.00234730730471101
0 0.150501672240803 0.00508306784140465
0 0.198019801980198 0.00221791222303944
0 0.20983606557377 0.00510579473153683
0 0.215488215488215 0.00457285711613928
0 0.153094462540717 0.00135597172838722
0 0.178807947019868 0.00685942472712825
0 0.18 0.00246254465680439
0 0.245847176079734 0.00346323722453998
0 0.166101694915254 0.00194689747987808
0 0.187919463087248 0.00336679817340229
0 0.19344262295082 0.00220325657599183
0 0.215686274509804 0.00512909719862547
0 0.173469387755102 0.00411392827878603
0 0.157718120805369 0.0028156708862565
0 0.171232876712329 0.00355318648457161
0 0.167785234899329 0.00284995473683313
0 0.202054794520548 0.00379697440999785
0 0.185064935064935 0.00444426588223503
0 0.194174757281553 0.00492830092843134
0 0.197952218430034 0.00648407183503552
0 0.205211726384365 0.00384458790333569
0 0.176666666666667 0.0025570640826475
0 0.203883495145631 0.00381459984362345
0 0.194719471947195 0.00247706694038978
0 0.209150326797386 0.00256141328854313
0 0.18936877076412 0.00325243457563689
0 0.180272108843537 0.00532127804363735
0 0.167763157894737 0.00457840327951282
0 0.176079734219269 0.00451747252366627
0 0.207792207792208 0.00398355841956937
0 0.171232876712329 0.00216853799097685
0 0.171521035598705 0.00304029997920825
0 0.209459459459459 0.00300086868929859
0 0.227891156462585 0.00436379801652822
0 0.182119205298013 0.00462683831579476
0 0.165016501650165 0.00367570363675743
0 0.220064724919094 0.00168416502273467
0 0.166666666666667 0.00415925182716513
0 0.209621993127148 0.00443340985826237
0 0.195205479452055 0.00344370057260876
0 0.207482993197279 0.00458645342905657
0 0.201986754966887 0.00359425199009409
0 0.183333333333333 0.00328998128051029
0 0.193220338983051 0.00330420948128249
0 0.207482993197279 0.00277075902997361
0 0.195286195286195 0.00316769705436403
0 0.206666666666667 0.0042066530264044
0 0.17 0.00300406271578306
0 0.217821782178218 0.00214288154133842
0 0.191419141914191 0.00793684517467833
0 0.140893470790378 0.00301664208075865
0 0.158940397350993 0.00349679360898651
0 0.181506849315068 0.00370991825676596
0 0.143333333333333 0.0027134694600109
0 0.185667752442997 0.00326534471580372
0 0.229235880398671 0.00560594528257642
0 0.133550488599349 0.00231591343797588
0 0.177852348993289 0.0031117567588416
0 0.201320132013201 0.00379281512094237
0 0.150684931506849 0.00431716819133161
0 0.150684931506849 0.00260664644581763
0 0.13265306122449 0.00352478538189847
0 0.171521035598705 0.00559168183874425
0 0.192439862542955 0.00251223255680473
0 0.186440677966102 0.00480975028396367
0 0.177474402730375 0.0037915729761161
0 0.172297297297297 0.00484831803786877
0 0.19 0.00363294366823818
0 0.197411003236246 0.00486065644222157
0 0.231023102310231 0.00601338192463486
0 0.184300341296928 0.00369759554779054
0 0.214983713355049 0.0041083843765679
0 0.213559322033898 0.00341212006639913
0 0.181208053691275 0.00388234155638651
0 0.186666666666667 0.00404638945505965
0 0.23202614379085 0.00478404126808425
0 0.207119741100324 0.00323013491697489
0 0.200680272108844 0.00402905040466197
0 0.204013377926421 0.00510459988756475
0 0.223728813559322 0.00711704716484721
0 0.216494845360825 0.00325765541049536
0 0.182410423452769 0.00319986980440533
0 0.198051948051948 0.00348346295501337
0 0.167808219178082 0.00200226953867131
0 0.198675496688742 0.0020346457061277
0 0.193220338983051 0.00397736552624369
0 0.201298701298701 0.00276874731320986
0 0.195945945945946 0.00356682629206907
0 0.167763157894737 0.00362875961389766
0 0.231788079470199 0.00264529616951396
0 0.213114754098361 0.00482290882834908
0 0.167763157894737 0.0027678013747038
0 0.236065573770492 0.00571763951617765
0 0.189003436426117 0.0032982261488163
0 0.235690235690236 0.0039371941851077
0 0.225913621262458 0.00300673268470092
0 0.204013377926421 0.0046386523715741
0 0.238562091503268 0.00325033612539125
0 0.222591362126246 0.00521871859236757
0 0.227272727272727 0.00312771435906757
0 0.194805194805195 0.00450236448441897
0 0.181506849315068 0.00536804379633429
0 0.185430463576159 0.00344978635211015
0 0.218430034129693 0.00401011604545763
0 0.203883495145631 0.00350589958273779
0 0.197368421052632 0.00377857597131691
0 0.228758169934641 0.0028867890273216
0 0.183006535947712 0.00204092291054464
0 0.142857142857143 0.002864102061674
0 0.1875 0.00424971983377501
0 0.219594594594595 0.00240266992911862
0 0.185430463576159 0.00199409099264507
0 0.154109589041096 0.00267590526063702
0 0.178571428571429 0.00404666620681144
0 0.248322147651007 0.00727257897981808
0 0.187919463087248 0.00256216139036474
0 0.169381107491857 0.00280235576020417
0 0.166101694915254 0.00287753823483374
0 0.183606557377049 0.00215590673030703
0 0.189003436426117 0.00314469484308232
0 0.245901639344262 0.00469667011849762
0 0.20655737704918 0.00299800547499467
0 0.220735785953177 0.00539662358670149
0 0.204620462046205 0.00308511193953609
0 0.187713310580205 0.00219030781342127
0 0.162790697674419 0.00177424679828298
0 0.188118811881188 0.00309376358955293
0 0.14 0.00327229572794753
0 0.245901639344262 0.0045388971030996
0 0.210355987055016 0.00252315125762709
0 0.204013377926421 0.00281757375596066
0 0.224832214765101 0.00432735419830548
0 0.185810810810811 0.00300199971747772
0 0.167224080267559 0.00366181835802116
0 0.167785234899329 0.00397797867501423
0 0.193877551020408 0.00418383034460536
0 0.152027027027027 0.00322717147830961
0 0.211409395973154 0.0035505626100609
0 0.206666666666667 0.00299540172133359
0 0.183606557377049 0.00236654489207573
0 0.195439739413681 0.00283227730228335
0 0.201320132013201 0.00267854636220199
0 0.230769230769231 0.00436488357873883
0 0.227722772277228 0.00317738999229093
0 0.198630136986301 0.00408181986802333
0 0.157894736842105 0.00355488178686155
0 0.171717171717172 0.00355223070687368
0 0.176470588235294 0.00634829956520025
0 0.164429530201342 0.00442444188778377
0 0.213592233009709 0.00199798746442434
0 0.138513513513514 0.00327121408914938
0 0.17687074829932 0.00353711040740693
0 0.186440677966102 0.0041801570844805
0 0.196078431372549 0.00414201463942264
0 0.213114754098361 0.00469683142205728
0 0.209621993127148 0.0039469243620204
0 0.228956228956229 0.00312527251337218
0 0.163879598662207 0.00387432521220337
0 0.193333333333333 0.00422899723777197
0 0.181229773462783 0.00423105998158727
0 0.181518151815182 0.00314706196299564
0 0.219178082191781 0.0040515165045126
0 0.174757281553398 0.00305594478122428
0 0.198653198653199 0.00542455371530422
0 0.185185185185185 0.00372118891516149
0 0.172757475083056 0.00317903086836041
0 0.18936877076412 0.00479611833467135
0 0.210526315789474 0.0028034811468329
0 0.245098039215686 0.00401299846831008
0 0.152823920265781 0.00626191856231023
0 0.170648464163823 0.00470572490575171
0 0.178451178451178 0.00243470499017225
0 0.22 0.00344208393715056
0 0.232323232323232 0.00224620626426556
0 0.189189189189189 0.0024192742604347
0 0.201342281879195 0.00309360008546019
0 0.208754208754209 0.004265058637177
0 0.214765100671141 0.0037493270705478
0 0.189542483660131 0.00293482265210236
0 0.188741721854305 0.00326517102956586
0 0.250825082508251 0.00477370271560266
0 0.196078431372549 0.00617986113818258
0 0.169491525423729 0.0074299555354801
0 0.1875 0.00275360110136253
0 0.215753424657534 0.00369851375513719
0 0.175675675675676 0.00316616900459854
0 0.221476510067114 0.00506540788790407
0 0.207920792079208 0.00436254155363376
0 0.238255033557047 0.00447974391414011
0 0.226973684210526 0.00416994258703457
0 0.175084175084175 0.00281279067928778
0 0.19205298013245 0.00244222418912761
0 0.19 0.00735243024503019
0 0.195205479452055 0.00313819365535342
0 0.136666666666667 0.00439213527388969
0 0.237113402061856 0.00260689504179557
0 0.203883495145631 0.00362245592019998
0 0.200657894736842 0.00500678418342921
0 0.208754208754209 0.00346927932206225
0 0.169381107491857 0.00290458989029963
0 0.176079734219269 0.0028126041247893
0 0.178571428571429 0.00246253748765076
0 0.19344262295082 0.00326130435829732
0 0.163934426229508 0.0033686532824138
0 0.236301369863014 0.00353221945476582
0 0.191419141914191 0.00314240428282811
0 0.189830508474576 0.00230361279005506
0 0.208904109589041 0.00443748003006736
0 0.207119741100324 0.0030349244409775
0 0.197368421052632 0.00336291865709642
0 0.168350168350168 0.00285654542452006
0 0.197952218430034 0.00408567607326819
0 0.178571428571429 0.00288960049674412
0 0.195876288659794 0.00737823362639721
0 0.171617161716172 0.00455847522571977
0 0.193979933110368 0.00333797909189705
0 0.191780821917808 0.00269843073097515
0 0.220735785953177 0.00680304844024297
0 0.200680272108844 0.00441476301114234
0 0.187074829931973 0.00469899450434387
0 0.195205479452055 0.00401156432638901
0 0.218543046357616 0.00459574797235204
0 0.203333333333333 0.00275067001258433
0 0.228187919463087 0.00538464152454071
0 0.159863945578231 0.00378532099242219
0 0.182410423452769 0.00514532162790624
0 0.204013377926421 0.00595696023502678
0 0.224025974025974 0.00422357544399617
0 0.196078431372549 0.00553883746468287
0 0.25 0.00480460704168031
0 0.156996587030717 0.00319916249202176
0 0.168384879725086 0.00348313315620024
0 0.183946488294314 0.00232781226311864
0 0.217532467532468 0.00261369268004658
0 0.135313531353135 0.00208582524354359
0 0.22108843537415 0.00317059916358237
0 0.165540540540541 0.00209831671542432
0 0.207236842105263 0.00420858780803599
0 0.175084175084175 0.00389828885712673
0 0.229508196721311 0.00415626426170432
0 0.227118644067797 0.00539465897842466
0 0.230519480519481 0.00348215392656387
0 0.1875 0.00383756996898991
0 0.245954692556634 0.00466161258082689
0 0.186046511627907 0.00382159484041338
0 0.183006535947712 0.0034584807755692
0 0.187290969899666 0.00328840270052278
0 0.19344262295082 0.00480223937443924
0 0.186046511627907 0.00369868286647569
0 0.214285714285714 0.00347754908686366
0 0.179661016949153 0.00379536668944337
0 0.202749140893471 0.00427843444798986
0 0.160535117056856 0.00409759194012077
0 0.231292517006803 0.0050696748451251
0 0.184300341296928 0.00260919976037773
0 0.157534246575342 0.00281924649016641
0 0.237785016286645 0.0044306330607918
0 0.202749140893471 0.00396498930451057
0 0.213114754098361 0.00651896112832718
0 0.194719471947195 0.00332112766459643
0 0.200680272108844 0.00326902329277986
0 0.176666666666667 0.00301892015802173
0 0.229452054794521 0.00501302421255552
0 0.208609271523179 0.00474271719782294
0 0.214765100671141 0.00285408131546393
0 0.166666666666667 0.00418368357537111
0 0.211409395973154 0.00344993166710653
0 0.205387205387205 0.00492938357486967
0 0.207920792079208 0.00407352832334541
0 0.171232876712329 0.00272113272466033
0 0.168316831683168 0.00237600837867351
0 0.235294117647059 0.00448077951021853
0 0.209459459459459 0.00361820977713119
0 0.185185185185185 0.00286921362627226
0 0.201298701298701 0.00357965248063604
0 0.194539249146758 0.00411253773450122
0 0.214765100671141 0.00320384858688708
0 0.177049180327869 0.00352326258375805
0 0.164948453608247 0.00247458965387226
0 0.204697986577181 0.00438141336134714
0 0.188925081433225 0.00279404385741514
0 0.19205298013245 0.00253577580972291
0 0.196666666666667 0.0043681697314147
0 0.188741721854305 0.00363425015165098
0 0.198630136986301 0.00358379859206204
0 0.230240549828179 0.00405195176178823
0 0.217687074829932 0.00552131230139075
0 0.173913043478261 0.00450539138994459
0 0.189189189189189 0.00329526486849113
0 0.180272108843537 0.00310300893785487
0 0.184210526315789 0.00417417633516034
0 0.16887417218543 0.00378544544456933
0 0.211409395973154 0.00539540081323625
0 0.173770491803279 0.00231663054409458
0 0.177474402730375 0.00358018528037295
0 0.201320132013201 0.00460217270950674
0 0.249180327868852 0.00539532845123087
0 0.200647249190939 0.00324647929019663
0 0.140468227424749 0.00322186234016448
0 0.154882154882155 0.00396988631035468
0 0.176079734219269 0.00345039418956702
0 0.222602739726027 0.00527103899358982
0 0.175496688741722 0.00376900996754016
0 0.172881355932203 0.00338678669600996
0 0.212837837837838 0.00260994460194272
0 0.183606557377049 0.00377701094205464
0 0.161184210526316 0.00392166031917285
0 0.223684210526316 0.00629052058343519
0 0.178571428571429 0.00384359529975205
0 0.230263157894737 0.00477817258485617
0 0.197324414715719 0.00336149698516206
0 0.192691029900332 0.00311192716522347
0 0.186046511627907 0.00335440064048399
0 0.180602006688963 0.00502652760666864
0 0.196610169491525 0.00588991759561798
0 0.167213114754098 0.00340319894984476
0 0.204081632653061 0.00442696501741195
0 0.167808219178082 0.00479412597383721
0 0.181518151815182 0.00333478912812027
0 0.212837837837838 0.00563810250579899
0 0.177852348993289 0.00306436895726379
0 0.242424242424242 0.0047594246922169
0 0.171821305841924 0.0036122740440794
0 0.203883495145631 0.00450084857783976
0 0.199335548172757 0.00507413531655349
0 0.133561643835616 0.00322984864228291
0 0.23469387755102 0.00296204241617238
0 0.196078431372549 0.00376199463177464
0 0.163934426229508 0.00193880413629126
0 0.195439739413681 0.0041809517422486
0 0.236301369863014 0.00428727489292937
0 0.172638436482085 0.00492157457799858
0 0.24025974025974 0.00442501219711042
0 0.212624584717608 0.00467295132670936
0 0.154882154882155 0.00465213023522284
0 0.193877551020408 0.00396628438954851
0 0.188741721854305 0.00283294211101104
0 0.213592233009709 0.00514579069335969
0 0.200647249190939 0.00392661517033173
0 0.181506849315068 0.00427156192353388
0 0.235494880546075 0.00372934377730851
0 0.18 0.00405586513040874
0 0.197986577181208 0.00315090380371653
0 0.231270358306189 0.00348093178764826
0 0.155115511551155 0.00193311859441052
0 0.131756756756757 0.00352788978263848
0 0.218954248366013 0.00495674911730629
0 0.20983606557377 0.00225907986690881
0 0.149501661129568 0.00388528434200965
0 0.202749140893471 0.00339002852956976
0 0.18213058419244 0.00314781400192565
0 0.205211726384365 0.00498234203570134
0 0.191919191919192 0.00478571890985614
0 0.153061224489796 0.00257712380826658
0 0.168316831683168 0.00431090382453858
0 0.167763157894737 0.00301508332463713
0 0.192182410423453 0.00297654021074462
0 0.176666666666667 0.00335292870279305
0 0.158940397350993 0.00423831020501014
0 0.198675496688742 0.00416388462926093
0 0.21160409556314 0.00340887076596374
0 0.186885245901639 0.00651574714780901
0 0.192439862542955 0.00442371827400454
0 0.184466019417476 0.00245095409414881
0 0.172297297297297 0.00445013392795683
0 0.168384879725086 0.00347401220411774
0 0.159322033898305 0.00228969270319749
0 0.191780821917808 0.00399356294666964
0 0.172185430463576 0.00253116478080831
0 0.212328767123288 0.00383025474171415
0 0.230508474576271 0.00579493994298507
0 0.198051948051948 0.00422953545009225
0 0.183006535947712 0.00596795821445205
0 0.180887372013652 0.00429788565382805
0 0.201986754966887 0.00318895399241368
0 0.184210526315789 0.00183625881359844
0 0.201954397394137 0.00395609322701524
0 0.17 0.00340052614857368
0 0.207792207792208 0.0045169378254681
0 0.176666666666667 0.00280869132690475
0 0.166666666666667 0.00449656441639662
0 0.215946843853821 0.00506861184318727
0 0.227891156462585 0.00418333954686898
0 0.218120805369128 0.00292496855483792
0 0.18213058419244 0.00389478837496553
0 0.19672131147541 0.00359767903248694
0 0.229235880398671 0.00579419779690507
0 0.180327868852459 0.00291808430368721
0 0.180602006688963 0.00276338182378846
0 0.178217821782178 0.0032943656018341
0 0.213114754098361 0.00378622992461095
0 0.211038961038961 0.00381234108152249
0 0.198630136986301 0.00455351975141955
0 0.171052631578947 0.00191764846568073
0 0.184931506849315 0.00283679190073074
0 0.187290969899666 0.00645084580936876
0 0.143790849673203 0.00380017694571998
0 0.185430463576159 0.00399495540905235
0 0.220338983050847 0.00390587693360969
0 0.209459459459459 0.00495800408432884
0 0.222972972972973 0.00699847272585076
0 0.17687074829932 0.00473360204276838
0 0.169491525423729 0.00377480839199826
0 0.170068027210884 0.00227573138902527
0 0.218954248366013 0.00375531892389022
0 0.161073825503356 0.00324176548622814
0 0.179738562091503 0.0039453433966429
0 0.191419141914191 0.00399371459582794
0 0.225913621262458 0.00349968401407149
0 0.166123778501629 0.00422442390622346
0 0.215488215488215 0.00610847839188431
0 0.212328767123288 0.00328701602160822
0 0.187713310580205 0.00327965457066829
0 0.217532467532468 0.00417154201237074
0 0.196013289036545 0.00364645309925334
0 0.221854304635762 0.00298187806118872
0 0.158249158249158 0.0027155525274824
0 0.171140939597315 0.00288458645467625
0 0.197368421052632 0.00271868414505401
0 0.160958904109589 0.00285984644514404
0 0.161812297734628 0.00212764737081143
0 0.205980066445183 0.00304145215046626
0 0.210169491525424 0.00474722293275229
0 0.205298013245033 0.00296285120094072
0 0.213815789473684 0.00359576249210879
0 0.21523178807947 0.00328716988457816
0 0.189003436426117 0.0037900753780367
0 0.187702265372168 0.00409988288279971
0 0.15358361774744 0.00197367580058088
0 0.22680412371134 0.00395363371732803
0 0.237113402061856 0.00557224048222826
0 0.185430463576159 0.00605241085722466
0 0.203333333333333 0.00363517178907536
0 0.206779661016949 0.00401302736259601
0 0.205479452054795 0.00428600528344873
0 0.174757281553398 0.00555680049182774
0 0.163879598662207 0.00294344974039244
0 0.197411003236246 0.00283169714535698
0 0.194719471947195 0.00247351602304418
0 0.226027397260274 0.00466240898285757
0 0.177631578947368 0.00251131702292555
0 0.226229508196721 0.00327979904672657
0 0.185567010309278 0.0038360492336259
0 0.19047619047619 0.00367977286920818
0 0.177257525083612 0.00303632211342981
0 0.23202614379085 0.00421626527003055
0 0.220338983050847 0.00326174080759885
0 0.129449838187702 0.00294836364388788
0 0.186666666666667 0.00245167583940004
0 0.197952218430034 0.00327877841523574
0 0.191558441558442 0.00613797030988509
0 0.154362416107383 0.0044852188678375
0 0.25 0.00392237682113595
0 0.196666666666667 0.00414698814979516
0 0.166666666666667 0.00346664804838369
0 0.198653198653199 0.00428950502800163
0 0.181208053691275 0.00445368867978403
0 0.221476510067114 0.00368432732256269
0 0.185567010309278 0.00333471787660733
0 0.198630136986301 0.00455993655565237
0 0.187702265372168 0.00332096879162696
0 0.201342281879195 0.00267531881917361
0 0.197952218430034 0.00430214472941952
0 0.178694158075601 0.00390530786122791
0 0.196078431372549 0.0036378194791622
0 0.176470588235294 0.00432121291721987
0 0.201320132013201 0.00481176408894744
0 0.162790697674419 0.00402906976411849
0 0.203333333333333 0.00442506598866266
0 0.19281045751634 0.00334763355221237
0 0.262295081967213 0.0039987000506636
0 0.155932203389831 0.00291632996890778
0 0.207920792079208 0.00357103209408885
0 0.185064935064935 0.00310412615364331
0 0.181208053691275 0.00286583308885322
0 0.231270358306189 0.00365702861287376
0 0.183006535947712 0.00472240110005119
0 0.213114754098361 0.0032145048889259
0 0.197324414715719 0.00332522429238665
0 0.171232876712329 0.0032741105885292
0 0.240924092409241 0.0030770378733369
0 0.163879598662207 0.00384234133463497
0 0.166112956810631 0.0026855418820987
0 0.212418300653595 0.00376637325114893
0 0.205980066445183 0.00338184809704267
0 0.160535117056856 0.00255566103159884
0 0.186666666666667 0.00250663177502845
0 0.172638436482085 0.00384417773193508
0 0.228956228956229 0.00498596866404871
0 0.177474402730375 0.00248116385772458
0 0.220338983050847 0.0032593910532622
0 0.188311688311688 0.00359622445273937
0 0.195205479452055 0.00348493571289662
0 0.214046822742475 0.00342019668958041
0 0.216949152542373 0.00418832153376974
0 0.154639175257732 0.0020340426651429
0 0.212418300653595 0.00455573418717879
0 0.178571428571429 0.00674073582236178
0 0.174061433447099 0.00270188847766365
0 0.177993527508091 0.00291006013157687
0 0.199324324324324 0.00402208568830561
0 0.189830508474576 0.00348707718440488
0 0.180887372013652 0.00484420562767354
0 0.152027027027027 0.00262466689315579
0 0.207357859531773 0.00435802810471147
0 0.163879598662207 0.00227803911995376
0 0.186440677966102 0.00278635747118441
0 0.166112956810631 0.00273824363655912
0 0.208191126279863 0.00432132734408512
0 0.206081081081081 0.004166163732217
0 0.201365187713311 0.00744110037177013
0 0.209621993127148 0.00368138027536576
0 0.178217821782178 0.00445188829006323
0 0.176470588235294 0.00238059698016431
0 0.171140939597315 0.00316631438232631
0 0.179661016949153 0.00532090840270415
0 0.184931506849315 0.00296853386920352
0 0.151202749140893 0.00286043157240836
0 0.207119741100324 0.0023920458565407
0 0.226973684210526 0.00391749619717788
0 0.174657534246575 0.0062173986832222
0 0.192182410423453 0.00240459423462333
0 0.201365187713311 0.00359261305499888
0 0.186885245901639 0.00337691345455428
0 0.174496644295302 0.00295610640262759
0 0.208469055374593 0.00595806691683398
0 0.191780821917808 0.00443201954471953
0 0.177993527508091 0.00317563526953932
0 0.226027397260274 0.00409233673543692
0 0.231270358306189 0.00468191012914971
0 0.161073825503356 0.00387690231978808
0 0.171821305841924 0.00354244305116822
0 0.227722772277228 0.0031695440156849
0 0.162251655629139 0.00312275746814696
0 0.177474402730375 0.00300272750918924
0 0.197952218430034 0.00312099312257368
0 0.163879598662207 0.00263697550210964
0 0.182410423452769 0.00258312493622312
0 0.197986577181208 0.00510527399505985
0 0.178571428571429 0.00220659483211085
0 0.197986577181208 0.00356567316183889
0 0.176271186440678 0.00457977664631946
0 0.207357859531773 0.00360892099694069
0 0.163398692810458 0.00360409833638674
0 0.225255972696246 0.00670370243581596
0 0.212418300653595 0.00331541078379817
0 0.208754208754209 0.00345377455578381
0 0.151202749140893 0.003424746293358
0 0.218855218855219 0.00505170958815797
0 0.147058823529412 0.00233535385632052
0 0.187290969899666 0.00414939255285805
0 0.203883495145631 0.00293759574028274
0 0.177474402730375 0.00337818100504816
0 0.172077922077922 0.00368670558014453
0 0.169934640522876 0.0074769163391196
0 0.2 0.00913174322880577
0 0.207482993197279 0.00457681084877406
0 0.212418300653595 0.00344750012132209
0 0.139931740614334 0.00269828351823497
0 0.206185567010309 0.00322722327417414
0 0.150819672131148 0.00165577400094261
0 0.21160409556314 0.00394558068483723
0 0.207920792079208 0.00349962595877091
0 0.213114754098361 0.00292364318808961
0 0.204081632653061 0.00452007870580919
0 0.204620462046205 0.0055266716640967
0 0.227891156462585 0.00593635311269393
0 0.148514851485149 0.00388385154106068
0 0.254237288135593 0.00484888208140978
0 0.198675496688742 0.00295971668928569
0 0.177631578947368 0.00377074238788937
0 0.193979933110368 0.00491454743820993
0 0.212837837837838 0.00368215604689454
0 0.151515151515152 0.00239126482393016
0 0.191558441558442 0.00380431602316923
0 0.177993527508091 0.00288180770178779
0 0.172638436482085 0.00187137613564659
0 0.223300970873786 0.00431291565711233
0 0.19344262295082 0.00293791820476914
0 0.224025974025974 0.00537123866889564
0 0.172077922077922 0.00500988009951372
0 0.171052631578947 0.00471098136778834
0 0.15359477124183 0.00368100330231553
0 0.172757475083056 0.00503553700357949
0 0.230519480519481 0.0033590253455211
0 0.229452054794521 0.0060592293651975
0 0.163333333333333 0.00216955665197475
0 0.204081632653061 0.00304730448045466
0 0.233552631578947 0.0042163020990402
0 0.168918918918919 0.00479925755482416
0 0.181506849315068 0.00425915117174796
0 0.172638436482085 0.00303211187171899
0 0.201986754966887 0.00392514218741339
0 0.175324675324675 0.00411044286523725
0 0.208609271523179 0.00326452440198091
0 0.215686274509804 0.00317688565681745
0 0.188356164383562 0.0035188231538412
0 0.181229773462783 0.00144696565716175
0 0.167235494880546 0.00343962253834856
0 0.172185430463576 0.00321568268126561
0 0.183050847457627 0.00312741561327371
0 0.205882352941176 0.00377502865536387
0 0.238095238095238 0.00351694225990736
0 0.197368421052632 0.00485431986155358
0 0.202054794520548 0.00384496920984223
0 0.216666666666667 0.00432775358541011
0 0.23841059602649 0.00459012873657882
0 0.164383561643836 0.00241412756387103
0 0.203389830508475 0.00382481076271729
0 0.185567010309278 0.00256507574652237
0 0.176666666666667 0.00365147964388639
0 0.215488215488215 0.00263551090199788
0 0.24406779661017 0.00464583887234262
0 0.187713310580205 0.00439220104439811
0 0.177993527508091 0.00394901742221212
0 0.162790697674419 0.00329343287043781
0 0.210169491525424 0.00454402838899419
0 0.149837133550489 0.00159325504965207
0 0.189542483660131 0.0037234820356283
0 0.206666666666667 0.00547090532690687
0 0.19281045751634 0.00326781288350389
0 0.15807560137457 0.00230314382193714
0 0.198653198653199 0.00395210124116295
0 0.196078431372549 0.00401882508902776
0 0.181818181818182 0.00356555616274413
0 0.209621993127148 0.00230619806979288
0 0.184563758389262 0.00291417988011527
0 0.136054421768707 0.00266397798843607
0 0.212328767123288 0.00536417478394055
0 0.186666666666667 0.005393299592777
0 0.185430463576159 0.00355750051521197
0 0.188925081433225 0.00303172286238125
0 0.198675496688742 0.00352942629479661
0 0.167763157894737 0.00256136929124368
0 0.242622950819672 0.00387803654470079
0 0.122866894197952 0.00475614698070302
0 0.184466019417476 0.00401699641524936
0 0.192567567567568 0.00234601563099632
0 0.160958904109589 0.00314416024278479
0 0.249158249158249 0.00464828286401065
0 0.21160409556314 0.00336241679200426
0 0.19016393442623 0.00269565937539835
0 0.213559322033898 0.00421736155536064
0 0.201954397394137 0.00257030859349444
0 0.180272108843537 0.00298560784004935
0 0.197952218430034 0.00503833332495228
0 0.175895765472313 0.0036281502635707
0 0.174342105263158 0.00332931904956568
0 0.194719471947195 0.00569522608254267
0 0.195876288659794 0.00266599741827345
0 0.24 0.00377296527969573
0 0.20655737704918 0.00520555397448173
0 0.219672131147541 0.00445676139025737
0 0.183673469387755 0.00290503745835646
0 0.180887372013652 0.0026131990301801
0 0.177631578947368 0.00388903174295358
0 0.237623762376238 0.00421263290065458
0 0.182119205298013 0.00331393898424366
0 0.229508196721311 0.00353815611644964
0 0.257627118644068 0.00610326723363911
0 0.199335548172757 0.00380996727951306
0 0.210169491525424 0.00732430996816604
0 0.151815181518152 0.00334592242109642
0 0.230508474576271 0.00362251294072912
0 0.186046511627907 0.00330429956233734
0 0.190789473684211 0.00225620053736017
0 0.164383561643836 0.00243365490534419
0 0.193877551020408 0.00320658374602525
0 0.213058419243986 0.00702844731180627
0 0.205980066445183 0.00373587495556224
0 0.198675496688742 0.00319221096081876
0 0.171232876712329 0.00331534194164973
0 0.164948453608247 0.00334784210250263
0 0.220064724919094 0.00334951224379659
0 0.231292517006803 0.00486518891157337
0 0.178807947019868 0.00388578063021098
0 0.200647249190939 0.00368523220194623
0 0.172881355932203 0.00277093083219937
0 0.192439862542955 0.00296777520256959
0 0.223300970873786 0.00438646668027595
0 0.170068027210884 0.00174669597523301
0 0.232558139534884 0.00401943217094037
0 0.174757281553398 0.00253403262464828
0 0.167763157894737 0.0037439701689934
0 0.17 0.00338307211708217
0 0.169381107491857 0.00383025282157329
0 0.198051948051948 0.00346947872415555
0 0.207920792079208 0.00497807183400723
0 0.208904109589041 0.004272208892226
0 0.181208053691275 0.00316458617101944
0 0.188118811881188 0.00316353193663002
0 0.18 0.00345212346483379
0 0.214765100671141 0.0044520622367681
0 0.201365187713311 0.00312416118365646
0 0.195945945945946 0.00434677927426039
0 0.194630872483221 0.00336417284306153
0 0.236301369863014 0.00570316512194051
0 0.165540540540541 0.00164216679571102
0 0.19 0.00334116287974538
0 0.166101694915254 0.00230821529354232
0 0.199324324324324 0.00672700172879116
0 0.19 0.00238110739840648
0 0.195205479452055 0.00461669911731006
0 0.211409395973154 0.0036009805863213
0 0.21523178807947 0.0044420746144155
0 0.190635451505017 0.00366351936648116
0 0.22 0.00453011324707936
0 0.184466019417476 0.00324617247789868
0 0.178451178451178 0.00501642688037423
0 0.175324675324675 0.00368145428536734
0 0.194174757281553 0.00267070315160232
0 0.196013289036545 0.00319363099759657
0 0.208904109589041 0.0044013420891942
0 0.184818481848185 0.00538252194087185
0 0.197986577181208 0.0025193122671331
0 0.181518151815182 0.00413638761402249
0 0.233552631578947 0.0050114275495034
0 0.174757281553398 0.00316528521444607
0 0.175324675324675 0.00295666457122261
0 0.184931506849315 0.00259324738141964
0 0.192567567567568 0.00231678988369043
0 0.214046822742475 0.00454171463408104
0 0.198051948051948 0.00539176281625039
0 0.220064724919094 0.00433094651024558
0 0.2 0.00386601808453242
0 0.148648648648649 0.00336124945570909
0 0.178082191780822 0.00177441279625919
0 0.189830508474576 0.0041560204047904
0 0.16504854368932 0.00422539647507501
0 0.201986754966887 0.00536182441613164
0 0.213058419243986 0.00414671028043326
0 0.213559322033898 0.00454902918332274
0 0.231292517006803 0.00390612611729179
0 0.262135922330097 0.00404102647279032
0 0.155115511551155 0.00295664016015997
0 0.205980066445183 0.00276509436202937
0 0.157377049180328 0.00372088658998999
0 0.175496688741722 0.00362248887279094
0 0.197411003236246 0.00512748819215485
0 0.200647249190939 0.00273903517257096
0 0.219178082191781 0.00340599348925986
0 0.177474402730375 0.00462676511108971
0 0.186046511627907 0.0027201505503921
0 0.152317880794702 0.00372114069851365
0 0.205479452054795 0.00235426687256601
0 0.182724252491694 0.002900828986882
0 0.198630136986301 0.0027943678225575
0 0.197324414715719 0.00276395983666072
0 0.183050847457627 0.00577176718164987
0 0.168350168350168 0.00380320603977211
0 0.222591362126246 0.00505502614415692
0 0.226537216828479 0.00389056780844645
0 0.213333333333333 0.00332799280996863
0 0.160409556313993 0.00422307278296627
0 0.213592233009709 0.00635905914194736
0 0.204013377926421 0.00506819073908474
0 0.200647249190939 0.00296220609310579
0 0.198675496688742 0.00411955860098613
0 0.177852348993289 0.00409949496809627
0 0.142857142857143 0.00218622803336238
0 0.172185430463576 0.00410504323261814
0 0.241830065359477 0.00462232781739863
0 0.190635451505017 0.00458861215892416
0 0.159609120521173 0.00480337118423469
0 0.220394736842105 0.00296152035176605
0 0.147651006711409 0.00381352892308802
0 0.174342105263158 0.003832727285794
0 0.197411003236246 0.00249792415668438
0 0.216494845360825 0.00334212069106884
0 0.211726384364821 0.00447378537233537
0 0.179401993355482 0.00415171162376377
0 0.192439862542955 0.00310492230761191
0 0.225589225589226 0.00453255988010267
0 0.236486486486486 0.00543258363769231
0 0.193979933110368 0.00266673251433519
0 0.198630136986301 0.0036642221341153
0 0.180272108843537 0.00354044610665269
0 0.200647249190939 0.00284258809625808
0 0.215946843853821 0.00322306073201008
0 0.195945945945946 0.00446669959744343
0 0.186885245901639 0.00276967555845947
0 0.171140939597315 0.00337208299514013
0 0.154605263157895 0.00326241489777895
0 0.197952218430034 0.00255932207768494
0 0.210169491525424 0.00287568524113731
0 0.208053691275168 0.0062728092624124
0 0.198697068403909 0.00292983473328656
0 0.17687074829932 0.0026944781068547
0 0.186046511627907 0.00329293734862658
0 0.205479452054795 0.00380766530185293
0 0.221854304635762 0.0030524740734657
0 0.205479452054795 0.00382039678824002
0 0.197278911564626 0.00279950025276162
0 0.194630872483221 0.00444679439066939
0 0.185810810810811 0.00225488248342206
0 0.233009708737864 0.00335484707199562
0 0.174061433447099 0.00405183464935054
0 0.20655737704918 0.00292685040997876
0 0.16382252559727 0.00467153056064585
0 0.201320132013201 0.00446366343770404
0 0.174917491749175 0.00431802507562897
0 0.23 0.00512407732453852
0 0.171717171717172 0.0028414430515681
0 0.222591362126246 0.00510882343477349
0 0.200657894736842 0.00308873809186178
0 0.217391304347826 0.00452564753177525
0 0.226537216828479 0.00335593838257087
0 0.186274509803922 0.00762146384540387
0 0.13265306122449 0.00262741287500162
0 0.185185185185185 0.00268501766574101
0 0.201954397394137 0.00418229489191969
0 0.185430463576159 0.0026930792438949
0 0.210702341137124 0.00484613638401574
0 0.181518151815182 0.00494011307170647
0 0.216393442622951 0.00302551793950305
0 0.197411003236246 0.00399455645441985
0 0.224080267558528 0.00373548834077794
0 0.226351351351351 0.00482845600691625
0 0.176271186440678 0.003925896726224
0 0.198697068403909 0.00334603501593196
0 0.167785234899329 0.0044761791538
0 0.169381107491857 0.00240801894565711
0 0.179401993355482 0.00369703095981299
0 0.142857142857143 0.0027390851625995
0 0.201954397394137 0.00396324210604132
0 0.214983713355049 0.0038392718044084
0 0.191558441558442 0.00263054913941612
0 0.192439862542955 0.0031496946337065
0 0.165540540540541 0.00319963221116512
0 0.209621993127148 0.00263517458219083
0 0.164429530201342 0.00274285931756012
0 0.198630136986301 0.00266765381378511
0 0.205479452054795 0.00320605830828208
0 0.167785234899329 0.00338205323235653
0 0.214765100671141 0.00269059296690551
0 0.177993527508091 0.00407325593295887
0 0.206185567010309 0.00443302392900327
0 0.16887417218543 0.00288026006351891
0 0.206779661016949 0.00389152127498802
0 0.182410423452769 0.0032155198594099
0 0.197368421052632 0.00307367929736608
0 0.197324414715719 0.0030472067900338
0 0.208053691275168 0.00703453294234428
0 0.176079734219269 0.00315029242190298
0 0.159322033898305 0.00728532763670432
0 0.20655737704918 0.00369658152442548
0 0.221476510067114 0.00484229709290712
0 0.197411003236246 0.00559960540051236
0 0.168918918918919 0.00379650468007312
0 0.166101694915254 0.00437880684187883
0 0.199346405228758 0.00278555019036711
0 0.206666666666667 0.0036597517507337
0 0.168831168831169 0.0030057916707527
0 0.183606557377049 0.00237267075520098
0 0.173202614379085 0.00321572512135965
0 0.206779661016949 0.00384463088586536
0 0.185810810810811 0.00422696540853565
0 0.201298701298701 0.00407981408899264
0 0.204620462046205 0.00415775609730401
0 0.20066889632107 0.00660148577399762
0 0.185567010309278 0.00279674738469227
0 0.229508196721311 0.00460286953183286
0 0.158940397350993 0.00385001256366999
0 0.15807560137457 0.00315893296420076
0 0.165540540540541 0.0020308674451401
0 0.181208053691275 0.00219059841176682
0 0.201320132013201 0.00485143951505252
0 0.180327868852459 0.00238203374467966
0 0.182432432432432 0.00257097991139973
0 0.15807560137457 0.00344962864102046
0 0.211409395973154 0.00350873497830791
0 0.198653198653199 0.00331905686848542
0 0.193877551020408 0.00329700282935732
0 0.150684931506849 0.00175379908975371
0 0.191275167785235 0.00411012384044367
0 0.194805194805195 0.00341200270328457
0 0.213559322033898 0.00308808488348645
0 0.19281045751634 0.00266591540800455
0 0.195439739413681 0.00407231341820332
0 0.174496644295302 0.00467484433506307
0 0.186666666666667 0.00288882707607359
0 0.212328767123288 0.00552429699000142
0 0.16 0.00367691023810071
0 0.15 0.00302655999421846
0 0.211726384364821 0.00426782481423937
0 0.230519480519481 0.00403883992700106
0 0.183050847457627 0.00476679226854503
0 0.220338983050847 0.0051238593800295
0 0.194719471947195 0.00434096443425365
0 0.174917491749175 0.00362438747209455
0 0.275974025974026 0.00709532618534569
0 0.161716171617162 0.00406493853602232
0 0.22742474916388 0.0051658117532634
0 0.173202614379085 0.00331163705174241
0 0.153094462540717 0.00309562610634061
0 0.214285714285714 0.00424886701164459
0 0.186666666666667 0.00567630681667769
0 0.198697068403909 0.004208774775907
0 0.226973684210526 0.00784705529484759
0 0.167235494880546 0.00391368559976529
0 0.190635451505017 0.00423844004331026
0 0.174917491749175 0.00218295593635611
0 0.191275167785235 0.00459178414980698
0 0.220338983050847 0.00397430258136527
0 0.174061433447099 0.00262061677444631
0 0.172077922077922 0.00214205724579373
0 0.209459459459459 0.00384526937488535
0 0.195945945945946 0.00363796173150807
0 0.191780821917808 0.00466491086951702
0 0.191126279863481 0.00379735346766687
