0.0031584171382354
0.00150404939415408
0.00134924208373699
0.000539155040243355
0.00665686249013486
0.00116372171451609
0.00444641727818379
0.00584704178486278
0.0032958874990547
1.95944303331479e-06
0.00315977931876778
0.00520183642468503
0.000637418470971668
0.00471640657100764
5.89689369704079e-07
0.00684702647129786
0.000828233101417287
0.00552571507114979
0.00108322444462735
0.000258817984968827
0.00282343352828987
0.000533168073370674
0.000670303361480298
1.21841819547547e-05
0.0012381204042819
0.0124084533035782
0.00292099565748826
0.00544709980244029
0.00183382085765744
0.00219911109171827
0.0099384468587313
0.00201606823058124
0.00174353528945773
0.00226005300415167
0.00631264793889653
0.00489047354994709
0.00646651775542961
0.00187502916862177
0.00294588823469384
0.00275360214818557
0.00499792847479018
0.00354004639212869
0.00252409839046338
0.000825228186007795
0.0104550557858204
0.00410656446449029
0.000204019357827075
0.00251695678233009
0.00293259380503315
0.00158418296243195
0.00387262055075646
0.00649323078598638
0.00379279933907106
1.83524891161779e-05
0.00574636177845706
6.24513203453467e-05
1.63611562892337e-05
0.00433726660307027
0.00690468219205559
0.00130308619280043
0.000251829569054419
0.0025230008606358
0.00287368080344431
0.00338466367138364
0.0103706238674944
0.00499730673684938
0.000112219392461751
0.00246260974934525
0.00468699970009834
0.00438024747923417
0.00499455935123568
0.00593247753310809
0.00832429124666221
0.00145738162747704
0.00194915366503938
0.00801253709917066
0.00517440317480439
0.000169101076273605
0.00110429865161479
0.0026505433257018
0.000382631474216597
1.81042072645681e-08
0.00313605875725078
0.00304105899381759
0.00545952401063044
0.00544690685710662
0.00492285211929954
0.00307026062134265
0.00417614792072948
0.00203474598671437
0.00087201818996357
0.00196903063406087
0.00573954666645734
0.00996001261421402
0.00438730066696614
0.00186449090148923
1.01920492469893e-05
0.00462650323204257
0.00392087451033233
0.000300447850430237
0.00367842553939123
0.00310140725631775
0.00207579248814724
0.00394019796803122
0.00200422324246876
0.0130874125931839
0.00296164175098406
5.30075290392763e-09
0.00498346119298909
0.000671678097168373
1.42638172617672e-08
0.000379695309371124
0.00148870447724097
0.00436540890519021
0.000570716189379113
0.000244393596160701
0.00241421490924478
0.00227954485200081
0.00726255350988348
0.000455314827029167
0.00768337490857252
0.00867998469054616
0.00300073520232688
0.00620485437906748
0.00623215115550701
0.00464837651669408
0.00346944340571513
0.00120464339988412
0.00156322450476488
0.00660944362917412
0.00805812985631641
0.00858196530449033
2.08709542715732e-05
0.00427789845609665
1.04185721636012e-05
6.2890615744517e-07
0.00133416764370617
0.00333890555233243
0.00330224991654255
0.000327735924396284
3.54500088294916e-06
0.0096554711925033
0.00237447608568712
4.1890107155439e-09
0.00265990886135628
0.00499406331759013
0.0134381589716632
0.00216685281679909
0.000121556713096947
0.00670477744874497
0.00793136168301271
0.00110798154830898
0.00548744348315555
0.00911505520643012
0.000920703981793061
0.000484509807200727
0.00201922394616416
0.000212465171196114
0.00614582306229468
0.00563776457882876
0.00948270779300489
0.00299294521389322
0.00253909380419999
2.64686003450822e-07
0.00363411872095409
0.00187044740547636
0.00349881111773319
1.93575746045424e-05
6.57058558124287e-05
0.0037550617347145
0.00570617584797377
0.0118261667671651
0.00808850415806163
0.000764759688713809
0.0014199331252112
0.00372355466508354
0.00417405474436023
0.000134135454638281
0.00601134576664193
0.000847920763089513
0.00185316783382524
0.000506760498929616
0.00291473103946101
0.00395299704868022
0.00278545312937973
0.00101309294894418
0.00356133145724308
0.000632169502892031
0.0049847396921481
0.00025214245545481
9.30635665094975e-07
0.0037307059086679
0.00165025508048033
0.000410662672769223
0.00603483340956217
0.00368447692201708
0.0091305630956003
0.00356981446286981
0.00324719452232729
0.00453017383342219
0.00505642339704259
0.00747673611730096
0.00355965837584827
5.203754887823e-05
0.00190381089519455
0.00706566616477273
0.00286155580127297
1.19899471674632e-05
0.00220247741053057
0.00112896156832096
0.00695564082705666
2.6467337749662e-06
0.000278966003720887
0.0138450120141748
0.00407929426220156
0.00169446244052952
0.0154268396426271
0.0018187231137359
5.52255836669832e-07
0.00855349455924436
8.95394652013779e-06
0.00192166207846342
0.00197811700357983
3.09428419281775e-10
0.00434688620762505
0.00364796223049122
0.00445772217805196
0.00294923717201923
0.00712724675587527
6.34949154901753e-10
0.015480172649102
0.00224702506450481
0.00372131988728681
0.00421607004608894
0.000967024735210926
0.00381069890714523
0.00344229199683437
0.000845826915183388
0.020295606542225
0.00292184805275026
0.00499411894852607
0.00377791572993323
0.000146024465943619
0.00480437876140197
0.00177574372596495
0.00318643403066364
0.00278382371414856
0.00021227223262885
0.0060637864633793
0.00412827727389584
0.00363666550555022
0.00150362396641719
0.00317393406522727
5.42753869337962e-05
0.0003051774696127
7.74596163131718e-05
0.000706394940467508
0.00903006831005162
0.000218287481344027
0.0106443816522202
0.000857680277665625
0.0126157882584657
0.00339332589590871
0.000229005271998112
5.72569029703284e-07
0.00294158219918598
0.00649075107231132
0.00229453123903465
0.00112558583088989
0.000102017949660773
0.00565259020663896
0.000365001113500949
0.0137782227887429
6.44107051879653e-07
0.00570833767005196
0.0146016174681747
0.00190316689390427
5.26620547568236e-05
0.00550262328847827
8.02877931013343e-05
0.000165914765861223
0.000370347840097027
0.00340070443102521
0.0069749750097199
0.00373729079705152
0.000885937499444605
0.000492595923656779
0.00638526876728555
0.00247966386422247
3.43373753116004e-08
0.000829060241777992
0.00877070513114818
0.00365847006083319
0.00362934182832988
2.6109798320544e-06
1.39106764111196e-08
0.00287798427882302
0.00290693585057034
0.00371323897780116
0.00461954901340634
0.00420403718903614
0.00240251530266171
0.00970584071336737
1.30199390411546e-06
0.00541911049839635
0.00615120860758072
0.0110307283113778
0.00201442435777737
0.00187773281140997
0.00326271734284032
0.00559054278520313
0.000186520217898724
0.000685285485244084
0.00029025844304469
0.00649768382008529
0.00206076481758963
0.00213858940820495
0.00164908158411772
0.0029607444711409
0.00240371009303685
0.0080177236515859
0.00695814746770298
0.00187454040056353
0.00565330986469103
0.00560128671445747
0.0111097875240296
0.00285355369202257
0.00247698531144275
0.000646438378890369
0.00090282486818046
0.00675951880657201
0.00510525607677164
0.0017832507551064
0.00475151343305827
0.000151309733224207
0.000681504520980328
0.00285482845358639
0.00189550900026182
0.00359418775850597
0.000559496344899214
0.0126695144452685
0.00140325876789086
0.00123284530014387
0.00318364339373475
0.000215640689661841
0.00709878711324287
0.00284482447182887
0.0047257887388827
0.00180845398595561
3.36905723231329e-05
6.62895918325613e-05
7.37296114442895e-13
0.000154936060296423
0.000106113141714366
0.00372367809071764
0.00296962952165038
0.0068235651548052
0.00154986913371671
0.00364318926528772
0.000984032658530757
0.00281129009810284
0.00156917731509606
0.00108719839437153
0.010203438356135
0.00987080065803551
0.00111166594626291
1.7715199541222e-08
2.42151690351976e-05
0.0235843460622425
0.00896992824225385
0.00210384840973168
0.00336110085624809
0.000128175348185528
0.00574221896411833
0.0077970813642573
0.00383022292327128
0.000103777932992639
0.00539647154211686
0.00244783567155699
0.00604763041202079
0.0118362987556028
0.0137864718214065
0.00200826621324241
0.00813420091003867
0.000569255930031047
0.000255835225535301
4.50858184327031e-05
0.00166240391075662
0.00222172257644983
3.73154616457663e-06
0.00299014999771339
3.83006883044838e-07
0.00587644482093517
0.00516601981335622
0.000182142954241549
0.0028026214665504
1.23240788028897e-08
2.31133932656902e-09
0.00806266798254848
1.22822639553287e-08
0.00478025058563753
0.00315044452374918
0.00244623728491337
0.00253605813640953
0.0022405541443088
0.0158161656815146
0.00294651869019421
0.00212970870987004
0.00379095483400046
0.00458453373050934
0.00461012069304737
0.0181777568570174
0.000859547514533814
0.00779652818598268
4.05368029948697e-08
0.0110416193023252
0.0129169172730015
0.000593091779256339
0.00298408679589652
0.012932190907304
0.0029877846496413
0.00599990306051408
0.00117529028687049
0.00256756089571422
0.000166268921041435
0.00314590143007428
0.00220554912279478
6.83535565465598e-11
0.00754711986461292
1.70254708726563e-09
0.00481431970888297
6.92574670872766e-06
5.50288814630167e-07
0.00336314690306652
0.000341129865933251
4.14192224040237e-10
6.15772279041515e-05
0.00953493787412375
5.60325131475175e-12
0.000582474977576539
7.86932105397682e-05
0.00039678245669808
0.00207209406405188
0.00516422149832829
0.000538296846119631
0.0076841510747737
0.00471123036081131
0.00373377775711468
0.00766190193491377
0.00307845601814972
1.85406931613228e-07
0.00188380316568776
0.00156513913895849
0.00710937766774873
0.00243766605205961
0.00973281259315066
7.25494895239821e-10
0.0091700729839318
0.00586021273130141
0.00269128707658355
0.00366251073888566
0.00631311867266548
0.00199771351375606
0.00187007490823722
0.000490661124016665
0.00101595171806176
3.18836099989209e-15
0.000496396136401071
0.00213908651371973
0.00100962396090864
0.000271444858639538
0.00644949216991338
1.00246769625903e-07
0.010194299578133
0.00340586583503995
0.00919014346151986
0.00448760198252576
0.00262295104766311
0.00067598015185441
0.00277276842549763
0.00379416643237264
0.0055945011214271
0.0108434058013549
0.00533304659508366
0.00062718348615305
0.00840064026010727
0.000666849899563715
0.0151893525851578
0.00151664819218148
0.00363271584079745
0.00156117576674978
1.62360160559135e-05
0.00145606107391399
7.83384079760738e-06
5.76188422067011e-06
0.00732863169832544
0.00418470307218469
0.00352216917314662
0.00144966916388741
0.00286307754856916
0.00699734840045225
0.0110874465444477
0.000524232000479334
0.0108730959484794
0.00873824343450936
1.61246381226218e-13
0.00894990596388066
0.00487668448044474
0.00137266191116595
0.0023834269893583
7.64508996602688e-05
0.00434015245195612
0.00811903493153964
0.000371257849780682
0.011070551399469
0.000276383314640238
0.00215883526021348
0.00363046723756341
0.000371000562867442
0.00428862558667866
0.00202700683034222
0.00438742263459243
0.00504054423198349
0.00707619783159113
0.00169676440318618
0.00376860825306862
0.00525727452523789
0.00306321676512705
0.000286323580456214
0.00330221792472482
8.89327087864893e-05
0.000281628622415132
0.00516734295420693
0.00455412272067269
0.000834209710186795
0.00138829048261326
0.00320958419601258
0.00451974465268026
0.00359150497639673
0.000496720250732008
0.00277389542142818
0.00847239828558231
2.8391955628305e-06
0.01032915610907
0.00329055549081243
0.000515141392062364
0.00400149530379648
0.00690059659796011
0.00794627988550462
0.00774609005143422
0.00615866831835249
0.0108732008854302
0.00488999749013339
3.7002240910446e-11
0.00230236773090593
0.00406623003653418
0.00164881756571602
0.00147965651076682
0.000489712564428285
0.0065483429384507
0.0057873070348123
0.00197553747878164
0.00504617908876132
0.0113107137754734
0.000814541658110306
0.00667443845359056
0.000502990852810602
0.00928313033562344
0.00130890751511127
0.0123557957876036
0.00762529522053856
1.68041229425152e-07
0.0103203263350805
0.00258676759032239
0.00599347069808189
0.000168527393076114
0.00517902967428384
0.00730884911279512
0.00938990069873975
0.000118416393488846
0.00129643333049949
0.00681045503685821
0.000392247063415989
0.0102340960455076
0.00399944714311937
2.09813851737296e-06
1.70788314266047e-08
0.00544063586636186
0.0105623271350259
2.43997910376968e-05
0.00496057892464016
0.00154902643128601
0.00159018252884223
0.00752933681636933
0.0109182514630051
0.00193056345830013
0.00105905256962001
0.00326357550675865
5.53542049951643e-05
1.91545318534254e-06
0.00760993432429863
0.0044893150835618
0.00420158304684701
0.000133984401159241
0.00277477301980482
0.0139582862311197
0.015159404955755
0.00488371203452989
1.52861289703482e-05
0.0101041280592299
0.0089017135346606
0.000987445992295234
0.00333292891824802
0.00529592247754185
0.00195729845639611
0.00365417544452996
0.00155277362349629
0.000286583640673181
0.00921073356875707
0.0042509619818713
0.000363230480142227
0.00208642981317913
0.000123829717372896
0.00445203949924811
0.00564167766912067
0.000444322607455358
0.00500289645278836
0.0040228856254884
7.15835472905415e-05
0.00766658558226365
0.000207592163761485
0.00566122240961233
0.0186995096997601
0.00067845214985669
4.33901746630454e-06
0.00240167243970145
0.00107230936841208
0.00851804754698522
0.00473557228684985
2.71408603238873e-13
8.18742655251435e-06
0.00947750155476541
0.00393930082596842
0.0101016712239133
0.00312488085432623
0.0038168783566692
1.31964154435674e-05
0.00736290549273502
0.0014060221696902
0.0030690990456528
3.62266413662579e-07
0.00663957381541615
0.00531243222557852
0.000184671073487255
0.00310395432337437
0.00230874207890229
0.00380223867062736
0.00647013118125406
0.00406927775238997
0.00187535571752288
0.000560701283143727
5.56893812312098e-06
0.00583902561571869
0.00187533992913101
0.00254921124713367
0.000115771815636944
0.00123634268134735
0.00676657095639745
0.00068044638384446
0.00237228152845588
0.00804814926334255
0.00520908402982475
0.00447676817634649
0.00167792915330545
4.49588004467402e-09
0.000215553326679084
0.00250082777501908
0.00785555363866236
0.0017473836926968
0.0113147675029267
0.00271997149499397
0.00335283103930264
0.000132880223439205
0.00430713519461299
0.00543220878127975
0.00729794697708774
3.47800732387272e-06
0.00103086681547881
0.00297868303085518
0.000331455780136782
0.00769700512256485
0.00887849476932605
0.00194297984945239
0.0143145240179253
0.00326881403544028
0.00706721350299831
0.000163525925727202
0.00330275079826331
0.00576949627015345
0.00386352577618762
0.00164286079241025
0.00266073751806521
0.00924308964949738
0.00115427291262784
3.95889284536854e-07
0.00188303851916342
0.00542835229816848
0.000463291572224563
0.00527918412705315
0.00455212199871069
0.00674883646349886
0.00450362838855185
0.00306866295897079
8.40695615912299e-05
0.00158932354552177
0.00410331517178979
0.00201111155571057
0.000212212872191776
0.00328643044364298
0.00635106979255235
0.00774466648836083
0.00683256545200631
0.00156215123818647
0.000623312476166907
0.00248928055877391
0.000491108900980988
0.00649405326879339
0.00220286783365909
0.000663063032059384
0.00608169672762186
0.00338005940289573
0.00274779696977481
0.000793383053155637
1.46349877910968e-05
0.000798078174108126
0.0032453414759487
0.000147625682237673
9.18532412826576e-05
0.00496278934016083
0.00208242157045879
0.00179345493717681
0.00686980673616993
0.00984615836989855
0.00122502873172967
0.00234624786042049
0.00967142221792713
0.00419166579305429
0.00951421772791776
0.00353959815094364
0.000941780691944685
8.11387468933866e-06
0.00349678873112087
0.00433008552875515
0.00342552301063097
0.00443885783902916
0.00242934224462507
0.00794396114044547
0.00259746341429059
0.000913585709492646
6.15748711989282e-08
0.00591012157012968
0.0122033231725753
0.00341436861107464
0.00549058501436875
0.0103265220049398
0.00227997031583222
3.54621126034854e-08
0.00165386805016553
0.00623579775922254
0.00573407746712501
0.00314785663309431
0.00695817705830631
0.0032113761291515
0.00560266269094855
0.00473491019528006
0.00554655427284003
4.24759273918404e-05
0.0011759206359417
0.0016142803345464
0.000539361820834411
0.00350049445211442
0.00647750629194424
3.48079092666706e-05
0.0031245673574491
0.00171452516070394
0.00824046090886328
0.00656947123292164
0.00640776923904796
0.00593868384050533
0.00131673675874619
0.00174694649301137
0.00463289928977645
0.00023849648166532
0.000788319650284065
0.00935504032269479
0.00286851284108292
0.00359811038212674
0.0046559832479399
0.00219815333538375
0.000297537927644169
0.0118842187836687
0.00231690199252032
3.49804934871278e-11
0.00157206934053162
0.00874689386710459
0.00304195338568083
0.00449071433913091
0.000131852163611955
0.00258320362817814
0.000925678629604132
0.00788170123057993
4.31155945730924e-07
0.00116206676509358
0.00561659252200822
9.65505098099637e-06
5.89167467633748e-06
0.00266022848144986
1.92095029131327e-05
0.00415540379503778
0.00128135702762387
0.0125981637904799
0.00627442392925362
0.00796673556339786
0.00373028115988443
5.53937030793352e-05
0.00816580088345195
0.000200271616962753
0.00111860670041644
0.00457262906468034
0.00557059408459582
0.00458362157870274
0.00953876567282638
0.00251920866484437
6.92433241620087e-05
0.00286009813272321
0.00590575666568984
0.00664799146278559
0.0114198406800425
7.39734142401393e-05
0.000335067713144769
0.00783559397772945
0.000334107200755498
0.00277445553626516
0.00290280269352492
0.00194708878668847
0.004003451252041
0.00606218444546971
0.000390659212354084
0.00444221249059953
2.77174035435915e-06
0.00748391641163738
0.00342635054215372
0.0169161660038227
0.00555413055233493
5.27189893729018e-05
0.00135104381867595
0.00304529064093087
0.00300494407220361
5.59636650064275e-08
0.00667419499082235
0.000931003228385863
0.00277756499146044
0.00102002214569316
0.00341218459223015
2.58011012702423e-08
0.00330088873681604
0.00456802726425427
0.00223042847275492
0.00570979325153962
0.00567972417609991
0.00622448991534014
0.000612505018339072
0.00119094849750777
0.00446208409487508
0.000634468662109374
0.00463190116066196
0.00398170939194648
0.0120181276289285
0.00272151734658986
0.00155334856009689
0.000999142381004662
0.00410717559706165
0.00170883719766039
0.00758528275369701
0.000840335971931953
0.0057481624292597
0.00270764535854707
0.000459787809059781
0.0067467811278457
0.00270711959529505
9.67461143076856e-05
0.00870014825897872
0.00400858854428335
0.00652469165633217
0.00204616662607546
0.00423713921001139
0.00434459755052975
0.00497171691406349
0.00380432504201017
2.49782538428987e-05
0.000996858156468285
0.0046874384888209
0.00519802132046236
0.00562542790986058
0.00296484046371453
0.00165917567166841
0.00177856071908729
0.0156766996024513
0.000237313318959644
0.00937988956169503
0.0120766753908462
0.00414295983688504
0.00173879571912896
0.00944855347205227
0.00174964950100998
0.00356030051375384
0.00852728814760043
0.00653878076744162
0.00146163368703271
0.000587757736519961
0.0104238188271321
0.00141842052117796
0.000959976592945532
0.0177712127065233
0.00125911177774196
0.00380709984878105
0.00199887050862898
0.00458913816477228
0.00365837903039072
0.000392841344438136
0.0034765871803566
0.000169791834611365
0.00356270694535777
0.0121027089319108
0.00158776682712552
0.00036892718463344
0.00474881119941408
0.00495835057848205
0.00163460289218927
0.00291703839014619
0.014693708739436
0.000660069320609217
0.012839684515918
0.00083558174882216
0.00134820362541852
0.000155094997092481
0.00573671460497945
0.00451377122058215
0.00251171250756845
0.00464738297210886
0.0043952686476223
0.00238073755033356
0.00199918571972493
0.00712745469007699
0.00817882068488645
0.00304751432212425
0.00496832403417047
2.39544082372009e-06
0.00884623983554326
0.0045970095052926
0.00490244771797487
3.97096605482332e-06
0.00305401033321496
0.0025692153045301
0.00295858428884843
0.00406995670204912
0.00122893811742752
0.000668897305277138
0.0021859483364488
0.0117427486314872
0.000442582371480175
0.000799637122849848
0.0100383188683612
0.00280537312402625
0.00103606260368919
0.00307594281980548
0.00503566141989501
0.0119991330141702
0.00391170134370821
0.000840483434018412
0.00146725087097085
0.00162335563397583
0.000140786751547489
0.00296609765292614
0.0039909217813341
0.0063434105716125
0.00046282583163644
1.8688060781739e-14
0.00280986709933054
0.00387053607800107
0.00353916270186605
0.000757385136725518
0.000433628128007941
0.000622559348275081
0.00224145739790812
0.000401531497819324
0.00998328396960799
2.63367721472314e-06
0.00775119677763668
0.00851987862310671
0.000434405872241687
0.00304267711798714
0.000199522190589969
0.000632481392463562
0.00762129885895829
0.00231005988822811
0.00123726653433811
0.0096112878881977
0.00258058005827031
0.00447770657456823
0.0031054497837599
6.65240885221669e-05
0.00617778923219853
0.0115154401202845
0.00292578291420985
4.75706994903934e-05
0.00237590634510252
0.00359024389014186
0.00196209865210324
0.00168031001885979
0.00481429860928057
0.00578792336150934
0.0105796938988418
0.00559860440976766
2.79037506380152e-06
0.00142717189223548
0.00260506131797254
0.00381785770813698
0.00519494991358273
0.000617543808063671
0.0012696778586434
0.00269292485201587
0.00702192517575532
0.00370692209582206
0.00680578462454332
1.31705894871765e-07
0.00241077291757422
0.00966001050654346
0.0126921346845362
0.0015822696084551
0.00139292339759684
0.000642534260250511
0.00442642154113547
0.00198462192366166
5.79181320347606e-05
0.00567094436351707
0.00263081948702062
0.00166008603271255
0.000427719098222071
0.0035157797507236
7.14977516512042e-05
4.89775664553101e-06
0.0108859795552385
0.00157804158305552
0.00312984766324651
0.00163091556937826
0.012882354434892
0.0115185589996064
0.00432946712643297
0.000191004154457838
0.00745821084184237
0.000166843456051409
0.0146414276275206
0.00517414820689098
0.00309368137207211
0.00572262801466684
0.000452284386084987
0.00238875300397347
0.0049222476036317
0.00135564827111703
1.93129478308862e-05
0.00211711276925719
0.0041566302169745
0.000819110918061616
0.000109607784624389
0.00464213753787389
0.00243499016762389
0.00280861689399333
0.000498332015289542
0.00247871291485167
8.4031293788507e-11
0.00561008519348704
0.00345772609640099
0.00786995243928664
0.00408819633044168
0.00133329952640281
0.00309995137507673
0.00208126754536393
0.00316200944861581
1.23835409342096e-14
0.00174338038757855
0.0027052096037765
0.00402737047050093
0.00630270124917336
0.00590240936575489
0.00638935517863339
7.64322861405239e-06
0.00293310678204009
0.00285426061808103
1.9794944522528e-09
2.32400971234201e-05
0.00379076081781775
0.00329775529267733
0.0127563528013819
6.65745446444338e-05
0.00757684555307242
0.000489437479398728
0.00407632239521223
0.0011891208027453
0.00163419186415396
0.000673038086649206
1.84909440452774e-06
2.4776219572666e-18
0.00342226184727202
0.00399131156465001
0.00252654658694204
8.92491882992464e-05
0.00397665087763357
0.00331010677277386
1.50958780192972e-05
0.00341492971177468
0.00544353287021053
0.00278031382774709
0.0054519963120138
0.0108038857807546
0.00491947577917045
2.97029646816501e-35
0.00297979567170847
0.0058484841000095
0.00440437469832478
0.00255650570482864
0.0071602009840692
0.00318759902211507
0.00264644165627548
0.00197640716331332
0.00692512605258174
1.97004747547334e-05
0.00480422861353689
0.00134567622777196
0.00192161716507954
0.00189451944949654
0.000639518439326228
0.00110918715219332
0.00236823644396904
0.00500981849852839
2.61555102913141e-05
0.00197744474012357
0.00038692335334368
0.00301289039127475
0.00408358685505916
0.00535135757739785
0.000543857826984012
0.00171202766932027
0.00372331195552105
0.001539804679314
0.000797881911808922
0.00988923694932485
0.0046908394812728
0.00291739419256706
0.00028662605180666
0.00262975173198516
0.00372855481442959
0.00171112862955721
0.00369449202397752
0.000478647971289565
0.00148030600361857
0.00394951844458309
0.00114700952561845
0.00497467349588918
0.00354321978865001
1.09600404398389e-10
0.00538524394390973
9.47892963520955e-05
0.00218038514384404
0.0045323822647659
0.0100491184379476
0.00354871547857764
2.83662852015249e-05
0.00387587701710536
0.00617094810804684
0.0119836118070081
0.00234279993564635
0.000413116342715263
0.00108349370036799
0.00327669690828965
0.00251634114617928
0.00178209888221018
0.000747024633334632
0.00176761582999006
0.00102313029054669
0.000165929727299454
0.0021200391815499
0.00131391530608709
0.0042256709259441
0.00257998099050719
0.00228978516873408
0.00701561489173355
5.51529125380878e-05
0.00191900751317104
0.00221068142803368
0.000843940849659706
0.00350743552427504
0.00276274068348742
0.00542977324601892
0.0022535711261635
0.00757663704698112
0.00219697410230357
0.000370833117868224
0.0013695583598067
0.0193748615596815
0.00454191976937387
0.00411070006923713
0.0101359260678724
0.00237819755300748
0.00654771376146298
0.00499917014910035
0.00189870394830441
0.00610196245254205
1.18664563680778e-12
0.00051585232915462
0.000883605019729498
0.00525387971111187
0.00487835998503186
0.000874866329468905
0.0172935659071223
0.0100241359082564
0.00213497815909161
0.00562153538886707
0.000211890513356174
0.0049135952771264
1.9110777682838e-05
0.000578776485152834
0.000951776058780687
0.00379020265879148
0.0108006057357587
0.000879631713187525
1.81770989347462e-05
0.00861320240860908
0.00288807843079152
0.00137434643442444
0.0132358203240854
0.00860810536885922
0.000724366587088234
0.0110286360221296
0.00097063819055024
0.00252378255214567
0.0024255817506899
0.00238120870313883
0.00856743235418961
0.00524573878018101
0.00117483001215657
0.0035370527523134
0.00121643549058346
0.00172047577644942
0.00231105313470907
0.00487027064971509
2.04285641462007e-05
0.000122069046299361
0.00562055930343502
0.00273587922510969
0.00369724574309869
0.00239327130658666
0.00860391288325542
0.00186572652448049
0.00105548412411805
0.00139960594672506
0.000226736139451676
0.000233084918497091
0.00887716789965866
0.00210077449617762
0.00392845607140494
0.00159251142633299
0.00373453053455628
0.000985360407660766
0.00140906249464569
0.000346800078160866
0.0008796643364717
0.000792373529234605
0.00336208891761566
0.000760753492270149
0.000163393056544028
0.00780044492872296
0.00321789975511652
0.00290390874443803
0.00299722979356823
0.00639101949908469
0.000196713970352062
3.17993778478836e-08
0.00016639993011072
0.00469971076149167
0.000144330439880802
0.000568463883056322
0.00365589417917461
0.00186966582899686
0.000910885937063083
0.00521588154784971
0.0072478726621568
0.00333091330459801
0.00151535577428189
0.000558426469061686
0.00185014134080094
0.00698675761311451
0.0054308241613579
0.00086893489748634
0.00729107449797063
0.00463311564133927
0.00237168290785107
0.00274447304637067
7.37433075448738e-05
0.0104418628322583
0.00138294724365368
2.8577054243843e-07
3.06971007943883e-05
0.00404422314052972
0.00759995350067473
0.00862040557883787
0.00609526874890232
0.00495676088509611
0.00403502834808564
0.00266282554814331
0.00492324049330155
0.00206768697614672
0.0011525450909311
0.000144601109159631
0.00155496535535982
0.00503909188817797
3.61576124094836e-05
0.00149466818440738
0.0106091397917972
0.00232052717493267
0.00274036244655121
0.00241301001746356
0.000118120520363399
0.00204721691509595
1.61479506497559e-05
0.00189221822635642
0.00353115887803331
0.00922706255496752
0.00988118965094848
0.00967417021528381
0.000185073391596707
9.83861539639368e-05
0.00601731620500704
1.44717684873879e-08
0.0147653346183805
0.00042566805335932
0.0044466780677848
0.00645469794359097
0.00195149090031896
0.00661228276894849
0.00589403884700518
0.00128042881721833
0.00527358703538298
0.000744459676483918
1.13769242842313e-06
0.0025075916975308
0.00924206319123174
0.00341770659863198
0.00613734319640157
0.00170801422634742
0.00208957964466551
0.000903619998309396
0.00486056484583367
0.000151277875589678
0.00783889066544372
0.00656640070881973
0.00423642334564361
0.00199977660326881
0.00497326219966385
0.00582803107680934
0.0136821833005011
0.000286264796363716
0.00558824020314331
7.75144886530784e-08
0.00189339659475261
0.00155940545119956
0.00312637446211918
0.00259028762144747
0.000258573739538983
0.00308711380693708
0.00393979835505572
0.00253303138845777
4.74934000158056e-05
0.00361994633182573
0.000811292289548317
0.00906756909503104
0.00127780079781939
0.00882446550582435
0.00114972054382239
0.000428975404995346
0.00338872343132822
1.36734981149356e-05
0.000300930663782672
0.00853290334005831
0.00279119350978316
0.00309504787289867
0.000102872653223208
0.00194246471422928
0.00366925361971386
0.00723507695588644
0.0114805027140322
0.00242113889302317
0.00190719707304849
0.000173655696711448
0.00447669481359354
0.00457806660562957
0.0128134824025233
0.00418879256031175
0.00133026703705205
7.64670053206463e-06
0.000700233964179446
0.002509431153128
0.00382181474402138
0.00325231890670609
0.0058161077610596
0.00271420656149462
9.47491924772871e-05
0.00325614302909586
0.0022371471257243
0.00189464955114929
0.00202504568679549
0.000284211670323407
0.00175859587117745
0.00652497656366674
0.000563069534081396
0.00115119913068654
0.0018962307365707
0.0056310676415987
0.00174561715920364
0.00743173588741146
0.00466969789382635
0.00575816701129628
0.00499395554318283
7.40224650934455e-06
0.00417609363577426
0.00120172797576929
0.00707624483104722
0.000824436774613253
0.00334705289124999
0.00314550010539567
0.00308533299990975
0.00347617094951224
0.00433599900937181
0.000109475632483014
0.00872801040831224
0.00273957236092429
0.00539922752588155
0.00644493392935769
0.00348729944890662
0.0139907904444857
0.000856114594912544
0.00229683805277181
0.00441292956119261
0.00765035554829635
0.000191090500016538
0.010518576692665
7.18822375777517e-08
0.00288000233598382
0.00321147712366527
0.00664759220051985
0.00397129626992726
0.00159885430532043
0.00705469799849549
0.00707733782811727
0.00040759144994827
0.0149964294044325
0.00154106275566197
0.00508018086840237
0.00311183655280835
0.00623401385833037
0.0052145520279231
0.00293870516118621
0.0153256153055457
0.000574899511217124
0.00318655507133361
0.00333946463850629
0.00843270415627617
0.0029496750508229
0.00367653971844288
2.15974695675785e-07
9.51697863977954e-06
0.005836915291468
0.0011033317320891
0.00237354098673444
0.00542411185272755
0.00125895247275948
0.011016437092234
0.00138190664790739
0.00122285673194212
0.00198766367560068
1.37211238135036e-07
0.000359436239579841
2.08599051394459e-08
0.00329802751530291
0.00137884073090428
0.00297599734597328
0.00811046517546905
0.00206753258250841
0.000167355913673226
0.002395933709673
0.0210546060867023
0.0115439098150253
6.22489841939221e-07
0.000434458514386933
0.00970131636427126
0.00309358332408081
0.003021942226875
0.00497839632769731
0.0033434798484586
0.00596026350324428
0.00382470018112555
0.000514873036504801
0.00162332944364998
2.28276379837827e-05
0.00741423218624937
0.00877673003944823
0.0053527063500721
0.003688410798223
0.00268279134693712
0.00128354410724112
0.000537105819414952
0.00483928871962577
0.00271901256197683
0.00254306228411956
0.00218034414600628
0.00509008256428656
0.00117947584459071
0.00331792163503479
0.00898989499491634
0.00290214065776185
0.0013521476400359
0.00480608993834832
0.00483021556091346
4.73923311970394e-06
0.00385088980532475
0.00133475617274204
0.000148795799617152
0.00295141429331237
0.00330775214931659
0.00173661408090091
0.00823344706676563
2.20289933614675e-06
0.00205794056708134
0.00432077118236526
5.48924736227571e-11
0.00594706298117047
0.00129399523323861
0.00378249885490994
0.0136560714528832
0.00291424876142733
0.00594296676536666
0.00187979063568204
0.000737903671139534
0.00051256077720722
0.000257617366488499
0.00180739913863938
0.00570155505320347
0.00309917159939317
0.00154365332330276
0.000225579397253596
0.00448617271879267
0.00302175201023926
0.000619822881409139
0.00206202523489727
0.00261814420256972
0.000969062807810765
0.00564383157845172
0.00436161966555011
0.00743712834327599
0.00889833744073575
0.00304334970113503
0.00877907708432403
0.00103475351341309
0.00277698946169251
0.003648172386205
3.28453377199579e-05
0.00205769761514404
0.00471402005832253
0.00301054766165157
0.00513422015700538
1.10264591178689e-05
0.00406108840943829
0.00103981492823283
0.0108998446374706
0.00228445459865526
0.00305951272368641
0.00866477611324536
0.00264926762705162
0.00108329145619635
0.00293789369792456
0.00264894309406951
0.00279163707988892
0.00409396324035749
0.0083143862577498
0.000386634794697436
0.00822208041432125
0.000104899931899771
6.08145711579569e-06
0.00282069293913557
2.79199436766317e-06
0.00448369937471156
0.00318053746467118
0.00120546116432142
0.00145666720942866
0.00558060192351104
0.00281034955235304
0.00461140710897637
0.00599041979500665
0.000481053031122078
0.00620293432095919
0.0107744556337966
0.00806283810541314
8.16876823519176e-05
0.000222610885517093
0.00553811489888171
0.00171348464163331
0.0020304834493949
0.00485272131776218
0.00168564813393133
0.000354562085461559
0.00193883172935286
0.00176253352897076
0.0026867536509146
0.00276932043768722
0.000255513386780056
0.00200407815389625
0.000892261040632475
0.00277777022197959
0.00011461166272691
0.00397609538304369
0.00297929545924189
0.000398367567743624
0.000633399160071036
0.0114484272881985
0.00220775535797581
0.00619724852613189
0.0113621332099202
0.00255702126089112
0.00962502264111534
0.00272721848238176
5.2042587148333e-10
0.00534469821845916
0.00838866548743136
0.00295714074918922
0.0169837009610176
0.00363221123017983
0.00468826755277867
0.0112811754558608
0.00279597364064882
0.00498570337726165
0.00319985461186788
0.0117560199434461
0.00203359566099573
0.000539702057571667
9.57341940455202e-08
0.00595891654175251
0.0044914152098988
0.00578232749598697
4.86501872609246e-05
0.00652757536027545
0.00717014954660016
0.000728758824110463
0.015349037176627
6.93917941503346e-06
0.00464316821651668
0.0033456688980391
0.00583030584729543
0.00408370713337576
0.00553396375701798
0.00442554829952693
0.00144113020720301
0.00445867058416834
0.002267045305625
0.000860799708615764
0.00318450050255052
0.00334662599681581
3.7636384329751e-11
0.00757266598063981
0.0013541682974376
0.00426042056106066
0.000321003416763479
0.00372208275948608
0.00237707081621429
0.00100615178003087
0.00206899904290385
0.000536647200741092
0.00324804293548757
0.00122751132805073
0.0015289453136031
1.94500853113086e-08
0.00200821083146344
0.00720399254394426
0.000973918361660455
3.26179358995768e-06
0.00131508350639293
0.00524062925596617
0.00184837390511625
0.000423155161041432
0.00241258448826355
0.00609188788447387
0.000204555687392913
0.00090434190863682
0.00276691322859331
0.00197310098769873
0.00224208958635017
0.00661529475889363
0.000828055846504323
0.000897362351798656
0.0050857727911044
0.00679385191064887
0.00528021026160132
0.00536776394406218
0.00393086173893329
0.0066139214809816
0.00138712144154909
0.00949990779485956
0.0142070352069768
0.00256619986617021
0.000371707388448979
0.000906878017560617
0.00611740267268592
0.0105495037507929
0.000147853188746895
0.00296775635310095
0.0106671698770142
0.000704301166990949
0.00206470472163713
0.0139308922781739
0.00241601381005275
0.00288070491336686
0.000626379498918078
0.0156840202750825
0.00375189373167294
0.000585750267482904
0.0069562264640729
0.0105577135864003
0.00165169343750687
0.00270859011574801
1.57568541531009e-11
0.00424554551117338
0.00486296870804269
0.00513616798275476
0.00595991671329757
0.0123385797967003
0.00217499360105696
0.00822570101223691
0.00179653440397596
0.00206999964277645
0.00443040827011039
0.000200874269333578
0.00285169551053305
0.00342209593416001
0.00043812586579803
0.00541194947790625
0.00104370610263866
0.00337904045485479
0.00472116162589042
0.00166695885241535
0.00255547566151712
0.000187261681981475
0.0013822327229848
8.5923698520141e-05
0.00501897247771046
0.000323798957499027
0.00529820753651948
0.000166748268672357
0.000436721996820069
0.00723514764701501
0.00364353863072909
0.00330089727179582
0.00262080864607661
0.00428601090480705
0.00465699473734306
6.34652220370454e-05
0.00271494006023764
0.0104116275484748
0.00209656791845149
0.0050066922836109
9.54341576225284e-07
0.000275876068904489
0.00270593895245631
0.00750271500074508
0.00199217309387212
3.80836425851229e-06
1.54584319155562e-05
0.000837179052359175
0.00309512976628046
0.00160811677120849
0.00121443221005587
0.0085028987494179
0.00513962635986209
0.0043293672603338
0.0033176233120285
0.000847929344549468
0.00181689954390503
0.00649701081743135
0.00567398211606172
0.00421333736153881
0.000480009526986949
0.00870322290587099
0.00116905855955064
0.00419570576337603
3.19304039530544e-28
0.000988456342641643
0.00010278024890106
0.00853812354719508
0.00633475418049566
0.00461525999468496
0.000335094617998612
0.00589446238947487
0.00467892338676603
0.0042739076742934
0.000118345538019725
1.7978444964607e-08
0.00647450134592569
0.000951329766848136
0.00981815920999587
0.00196397252212638
0.00144236294723581
0.00141739769742935
0.00565661099778566
0.00571842036998264
3.44051759201486e-05
0.000306062100001189
0.00108565962987709
0.0017017650729882
0.00190992435634225
0.00302207830709527
0.0137884121445488
0.010778803114199
0.00112496899587018
0.00592475683826031
0.00481989982217647
0.000134898367053389
0.00559722266680555
0.00617768836073542
1.50762999788999e-05
0.00588523272435473
0.00517823032142932
0.000952238791484218
2.00084471900314e-05
7.8505470466714e-07
2.10693327696522e-07
0.00300150203296013
0.0109160796694464
0.00359467814203191
0.00689841319415793
0.00226794773250789
0.00346743796510174
0.00168095607423257
0.00435006743667535
0.00480147613383366
0.000373388811774514
0.0111868091817636
0.00356305771558863
0.00948770946039913
0.00467913977061682
0.005673235229621
0.00538929982574515
0.00591184165538181
2.13493213781801e-08
0.000856498919262588
3.44440566542724e-05
0.0058365058375913
1.51668429381102e-06
0.00336423869807713
0.000124861316607279
0.00529082098721982
0.00192653294557893
0.00825513100169304
0.00497253473188038
0.00229605065276316
0.00739565920611518
0.00429738993721221
0.003965154655682
4.59400592520217e-06
0.00213762123464097
0.00252654874585371
0.000124400938830548
5.47759748040812e-10
2.2150325081261e-05
0.0055500638245581
0.000432937900755262
0.00348864658216823
0.00539077776597924
0.000898920256569342
0.00382829299856319
0.00614250438561859
2.4158087838774e-05
0.00351644204007904
0.0022305422125802
0.00184059468278056
0.00617967124327255
0.00296165980949876
0.0208832678601295
8.68914803230799e-05
0.000471107063941329
0.0101742464425677
0.00248380316817177
0.00992789496613679
0.000513698961192656
0.00846905079472154
0.0057606497764458
0.00201019750677458
0.00648346787644321
0.000407077706819613
0.0159766511098899
0.014179688208196
0.00204764887888583
0.012509558720961
0.0044646236807795
0.0051086350677067
0.00969784230708353
9.54250214271345e-10
0.00804092302581534
0.00783690788474651
0.00509925489421758
0.00274333367097464
0.00348363017704644
0.011668626314587
0.00879554762860783
0.000378973251192917
0.00547540163019398
0.00323575231388475
0.0029649808186852
0.00384088534846688
0.00131855636897904
0.000539713342586229
0.00521335142600639
1.73561776349655e-06
0.0068861813864622
0.013585689963575
0.00464545488266978
0.00388693222170096
0.00348866056656089
0.00427184295020227
0.000423936666545578
0.00235121166450201
0.00226892319124885
0.000708455147463881
0.0106222608906885
0.00238142087836667
0.00466384569997275
0.0023676481822372
0.00353836596210215
0.00482391615074286
0.0122663505814518
0.00923612081156681
0.00368751395962046
1.62046079817586e-07
1.47024966835109e-06
0.00313486711629001
0.00429215813640598
0.00013697531090845
0.00116528340685659
0.00511391903628399
0.000588153950289177
0.00137174498424326
0.00601404815905339
0.000395499077538091
0.00500451496450967
0.0124523983012374
0.000132392906252426
0.00593320989015453
0.00404634062518277
0.00434271360281539
0.0075515089563207
0.00353774021909526
0.00198846526625734
0.00572229745971799
0.0110958261149973
0.000244961668842874
0.00376350752635233
0.000857703020640504
0.000184731676634488
0.00129343489218888
0.0059400332120111
0.003168522649858
0.000737088542225677
0.00256927739097093
0.00721873901282304
0.00625715301726584
0.0156857092039505
0.000370089843712765
0.00448589997782531
0.00504516344270969
0.00178346923088541
0.0060063800157615
0.00196395105541909
2.44204307668777e-05
0.0149908834244463
3.26162232107209e-05
0.00909986428828245
0.000987408386315665
0.00070631641971149
0.00413514951676254
0.003925879669275
0.00513544578064438
0.0058754278225372
0.0109224656958928
0.00301419782777378
0.00526426441243434
0.00480259104927751
0.0087515167683077
0.00560554962148967
0.00218160460544825
0.00373692181990918
0.00335273744811845
2.77664029217428e-10
0.00587386438042606
0.0172649459177154
0.0023849229940436
0.0123355093745775
0.0040486502287403
3.74301024482624e-06
0.00115094176533365
6.10201297833316e-07
1.18828650448285e-05
0.0025312851284333
0.00897623853614871
0.0075709631305627
0.00364920079576416
0.0184600601483252
0.00423480840879165
0.00160239637925842
0.00126534470254963
0.00177025617412396
0.00386176019024012
7.54037070313219e-05
0.00222788564226109
0.00854305094998568
1.13016084946829e-10
0.000126117009220751
2.63595522867213e-05
0.00708252977035497
0.00290699657482356
0.00134646884540828
0.00321943988898946
0.00321764163635058
0.00079876222842092
0.00122120128854213
1.66121881983252e-07
0.00312892693951081
9.92072348580272e-05
0.00376005472728745
0.00442620314029315
0.00312149558977916
0.00200678183490703
2.94722623393018e-11
0.00203451827818482
0.016583317167832
0.00486018822797658
0.00373277757369774
0.0019719578344922
0.00240370703456619
0.000804223366290008
0.00234456416679062
0.0169981764278181
0.00360495318543421
0.00551747669190207
0.00643348852634036
0.00251422060713424
0.00388169943754571
0.0125610273975939
0.000320669417748306
0.00108757090515462
0.00212506769207402
0.00174093657517381
0.00285564592387801
0.00342787429406034
0.0102765268469943
0.000805327475455951
0.0101988218124956
0.00136464235272901
3.51596974866278e-07
1.19815919594333e-05
0.00496294774821266
0.00256188302261222
0.00559544992418466
0.00599904912144139
2.21374576396121e-09
4.7875340719983e-06
0.00452644670818093
0.00269115445828159
0.00177661535489837
0.0025756314641861
0.00142878385197209
1.03625063894276e-11
0.00367666448959296
0.000260832734006385
0.00451774895238727
0.000607278532551641
0.00438711749770881
0.00196387018785243
0.00319731281838832
0.00631035718961032
0.0058006152443203
0.00377521303791598
0.00654660910243418
0.00738439869719962
0.00141163888569121
0.00258786914385007
0.00448758058335507
0.00347050319877212
0.0127882735796762
0.00459648125018599
1.33783158720315e-05
0.00839205584488679
0.00303332903260098
0.00158955615272341
0.00838253259623166
0.00010986451460576
0.00296142803167265
0.00020781086807885
0.000853611156852519
0.00482983054838324
0.000237526423328862
2.0760263206582e-05
0.0126621805397893
0.00598801123280627
0.00270950015903969
0.000182209465250362
2.68182667902112e-05
0.00331111500888937
0.0140240792043172
0.00316975559694348
0.014703691459716
0.00154463009604371
0.00283356111780875
0.00120340547691549
0.00196727696734874
6.37354857782433e-05
0.000591432035736561
0.000324886028396329
0.00360563282115584
4.35745597932443e-10
0.00908423469221077
0.000189719192402233
0.00166571681941783
0.000670461446165713
0.00177713845690902
0.000586249621229059
0.00785347848080554
0.00592653438671191
0.00629312747693688
0.00274289560090117
0.00640543524617711
0.00196935793999759
0.00407020342611039
0.00544929749604146
0.00140327642563039
0.0026996976140005
0.00496368991645329
0.00256832747759324
0.00157900714598085
1.26848877971814e-06
1.82163181362654e-07
0.0142074426943089
0.0094990739746049
0.0088939459175955
0.0116315681560568
0.00764976559874692
0.00183872797189484
0.00677701055017654
0.00911240582019324
0.00128877785136341
0.00498828187788828
0.0044881054324521
0.00799181466951049
0.0045161019737157
0.00289816908144013
0.00485166388957217
2.59704373378297e-06
0.00332829493189074
0.00556843187770809
0.00279543283479617
0.00686800668124151
0.00210190375798805
0.000210623027255613
0.00672039792017514
0.00258082168006891
0.00337910818362903
0.00669221319553087
7.38332912165296e-06
0.00124180735404139
0.00761193174311123
0.00472148763244789
0.0116108819959792
0.00597400521579861
0.00298978454841489
0.00789921342798919
0.00443458188008428
0.00311136525506238
0.000215754530518239
0.00228984771604504
0.00804431976559773
0.00561026113992262
5.26086858396032e-09
0.00030697043105937
0.000844891119641172
0.00728071002818647
0.00282134939438183
0.00390511416697645
0.000216523207302186
0.00223747897264204
0.00332801444742992
0.00322885334633696
0.00464212031378343
0.00371267547164618
0.00235958566263073
8.81637358737631e-06
4.82923938016333e-05
0.00669782820826519
0.00436810905487856
0.0043295911545312
0.00191874504066849
0.000200571980342301
0.00334499104149531
0.00241247228796357
0.00138688818747563
0.00146400798527297
5.89171704133026e-05
0.00279665159611187
0.000242998465578707
0.00461193204575204
0.00144634435877293
0.00195377573336994
0.00600430825387159
0.00718301218607161
0.00187702741668221
3.86329091021408e-05
0.00130610661779468
0.00201670652024141
0.00518514750519841
0.00289391794946126
0.00487743246573211
0.00509755341534292
2.67765452470192e-09
0.00675657812392095
0.00474292082494913
0.00287856818342164
0.0100558748662174
0.00289614574182408
0.00503340908893183
0.00234953827440995
0.000758682980148371
0.00425839647345624
0.00487096245582479
7.29968374202991e-11
0.00496670604301973
0.000587709199714136
0.00598563370635958
0.00682178557274851
0.00404452118665053
0.00663457227266374
0.00355024573274288
0.00131686308276536
0.00943165195448245
0.00293546760252244
0.00367324214453462
0.0028728594306595
0.00191560649699805
0.00594682935132171
0.00133794373242625
0.00417201799316015
0.00867999567162674
0.000368046789548012
0.00288449579967354
0.00121065027172965
0.00188221246391735
0.00732298733388735
0.00277118836619166
1.93153853977152e-15
0.00287627108546975
0.00892334033621243
0.00294607900277126
0.00307761588551436
7.74336265487364e-05
5.37754861556543e-06
1.66006691167753e-07
0.00455689998696344
0.000440269385612756
0.000657642049373124
0.00127235802565079
0.000573342862499775
0.0015998985525777
0.00570405417496292
0.00204304736528642
0.00323898352413786
0.00205203848088908
0.00242577077363708
0.00371671503022525
0.00976481444744787
5.07349767023802e-06
0.0047287339876015
0.000799950765285466
0.00216056674240698
0.00650788349660135
0.00782221719594858
0.00254363005485673
0.00359918017674569
0.00405270801097229
0.0150268618806679
0.00191171187788944
0.0125049884175644
0.00416546061277627
0.00173874694070933
0.00956015662420345
0.00609255178916525
0.00138378733196683
0.0043881623945838
0.00137690205765818
0.00248569256803825
0.00825087414964985
0.000472944524982129
0.00195902253558531
0.00367290298675083
0.00131347988280878
0.00661047683024959
0.00195170011580394
0.0107749630822113
0.0090411293173554
0.000830669234052309
0.00249684751973893
3.61582778539498e-08
0.00433580689215343
0.00233785815691825
0.00340889027500471
6.56028155956275e-05
0.000732615330085651
0.00355385108036107
0.00376165459089777
0.00104295492724575
0.00589905496750756
0.000288831730071593
0.00280484689498436
0.00258495159616753
0.000515688914656367
0.00997098826836722
9.45598190318178e-10
5.92733973824549e-08
0.002793794482525
0.00667427799543921
0.00228470078083743
0.00756876034214824
0.00390358865944589
0.00029144443169781
0.0125103702174353
2.53660675878405e-05
0.00370660600349745
8.59632251675913e-05
0.000997118220344054
1.78804291728275e-05
6.18116549466333e-05
0.00149250132257197
0.00187798899638266
0.00620377710784845
0.00891269881236428
5.92635463615367e-09
0.0012395043513543
0.00426454286963236
7.23922398953964e-05
0.00139820853583883
3.09157964228473e-05
0.00874565152173946
0.00983450897328311
0.00985709772132513
0.00428232926506734
0.0010018532976757
0.00462209094666588
0.00676308235655093
4.25054104223074e-06
4.32968117773401e-07
0.00200650433365612
0.0056598262715166
0.00777311960275798
0.00582295790558482
0.00368627604241771
0.00210245899545984
0.00476378596287288
0.0139915313248524
3.15746218256782e-05
0.00101084722643482
0.00554522182524933
0.0012291238150546
0.00207095663369041
0.000324406029241181
2.27720411861215e-07
0.00283816003493742
0.00509686990311955
0.00217542683623682
0.00343699565241849
0.000528333956092915
0.00717280405834572
0.00267679571642829
0.00711727450825732
0.00281833554736544
0.00325819818781563
0.00803104390398654
0.0012051784165487
0.00242871017189659
0.00235940013403858
0.00526158702773059
7.44827583306595e-05
0.00494779314486612
0.00645227091522801
0.0028068510067522
0.00113837855855443
5.97606659888131e-06
0.00338107247593511
0.00755602186794417
0.000660744077618914
0.000891151526622343
0.00244850215033253
0.00912211806676599
0.00138796976291575
0.00723204895027584
2.63872146685385e-14
0.00149809108910635
5.13528576046328e-07
0.000421173448120225
0.00582945861918823
9.23649543799175e-07
0.00137087870175788
0.000197534956155391
1.5823857458092e-05
0.00474443823622183
0.00396940902017385
0.00383398675336353
0.00261700368844317
0.00853615451485578
4.43381887888295e-05
0.0052733708500935
0.000384282700184355
0.000252861943287438
0.00301266028320864
2.44449629269066e-05
0.00192616233115801
0.00457361570138203
0.000317297500996811
0.013307711282712
0.00272175487535193
0.0137409744764834
0.00262596784685843
0.00431687476043139
0.00791413900953543
0.00555087655740195
0.000129068640450587
0.000413444853733962
0.00257079871580711
0.00913483935946214
0.00393223020201941
0.00395195387123656
1.24843055673283e-07
0.00929973810620554
0.00664800918280851
0.00553663790774104
0.00831833285586202
0.00728224707338753
0.00127585248771533
0.0019646134475507
0.0097693947350567
0.00222593565486924
1.57701459927547e-09
0.00553827822674661
0.00122394811963026
0.00733424078841059
0.0109796238236896
0.00469854833983319
0.00405414802648884
0.00549719223440664
0.00245506202354
0.00416185716739899
0.00204267641352834
0.00368118554306664
0.00168448505456723
0.00270640130551078
2.62917393936471e-06
0.00899346831094472
0.00834022563560287
0.0127059073512498
0.00193826568256579
0.00524848695341457
0.0179766472003909
0.0112710535637961
0.00937455869063651
0.00150743422122685
3.69338142234966e-05
0.00477246335256791
0.0007770036101598
7.10329487538672e-09
0.00101079769594727
0.00704427069074143
0.00420974534765235
0.00716156448195849
1.58229132451092e-06
0.00465925167319596
0.00106974828863183
0.00806717312407241
0.00435425430507112
