0.00641687111639339
0.00374664425946185
0.00244297951420494
0.0028667677353898
0.00475800740711942
0.0034357044948106
0.00207563566247766
0.00129546094275892
0.00369889134806726
0.00401785523944914
0.00435313760890286
0.00255021723312146
0.00175581684828419
0.0043927703437
0.00431796259199115
0.00410283145177514
0.0049875903594479
0.00324780516070554
0.00207033525331572
0.00439780883976657
0.00708692585721876
0.00364382488679008
0.00517089021191275
0.00510758695497298
0.00484777772663026
0.00244926975838143
0.00633647251446083
0.00289410037219033
0.00243209304394267
0.00302487399720988
0.00539634248875143
0.00766888909045557
0.00843466499888508
0.00329622003766413
0.00469329741877133
0.00509557939678275
0.00216401868279656
0.00307630790014773
0.00284114132133063
0.00662117536566769
0.0041347794767902
0.00689933343454454
0.00273242585386394
0.00420015245333042
0.00316352837487772
0.00344588556632264
0.00336670012500744
0.00403127049552532
0.00228528318492305
0.0046184847496114
0.00485722534519662
0.00364735839704322
0.00300493247524843
0.00450520089394929
0.00605678545158829
0.00324917751955355
0.00251471640294726
0.00266346278483544
0.00448615162816084
0.00218530611697122
0.00306421284961758
0.0106011215401197
0.00288374645580254
0.00540376687353982
0.00323805023064768
0.00413911561162293
0.0026805297642704
0.00741623674265965
0.00496451093733568
0.0034080751567696
0.00244485485701633
0.00327023340274725
0.00589458462985753
0.00233935236323337
0.00501489330176043
0.00334516165107247
0.00485763200708795
0.00215787349856259
0.00290897021175056
0.00284087473219232
0.00298347544863783
0.00307904335934351
0.00295236447841386
0.00280033400588505
0.00425570164484747
0.0049268175342597
0.00335407753313076
0.00676901497241281
0.00429006207990397
0.00152858875574428
0.00344871144319894
0.00657988088151632
0.00296865596371603
0.00625192097000185
0.00222600182951218
0.00436489971782299
0.00624205982746382
0.00618472755671309
0.00105321240052757
0.00353210896447199
0.00450086214962853
0.00445580027802487
0.00466584629204432
0.00377651479947707
0.00349355471105518
0.00356005333342135
0.00380541841471806
0.00511570868083248
0.00411413108815883
0.00313947638683669
0.00377536770304598
0.00390762245269477
0.00395435589716273
0.00195178521064752
0.00384688705873796
0.00309155692280238
0.00323447482063468
0.00342027254503602
0.00155978225154681
0.00231901033013607
0.00337231835449047
0.00402631912678619
0.00293387342115621
0.00229752359856751
0.00321316573883297
0.00204076131400659
0.00134646217633754
0.00328120345888044
0.00546767228635247
0.00388408288130026
0.00431070192356738
0.00320143853729495
0.00385574469272021
0.00207673364210547
0.0031204716405484
0.0057062331088796
0.00323112919710092
0.00204155308099216
0.000910144187380272
0.0032018285498649
0.00292794596837306
0.00268366727063995
0.00458502817286857
0.00296698565301946
0.00212329147402977
0.00327508221294639
0.00574326396044192
0.00281304884193295
0.00395002297769281
0.00221256953778029
0.0031248902098935
0.00291448557556266
0.00307894168350966
0.00313016622986671
0.00180961631664319
0.0040348287102177
0.00461682354688629
0.00588100512504068
0.00471258281156203
0.003761554237163
0.00350326878334326
0.00306972291107303
0.00553596125043325
0.00231444448421666
0.00351281712484229
0.00380579236359445
0.00270038409401815
0.00212456219379543
0.00302645350375401
0.00312625958227022
0.00671715432167365
0.00296745762942424
0.00208742863432237
0.00185144905187539
0.0064425751534376
0.00131369712624662
0.00467138594490744
0.00279502811956709
0.00439999162410228
0.00153184820958475
0.00497752831431382
0.00551258375315932
0.00300373647708602
0.00279023973386056
0.00539154355484787
0.00335904748384705
0.00539059558860563
0.00314845783973143
0.00366957973152473
0.00335960824676113
0.00262734211702518
0.00345141708993353
0.00225474721616163
0.00412197557342367
0.00371781735263806
0.00305506273990871
0.00346093199329369
0.00306908705458004
0.0027020880918279
0.00369270054871516
0.00435013140955923
0.00393038987345426
0.00500088665564342
0.00737184547773121
0.00288341917842004
0.00391374413506997
0.00283016649595106
0.00423345156158357
0.00305775570005472
0.0030651605738557
0.00243780139195613
0.00320497246594112
0.00514888144069907
0.00165996794146107
0.00201731411796389
0.00311034756779139
0.00297259789905474
0.00404743232534197
0.0035179780727324
0.00342885575181612
0.00485817433220271
0.00571747170832648
0.00319594739644219
0.00229798994736829
0.00239080233450572
0.00359033054355384
0.00260127164470344
0.00582132426184621
0.00474380098939883
0.00401610672602701
0.00293751558315352
0.00292969031512714
0.00394058617642864
0.00478726122914066
0.00165012836880394
0.00363510132396452
0.00187114081530745
0.00342776834355454
0.00424721977580191
0.00329694187998059
0.00710721530335841
0.00377565528079196
0.0037689449287094
0.00363242109751076
0.0011662984712812
0.00362522554872899
0.00168287080732423
0.00253852463428612
0.00241144587861747
0.00175368893798277
0.00298451884253222
0.00304315380514395
0.00235776973187767
0.00567608716877415
0.00340141296988126
0.00296418233475901
0.0034385386717894
0.00369160485784961
0.00393883583697018
0.00383821389058837
0.00379284601215509
0.002622967922972
0.00216071449837613
0.00187204910834977
0.00361401417545196
0.00376441996291867
0.00352060322084819
0.00279107247444636
0.00277880819073369
0.00164871729935527
0.00585752770725106
0.00243312518927453
0.00443686924294341
0.00381740764792906
0.00313960939171703
0.00256296775359194
0.00365610354259239
0.00292322479979545
0.00392937460107502
0.00247074631875795
0.00393026760696738
0.00305855403926373
0.00196726220343236
0.00292238503149994
0.00551878651497755
0.0031903798028712
0.00409379640589323
0.00456734913076111
0.00308009109947558
0.00658684090866104
0.00649831507294912
0.00548367465059693
0.00363830932029616
0.00235469168005752
0.00459337461705361
0.00251613378369118
0.00385652363805286
0.00499010808077149
0.00376770881323301
0.00390371227614039
0.0032889001447319
0.00364408325229634
0.00229838666732743
0.00444424022197163
0.00280898831798675
0.00444659189891058
0.00265942912720568
0.00223465790282952
0.00414005093707429
0.00291168944005071
0.00293525241089255
0.00183564945001671
0.00206166619947682
0.00463791631898301
0.00352607270327569
0.00406924166851965
0.00205522859002565
0.00346987673848163
0.00357717308312814
0.00222094683842255
0.00357083143426811
0.00418335317169431
0.00309736291601559
0.00212654902320057
0.0025689963305405
0.00371229696041119
0.00579891613476116
0.00475903617088112
0.00402030949982004
0.00530784090851165
0.00257566166133285
0.00416368959254532
0.00477294374703068
0.00424743305272198
0.00359166879910147
0.00248114588081646
0.00343823116096597
0.00291528889814248
0.00483503453821275
0.00154520511114026
0.00255093561840438
0.00286037116127589
0.00406337654701602
0.00335448507768162
0.00360089564037703
0.00466403740297192
0.00795031794091584
0.00379859857571339
0.00267087538203762
0.00866074838454103
0.00346968370599108
0.00444466254326127
0.00281178523457793
0.00356668051257782
0.00201450953081745
0.00738014140603925
0.00690120226858637
0.00252923958767654
0.00276862758813496
0.00365658187585802
0.00385942990033422
0.00319570735626367
0.00324513548189926
0.00451129551391536
0.0029506511697433
0.00292516492487098
0.00215252955133084
0.00319205317924059
0.00389732197874738
0.00406484715333481
0.00277198167457023
0.00328079465795149
0.00471092340169768
0.00287772810604164
0.00553934410079266
0.00326075617432086
0.00266437851307591
0.00386873294163458
0.00333888648321592
0.00536140270143904
0.00526223329448432
0.00160573775221269
0.00468738966188416
0.00253984633881811
0.00412643069450059
0.00238636622320562
0.00849170987062591
0.00115548266497092
0.00446133433454105
0.00253939983838241
0.00443478055527845
0.004103262853839
0.00273935502422654
0.00336451673027004
0.0042078515400365
0.00315999912934903
0.00460712542299789
0.00264317225501966
0.00757826947924838
0.00315306053722553
0.00352007159105436
0.00508439569421667
0.00346678727460089
0.00337538251598346
0.00175910720107838
0.00809502955713058
0.00367997109208511
0.00391094203725638
0.00155085538053733
0.00315972527419946
0.00259638868187855
0.00268601927669785
0.00306258225533568
0.00279125713818565
0.00457634529097781
0.00373258849123601
0.00287440986121516
0.00251554636286248
0.0059194467437393
0.00405171941912085
0.0011762337905609
0.00441489852879732
0.00396911354539544
0.00356263374514496
0.00401396683612006
0.0020094011654542
0.00392412794111419
0.00322241140413908
0.00339718327217037
0.00359926543383489
0.00463063251110796
0.00345940557281301
0.00310101607457695
0.00160180697702176
0.00137732937188057
0.00168144403291729
0.00516063692688297
0.00299307791330653
0.00378207374894799
0.00545805194591664
0.00146161167982534
0.00464195844432127
0.00641817236591687
0.0030463545941994
0.00289179173870872
0.00324080658481463
0.00320849017646289
0.0029898749783239
0.00506483917076624
0.00348536180294712
0.00332140348191317
0.00319098608462218
0.00336640278079516
0.00441216054301104
0.00550361035379153
0.00372789881715287
0.00373307160922818
0.00390510799734262
0.00478677758190538
0.00313462590776878
0.00533057264153572
0.00245035799356826
0.00359558277026578
0.00407691393048818
0.00309436897279839
0.0025100640485374
0.00144660549882578
0.00328204973459315
0.00333998719780741
0.00296807279738118
0.004671688407985
0.00567891048592566
0.00504430576474967
0.00426375851303404
0.00255076910188777
0.00373028791607053
0.00301902609821148
0.00287796557007682
0.0025078066782514
0.0040550950299134
0.00351678279718349
0.00332663055290911
0.00468320734094478
0.00396024030504092
0.00296835195562027
0.00201118461204587
0.00411911293757666
0.00409862956170699
0.00340568663064896
0.00582542074520282
0.00265272153792692
0.00312420620885767
0.00386042089984483
0.00299215365646204
0.00221874416910336
0.00591295128324877
0.00365203137063357
0.00337637645730814
0.00167845421854126
0.001540829462706
0.00299881329249509
0.00222111576710376
0.000902539636286299
0.00171295664284308
0.00420483329655144
0.00395171189098066
0.00392517004503873
0.00481249840221485
0.00375290003023493
0.00482428441308408
0.00324529046634471
0.00261233771054959
0.00248831170556435
0.00375454178876165
0.00201168572896674
0.00481942593821168
0.00490244626465407
0.00408345762265637
0.00289752483868375
0.0040179712917045
0.00170284923267428
0.0022057422451798
0.00342419649803667
0.00352640647223545
0.00598553678627819
0.0040797399113439
0.0078266735858137
0.00330063697672897
0.0038427149426486
0.00175213483358473
0.003202572882561
0.00285022070179718
0.00324995455926858
0.00291562123154974
0.00335664960704402
0.00226841562261262
0.0022253548869464
0.0034819322024673
0.00378408453307248
0.0045342296640198
0.00428628802757808
0.00293859663454844
0.00169480497063871
0.00348697818158537
0.00503751968249902
0.00351404638510808
0.00282824446772949
0.00326888797538501
0.00253372831579771
0.00500356155664947
0.00334725006709002
0.0049175711951846
0.00358831705428256
0.00233498113081102
0.00324098715041121
0.00465308279113239
0.00333410701428583
0.00401493918327808
0.00443437699457385
0.0025900748873262
0.00337283902992711
0.00392469630107595
0.00282872312731662
0.00420045464101177
0.00445924407055667
0.0037245087963396
0.00411120062897947
0.00459931238130869
0.00337468482513737
0.00362744042894742
0.00277149085212891
0.00780814992521126
0.0039238922350879
0.00412607605930041
0.0018705413840864
0.00288205582894604
0.00451751495343174
0.00396565513701339
0.00435633953821844
0.00453579538017964
0.00290630622154068
0.00331257402865894
0.00248344073416779
0.00532132155895807
0.00247236526577874
0.00415951632131072
0.00141455286355574
0.00283373498578307
0.00379581020385741
0.00443803112891298
0.00529851100523809
0.00328064128742236
0.00592785088208031
0.00540558953374492
0.00323973190755612
0.00312067376284814
0.00578788093081249
0.00273582227594286
0.00356852701977613
0.00354126265736286
0.00249026188175332
0.00860532106954724
0.00294494836660351
0.0084048418066573
0.00672859853055465
0.00422225950376436
0.00582627646542519
0.0039458187306289
0.00456739847675165
0.00243464763955599
0.00326732770164999
0.00296747535941499
0.00477190028968919
0.00288023305237453
0.00468820024168407
0.00252579499270284
0.00405734616570012
0.00216123976104185
0.0038491723914339
0.00361452432041207
0.0017468458464872
0.00495184129762576
0.00473212957708548
0.00335954312676321
0.0025419906205725
0.00307245938029623
0.00429151072404196
0.00597992623472659
0.00359515986927021
0.00341257654575306
0.00379318342937307
0.00337527262140894
0.00244149127146349
0.00502872415406297
0.0044447968132162
0.00600060069618697
0.00322186504433066
0.00533524235093326
0.00435043458191376
0.00415419952700005
0.00334980365272101
0.00291182242126991
0.00323275945891267
0.00491568325785451
0.00174586439950163
0.00332809467693599
0.00316283963250753
0.00335789004677699
0.00410407576618442
0.00371343347945635
0.00206761989751151
0.00446053949532707
0.00339810864972802
0.00388109800399611
0.00531801703626633
0.00471147519231158
0.00477006871827926
0.00422243326682801
0.00479030251026975
0.00279933369908971
0.00636403012612005
0.00501890830311792
0.00173947606124241
0.00397213276395866
0.00318390467267164
0.00568957842061877
0.00533171564151517
0.0043653692906552
0.00292265354331918
0.00361338256905185
0.00485020091166641
0.0035319557949152
0.00312793511077983
0.00596515899010144
0.00367940330994406
0.00538783045436838
0.0095681631212207
0.00359768506982476
0.00396477908352322
0.00225104894821511
0.00449346468202638
0.00251617176860244
0.00255540380367031
0.0034289747329838
0.00395242895287503
0.00321557918705772
0.0017175989170107
0.00555116917684169
0.00465428173190919
0.00230593186988801
0.00403716866650827
0.00282758726870389
0.0020688663963956
0.0023912540777199
0.00622012332504447
0.00390248412293105
0.00336106292301025
0.00451924470585404
0.00293162675627334
0.00343780489622661
0.0043558073921613
0.0035290740379055
0.00522536297426751
0.00254491440913291
0.00325054082143397
0.00289844988479487
0.00439107249503186
0.00448140507912746
0.00599748678328409
0.00366242273366811
0.00476590036500187
0.00381333773417781
0.0039934957684828
0.00263901839669926
0.00325649106185019
0.00390342754195451
0.00237439204475926
0.00514369609509607
0.00431340203482873
0.00443658891686694
0.00162586311154328
0.00446864751200142
0.00195747253319867
0.00320622809877942
0.00314870534411967
0.00371685249890481
0.0036201541396681
0.00212990341908199
0.00318925757957471
0.00426961677260858
0.00422204760741661
0.00534786227193574
0.00339773794863406
0.00558979625791987
0.00390888369131491
0.00394084915842697
0.00321573775418089
0.0026731457806322
0.00418141569910271
0.00675716148319235
0.00307046227097207
0.00490343349152873
0.0039650848670479
0.0019647504097387
0.00243034875092958
0.00306836319614414
0.00299842448072251
0.00410429361853955
0.0021876782625386
0.00378444000395861
0.00253523933505961
0.00474645199648021
0.00273305145257876
0.00291852050681045
0.00264986495755394
0.00363621682516755
0.00276072302308436
0.00235775862574981
0.00472212285858591
0.00419782228941719
0.00123709393179206
0.00785338031790078
0.00324090868690644
0.00543499413579346
0.00306038075698049
0.00368250046631264
0.00386005879929348
0.00494996042191534
0.00266588656947648
0.00219617664618493
0.00344623035644451
0.00252418926177983
0.00383507932793153
0.00371871799103415
0.00350186693294447
0.00289665903209389
0.00394599402001008
0.00296735700916478
0.00371470685305325
0.00390430675437597
0.00359292634304396
0.00398362136793981
0.00402884550148092
0.0014749327484457
0.00520153819302518
0.00346373746125305
0.00515347314754165
0.0028624489122409
0.0039824807328157
0.0025763013692577
0.00323701864202952
0.00282325194508382
0.00348269164220039
0.00393369822419073
0.00452172872586827
0.0027520636500503
0.00308019089843918
0.00280382265398397
0.0017554356908819
0.0021474008723355
0.0046161059519427
0.00288689099709165
0.00358838054494071
0.00368013263925017
0.00184179134949475
0.00439202555543788
0.0039297922146948
0.00440595998978896
0.0033436232904259
0.00254231852290058
0.00322171616174707
0.00514517022671834
0.00289091461223919
0.0020680009041036
0.00451763760876918
0.00200590002257197
0.00270362502453704
0.00224256126674829
0.00413519046201619
0.00360886035024661
0.00390168881762043
0.00303431418321149
0.00196317624169135
0.00422505145598679
0.00337737316981439
0.00436457266106351
0.00311175696537302
0.0021888858646006
0.00370227556359846
0.00318092798149627
0.00400481037045308
0.00398408481275991
0.0029147464889562
0.00309106659069135
0.00299524424295293
0.001591090953525
0.00474102931487998
0.00399231381896603
0.00345060715541242
0.00335692794614881
0.00339874021207336
0.005437529797339
0.00203058628977257
0.00322279583438761
0.00546671158802739
0.00493411381478193
0.00448881635913301
0.00488345579069042
0.00365600803410053
0.00318422348623305
0.00651990010860479
0.00224896016726042
0.00291182162719851
0.0053062316867303
0.00468342862927289
0.00203463008681699
0.0020511589799119
0.00695295458583481
0.00313017053923944
0.00650913266593867
0.00185442711079571
0.00305692560331812
0.0048182265258635
0.00283278024233453
0.00389722748803705
0.00166745245021584
0.00343172669357398
0.00340313920444298
0.00314354200823685
0.00312684509396761
0.00506701668775426
0.00502005129865135
0.00281009432833088
0.0043013354080788
0.00612689162236951
0.00314345268967332
0.00436542499665133
0.00318919947560821
0.00333474617507176
0.0031947435774718
0.00165983044371565
0.00248486816937352
0.00582167185988619
0.00476376850329572
0.00513144684936898
0.00177406999604714
0.00358421936721882
0.00326692727742112
0.00316324497306618
0.00310091376450492
0.00539248933759081
0.0041317908351652
0.00168381317218292
0.00324051406166854
0.00268913889570156
0.00486566398758624
0.00415518424600209
0.00488649896262649
0.00358391549487192
0.00433903502900005
0.00481259988184926
0.00296009006034357
0.00289910420970225
0.00349870432548388
0.00497330098054736
0.0037732372187271
0.00224356171981062
0.0030065572032082
0.00274874552097515
0.00324298536679247
0.00265319002433503
0.00464029423990896
0.00621260627022354
0.00273616313919402
0.00187107382292162
0.00214335067046259
0.00505522354414104
0.00363286745566549
0.00395080275931013
0.00795455927517281
0.00179374569538103
0.00361371430881002
0.00292115723593098
0.00294520383595253
0.00351765803478433
0.00276488521082674
0.00458017105844978
0.00362908103136409
0.00340648768888444
0.00481860114089714
0.0027384018358803
0.0044191666546219
0.00407676841678493
0.00362738708323564
0.00499880060335837
0.00396185999955225
0.00226828852843817
0.00334217682050477
0.003905160271653
0.00506687681336269
0.00294316157888463
0.00328408850358244
0.00448618920466165
0.00270573954208922
0.0025063305540827
0.00449465652697307
0.00316304594740015
0.00273431802004601
0.00396539497940404
0.00183422928071465
0.00401542571341865
0.0021211381571727
0.00421752772865364
0.00448377466244622
0.00459460250671201
0.00620318368226115
0.00283470232068252
0.00728182236292341
0.00362144780117259
0.003107118229458
0.00418477049119619
0.00356573261330137
0.00304806758610645
0.005211583416936
0.00432303500807386
0.00513968864496127
0.00254428737312251
0.005212977632218
0.00361122381243106
0.00269628914389805
0.0037376472121927
0.00357201237887275
0.00450492142820485
0.00376233671364255
0.00261967741206931
0.00314209768836346
0.00288407587714757
0.00343174130361451
0.00242238283391058
0.00367117407228155
0.00413888643990925
0.00594904316529719
0.00534766871819539
0.005799728224877
0.00397205208033316
0.00852969976478195
0.0021210033630512
0.00222999462816126
0.00323451842767615
0.00348336025014882
0.00191179430821407
0.00351467635099639
0.00469901083400561
0.00228730641670198
0.00244197230839071
0.00267084831960584
0.00674713282851774
0.00437443969777596
0.0026507959275222
0.00368279686846205
0.00378541742428641
0.00437164505665478
0.00362031531883057
0.00427722206833419
0.00344818545840549
0.00264740358374508
0.00670768803462987
0.00288167886047845
0.0044085291157842
0.00533623327398304
0.00273451210305697
0.00323207173927294
0.00469176187733992
0.00217990169305513
0.00347051283578828
0.00374978664575024
0.00436172726590805
0.00299879146387644
0.00549472720023284
0.00452243369449177
0.00396985925213474
0.00391853377677101
0.00341913987393885
0.00402409149748854
0.00586096600145502
0.00559654700751251
0.00350258654208343
0.00430856961174129
0.00431695374873882
0.00436612820385656
0.00265847296394142
0.00488307119702002
0.00447569803239859
0.00335783655383877
0.0019170841071195
0.00254899508987212
0.00516387726472101
0.00341040135977137
0.00359468537185392
0.00281200788674116
0.00369835178035812
0.00533573914391671
0.00777528413600258
0.00409771014478597
0.00536742995458612
0.00310919212165293
0.00343681822572557
0.00322237767590448
0.00499992197395455
0.00576341609762839
0.00338914371108138
0.0058143349573896
0.00414288841978727
0.00429462379756908
0.0031165917671602
0.00103707685611295
0.0045798030719317
0.00391726829527919
0.00250113959623394
0.00534627778800542
0.00443040618181183
0.00375107138904198
0.00197683157371285
0.0027840429535812
0.00342609198663118
0.00396888980288703
0.00354808748521492
0.00447734342690884
0.00353461575051928
0.0051603603448333
0.00432199430721284
0.00299590961187417
0.00272954441219182
0.00402091933738216
0.00369981792793372
0.00469137069092599
0.00789279281962819
0.0065082705051955
0.00513324411552098
0.00453393712001729
0.00262501075074469
0.00297203511705967
0.00178077125878784
0.00179263231840989
0.00258979582204602
0.00496756660690815
0.00359312378396653
0.00607520840068831
0.00324437656881218
0.00333097345344573
0.00361910491367009
0.00195319884172372
0.00455606531231312
0.003089539687485
0.00358269926192295
0.00385539082700476
0.00328472010619794
0.00296987277085505
0.00287148554202623
0.00256240014166778
0.00465612623206125
0.00426703064638974
0.00670065682519184
0.00662328021589418
0.00425255780601189
0.00279077921644243
0.0042415180910033
0.00313290459719485
0.00432902898837617
0.00292294913723678
0.00902595466907274
0.00176785959222738
0.0041890140211354
0.0039993158802713
0.00472196207902673
0.00454260225024433
0.00296942632004429
0.00452204062070377
0.00468340234732938
0.00448467287700125
0.0045839568252025
0.0040563810989432
0.00314168401588118
0.00332566052188543
0.00305340435891256
0.00308933240937702
0.00340819508625614
0.00331767860013512
0.00350207876929083
0.00413766362238203
0.00593961957474629
0.00386531002874965
0.00420584232852464
0.00739216240990797
0.00778919082541717
0.00304384472159639
0.00434511449712171
0.00264987709306139
0.00400305592942979
0.00277544994463036
0.00304454214809969
0.00325073871727164
0.00345678352250781
0.00240807275396464
0.00296890667598242
0.00310371791455019
0.00363366979395329
0.00300468444564604
0.00278365665175673
0.00255911671336752
0.00523874421046352
0.00545017805026961
0.00490697964017984
0.00399794995336954
0.00301813874530235
0.0014261206432509
0.00327093460322402
0.00352886488512102
0.00422944076491135
0.00459772369553431
0.00274338092110458
0.00436697390458817
0.00237103017132009
0.00284408765923927
0.00359485965525404
0.00362283345786982
0.0028551605858502
0.00538823792446978
0.00511971395725295
0.00262938407806506
0.00337869601283833
0.00153636493513248
0.00195227234768518
0.00579817919453018
0.00402483261567581
0.00195073391102842
0.00320525160463519
0.00382977453742694
0.0024864473807062
0.00478783204914964
0.00358654242648358
0.00379989765347365
0.00279144286225173
0.0057847843578195
0.002478349007745
0.00313831325335952
0.00317204546975219
0.00268779704174068
0.00436988250279755
0.00393603669571933
0.00347631687484582
0.00394823520242758
0.0028006341324918
0.00270262658615425
0.00164183844361646
0.00385296070606003
0.00481847757887037
0.00401390941756101
0.00284242101897797
0.00204690564950034
0.00467544791173497
0.00378753621835955
0.00282877842329788
0.00300022067452856
0.00294041849099622
0.00295092408642374
0.00114570228866671
0.00348545362152963
0.00329707711940807
0.00409681990418736
0.00337378211281006
0.00177153017349586
0.0045147003869497
0.00390117645643175
0.00346140007696202
0.00294006964973897
0.00320931631085468
0.00328120041973672
0.00446489634065154
0.00723453685509769
0.00384257251136206
0.00281523489752704
0.00460473282898318
0.00284641296556686
0.00370588509093411
0.00399787520861055
0.00473386025554906
0.00299936612748958
0.00235668730862689
0.00507682026545797
0.00489605803304135
0.00297647582569645
0.00437652693741747
0.00395371930733791
0.00324161059905573
0.0020547092649639
0.00556761650282787
0.0038514503396821
0.00183624954917593
0.00306063135438534
0.00533163090485564
0.00275815157722891
0.00320688736029062
0.00597702801835867
0.00529349357670926
0.00534512226414446
0.00479285702363109
0.00406507749816932
0.00415747586706099
0.00423419910234068
0.00400645382180329
0.0060100451049673
0.00676821515164939
0.00395119499689028
0.00390991685840316
0.00369159310176463
0.00396526199397569
0.00282485820948467
0.00230527657082568
0.00388682285250025
0.00391727348873468
0.0036420611320406
0.00334921641516254
0.00415066015706689
0.00361316266905325
0.00395100856535789
0.00159612252994355
0.00241162518188667
0.00306850868297579
0.00398734149189824
0.00331921678116106
0.00279370709404558
0.00299452176422112
0.00287585625874171
0.00249497285674985
0.00346045844036949
0.00404866056931708
0.00586804834752766
0.00457473293313468
0.00275601064379247
0.00289246340269831
0.00617955125128261
0.00281904703086725
0.00410048862671212
0.00321072542350623
0.00410850232151226
0.00386670662082246
0.0026150519205806
0.00305645876927046
0.00259648597381924
0.00185867628995568
0.00446369845976101
0.00360826510405005
0.00339235079555728
0.00289426036326221
0.00395128686138923
0.00495075270427466
0.0028865926597719
0.00646279966221301
0.00738127340122412
0.00411950155388745
0.00347543494465624
0.00528964218225361
0.00413819532014024
0.00336953506452322
0.00290983259908419
0.00316748814374827
0.00528468351448892
0.00408011688455074
0.0022519829473502
0.00389409392339494
0.00286186746725533
0.00304709007696524
0.00265141822802281
0.00469667608795739
0.00302454382318794
0.0048111730891047
0.00323578270691947
0.00424474526373461
0.00422777967863889
0.0035281261781281
0.00285000182856124
0.00310815675221774
0.00265595631673914
0.00342797435972946
0.00304230130058364
0.00490136902555017
0.0041782006423717
0.00186072432932016
0.00544256157009917
0.00396683996097847
0.00351732651885854
0.00358039319850085
0.00318732304573749
0.00556256371953517
0.00302413805470624
0.00569380091464144
0.00377048189424242
0.00202946696716706
0.0045836546745292
0.00591037549238181
0.00111195715260139
0.00264775743111703
0.00423325606373173
0.00348516420130078
0.00314339473319385
0.00334857492228648
0.00546212937960897
0.00242157551884013
0.00407534607471533
0.00390224587172752
0.00390770762620286
0.00292789688677939
0.0054538212143542
0.00415450365272351
0.00375737907552869
0.00469196820744606
0.00426956666078923
0.00340977458894284
0.00397595406211727
0.00333049301833265
0.00170458964737016
0.00496366949261117
0.00366617860500249
0.00320484145399291
0.00386180797099757
0.00483744440460428
0.00357140317107238
0.00334145657846932
0.00155929172402924
0.0046739776979893
0.00345079648989082
0.00482144572584729
0.00455941167184538
0.00306959485081835
0.00284427909285881
0.00556859836577576
0.00458891972882845
0.00298434195391039
0.00396037209980072
0.00436411775309038
0.00407940820168849
0.00345865268723537
0.00280726238990453
0.00438400559273918
0.00455960479360012
0.00270562485217581
0.00763260891933885
0.00326640549570166
0.0035916241849151
0.00335570480600114
0.00506479980820612
0.00360706794994311
0.00305650863727112
0.00174108875626741
0.00315084177435666
0.00332319218428804
0.00328768247226309
0.00283952884929263
0.00413602035527574
0.00348186086260648
0.00406525900275456
0.0046635549135403
0.00374690842380087
0.00328158555893856
0.00392811312087629
0.00487248853812851
0.00745615417546415
0.00366432512546665
0.00726398890657482
0.0036222465153033
0.00460292142792355
0.00353073355751188
0.00447637391345712
0.00274217490593933
0.00372337809877959
0.0031150941177952
0.00324254325720743
0.00517119406852954
0.00394245038727891
0.00547109719303892
0.00314697633619326
0.00410360894622519
0.00388803373441277
0.00366415840948984
0.00354957573708248
0.00291872271866672
0.00215453982539753
0.00438964028566591
0.00372489421438377
0.0025814296387543
0.00260374622338236
0.00268808837879258
0.00323841505968545
0.00383359743322244
0.00430523663717159
0.00590896487201402
0.00425927915938209
0.00322063261230949
0.005452324623825
0.00255810940554147
0.00484364030374142
0.00450787582163613
0.00372785795872371
0.00225263767954158
0.00289827538292456
0.00288296464552684
0.00345226919011753
0.00418571792732943
0.00225601691671375
0.00256750494043472
0.00471539639647841
0.00349453565935832
0.00487276413880351
0.00269959842788696
0.00511307004264573
0.00200295573759056
0.00608989914448429
0.00266086019797536
0.00231025470514605
0.00366549221206159
0.00585941787865918
0.00365712938491566
0.00514844301744686
0.00361452859445272
0.00193824129427498
0.00389501155715756
0.00220249660796862
0.00393104796253699
0.00393615488686705
0.0020897268575295
0.00337236959612951
0.00389765492842963
0.0039045684345617
0.00387488609199229
0.00320763719283737
0.00238994563374341
0.002898407184062
0.00200215699336553
0.00325143413619588
0.00410295664772234
0.00329987424442314
0.00409715896611371
0.00387618851578346
0.00148768288631736
0.00479487317972589
0.00291673207939328
0.00282822436949365
0.00405551988914545
0.00216351891429544
0.00273367570125989
0.00375058802560609
0.00322821369120814
0.00289706794355405
0.00434080877033999
0.00394489169888
0.00293432003916675
0.0062164384190396
0.00334561380589803
0.00372412017954272
0.00230144257764968
0.00330056162065568
0.00261274996755801
0.00326301255059495
0.00312759019558845
0.00538665729465558
0.00376424730239598
0.00377891089737929
0.00254818524917287
0.00365114020804124
0.00407665496898048
0.00439945135397697
0.00326610353148361
0.00410815417036101
0.00323903560647478
0.00323187113782621
0.00303245493267798
0.00414759315141173
0.00397767091607737
0.00347356853912648
0.00333148230718321
0.003281276894084
0.00212878431207641
0.00272966865519925
0.00430138552221291
0.00505475573440255
0.0065275442365598
0.00461302444766516
0.00150640731555109
0.0040191088876013
0.00271886604950674
0.00416496906786554
0.00352824319793235
0.00311534495713545
0.00249650012848538
0.00397805492570951
0.0038205446325666
0.00416657289834145
0.00221755194340342
0.00591777351211377
0.00522043331390224
0.00360211158958258
0.00489934440416865
0.00445748702157675
0.00249146602741399
0.00410949385879363
0.0074412337592078
0.00241883910883299
0.00368648260062256
0.00522898149160675
0.00399304151500394
0.00540473621580595
0.00276778619002883
0.00308641978812357
0.00451838106055327
0.0039272119037066
0.00943555106597284
0.00462084707463793
0.00293456875696115
0.00300062283453696
0.00292472869957783
0.00275441689810123
0.00425235116008478
0.0025924298353552
0.001536191814149
0.00316471206255844
0.00733363791580219
0.00181754004588723
0.00446256736628686
0.00274282157557107
0.00345335381992636
0.00248746151354693
0.00314036865450296
0.00278018447674945
0.00235186378080583
0.00260348613294671
0.00166502440928289
0.0033418235128629
0.00243478152017564
0.00303477341696804
0.004223850575956
0.00425162016585168
0.00447660590912603
0.00463750615902702
0.0033856639086608
0.00283466639988013
0.00591202065155475
0.00298215800164667
0.00318225452930558
0.00325756934759484
0.00737848240961077
0.00387709939127429
0.0065713727558352
0.0045504685203071
0.00510464026977336
0.00334894662424282
0.00474157872003941
0.00412868992013903
0.00320169446877973
0.0029225577295199
0.00722909190400985
0.00478250278090711
0.00453859300631223
0.00428530500449254
0.00365964118146661
0.00405071243572716
0.00380254644551922
0.00275046292073251
0.00434835386613645
0.00291095478739592
0.00817390949587443
0.00540614005588406
0.0043986316516621
0.00487434442287102
0.00329589302974653
0.00350446911403586
0.00708148283191171
0.00209863233244888
0.00332717403519366
0.00198672524757369
0.00271932514486963
0.00552731557957952
0.00366212764311815
0.00404711726181198
0.00190140719446691
0.00366175418713404
0.00442182426941656
0.00461302700273173
0.0051393010709693
0.00356450301328382
0.00279800102902722
0.00346451312082851
0.00530886326372729
0.00241622813884718
0.00567069634070701
0.0041655275828571
0.00360674957884473
0.00547738469046395
0.0036266736295132
0.0039266108824222
0.00401814683521675
0.00180719040960158
0.00395352595391394
0.00537887050996867
0.0041888034313565
0.00269296188656083
0.00304468327152217
0.00355971275072986
0.00594206814992322
0.00512056913491643
0.0051970979020283
0.00373919510013337
0.00499200131033842
0.00372875297283717
0.00308562776888786
0.00258695168551898
0.00488516518602119
0.0043145426736605
0.00327758678171216
0.0074910688680629
0.00317844438198385
0.00391575988448782
0.00368661485039505
0.0040416933749129
0.00243531353478264
0.00486659372005892
0.00470352658069785
0.00211129687888885
0.0045467314741843
0.00263376401952287
0.00276925965687748
0.00421267790274407
0.00332763023035258
0.00410290045836767
0.00420095822419482
0.00523931577924477
0.0062309828833872
0.00399336242729337
0.00379154497989662
0.003066540861669
0.00240296625300423
0.00377858633419954
0.00192660030107505
0.00372732849950942
0.00268680209932365
0.00368887636426839
0.00350322460953207
0.00434012421196549
0.00399055991195283
0.0058227005271787
0.00327307770812775
0.00384722261260655
0.00303750963740679
0.00267298793641462
0.00166593476632062
0.00347474569096908
0.00446408165484919
0.00384205424292533
0.00271112865673907
0.00624171522207066
0.00338771472036617
0.00406989781127126
0.00371367682432807
0.00862934645959825
0.003551012095532
0.00254229106648142
0.00204527059485873
0.00471645541943061
0.00452053015961351
0.00355915404456997
0.00469156042441521
0.00383947857174422
0.00417620959590674
0.00293029142419772
0.00336957701472516
0.00303740517420523
0.00373999806669625
0.0025669448227663
0.00176260130802132
0.0053155058368903
0.00291686013964232
0.00277810197151425
0.00396610480533604
0.00653493333176901
0.00434198170530431
0.00314978735257654
0.00247490609583154
0.00556438344772558
0.00283651080332264
0.00346739921817143
0.00728191417905547
0.0025152099774295
0.00204172084954871
0.00564315153108953
0.0029152405119436
0.00554672471744652
0.00508632150879556
0.00265968050194088
0.00314007586656272
0.004111413466959
0.0036270467888449
0.00389498509784502
0.00323375732077998
0.00521017933735411
0.00471840374490243
0.00393642444130169
0.00390237549460182
0.00352156445868603
0.00423294165549098
0.00224885870634896
0.00194962980117446
0.00403121417796689
0.0034964036391012
0.00275427791082592
0.00355545802548299
0.00255786567704609
0.00664464433564846
0.0028496159973367
0.00611306702848001
0.003243875709158
0.00337520028072866
0.00248713839697057
0.00242098366758468
0.00268953210894493
0.00207957345640554
0.00321474117384314
0.00294987694763627
0.00455234719889034
0.00516363372625001
0.0020993657072523
0.00384969278383171
0.00498864086110519
0.0049281824401993
0.00310585377301475
0.00606657317141042
0.00462702554782529
0.00300275574800751
0.00356895912508352
0.00400499823488618
0.00502972872658729
0.00480562626474913
0.004604056209751
0.00166499913832536
0.00308631996297011
0.00431643690650812
0.00418414544623246
0.00502329139358619
0.00198760437393109
0.00242971091954347
0.00315127779222896
0.00360428863742132
0.00408286742202403
0.00412466602440437
0.00310885599488527
0.00481009644070862
0.00380097057496297
0.00379851091962575
0.00523013106251002
0.00425698476209401
0.00245472395304111
0.00466640314848386
0.00400213832457876
0.0030469703475226
0.00535754981733513
0.00378426870666553
0.00489369763517049
0.00150047072639195
0.00503634693082632
0.00461355048920441
0.00555663544450526
0.00222296432638595
0.00223762865014052
0.00374415382584484
0.0042011434563749
0.00479054274618921
0.00333518197236608
0.0036929281017445
0.00236703194679946
0.00560017306189846
0.00289778383745292
0.00326270467679231
0.00557060126018839
0.00542952045566514
0.00349229061464826
0.0036175160548102
0.00285288957147923
0.00406718218118361
0.00354949020170346
0.00288078358281531
0.0035666897365323
0.00195017231666139
0.00509173152290187
0.00383369268341929
0.00211874031057222
0.00352891535495777
0.0033242718145333
0.00287894071132212
0.00397234636948033
0.00321302989969091
0.00388065665514385
0.00146277388853709
0.00652630628274489
0.00512328377463392
0.0047269422455924
0.0030593441756022
0.00498175904371226
0.00539148976798727
0.00327233214980803
0.00248055646138838
0.00260951087536271
0.00264243816176916
0.00328383421061228
0.00245012389422645
0.00287601262325191
0.0034991970936184
0.00315050129130802
0.0029182548036913
0.00361781043157267
0.00511228359861128
0.00869997157059848
0.00329521444359845
0.00374445625140698
0.0034083240929801
0.00390284393030185
0.00245665714115982
0.00317848784540125
0.00348678467934115
0.0079009463815577
0.00307064754529972
0.00420659834286357
0.0028723601585445
0.00236599074311697
0.00537351210918126
0.00247497754672745
0.00244964028428027
0.00324344263403539
0.00195729771363471
0.00411375698261711
0.00191257318096016
0.00338489486453734
0.00209454024636045
0.00163169665452037
0.00365165004370207
0.00381410342892355
0.00192801807453522
0.00316156806356001
0.00258847946567513
0.00482957313531861
0.00437119722871557
0.00743398099777917
0.0050672899389622
0.0049059818970769
0.003798762179415
0.00329338108331088
0.00340436855715843
0.00339792191327027
0.00266992326590468
0.00233512496783995
0.00370616157567568
0.00510235391330703
0.00236950224497747
0.00453292707786686
0.0034745741320046
0.00321053467825014
0.00393500682770454
0.00212769113448037
0.00337669398213013
0.00492051199027339
0.00292461667499799
0.00263723028158174
0.00309942526016365
0.00418711560468602
0.00204506369442509
0.00242327779445935
0.00500467823050559
0.0051601844517681
0.00232331395810731
0.00376933748784634
0.00302185505856904
0.00359358400423796
0.00416105972098042
0.0038285287765174
0.00455958199744227
0.00360388561539676
0.00190569460886339
0.00452581289452076
0.00262198550731623
0.00243804088721402
0.00549043181500206
0.00358111094615558
0.00336659638134651
0.00324897915670333
0.00361427148272065
0.00388940152775348
0.00272794480927766
0.00616888477750295
0.00236807880782062
0.0030639714270931
0.00367730233496284
0.0038184995677276
0.00345023652504767
0.00458151683632484
0.00468453627323068
0.00274629936580202
0.00429437217975118
0.00392159446737486
0.00296953085194705
0.00463344894637886
0.00288358059769342
0.00207985180050864
0.00332252585750389
0.00186372074787575
0.00933599492351262
0.00180912446440857
0.0092324039826118
0.00449570732462875
0.00236206985675838
0.00443996327472552
0.00551135801394666
0.00311559907660063
0.00449277378071791
0.00287962342837026
0.00314550418758602
0.00256907806156344
0.00346240564365985
0.00544246376313361
0.00415283200906872
0.00212611056555262
0.00317238384700937
0.00678065407006942
0.00379972140507902
0.00255661238728351
0.00518151136815895
0.00338629770670371
0.00694181617988527
0.00410518243679007
0.00501047548844152
0.00394327399782438
0.00462783562409393
0.00219007259691034
0.00211091742185067
0.00358400764105472
0.00584881502090681
0.00345038099564963
0.00493374124626114
0.00382339601545354
0.00391269679954732
0.00457783148381868
0.00329360450842252
0.00396742384893039
0.00162173673981716
0.00410589683096553
0.00528865679228979
0.00483454923431092
0.00339721364665978
0.00165246011671066
0.00423438005035766
0.00281220479343324
0.00368408695371697
0.00220524805350231
0.00255605438271459
0.0024765143962848
0.00264667282858202
0.00573311395180103
0.00553645548428569
0.00229700361420459
0.00395183569643497
0.00323818669551673
0.00181494498315745
0.00429732909646661
0.0025994099470003
0.00466631222135488
0.00681937567424888
0.00355136880129115
0.00380451089857246
0.00310513072366519
0.00251000174770165
0.00329373702779225
0.00331104413859441
0.00513235299201903
0.00359821232910448
0.00474371736840691
0.00267726835495165
0.00520699716276631
0.00285882127390585
0.00482739846762462
0.00383978966389326
0.0046469544279019
0.00250592884137632
0.00419597072485563
0.00392036453085496
0.00368584418214096
0.00375984269794898
0.00337653555379178
0.00208327149218958
0.00615864116251452
0.00443702421417279
0.00493804823445791
0.00258170255546187
0.00340868940798757
0.00367234696951355
0.00475679741065403
0.00455904015522154
0.0026094586874514
0.00441921497856307
0.00361032830296562
0.00253038012428075
0.00263463854367106
0.00272290881544374
0.00367846727821195
0.00371244380946986
0.00261653365212191
0.00266472228997046
0.00272840790930967
0.00234287424151089
0.00365254060958043
0.00419963564069226
0.00236945552792952
0.00606484788931638
0.00528328417349898
0.00883414911008179
0.00411951275843633
0.00338072244342837
0.00276850899040282
0.00456800079366955
0.00720764686104835
0.00247090093940122
0.00394521364844839
0.00275813277606715
0.00329052867609388
0.00364535664849103
0.00268969927562316
0.00529700086571271
0.00410207556037863
0.00371897959464225
0.00412463463959727
0.00410711576934525
0.00427507457156325
0.00303727248142279
0.00449242031196397
0.00287164696335564
0.00342347478670254
0.00474518514647453
0.00442133255858781
0.00427348947483206
0.00292257358714063
0.00310461417430621
0.00283851724767906
0.00303723724355826
0.00655296834931855
0.00230462067311821
0.00359382956336004
0.00364862840185344
0.00486929658355302
0.00238951231376246
0.00334751759216087
0.0037426109019211
0.00562022870811332
0.00496465915380227
0.00486275047112129
0.00407013087780225
0.0066093276774537
0.00344216605119983
0.00361473582944445
0.00325297949986307
0.00437873708115577
0.00484754246606327
0.00619175337526746
0.00333739834464538
0.00346973718054177
0.00473441398311932
0.0030070911589143
0.00405120927634871
0.00553475322014908
0.00376683790175863
0.00349502879229462
0.00301770114562492
0.00473228987938878
0.0041889501609376
0.00324082995890039
0.00277205697560597
0.00637258170617311
0.00264207091668738
0.00162730085463857
0.00321717521199049
0.00674511836979106
0.00392447284922184
0.0049011876999146
0.00354189617466247
0.00338914248586064
0.00345666573245126
0.00243513623998393
0.00392227469655382
0.00292567979362343
0.00440987479376745
0.00305854937889314
0.00380576787746267
0.00230046178937697
0.00348831183392208
0.00284037127040196
0.00372037507384844
0.00298491939283504
0.0042765820894731
0.0030304040585564
0.00357318308202325
0.00742246830439128
0.00338021645029742
0.0025077456496873
0.00296160078832233
0.00407698399077602
0.00339480946188497
0.00310744324550917
0.00348475559984078
0.0043016964071135
0.00425735853318106
0.00336653224113034
0.00371917789098096
0.00338266631148308
0.0045399063461979
0.00268087025618237
0.00331467011248157
0.00258794712649618
0.00536428279267524
0.00276394339638432
0.00378686040784546
0.00260275423140397
0.00236492074895467
0.00422203773595662
0.00256936821426889
0.00443120335222326
0.00518036642797617
0.00418513141395904
0.0064906445809699
0.00477614025081246
0.00308479857499631
0.00465915689541231
0.00154259501010117
0.00433420121697383
0.00378557204072415
0.00434803291757005
0.00288817355383167
0.00598558081816751
0.00219879112862727
0.00310066514310567
0.00356576672844911
0.00426637024383472
0.0055783056905863
0.0011541051277327
0.00472048621586004
0.00438247162279196
0.00253956623719799
0.00320444809848863
0.00534814425764975
0.00262502280027566
0.00454839962720594
0.00481501190787626
0.00475088475915493
0.00390662075110063
0.00357989676810778
0.00413922436252282
0.00400526327405333
0.00301091906608557
0.00350041513362187
0.00385625721357733
0.00340753888887873
0.00338566809818133
0.00261681213669415
0.00220986106038322
0.00389243684651363
0.00327183070335091
0.00342601910924102
0.00345720268603269
0.00309939905240083
0.00466064649060753
0.00440923212426518
0.00363783016731404
0.00475346463407728
0.00260079988845903
0.00402658026156202
0.00269537175323913
0.00225270225563477
0.00417626484888827
0.0016706887332023
0.00334992975646364
0.00377467314430389
0.00349426650269533
0.00526768419841038
0.00286883072483617
0.00312821329306112
0.00361723730927401
0.00403965709001452
0.00352261114840384
0.00277888654236413
0.0054657943868651
0.0038307893974957
0.00369352637855439
0.00420896495731141
0.00637645517379752
0.00452695984361245
0.00374973779349878
0.00242338588469046
0.00548876095018084
0.00329379106064998
0.00649744870155294
0.00364510602356955
0.00430934387198441
0.00285704384105923
0.00399933700954901
0.00868634166985015
0.00369075044907488
0.00225629260117824
0.00562604160436968
0.00585666519704324
0.0037456199864975
0.00191503091329638
0.00287378981573123
0.00431696122286929
0.00371339223287029
0.0037496358126562
0.0026947839308108
0.00292866433036978
0.00272056104519296
0.00336655566649716
0.00259131384992334
0.00352569169652623
0.0041272233020326
0.00337005731020805
0.00300609358809836
0.00288421950957503
0.00269308740830983
0.00197746045165941
0.00329806868219415
0.00362440342401817
0.00240252306328681
0.00146193731559985
0.0048416756774468
0.00353035468901904
0.00198313280836743
0.00248469057276821
0.0022747996214308
0.00404930131730821
0.00397166840219635
0.0030072003915856
0.00506007085858663
0.00487522609764097
0.00390130863808943
0.00260151992277706
0.00357983766491562
0.00396280543752148
0.00375911094056073
0.00531452026228417
0.00207425364172922
0.00389876305169281
0.0055329846163296
0.00396905884112734
0.00300257518822861
0.00348712349907197
0.0034541672769744
0.00422487543534837
0.0056448841766937
0.00513144825406034
0.00379360479046588
0.00377936445680893
0.00358172379909916
0.0020954567761305
0.00215179586198392
0.00126347598461307
0.00429096211946694
0.00410707112968911
0.00509161660686851
0.0031060467625303
0.00366993610667322
0.00331664759519723
0.00390137591521437
0.00270760342131503
0.00411493082200339
0.00422069327953729
0.0035004479231553
0.0040132794664855
0.0039946831358592
0.00413858647453596
0.00460552201780348
0.00392246756619267
0.00256194407445353
0.0027897796112019
0.00345730887296356
0.0036871411903483
0.00452843103619385
0.00627556842555716
0.00466171997433153
0.00342131083288381
0.00423653758183304
0.00331782426368032
0.0035157501034051
0.00270540587409244
0.00360972732737972
0.00342667135532066
0.00411389356894746
0.0035736594468379
0.00197504116424195
0.00328543854884322
0.00282450999822245
0.00434090971667819
0.00383875850814112
0.00580133215090446
0.00449073393162045
0.00191608787514457
0.00300786472551292
0.00580699348315828
0.00241314563202073
0.00351407395921072
0.00509430671253351
0.00711633146392881
0.00303915273106114
0.00375698763494416
0.00261994357938942
0.00278995270544109
0.00524069977524978
0.00542836551025656
0.00400535348519353
0.00377232462526938
0.00371647387585746
0.00294349121519099
0.00496492691718315
0.0026786988354439
0.00346112156774321
0.0035837704683165
0.00411151873688728
0.00219160874107379
0.00409573563175156
0.00234837048627267
0.00313192131221595
0.00238381417028199
0.00375922555569578
0.00344641394752933
0.00396232684367719
0.00344748246131613
0.00148973037728464
0.00259320155319394
0.0025519324120288
0.00331266643072064
0.00397995041602925
0.00501640848625276
0.00240855230406821
0.00371664779719033
0.00184682964553738
0.00327222949199023
0.00320096063962454
0.00126098386782109
0.0040130457279141
0.00460067726938327
0.00415790794685761
0.0024213431842044
0.00398600295365619
0.00297431381923465
0.00291190387552088
0.00292758253497245
0.00343488392547749
0.00316062438047077
0.00313427295923656
0.00168422060488161
0.00416428248395989
0.00284164317624856
0.00337788517679668
0.00302392411714183
0.00289951301449093
0.00198686054994802
0.00548861939603406
0.00207874986552136
0.00231752169855861
0.00299505087988992
0.00196741824871497
0.00480563234510003
0.00387847785087105
0.00230939015909539
0.00639921383964156
0.00248555114646535
0.00295959368837648
0.00346875424255409
0.00431575228429289
0.00406892124222915
0.0047001179213649
0.00454097202871236
0.00250413538878281
0.00389224868629359
0.00169429293840051
0.00225373326780801
0.00495013034880837
0.00357432385163778
0.00328567628577501
0.00308209600274462
0.00158935867565414
0.00636096666353885
0.00331834584024374
0.00465279819898142
0.00449012761771222
0.00320612996176259
0.0019457791711885
0.00485294396464505
0.00670775084237719
0.00380422895273536
0.00425149848734962
0.0058953686829711
0.00217393553240217
0.00281851375765816
0.0044529675596065
0.00283544800559903
0.00378887546280261
0.00418195794052472
0.00219963402464994
0.00379982607292253
0.00509980714393676
0.00265848299105334
0.00155399659942296
0.00349117328509875
0.00527252314204883
0.0041608655701019
0.00268033580275847
0.00509105510263041
0.00211088512407815
0.00449412763098159
0.00216192224357694
0.00518387240503457
0.00375904037093383
0.00355648779251399
0.00500214748040816
0.00545782504502573
0.00324692581017408
0.00240165660316577
0.00454859281388505
0.00279377255938054
0.00203450952980122
0.00313289770328468
0.00452089244137106
0.0046782415489439
0.00294148415079848
0.00435035111410356
0.00294071233979784
0.00320926476357893
0.00456907551323565
0.00579725474915541
0.00453547662012449
0.00393594504698638
0.00411212531032668
0.00510923694384473
0.00230912786151644
0.00520065037323092
0.00444646360024979
0.00510249102452284
0.00760728177846495
0.00353721016927428
0.00323016433244451
0.00361697087464417
0.0028554040256375
0.00294729984185718
0.00664957411254287
0.00433356296625538
0.00513780391702759
0.00421022990081788
0.00316562308408242
