0.0014074629524139
0.00290857031602709
0.0013741664603333
0.00114137992579526
0.0133050229334077
0.00212437459456825
0.00444302481200429
0.00708062740206711
0.00362608995085858
1.85736003091674e-06
0.00641910154898005
0.00505213205705115
0.00201226918712898
0.00903261254487854
1.90071593453483e-06
0.00640565735228743
0.00124064203212104
0.0029299807140079
0.00035156854316231
0.000154521954434399
0.00177344888626738
0.000366410768663368
0.000848781760283342
1.36403308384325e-05
0.00206864875934958
0.0082344705651995
0.00332842184312534
0.0086611494779921
0.00174209073110073
0.00271214317745539
0.0103601690714247
0.00182114911478406
0.00213849416098299
0.0044079335401507
0.00908964142354102
0.00369132348298038
0.00801214389469396
0.00416236400305938
0.00640435184908119
0.00232456247592553
0.00914877819711098
0.00510599415702889
0.0135612369070938
0.000800955352609398
0.0141521142890133
0.0029046187874671
0.000234635856875322
0.00504390751643816
0.00290540286312252
0.0034523848567129
0.00670725301401779
0.00935954947382927
0.00656009736514239
3.79634732112659e-05
0.00609680956626101
0.000130936711831869
5.06861150126858e-05
0.00229106366278508
0.00261371010137526
0.000381106375178706
0.000349448429614524
0.00250796556080135
0.00141158107226954
0.00590533888517257
0.0102298212270774
0.00421759246966359
8.07196759809639e-05
0.00574468704911207
0.00515400209598706
0.0027661247038519
0.00553663699202237
0.00639696590955484
0.00813556319285789
0.00163427038511412
0.00127097518905903
0.0065159440151817
0.00395385471931634
0.00038525695520826
0.00350830428350302
0.00542568971595122
0.000351883141551269
1.37981194306451e-08
0.00297615439789196
0.00355989367681387
0.00515933034675502
0.00890768043451579
0.00335308631395448
0.00237897950562687
0.00569572972253534
0.00286344858760329
0.00135106218013646
0.00320901895826216
0.00407791883952776
0.00496754280671888
0.00168515532595056
0.00272763412589784
1.54220107372825e-05
0.00258242498488235
0.00691428014543824
0.000607748761324611
0.00418360905544515
0.0027491881086384
0.00340537015660617
0.00489097765561526
0.00177874976695679
0.00448631831073849
0.0062792869007914
9.2705940062722e-09
0.00462131605267129
0.000458865722121067
3.23510433768194e-08
0.000298017368874316
0.00110821838210443
0.0050835455916597
0.00147579443238263
0.000315638554221626
0.00492782382375052
0.00440806851886029
0.00640227634812909
0.000448184915971127
0.00773611173235293
0.00858677456789389
0.00174448712658234
0.00697578309487586
0.00605392501954785
0.00843572581407192
0.00328044378456782
0.00222339521786947
0.000958817345549951
0.00741664608710835
0.00718825923127861
0.00651184281337659
0.000130968743248369
0.005903738877965
8.7018515482135e-06
2.53387440327908e-06
0.00247776166906517
0.00436313159407454
0.00265865866831807
0.000358739974753597
0.00775816907271528
0.0124394484391671
0.00721430037999923
5.72260451952782e-09
0.00262643681194905
0.00576355077794482
0.0123173030995264
0.00253860340463082
0.000363786669087238
0.00690821016865938
0.00653775391834
0.00149357683800051
0.00733544992644221
0.0133413962386088
0.00215444877162074
0.000520715475251439
0.00171403765707375
0.000146279089451481
0.00972877484995123
0.00395326501167817
0.0114932543397583
0.00640719912997556
0.00209197442144707
3.36696837358945e-07
0.00500177348933636
0.00331120755430305
0.00328136122080313
3.98273661362834e-05
0.000160014435017319
0.00653828971488737
0.00224450411026389
0.007139261367357
0.00522625553751803
0.000892461527838859
0.00555223742503692
0.00188135613203168
0.0114151848600721
0.000111429830043402
0.00581725577469509
0.000913493128531136
0.000883971587367307
0.000832636024211853
0.00266902836719117
0.00209555654614792
0.00470708020746303
0.000476459896059972
0.00250990801834274
0.00180975908413681
0.00790562098515508
0.000256992317904957
1.3688548152095e-06
0.000895615112138106
0.00601774791128566
0.000230767353513362
0.0079493838022502
0.0035530328435421
0.0113205261503178
0.00271430228010261
0.00320707951222072
0.00226682491637053
0.0043883577634723
0.01104286834604
0.0036456365464243
8.47559789463088e-05
0.00227491164433918
0.00671174734155409
0.00314667478500997
1.9342557623158e-05
0.00236571848168983
0.000788632144890687
0.00583216229254779
1.79748053262571e-06
0.000297780975828694
0.00517603196850667
0.00539598636146399
0.00113605822789443
0.00824301627165598
0.00198900783239628
7.60886389837882e-07
0.00963084914298556
0.000209664726206446
0.00118727456283717
0.0102001625753544
6.72120044212133e-10
0.00468180137437612
0.00481985156661875
0.00510079401791817
0.00483707469369167
0.00808272993962661
1.04986760905015e-09
0.00519565570579902
0.00309008205821506
0.0027091356725185
0.00370485980989015
0.00244170524455219
0.00346969605851496
0.00365151034849362
0.00183280622613447
0.010760432921254
0.000832760155955496
0.0030774641432145
0.0105613561650544
0.00688394164778725
0.0047336492704852
0.00167875158874876
0.00204611809678322
0.00420055348719204
0.000323856857427891
0.00558069795058575
0.00227113926537812
0.00261513272006803
0.00136242860184176
0.00832821072880366
0.000139344185509512
0.000380104986019767
6.50379813464817e-05
0.00194188735720818
0.0127842961227406
0.000352695139472643
0.00386183797258925
0.00140902448128747
0.00386534074951024
0.000880649219930975
0.000212832582231263
5.91628307701212e-07
0.00286062297855338
0.000894831865737673
0.0024393731652967
0.00102573873146825
5.39691240402407e-05
0.00476109165725927
0.000638914643037417
0.016631424844714
1.02750041902786e-06
0.00366341186122466
0.00835717366005834
0.00272855450923253
0.000180389597804283
0.00273852590910004
0.000140820370985187
0.000331498403801531
0.000758367816651138
0.003481796381679
0.005425288372324
0.00324455845808102
0.00172970105177541
0.000257575327136975
0.00446922255479376
0.0031300229678895
3.80749172201272e-08
0.00182560539437483
0.00955487047689679
0.00341421891667621
0.00484134951184024
2.75068826507974e-05
1.51462491283968e-08
0.0031417312898357
0.00525607629415486
0.00612752005873929
0.00489222138630177
0.00216582133645752
0.00320420301913631
0.00967431809283858
1.46998698628092e-06
0.00164069807452355
0.00600478891788388
0.0104397489561852
0.00194157071458284
0.00487404432470422
0.00253167828632799
0.00365651336833737
0.0108363393642011
0.00112719460451693
3.21311002068358e-05
0.00511918000814197
0.00414720904026927
0.00121795761299928
0.00455888646437879
0.0129879434571297
0.00386248628385776
0.00450707833819473
0.00804541932173295
0.00344411931577535
0.00324607690565198
0.00839961168254296
0.00821926440782747
0.0040529457195801
0.00279640394415259
0.00245984501349838
0.00189427558217754
0.00417568116246986
0.00372320972787139
0.0044169530939178
0.00420872892772982
0.000379018307436751
0.00089811855741438
0.00241607331309027
0.00420573139893334
0.0037092649978945
0.00048808995781769
0.00567877818854437
0.00257294777994957
0.00219178377211285
0.00269152418549076
0.000367241732357271
0.00520966091424696
0.00349352029481415
0.0028831029054662
0.0025599776749357
3.82219416877991e-05
0.000144830121074299
8.21721279454683e-13
0.000282268848344712
0.000126749383580103
0.00326408266662389
0.00423333988014645
0.00604146639597711
0.0028067774260165
0.00845980492384661
0.000786521907414109
0.00250816621766191
0.00237719878137079
0.00180816751750645
0.00979506268586548
0.0155878507096523
0.00184396021664069
1.19800673993333e-07
3.36013514000922e-05
0.0143861575716896
0.0100343174372272
0.00355306745090581
0.0127275091887424
0.000157789753042653
0.0109563894926797
0.00920240243945521
0.00297529446813882
7.09441146151156e-05
0.0049765016134147
0.00604759180240773
0.00553294247441747
0.00335153209480142
0.0116721767323604
0.00288930634563375
0.00124230340056588
0.00147130494865519
0.000318094474931648
3.89555557369601e-05
0.00333777782345977
0.00375707428446487
6.63948158460597e-06
0.00462756247757337
4.84414641866692e-07
0.00267906206684775
0.00244066307236465
0.000193695627581511
0.000728397887789878
8.71555708549657e-09
3.55880635918311e-09
0.0076421535785869
4.12295245188835e-08
0.0043982925002162
0.00300138309681855
0.00531214101280026
0.00432534760157784
0.00309868633152933
0.011020294735707
0.00310931704812602
0.00150938506107384
0.00220035180133807
0.00825615955737643
0.00470051714552815
0.00993855456647369
0.00284933083538694
0.00605887026600613
1.03090270621779e-07
0.00816064074092904
0.00971592772490455
0.000783397985667262
0.00334419173533016
0.00213843593474934
0.00231948812412757
0.00992850938363059
0.000768432815518497
0.00152913151368816
0.000237838406332081
0.00252570765977234
0.00285343075829867
5.6248299809935e-11
0.00260285243601682
1.33376435304319e-09
0.00610654220620905
2.40374282393356e-05
3.03450199882362e-07
0.00138686369409211
0.000357400413731207
0.000463548500738667
0.00016315151371758
0.00402025258580918
6.6507707565598e-12
0.00195328142416097
0.000123436251817114
0.000657641861965922
0.00368680004591868
0.00434748539409669
0.000717223199203189
0.00814335810472954
0.00952238808664712
0.00289463935227412
0.0214279196686009
0.00290378750971467
2.35452299267936e-07
0.00151269257237554
0.00175306291920381
0.00506192136333133
0.00332195028060794
0.002364759567962
6.87231832023557e-10
0.00629185858057764
0.00464998190127244
0.00455984649225914
0.00424510675245917
0.00651193644081549
0.00239321908552159
0.00430217331532181
0.00238505821840517
0.00186665351465624
2.50278287740263e-15
0.000838011662582768
0.00236952460605744
0.00152204173568748
0.000527597432143596
0.00431457939154624
3.30620060333967e-07
0.00652120073027573
0.00251819619877914
0.00455436147444366
0.00597857276055448
0.00240644954729812
0.000370949099802089
0.00102273687332271
0.00553475319441084
0.00434357542466517
0.0175572289062851
0.00434927315876524
0.0007198970257992
0.007847084376995
0.00175865130744389
0.00616624845595105
0.00140357457613732
0.00227000097616309
0.00234699975726549
1.9722741312744e-05
0.00164532887234101
1.65258614970082e-05
1.63407973123183e-05
0.00763515950417529
0.00416158138687712
0.00283961945373593
0.00134369097878348
0.0022501921392991
0.0154049980620002
0.0124538285351512
0.00154264706233672
0.0114781662848813
0.00588124129056894
4.29853728300217e-13
0.00388148822172746
0.00979601543929638
0.00264064126453358
0.00212671843346773
9.00100340553674e-05
0.00427801213643826
0.00154327721938978
0.00102927867910836
0.0117733304514907
0.000217652050974198
0.004541389692368
0.00396363072861628
0.0006625129411444
0.00526853171300155
0.00383818464102542
0.0039350757125434
0.00278983407558164
0.00881199911462483
0.00260492000139719
0.00285010202305857
0.00644565463888577
0.00428153329892416
0.000508841009503152
0.00116241884001619
9.05139614689011e-05
0.0105327219221044
0.00341467684264853
0.00649977029373158
0.000881667173300478
0.00245415194720777
0.00330352449376385
0.00489717108958355
0.00597315229721255
0.000815388269393482
0.00262605404526132
0.00653845514662201
1.15634073767598e-06
0.0123202230291612
0.00255542620870003
0.000753484822558956
0.00401559823485759
0.00444455478842856
0.00865218763116205
0.00646370181073847
0.0102457391868042
0.00524126865919957
0.00339792707388146
7.84213726893515e-11
0.00356190578356245
0.0036457471326323
0.00183370184517269
0.000621969289548094
0.000568118141637827
0.00565870222114323
0.00339955495904519
0.00162880355946533
0.00862777929509947
0.00941097637699724
0.00146669032606089
0.0042336933846754
0.000784154841399289
0.00770818318610054
0.00160507891878908
0.00319595699881864
0.00707852705586845
2.46221330945184e-07
0.00685999304489577
0.00252956739063746
0.0106630798523556
8.93289968821258e-05
0.00598541506634292
0.0095560619319943
0.00857346283845451
0.000160476252480039
0.00201137019934998
0.00702061523605391
0.000407600694775566
0.00324449915601362
0.00488533381078912
0.00565326432175299
1.46708001644741e-08
0.00316446068181937
0.00893828429482326
5.78728448916521e-05
0.00943907144176949
0.00206731903564757
0.01275231376526
0.00655286021678528
0.0127377632665618
0.00112535475090583
0.0015411499581326
0.00564926014424612
0.00833840140222606
3.9158670133334e-06
0.00355298905130609
0.00423284620924179
0.00677651798488013
0.00109830976287611
0.00796894136260086
0.00832833885386669
0.0116647711056248
0.00102995047614021
4.11446279911461e-05
0.00545979505853409
0.00826585437810571
0.00168105682503054
0.00224381384006616
0.00429757499576899
0.00234546670710952
0.00547948630340699
0.00249174713790959
0.000300696429343559
0.00492000054457362
0.0023944284999675
0.00113597803712607
0.00113019292009595
0.000143895957115992
0.00445036066681851
0.00350011843841729
0.000670416304089967
0.00181129127169785
0.00288050076017763
0.0001260818416959
0.00763055178229356
0.000289608290997096
0.0094560040471799
0.00873833393921742
0.00059699712487203
7.26870373453537e-06
0.00227661786186931
0.00151089104472089
0.00162698331119458
0.00495060077935989
3.96581158611549e-13
8.01994502808188e-06
0.0101477800140216
0.00740073977708113
0.00732241767774505
0.00182591238102852
0.00490526127183304
0.00502979698921186
0.00325001179083728
0.00132681929797708
0.00123958242943463
1.34595886941583e-06
0.00286597265456597
0.0058864440188262
0.000267052684607322
0.00324245000511643
0.00349013096597504
0.00444018408122335
0.0111770920321083
0.00788294435854908
0.00121666397238648
0.00100810129652601
4.29534895671892e-06
0.00758320920951638
0.00304285658711881
0.00595151521203653
0.000242833664543869
0.00313755894801273
0.00311019004425192
0.000966762518471279
0.00283726660302574
0.00882186016104746
0.00830070929217296
0.0076803935304607
0.00118726822176255
3.11649997563756e-09
0.000205121281681716
0.00243762325288168
0.0068278512102817
0.0062519631849593
0.00222549459524738
0.003460159228382
0.0039191894780471
0.000113212144577731
0.00442054467935882
0.00943555660380645
0.00586349223932545
3.3849698608703e-06
0.00146900854375839
0.0019286735369542
0.000218505820779155
0.00730494352481223
0.0078865789860287
0.00306416017553804
0.00493914964222847
0.0032690134975291
0.00595203707025454
0.000303529053375499
0.00630229893223001
0.00658441863656653
0.0111855016805125
0.00135985921690583
0.00442190050137314
0.00726196107775654
0.00124278553583119
7.31668399643129e-07
0.00233176717299065
0.00364203898924581
0.000593878301120314
0.00534477680784119
0.00456286190925911
0.00941458846141461
0.0036592710260834
0.00627833153953534
0.000105188555591482
0.00456425505575985
0.00206519384797146
0.00285696777063692
0.000231260440717959
0.00218899178210204
0.00622780663602212
0.00632028494152332
0.0045758019096142
0.00143743942182201
0.000434267279893245
0.00231455618368275
0.000399084705246784
0.00524005931713135
0.00285554169450378
0.00111330410841189
0.00469865803020265
0.00300779537437056
0.000859948392688407
0.000825032395498991
4.38046880478712e-05
0.00126210194889355
0.0032272854750501
0.000211100598293327
0.00102775833906453
0.00413156098321123
0.00101202615540409
0.00160472431319601
0.0169664821212649
0.0110106691416871
0.00141377608285224
0.00359047858954408
0.0116578836842936
0.00419987206638282
0.00257162731299741
0.0031289340720554
0.00140602990412223
1.64272313960411e-05
0.00749333696603343
0.00211755777720532
0.00163267493833114
0.00730302258553586
0.00376088919498366
0.0105825814802842
0.00310519766242871
0.000927211584934241
7.8493284851101e-08
0.00629756960138454
0.00688819588893699
0.00429321612020641
0.00282089364132779
0.00147863170922297
0.00190205297593075
2.82502852496497e-08
0.00202963434343518
0.00784863261328351
0.00633400879730764
0.00369940718482397
0.00406796159363499
0.00185607042275344
0.00515309539175637
0.00267796376297316
0.00593791618651028
3.66875466144352e-05
0.00119681045501372
0.00201916275767978
0.00162158057627809
0.00209446759611289
0.00481627806146502
6.52831192901159e-05
0.00249416140857096
0.00248102300689597
0.00678068208361108
0.00658709369246309
0.00688903100038624
0.00217030827255595
0.00383229751539486
0.00791812663825719
0.00620746342685594
0.000250650091054937
0.00292551868585865
0.0107011823880632
0.00594357677031795
0.00489336265799595
0.00372054971870104
0.00235771569437034
0.00265819026012011
0.0134969819505944
0.00294383097336227
2.37951516255558e-11
0.00247388709912815
0.000929381207400962
0.0123193861991267
0.0041967827869787
0.000119481221782483
0.00699743904165665
0.00116282963149797
0.00502529839415607
7.26297349302045e-07
0.00214060381783364
0.00512303749908806
1.27055931927845e-05
6.68030069159819e-06
0.00386790870349928
5.10321381373591e-05
0.00359039565278988
0.00196041300430824
0.00702916047040131
0.00977039304831148
0.00433779085803295
0.00440646908663936
9.84099773047419e-05
0.0139304453711307
0.00015355076778071
0.000907653655196366
0.00422882257980708
0.00887977129514076
0.00622207905402623
0.0118657780331526
0.00364038964456783
4.64504571725213e-05
0.00374322828053369
0.00553295189808523
0.00617171507505858
0.00239772092763039
7.95888486283051e-05
0.000332107037446025
0.00224711453188459
0.000235056755965755
0.00945260418928696
0.0032102250469162
0.00299122575475755
0.00354365970127682
0.006700527106583
0.000676988660795598
0.0049305754030359
2.33992002345266e-06
0.00586634143264015
0.00259811637332361
0.00438188290615383
0.00673836994303578
4.19076775867729e-05
0.000869509266026014
0.00213433238586684
0.00597177144391889
8.50450191633488e-08
0.00971703473986226
0.00122861057736532
0.0036769774956586
0.00129818585128615
0.00160833411524636
1.21326695001452e-07
0.00438747596065538
0.0047270482324282
0.00249905911553514
0.00389471897329154
0.00259611941195053
0.00120159040233375
0.00333438724774045
0.00243359734059239
0.00500316688688488
0.000389329679097365
0.00384639838176204
0.00426783887685035
0.0060859556317331
0.00495284786684807
0.00111899228755348
0.000378013603597408
0.00422585898199351
0.00398352272834958
0.00513407781687521
0.000255093526907573
0.00408659446813318
0.00265797577800887
0.000413816819483609
0.010308747750175
0.00351697318997239
0.000100975448296632
0.0191862337801227
0.00490070208155197
0.00605831484755715
0.00191941797026278
0.00296058179227753
0.00354244663318353
0.00581658449604231
0.00323068599142003
0.000190665508020731
0.000873928709078111
0.00455957750129247
0.00485678619085691
0.00407141943179418
0.00285636924298746
0.0020061034086062
0.00332195967904114
0.0105805719733857
0.000773498577409403
0.00732897080917854
0.00764690705572799
0.0140122922232127
0.00277136404606816
0.00220226584548309
0.0023924364639123
0.00421019917014138
0.00658030627440279
0.00395204023107804
0.00193755442680509
0.000795602716604154
0.0049446112281936
0.00219897573673041
0.000892959378935956
0.0110020796474007
0.00227128814713192
0.00447533132976806
0.00102833958753136
0.00391779518716544
0.00409618646884138
0.000579581539761495
0.00164707416852361
0.000164535522182941
0.00376855227371356
0.00316905432869918
0.00241934193287315
0.000244523711616152
0.00917586427120345
0.00479284251252948
0.00214899340773042
0.00179292603376413
0.00965110364533926
0.00120440343581164
0.00833098532011142
0.00160465384213297
0.00273351917168228
0.000179120478998596
0.00345348688176139
0.00322737420714466
0.0104827692818252
0.00408099261586976
0.00471655653550108
0.00362054420430251
0.00195047098114938
0.00673797778262549
0.00985376702149148
0.00331844727685762
0.00442916104626275
3.17266073129565e-06
0.00847990425641367
0.00712487369106834
0.00714123381884913
6.61249716815921e-06
0.00216802906006416
0.00454880933157339
0.0129768305764039
0.00613494183518361
0.000920806167933056
0.00127398074163925
0.00175398560436169
0.00904601722747054
0.000310997520097943
0.000985831467045976
0.0105760260448898
0.00718097266934124
0.00163237999647976
0.00267907714403042
0.00994126678981614
0.00736569896075785
0.00521516859627652
0.00082514948855497
0.00228358901200772
0.0015727043612945
0.000219826099563849
0.0058876322499901
0.00401730616804605
0.00641767868578703
0.000919627429231931
1.74544856058798e-14
0.00267384111607457
0.00775583859126537
0.00662347622350308
0.00129651914257743
0.000461657933783982
0.000543675985076823
0.00371179600110034
0.000556822114939248
0.00157528814935516
2.77607707217298e-06
0.0080339087411382
0.006652091082488
0.000452304750395562
0.00158691272294029
0.000128350598648547
0.000928640392248074
0.0108128800739988
0.0033416480188345
0.00211136564054847
0.00597015174785839
0.00386621097145464
0.00389447311350048
0.00346412994210309
4.670429953589e-05
0.00343579590007777
0.00519596656402147
0.00212215223213561
0.000115082613228507
0.00203894055552452
0.00383766406511596
0.00235297169110553
0.00531528430092019
0.00477576943548514
0.00439415203170882
0.00805297750675726
0.00684706393675829
3.60007375605566e-06
0.00233596703477295
0.00203130816171486
0.00436998488744149
0.00859836404686784
0.000994852685653678
0.00186727380727601
0.00230863890656753
0.0059114124840909
0.014970752643518
0.00796329900560034
6.38425607474137e-08
0.00411843163328115
0.00211265406820587
0.00394914008307768
0.0019076931803448
0.00334379241909657
0.00029017473157781
0.00527730368313135
0.00129705595177798
4.39621354286154e-05
0.0064902914210781
0.00134377988564719
0.00184771828514605
0.000506030848978846
0.00179764181328532
9.92854235075069e-05
7.86242456898165e-06
0.00267191545651844
0.00780497373146824
0.00169146448279558
0.000923996742670108
0.0115679537084588
0.0122984735993964
0.00204689527314159
0.000564455537464153
0.00722551576921561
0.000479834191002451
0.00737861486808735
0.00497334784154394
0.00160215029809957
0.00318963000612221
0.000399492758161987
0.00352378408597719
0.00416864258613987
0.00286986599070385
3.09991319690473e-05
0.00310408312015942
0.00841927374419066
0.00130541566693917
8.40380433239185e-05
0.00672939270122643
0.00275472087537227
0.00485518715589254
0.00131035382679757
0.00368611804247716
1.96765433305604e-10
0.00881170427560602
0.00433825906441507
0.00610585608491771
0.00337177666540422
0.00472762582268978
0.00317149657781315
0.00245329204274455
0.00312675914132864
2.17632887717425e-14
0.0198175549426129
0.00224163177282586
0.00423324680835207
0.00549560273199549
0.0145667015640671
0.00342255991003583
0.000990203753730992
0.0015420908768988
0.00165603119805849
2.78377991973886e-09
2.50590738922463e-05
0.00695444897742189
0.0023036068684279
0.00815981154857606
0.00784450489886979
0.00506013015465673
0.000677401974772901
0.00321273544852213
0.00352794161132133
0.00160817608107107
0.00110669093227509
3.03355785667453e-06
7.19310028926562e-18
0.00184019953549645
0.00647052382560218
0.00431610733341627
0.00013094219790926
0.00427081044513897
0.00496584308042274
3.1304946567548e-05
0.00452282055474006
0.00463407935480001
0.00202011627310683
0.0129828461822997
0.0178203981913017
0.00483647398051065
3.62571999233545e-35
0.00199085134818418
0.00582940559962962
0.00366153059443251
0.00411406872547996
0.00618151590323013
0.00395037708736033
0.00218489581821531
0.00151663395589945
0.0101996577926484
1.84052738705602e-05
0.00325330721530664
0.00147442791159093
0.00247524593260399
0.0033756038737828
0.00108776799956663
0.00160490501210773
0.00499539191016437
0.00616184492743169
6.33709732697377e-05
0.00301863692452211
0.00642055811664524
0.00473823833519423
0.00381654913757739
0.00603587422675817
0.000849378574105819
0.0070649379841538
0.00191608954794341
0.00125445636155123
0.00254832941432481
0.00925836732969989
0.0148279488196449
0.00806943748052971
0.000286087592060557
0.00324038344342337
0.00256108053604277
0.00165297027170451
0.00234104080527878
0.000483582305149168
0.00144302919558999
0.00638055945848335
0.00190546684530169
0.00676057112110657
0.00398608879948667
4.18462017681835e-10
0.00539793651832081
9.0754748531733e-05
0.00341843113443388
0.00431697389256533
0.00603786805571694
0.00496375135854735
0.0104404587335691
0.00629146065293757
0.00662412498014606
0.0124848025197033
0.00248251155969226
0.000282957780616883
0.0022062977589498
0.00350303577073441
0.00478507643836666
0.00136076451581405
0.000472251586995463
0.0018473547044448
0.00304482024090829
0.000245439689257826
0.00184571049762741
0.00132379808461664
0.00447258220924562
0.00258452262734716
0.00258772511009145
0.0156828384938003
5.44367171009983e-05
0.00314121357708336
0.00159360410921904
0.00122212891738408
0.00353574303294518
0.00490687618241184
0.00858793959751647
0.00253255830467413
0.010776901065017
0.0022061003128063
0.000975339076173442
0.00144450687183932
0.0118204746111305
0.00565248449413886
0.0162899707282719
0.009891189520931
0.00290787149214476
0.00996066839928381
0.00346367813388685
0.00322445736032725
0.00294558303879752
1.35627092946994e-12
0.000605442316628249
0.00237022945926956
0.00564459215769123
0.00900444504024054
0.00445259518122173
0.0131926231205216
0.00725674108707171
0.00289758167442026
0.00319047502117372
0.0110930308749678
0.00281460840068264
7.0229911079548e-05
0.00148021662431421
0.00219956578448277
0.0054577945464172
0.00206271294222446
0.00152583640394394
8.68145205610849e-06
0.00510902774693769
0.00321466284175673
0.00110899426039813
0.0107597391815159
0.0108230017698023
0.00054301150529239
0.00499335792593647
0.0010925459653431
0.00385493511085837
0.00212043944376757
0.00298740843435726
0.00957097281939519
0.00442055231405485
0.00185274038388735
0.0125339170499506
0.00295058210342775
0.00237779722804437
0.00260992916087992
0.00155510910047636
2.86268692889785e-05
9.55726108785593e-05
0.00630743870356205
0.00308970992052442
0.00789822591247643
0.000890931017483762
0.0114483577270839
0.00236108239115095
0.00182848733743045
0.00572211813655471
0.00041927909212527
0.000143612676388692
0.0048453158330611
0.00257191156890908
0.00794266747144199
0.00159715311793454
0.000641969726723525
0.00134309208651682
0.00168882055581892
0.000998864587868499
0.00127122759639646
0.000680571214554855
0.00334070112180577
0.000483781432314346
0.000264434391517258
0.00338066966844043
0.00373478313127064
0.00364717280485869
0.00606911179921986
0.0199014860546244
0.000195129847478898
4.58963836112956e-08
0.000466903184793605
0.00868359532631287
0.00020250256811455
0.00243600795999106
0.00385543436789219
0.00211947455488696
0.00100460605112803
0.00091445585564821
0.00678249105094381
0.00250440674153733
0.00290813356986295
0.000533883824986539
0.003491617879808
0.00641362029151512
0.00571531120341097
0.00499638538061581
0.00855886177308817
0.00798712926893648
0.00193744518390997
0.00803986549476151
0.000388055811249277
0.0108917540552304
0.00169484319546023
1.99445250931717e-05
0.000206444424506245
0.00478007809871295
0.00580466246528499
0.0093932337607011
0.00122957335508578
0.00713188656380483
0.00340930845754204
0.00574047167690514
0.00238420289951816
0.00265089632606907
0.00140399481474401
0.000186688611714629
0.00556763791465672
0.00147758032185527
3.97408041721166e-05
0.00118377039511961
0.00616813594369354
0.00112646860191752
0.00211858743764807
0.00308659742333313
2.53902934363863e-05
0.00186250567631856
2.2964399207599e-05
0.00346918660673394
0.00687052631603112
0.0102591093934567
0.0044017124108627
0.00573649125619681
0.00216768524450433
0.000115381833998878
0.00584823803521882
1.89037120356434e-08
0.00981726806698279
0.00096676452563229
0.0037797958129332
0.00956261680891779
0.00251671993552088
0.00601349848772601
0.0131670061845149
0.00167173512305931
0.00510727181309598
0.000789020953055177
1.48931862188612e-06
0.00303539806568556
0.00716487245650946
0.006301412596572
0.00343956196114544
0.00108685085656216
0.00238503112088658
0.00157375380916619
0.00322945766774952
0.000429320393278762
0.00609778544965337
0.00637348474113472
0.00560127291424238
0.001338556766361
0.00492778987229689
0.00692653587435937
0.00456088872700155
0.00100187879581633
0.00217768541847249
0.000990767189060079
0.00191238377603643
0.00319055433803387
0.00439287648900837
0.00180979991776417
0.000386449115987695
0.00177595307807025
0.00332067581099824
0.00161800189205598
0.00109469677468008
0.00233171379010064
0.00109199930054938
0.00115450054416059
0.00142009355977338
0.00751802353245557
0.000773160944770936
0.000427149279860651
0.00659911952111714
1.34792144730509e-05
0.000407604346950352
0.0104852848946683
0.00123353883111092
0.00519136931003618
5.36555034639117e-05
0.00254781987772056
0.00186542893131776
0.00702528598463046
0.00429306289057933
0.00535872697714034
0.00142864855706589
0.000157072870622857
0.00581231353960424
0.0055845397808985
0.00983386605943222
0.00454407934245024
0.00101228388864733
9.32365315237828e-06
0.00079897333155406
0.00306735381953344
0.00889207375460081
0.012940257966394
0.00925261791862846
0.00328019136353155
0.000171128411489741
0.00677115650062813
0.00209793607723048
0.00455681472488554
0.00290100278816778
0.0004759927753706
0.00164515547265132
0.00479212382208452
0.000719656242031547
0.00218731175959973
0.00412811131199887
0.00530931607330059
0.00271551079865422
0.00551509138530521
0.00744672709499461
0.00710372512357164
0.0102815326392241
1.89536502824372e-05
0.0057656082358666
0.00394782799234572
0.00195434288197471
0.00107635429622547
0.00238714525377658
0.00280243655244282
0.00572721971182127
0.00494486796401483
0.00352709953877075
0.000232602397779909
0.00775715809049391
0.00669999282834142
0.00733006024227367
0.00549861592118253
0.00500840436429322
0.0104658845870926
0.00251003970580861
0.00181505470727686
0.00576122924702685
0.00744459799509524
0.000285734693910117
0.00638764577277204
8.54308009676336e-08
0.0014888002837473
0.0109556985938498
0.0132279329637568
0.00351120520432188
0.00214840099233076
0.00405675994661569
0.0118098938702478
0.000786522494796163
0.0121687123567989
0.00152965162687933
0.00660317731639619
0.00488430469752966
0.00551382830200361
0.00743415108535857
0.000908390583349024
0.023988317863526
0.0010571532621888
0.00261531466028136
0.00432323237709167
0.00482267307893412
0.00276920811905923
0.00777727781881726
1.00371533979495e-05
6.65470715619666e-06
0.00724992917978872
0.00143288495414562
0.00321798346508633
0.0107102236559854
0.00084624292681258
0.0129538779268145
0.00373720498310035
0.00995376771232895
0.00548423730147675
4.39501074743602e-07
0.00141235411700209
2.35182594328733e-08
0.00563531520486321
0.000993776645498097
0.00546507851569439
0.00410054057088217
0.0024584786137982
0.000370189058291329
0.00378711398202493
0.00667922201387455
0.00630729139677182
2.87194004987266e-07
0.000456565651676765
0.00498648314538701
0.00363776020338208
0.00318391123382997
0.0056337454541171
0.00571258916089677
0.005798903345196
0.00281831743345741
0.00042762867698211
0.00315055920020856
2.81524477991618e-05
0.00574042820604081
0.00773406895733519
0.00401423517850869
0.00382189612128901
0.0039685905936683
0.00343050248323354
0.00121512828586509
0.00598781075586408
0.00199850808408725
0.00225540456511642
0.00150858766320856
0.00271223190847341
0.00207581367261624
0.00278849364764402
0.00993305814159159
0.00178032210569159
0.00311933225063038
0.00195702855360373
0.0064640101558418
6.11573631256318e-06
0.00487595479398318
0.00193119744279255
0.000466597861067371
0.00240489021346845
0.00227695344740992
0.00540008728822926
0.010134356444459
2.24426907991558e-06
0.00205327180014914
0.00455681907799985
8.03778058238596e-11
0.00810325145452092
0.00313697919193886
0.00211853820258669
0.0122888791656285
0.00280259830675603
0.00561054663487656
0.00278279107195705
0.0103311163561136
0.00117840349784318
0.000590710388257599
0.00176993035099257
0.00904422225583247
0.00282576893047693
0.00149392928678326
0.000685319790961756
0.00564064128767717
0.00147938193861676
0.00130605679325684
0.00213687383111448
0.00490542671301871
0.00152788357234505
0.00378591369537367
0.00722731134961563
0.0105603880221189
0.00791109997368205
0.00325090241159274
0.0204871959357257
0.00156413275628167
0.00525198211278576
0.003308760251688
3.29978084506036e-05
0.00316832609057579
0.00505115369107756
0.0025107775662273
0.00716663801552093
2.49476379010353e-05
0.0035261756251935
0.000814080812537814
0.0109414543737244
0.00321626307289649
0.00785902233046911
0.00716086739077763
0.0034558458474173
0.00742520082800545
0.00271984142079319
0.00339081801232233
0.00447611575520086
0.00380319916411048
0.0139012287462841
0.000343520704799221
0.00461973110417243
6.86675325573944e-05
8.47315920367206e-06
0.00687017168363465
8.9529537547051e-06
0.00246018857876415
0.00419092886465145
0.00132611745003581
0.00207637398060233
0.00328966834597301
0.00624947449727817
0.00412429885302179
0.00359151249279165
0.000733752828080557
0.00310218525751974
0.00306286727468081
0.0140609396283949
0.000124318453337002
0.000855548157960042
0.00316977289703394
0.00212087166740361
0.00389871740210955
0.00684585139855761
0.00162395729502026
0.000846628488415111
0.0029989163422734
0.0135276793696044
0.00291888604022606
0.00152283816691079
0.00014729545801007
0.00222650668114963
0.000739137272236879
0.00437946546138416
0.000260179657336047
0.00235824684824427
0.00236798740236149
0.00177018425692949
0.00106172472566815
0.00497402172950488
0.00356992123034063
0.00844876021418751
0.00775997857270619
0.00373773705576715
0.00855978150368668
0.00198682514854696
9.43163753419412e-10
0.00772576078882282
0.00731946017898309
0.00251948249663491
0.0124287140100901
0.00513310424273764
0.00577047127041264
0.0118655984423048
0.00192858029874569
0.00560457937844626
0.00470865858759874
0.00580208339767479
0.0115288341639235
0.000756444291942231
1.41862322021381e-07
0.00282017640662037
0.00687123441330953
0.0101231194395096
4.02250296853731e-05
0.00465744461850448
0.00807597163566938
0.00152823028189428
0.00988352976758738
1.4114203480623e-05
0.00604294131566943
0.00351617985635672
0.00604565083801123
0.0044258922981873
0.0099127105097057
0.00309847191811028
0.00176152275358978
0.00520812325058149
0.0039378393342681
0.000938343968332457
0.00180499228929118
0.00473028545405636
2.02956790232177e-08
0.00185661710533126
0.00199843284707643
0.00266505975799888
0.000709330680802668
0.00468152805258577
0.00328094295234804
0.00124120897526662
0.00189767183279978
0.0047621192269002
0.00711378532479666
0.0154035122148483
0.00346036704063427
1.31475289824406e-08
0.00384212451851114
0.00563415091403672
0.00149548058602928
0.0057926725585936
0.00175649740145018
0.00570263875294295
0.00162773213684769
0.000439509129756385
0.00306656252689026
0.00602733156140367
0.000173687856014498
0.00114882007429222
0.00265263431501333
0.00258196459049768
0.00307633664338636
0.00638112936536657
0.0010408900307549
0.00145771274259973
0.0047974743959569
0.00393041847773254
0.00671968652016876
0.0074713201700147
0.00243488921456603
0.00280336962168953
0.00103129048736538
0.00901152995579787
0.00319137479632709
0.00250019580960541
0.000218751167593545
0.000973689433444619
0.00507112203398384
0.00937443509442327
9.48117827522938e-05
0.00181922994160101
0.00745709671297136
0.000311873599133447
0.00227537363514637
0.00496234219646948
0.00242196497251833
0.00440433108995061
0.00221227290734788
0.0044817644481822
0.00437100719248315
0.00233939776073539
0.00769659871479669
0.00418802081532146
0.00263268898969304
0.00240619033563172
1.32970673362035e-11
0.00386743738207441
0.00574808831138377
0.00760988726005825
0.00456091455633879
0.00693938762053707
0.00326105816192361
0.00496649144702337
0.00289374701757535
0.00596328102348563
0.00553580325313721
0.000142998077633476
0.00709552113646733
0.00515693597176284
0.000873941553995452
0.00511452891832851
0.00162058182784394
0.00322997099707743
0.00743784420755807
0.00282574834569835
0.00477659507750591
6.93238782865716e-05
0.00376495708078568
0.000194629090136322
0.00473426708875875
0.00045063290570293
0.00462572477395533
0.00024662523581034
0.000857538372221692
0.00482034048936731
0.0115023041342433
0.00423757545336562
0.0018485109041701
0.00300374110037268
0.0032377720312144
0.000151012488017765
0.00239591758193286
0.00552767793103853
0.00259794004096749
0.00139294790460361
1.40321554709311e-06
0.000325810740481611
0.00430165043561732
0.00678370516605938
0.0119875718489068
6.71178895660722e-06
1.17785703191807e-05
0.00230859110870095
0.00310320278113227
0.00438439441428752
0.00116442181950776
0.00587019162237547
0.00560057791923925
0.00380580892565791
0.00275155889577862
0.00230586724968981
0.00139772596851741
0.00494191098388973
0.00657937807126305
0.00386838377024184
0.000595233210693443
0.00439381766444964
0.00262598493745135
0.00270142843230754
3.69434335661924e-28
0.0018415653980265
0.000166997241510502
0.00708257310853086
0.00426857028909305
0.00519040094029136
0.000316865692850353
0.0103074371595076
0.0137452345491985
0.00370227341515006
0.00010140437230864
2.90789855925088e-08
0.00657581127986497
0.00299101441056871
0.0105961418328623
0.00236754495233878
0.00642113940064494
0.00160025342397807
0.00100581260901304
0.00679474474022207
6.44195738424591e-05
0.000736664504362262
0.00209466662948576
0.00242431732503674
0.00247510335744722
0.00473597815896151
0.00337254814642863
0.0101284581438195
0.00205927641396142
0.00915272846327966
0.00399710143725298
0.00614117579641916
0.00684432048207095
0.00703863649938178
0.00015344276962079
0.00821588729717112
0.00729593087445663
0.0045337496751041
1.50255904714237e-05
1.52171510907728e-06
3.9627643912998e-07
0.00443839841621326
0.00483377467858689
0.00620052415699343
0.00921858708141647
0.0010565669822055
0.00536289670515802
0.00237111612603858
0.00362820103988144
0.00222737419897362
0.000398058467016532
0.0108635330853921
0.00470955533197435
0.00811204718636868
0.00810985934513405
0.00796519162297467
0.00379247428536917
0.00952556536807796
5.55883758440451e-08
0.0015586609109608
3.19247320966145e-05
0.0085393365111215
7.86922509283681e-07
0.00538266330624327
6.05090102105587e-05
0.00273499699265271
0.0032485720531615
0.00480108738993632
0.00650621846381698
0.00396921782960273
0.00901789379807176
0.00446649081656665
0.00429306148908258
9.33514506857802e-06
0.00458665500427107
0.000522790528170619
0.000344432845717828
7.21865483971682e-10
1.16030674316187e-05
0.00375506212254161
0.000454969464441038
0.00107851115927188
0.00548117146184043
0.000637949547036982
0.00343159839043626
0.011357550960181
2.15590033230006e-05
0.00395748441825314
0.00855440715195863
0.00668193894744993
0.00438686272037609
0.00355412658919016
0.0109734418197381
6.61187072703426e-05
0.000505973608704822
0.00790046664334731
0.00235113054981815
0.011211731250184
0.00154156073334774
0.00862417704520226
0.00921323557849102
0.00125611194350304
0.00661659640224694
0.000851800302893275
0.015519052944658
0.00822968578152174
0.00171006533858336
0.010417661927683
0.00240678892964172
0.00151512526905926
0.00519571451346073
2.27839563623041e-09
0.00904416261563682
0.0100850705331397
0.00500320595065839
0.00316723740326925
0.00626529767616179
0.00694479325065944
0.0076883196189923
0.00694301273517818
0.00633343870990248
0.00192878055301741
0.00366548308258053
0.00690133234412973
0.00152825838075007
0.00025695745082414
0.00951135120260992
2.25932962876601e-06
0.00318924678484969
0.0101775749806798
0.00370115362730001
0.00329499228185494
0.00155739075808063
0.00325825154938467
0.00028151854651942
0.00219620899550684
0.00576863132884888
0.000571865296289641
0.00807468955577736
0.0012462739940408
0.005104289733969
0.0012806546399467
0.00399403193091546
0.00469322760848754
0.0150712533349308
0.00931488194919371
0.00480704406130472
3.3407486718e-07
1.70287334041426e-06
0.00218637106130332
0.00439832476796375
0.000290694819027277
0.00168119950858125
0.00490781528805931
0.00180826123035357
0.00348960973801443
0.00345345543900329
0.000551251007123176
0.0052614205136895
0.00597906853937902
0.000257852806935098
0.00595021088845103
0.00303581646697434
0.00530946466886924
0.0122622298958675
0.000674129594314103
0.00403029001292766
0.00352508482508739
0.00839791972195052
0.00025972118983178
0.00330108285685275
0.00120020758779521
0.000275785152877842
0.00237452752214114
0.00543216190656979
0.00244077580776295
0.000977631165593563
0.00246107816457638
0.00517599747872747
0.00682591204531183
0.00475359222911714
0.000376069828874887
0.00407784987132072
0.00561628507300059
0.00190234001085997
0.0088633870686496
0.00232927948108243
2.07687003564201e-05
0.00330324109514135
4.14820903853087e-05
0.00906337289888713
0.00221197547246636
0.00100901159605861
0.00530513684467441
0.0118536551504654
0.00394356960241981
0.00420130196708998
0.00340825375489332
0.00494007031886094
0.0106770325988647
0.00453617269343007
0.00750479556529138
0.00517745077322738
0.00347658263522558
0.00258193190305083
0.0020256781777565
4.52442132091315e-10
0.0111260406388615
0.0202504681092254
0.00349769900707598
0.0077026790328754
0.00658752680735819
3.97771646407384e-06
0.00195680784764891
1.08460010222953e-06
1.07965139190889e-05
0.00334372892518342
0.00492994176150598
0.0118212563037126
0.00917206670016425
0.016164174595459
0.00780462266057209
0.00110466307998554
0.00130575738888511
0.000711025387880107
0.00624070019682141
3.86638387349557e-05
0.00185923203186471
0.00856377008661314
7.27394943540269e-10
0.000129783468478932
5.96032174327273e-05
0.00615454788904021
0.00687367058778699
0.00693085776773542
0.00200661583191911
0.00305295530271031
0.000587058020251044
0.00140281479109894
2.00399949916879e-07
0.00512727099523659
0.000105437599791694
0.0034575487382077
0.0116752510985542
0.00237473528596067
0.00337896473944332
5.18074311348922e-11
0.00234271866777843
0.0163046719030476
0.00753851315223377
0.00654878773932686
0.00227466573446286
0.00416295885263133
0.000472756705403327
0.00321777962376541
0.00798544583425114
0.0137433902225039
0.003902836163375
0.00813967726305017
0.00419189925175898
0.0039007930622178
0.0114916565894153
0.00291296514727925
0.00204987382118205
0.00177313628677587
0.000997849163013465
0.00302724145689969
0.00145736191524222
0.00721870109561631
0.000687660665778248
0.0153159683971479
0.00154431263066922
1.0836441375383e-06
1.31116649652271e-05
0.00959586697104975
0.00214321088122064
0.00493595922855378
0.00766155787807467
3.33477654913086e-09
5.28748879963724e-06
0.00785230456319756
0.00480861740323422
0.00371948433797005
0.00880704277911216
0.000672393043602238
3.55381206758154e-11
0.00327145304909722
0.000272873941757789
0.00842469836259365
0.00141529753621509
0.00329556552344971
0.00195166359149571
0.00974670058014018
0.00578671791342806
0.00537483013483236
0.00209254276336699
0.00370817443151138
0.0060197287499969
0.00180116935177463
0.00456979687899999
0.00511552356867724
0.00440482483808562
0.0125767405530285
0.00707876339870196
1.00454421149283e-05
0.010651949337421
0.00834071387882486
0.00197959889883324
0.00314963314656564
0.000357236384056177
0.00274810069856843
0.000231826850445759
0.00161809053713798
0.00755195025563645
0.000271852222697665
2.83509596339361e-05
0.00932871611596768
0.0105363912197115
0.0060900415301068
0.00345872804813358
2.04889048070437e-05
0.00201388919425469
0.0088302792469138
0.00688620090375377
0.00799361792427691
0.00161027757500607
0.00321107522702384
0.00366432539811128
0.00124219843833784
7.2145891404871e-05
0.000798311609295796
0.000263125914739438
0.005836348917934
9.50700783136931e-10
0.00426204110017119
0.000163225540230502
0.00184324258835581
0.00113555595327221
0.00219181032590723
0.000779383431260664
0.00469424345611908
0.00304254363470199
0.00456117642077662
0.00462654999873533
0.00380180495242689
0.00259575425761154
0.00452025117489879
0.00245024527618963
0.00116717521922543
0.000849163894674695
0.00391832993628695
0.00407564103836521
0.0035802620822879
1.67041524074696e-06
2.19955218353065e-07
0.0167492355652245
0.011428858426344
0.00631060901999935
0.00775926787330487
0.00182031501794154
0.0018653504883865
0.00767219843039405
0.018528931835719
0.00156210171819668
0.017501074209832
0.00741232269836564
0.00906996465904176
0.00481761826939803
0.0133182127761666
0.00348865477286959
7.25797531663042e-06
0.00149039109572709
0.00723704584561312
0.00283838400220841
0.0044700450510034
0.00203315573314409
0.000110936810391782
0.00373498730502479
0.0108218373305548
0.00232333025820588
0.00619065397759047
1.11137733776947e-05
0.0065108270416467
0.0100401587626559
0.0111422335840443
0.0103433488569175
0.00307938028980476
0.00398365456862822
0.00607427291490307
0.00431743539849119
0.00512694049739704
0.000297203380661526
0.00337419496049375
0.00903274729156496
0.00219220988074414
4.52001910227398e-09
0.000473126429467407
0.00123253143543201
0.0117555372778481
0.00312742869530552
0.00232588752950334
0.000464321913089257
0.000994779573465956
0.00375333738133789
0.00189307100512046
0.00425162037168917
0.0032898287724235
0.00124992915273929
2.29270104821068e-05
3.24823694946831e-05
0.00866842023466693
0.0060566339501413
0.00340081580268605
0.00224813616598044
0.000254035582063671
0.00449747054157771
0.00251173053664608
0.00201935091549801
0.00110018989023462
3.02614903048438e-05
0.00369080970089458
0.000373918366879464
0.00355678906955316
0.00102145993866683
0.00323238097556802
0.00974856712947665
0.00445733578487332
0.00328257070770319
0.000298271366141269
0.00199913345357999
0.00204725291843535
0.0134291331270105
0.00158983570498246
0.00476591516436975
0.00529715667880503
4.20644489608733e-09
0.00482785471160663
0.00184378863255384
0.00167872570202814
0.00608918802443684
0.00222264743605833
0.00415563624471788
0.00363177631454621
0.00112261253863923
0.00377527361804269
0.00489882748552814
4.73754150282036e-06
0.00355870376749422
0.0122255834844731
0.0070051618706041
0.00915522904225214
0.00464524015290694
0.00884435378377119
0.00717000181454547
0.00117646229625551
0.00884002780658363
0.00405750031153226
0.00821372438300633
0.00632490399987773
0.00264301137338529
0.012474019931498
0.0012934226430482
0.00591661906360576
0.00473599714354571
0.000489416976617365
0.00288320792227902
0.00348785085666217
0.00180174373613938
0.00633035190054311
0.00342634397155053
0.00160485931407557
0.00251735744178095
0.00877619653277142
0.00499929164220101
0.00463185999839005
0.000115340074438421
4.79377585988981e-06
1.86632577306044e-07
0.00479943219602168
0.00317006707720828
0.0016696409317603
0.00104448516339023
0.00113937112859179
0.00243316992947397
0.00728504590082313
0.0015871127591753
0.00540210082224109
0.00163634498884442
0.00241786811291642
0.00393564346656747
0.00450974629591252
0.00234253663246111
0.000378489140681495
0.00169709303529481
0.00298311581743713
0.00799007278051985
0.00818137274959563
0.00620851758699204
0.0020386285210982
0.00589676303149248
0.0110433698143955
0.00241017231705647
0.0150111562756777
0.00847252750217417
0.00350751101953674
0.0111989302909071
0.00707106482612581
0.000975187610438429
0.00267031723785849
0.00279675761707581
0.00269535466608629
0.00865163383171953
0.000436442925762755
0.00168743206749582
0.0038893156511195
0.00206189515961277
0.00460260186962872
0.00388132679166391
0.00224420663576522
0.0123378003341514
0.00176595710447403
0.00478916889146012
5.15377247065918e-08
0.00468913429982986
0.00232716784911978
0.00358102004362993
0.0105511589727949
0.000383237925896062
0.00576214218616859
0.00532419016301983
0.00156793843573901
0.00464369494375869
0.000657247601586851
0.00397365244449565
0.00186437320430397
0.000830039354636388
0.00153473804733972
1.88190142070221e-09
2.39074266561252e-08
0.00242368285865097
0.00606574624593483
0.00731910588834887
0.00758303754070543
0.00361596979686079
0.000915824052743435
0.0122820464955474
2.72766886272452e-05
0.00204003084508773
0.000206037197955762
0.00131527600590704
1.15306682728027e-05
0.00223029312863934
0.0026854677332973
0.00286885443956121
0.0173313599630627
0.00365085840574491
4.35023788282456e-09
0.00134669228158166
0.00283620544976814
4.49112416752447e-05
0.00137712620584639
7.07853384614488e-05
0.00527747905592872
0.0067833803836366
0.0100146582693411
0.00295678865444718
0.00283376675481095
0.00396447608592176
0.00505073137341689
4.86071043848827e-06
4.11509945067881e-07
0.00299971047916058
0.00368521731337501
0.00579074156943144
0.00907467020218142
0.00333080855523902
0.00270942963519472
0.00426967347311914
0.0117626788403836
3.74205831150478e-05
0.00117830139705417
0.00361326996568592
0.00357878613326143
0.00220845982055357
0.00026191523346593
1.47211534041123e-06
0.00277960111968716
0.00275964102352447
0.00235560822627829
0.00323410250479625
0.000740528040927702
0.00827772515152821
0.00297033314708264
0.00419404438607411
0.00415674827071986
0.00299851752696075
0.00873018554751983
0.00367293932997225
0.00327193505303026
0.00321915678727422
0.00414816715209099
9.07550937399306e-05
0.00549366334454875
0.00976609314645377
0.0032195848342418
0.00196270648469965
1.35531561779628e-05
0.00263059374721105
0.0127041403149259
0.000479981825628777
0.00118216689090043
0.00175250891114554
0.00190450679078599
0.00134165633609652
0.0078096739442366
2.9951465374495e-14
0.00236097664681356
5.55177531806425e-07
0.000508844637356994
0.00608045466797127
3.02659485609941e-06
0.00105808774687982
0.000206172633999312
3.18544475494534e-05
0.00306349776268804
0.00305098664654244
0.00284891593085596
0.00141049758746895
0.00748199320538896
0.000100291052367357
0.0042763324490184
0.000516749787930217
0.000466709240082282
0.00310819039954496
5.15330665958569e-05
0.00271116619703937
0.00559417842174429
0.00155433218643831
0.00734740786842943
0.00517458216743633
0.00618356753482735
0.00222216758622117
0.00222841255115041
0.00793405931548825
0.00341197780954672
0.000118482415607937
0.000373850341610075
0.00612120897576302
0.00736242745557997
0.00270103722933629
0.0047846328655142
1.31161516924191e-07
0.0073662978486273
0.0116185525620082
0.00232444818933534
0.0108523103164667
0.00565597968621467
0.00143169046400374
0.0123042450033314
0.00576129703806199
0.00285442594047466
3.35401004675137e-09
0.00582602975243631
0.00123092880016477
0.00576012258663463
0.0125697322264021
0.00281655814133935
0.00639908166518259
0.00619036049653911
0.00250842958532326
0.0069526521938315
0.00429526605335441
0.00469834010997823
0.000888410172612169
0.00230641446716667
3.66918920619349e-06
0.00989804920783584
0.0122092530859834
0.00429262435605612
0.0036061298034969
0.0044225496076068
0.0133067573151376
0.00420173824556102
0.0047134848477894
0.00292508426563861
6.05690344748289e-05
0.00575174668142517
0.000757891921044437
1.06652375769759e-08
0.00158334600467828
0.00242969887396595
0.00367996128642623
0.00711939247863456
9.92477493857961e-06
0.00361741106738685
0.00199928617972162
0.00795098622059255
0.0036757431606754
