0.00523818989171182
0.00481571796570081
0.00269758562770244
0.00415942741362172
0.00634113191233987
0.0055878283790444
0.00271501579433104
0.00191034080679538
0.00557363953515128
0.00489891709157638
0.00554203726361739
0.00429048420918168
0.00560167814817065
0.00492740818821064
0.00637565228725725
0.00611060609878449
0.00722356453308034
0.00411394521105886
0.00461631370206146
0.00480343266615759
0.006095703262404
0.00539139881890347
0.00630386556740853
0.00686852897656676
0.00654590836329701
0.00326162505702833
0.00443862933451969
0.00428196971710939
0.00362453881710242
0.00340082613526048
0.0073750026389292
0.00750871353008402
0.00757443641151454
0.00452979384365022
0.005141436805358
0.00551858076078331
0.00371540348880092
0.00401163267228261
0.00719155727216246
0.0044180017868285
0.00562216137931474
0.00495481017272625
0.00318947459424252
0.00586894457942435
0.00420962335871439
0.00462579430139276
0.00452376872626046
0.00482034526968084
0.00336668409968884
0.0056010077074214
0.00540107936041473
0.00543516842150343
0.00347935015461511
0.00584622784947236
0.00660666963704651
0.00441135356711526
0.00343388293466971
0.00505465280875766
0.00589341046801736
0.0035715880758546
0.0040136824345809
0.00614910482456001
0.00389171048086768
0.00535141528815906
0.0069197071686658
0.0119997766340306
0.0044422385810515
0.00656416795012645
0.00856813978359187
0.00502228979313826
0.00330221827172172
0.00350605661803195
0.00341898152515032
0.00336381043048709
0.00706892227969353
0.00428370961581127
0.00665357909779587
0.002581880119928
0.00386494228612387
0.00375759070968145
0.00431232466255777
0.00501556929339153
0.00447221209737365
0.00577288270909328
0.00555010223520273
0.00603322836122883
0.0072550138966296
0.00616655582323107
0.00552853022527138
0.00249327372589876
0.00466477936612722
0.00513493888402388
0.0041584392435064
0.00744628060881497
0.00407462274113889
0.00523647550429493
0.00763887751920968
0.00544938761662711
0.00137168180507528
0.00388804833087707
0.00629663528402313
0.00403299999637314
0.00702917117893403
0.00559816543714086
0.00455427370823212
0.00462205218517165
0.0046954986558702
0.00703172269605692
0.00556640014921663
0.0038624585689645
0.0059551690502332
0.00505228256453403
0.00548982779583125
0.00261228268252778
0.00603865005216171
0.00370087004255591
0.00730048256349228
0.00471269652539018
0.00210647164352727
0.00310898010475212
0.005053240494349
0.0048410438646624
0.00575982235728014
0.00379290539348981
0.00419130721588732
0.0027519668484038
0.00191311391762538
0.00372879539361811
0.00647651942387728
0.00531631884928806
0.00709312046670567
0.00521383610895508
0.00526345255233214
0.00302909417908587
0.00534003142627729
0.00827396506536654
0.00407023845263483
0.00276850068318842
0.00133035122016312
0.00385838996885335
0.00409705745110092
0.00312111318212877
0.00463301667474167
0.00445044646339393
0.00485767647105744
0.0048914615628646
0.00715488275495304
0.00377828997656497
0.0052201834234
0.00377058495977801
0.00389185584060409
0.00417994506371035
0.00398205904067506
0.00362459210477733
0.00183791999912978
0.00460800312836271
0.00784784293514646
0.00670231195188152
0.00575962156274556
0.00567267750531555
0.004489161374793
0.00396768204838843
0.00560754372068028
0.00346612353661625
0.00594052674993821
0.00510176180849513
0.0033882544911887
0.00305329328853382
0.00458544528027443
0.00422236147571855
0.00897055820510367
0.0031073277896665
0.0027066034616735
0.00344710526541504
0.00734101073755819
0.0014060601357554
0.00562449834776853
0.00488105051973143
0.00668761804852918
0.00235893677311077
0.00626842388927967
0.00321392443739463
0.00418786388540732
0.00431610460527004
0.00553201106370359
0.00343597647694592
0.00662878223148754
0.00390007760987253
0.00497182970187275
0.00494970095277722
0.00378313093190568
0.00396797408221179
0.00267408890288207
0.00686948176923927
0.00415666423521973
0.00382728541952905
0.00531364307452155
0.00443374793154205
0.00388341198043148
0.00538329536138541
0.00590297998622579
0.00702203217044822
0.00676218684355068
0.00599102576639534
0.00501035798426459
0.0056919224436748
0.00409636266245906
0.00582511980623105
0.00521226952590141
0.00488025381100142
0.00358053785907746
0.0038733730234145
0.00630106064186747
0.00268008754067408
0.00278500054470606
0.0043402284831345
0.00318446478961918
0.00488869420802073
0.00722633887555574
0.0048119292061299
0.00567525206963152
0.0038868698558728
0.00431294589647029
0.00285788272978213
0.00377620177662042
0.00467291983606316
0.00360559764257388
0.00553973495061598
0.00549540659539362
0.00543363424839353
0.00428618304607785
0.00433315436047819
0.00331570525510919
0.00587061802104072
0.00246143822024506
0.00422291872456734
0.00292816395296551
0.00376526297718519
0.00607181902171506
0.0083090604805807
0.00433404020498955
0.00542062550901095
0.00458290105404003
0.00568472371583788
0.00280182131968668
0.00612505019261369
0.001843630128145
0.00410139195228938
0.00271603065293878
0.00285803746975873
0.00398842164344151
0.00421912011018045
0.00296580225594613
0.00632137719644208
0.00476690271184024
0.00399008754587184
0.00432179614868728
0.00483290829630344
0.00527325208707305
0.00515613494916373
0.00498694679744363
0.00323502284993986
0.00402726570565353
0.00246287374312723
0.00444659764627055
0.00509094391496797
0.00527354925459603
0.00373255016263749
0.00311740613482676
0.00206462150245839
0.00654351300350467
0.00257887891977793
0.00368426718037844
0.00574311517555318
0.00369445098467354
0.00367207304445034
0.00503600092345787
0.00416346039072078
0.00510760931776047
0.00355607006350629
0.00546008841082155
0.00660625516354231
0.00291736067509847
0.00593704432860982
0.00867312209810895
0.00408883037629677
0.00663048515365598
0.00758790438399373
0.0038147661291111
0.00469479114117532
0.00743092219594475
0.00678101917578404
0.00552060237129137
0.00331039128820548
0.00653616725174731
0.00353133003880081
0.00628692203449057
0.00751685098546524
0.00432414443933663
0.0052507412174542
0.00427452661417299
0.00466948288990255
0.00314106501100791
0.00521486907271546
0.00459855041174451
0.00459275768036973
0.00423205410565618
0.00264506737487426
0.00613894585992853
0.00366507356617424
0.00417587282901028
0.00265926068333255
0.00411707309667237
0.00526481785382968
0.00487094647712734
0.00593442351636991
0.00503359446806179
0.00469142312575411
0.00635469634739856
0.00367396660715337
0.00507651671539798
0.00467519586959654
0.00409426926587976
0.00255719007133324
0.00331804776214819
0.00523784709592992
0.00644562344445196
0.00480107209353201
0.00551689395071766
0.00748067203779392
0.00286452458975841
0.00499293866792044
0.00584072069198133
0.00521009835050225
0.00471890600124388
0.00239001030163116
0.00538084396949205
0.00383483017978514
0.00688957173731498
0.00237017943408814
0.00339800213193394
0.00416984706254717
0.00602815161297757
0.00482217727284484
0.00418664857169167
0.00496638965037566
0.00639007873415271
0.00631660865713552
0.00325349672491692
0.00718834580026155
0.00438973745655704
0.00548060862721568
0.00740471310568337
0.0043680488475829
0.00315983751634515
0.00545352268725545
0.00730543401467261
0.00392463341842881
0.00394397209703963
0.00555466405336408
0.00492017405152282
0.00476433294603035
0.00406533556692573
0.00563168538406673
0.00368690605555011
0.00409678477596198
0.00390029195386402
0.00397581825678928
0.00436336584903864
0.00544942061811825
0.00327514988165589
0.00664878492073128
0.00560123838153676
0.00363988102902086
0.0051048996800569
0.00394811309230002
0.00396900551079764
0.00467753859007308
0.00378650610251346
0.00707034725673509
0.00851680249932658
0.00213018527321208
0.00659626292828174
0.00564875693777825
0.00502521482956056
0.00448827478089784
0.00641489786107602
0.00208246012510188
0.0059994531372527
0.00253172970528138
0.00615537971040778
0.00501547971392506
0.00333128118151451
0.00359470906430874
0.0052975732635011
0.00362610531076201
0.0068117401550757
0.00344692291949699
0.00601530556622153
0.00435526607801824
0.00404422290521734
0.00368769680867134
0.00422884817430742
0.00463690124160341
0.00249448589715175
0.00725161523673423
0.00471781783067224
0.00481084725338982
0.00201182441339821
0.00424202529842451
0.00309532948078159
0.00384742644891069
0.00413644827358151
0.0036761517271225
0.00496690586635947
0.00548935262264753
0.00433047458915555
0.00395103162129862
0.00666985822998189
0.00573610812178044
0.00163239395435444
0.00474770012842649
0.0049872712264237
0.00435600417471722
0.00413227737363228
0.00282436688548668
0.00465446642965658
0.00392239402739878
0.00512970087890109
0.00476639098520924
0.00832522495184926
0.00405010890491622
0.00439168674533756
0.00218048428778732
0.00163939643603979
0.00315019627238633
0.00657651943473108
0.00476468910497668
0.0045005616477985
0.00647515452291067
0.00271641809111841
0.00688203342091119
0.0104538622572381
0.00338490765123044
0.00683653790750742
0.00661238657933798
0.00485132282572277
0.00352787109803448
0.00784642980942528
0.00471718561183325
0.00436899630995178
0.00652575072675586
0.00586192854464466
0.00655430889072551
0.00765700759727877
0.00442307149287435
0.00513559162559921
0.00549815266711661
0.00650891481468498
0.0066143485761453
0.00687220535293634
0.00382209970794492
0.00527922150225982
0.00509706719272207
0.00420093516404886
0.00405073648889675
0.00231177941195013
0.00472169444731638
0.0047816754724425
0.00410829876234573
0.00640230789357061
0.00696923762661177
0.00648258984091842
0.00499536954748923
0.00370280721243449
0.00427430273351708
0.00329640017820785
0.004430561605125
0.00325357935563972
0.00545426577169461
0.00514917023439028
0.00324438652382539
0.00570061448817537
0.00519275295732461
0.00447864282340637
0.00251775895248517
0.00438778150882692
0.00525116663052778
0.00528001715903513
0.00571533423353577
0.00476053944752265
0.00368744317084451
0.00480972875981271
0.00374739291063953
0.00308738201201004
0.00744024652580774
0.00540987699849521
0.0084002542740551
0.00235409632806438
0.00242203036489967
0.00363570088608959
0.00602830565862243
0.00124200733655617
0.00439108950886637
0.00477847634277018
0.00683880978995476
0.00506190859868161
0.00636614727002179
0.004377660820675
0.00671624261332892
0.00367307703608796
0.00435574024582775
0.00430952752800328
0.00547600832606549
0.00290507988493513
0.0057712285470601
0.00571464240400792
0.00524400661342584
0.00386314584213319
0.00501924332127416
0.00263174780450782
0.00438927070503907
0.00489501205369796
0.00522112564471463
0.00616269137256446
0.00583635590722257
0.00710856414914911
0.00484713787722698
0.00482992924733452
0.00251955716294909
0.00728615244651444
0.00627792624123239
0.00285646615018797
0.00728906143900287
0.00669387986666357
0.00344624708257818
0.0035051573348037
0.00443097257202143
0.00741396772400665
0.00554532855189337
0.00563138977977898
0.0042658925197885
0.0018983009918904
0.00503004150630623
0.00644359248086664
0.00481998740693142
0.00352446943406601
0.00407283618381964
0.00286465392855553
0.00625350776328658
0.00545427106922994
0.00666241186159314
0.00380463745870311
0.00322083954746236
0.00471023494069828
0.00543707244589183
0.0040642814287771
0.00448717196598462
0.00548447253388721
0.00401083325248084
0.00641862402233332
0.00511087249212652
0.0038552306182176
0.00535588582221993
0.00594755049026555
0.00460319113683635
0.00545940434722941
0.00894205431785811
0.00550016550149251
0.00565732185641278
0.00420997884679031
0.00691875868549483
0.00624740587902013
0.00492536571192382
0.00254401402150177
0.0045219326653851
0.00577841257448728
0.00484947536389477
0.00557995764037501
0.00553496442244851
0.00496832633436369
0.00446732414359841
0.00282586346090391
0.00716636590232583
0.00330278822668724
0.00535139583452792
0.00201446550413303
0.00402773092926944
0.00473853702579798
0.00625539502158037
0.00587401203149984
0.00515098166254308
0.00774164050111897
0.00667909988529505
0.00479501400462082
0.00417999046004313
0.00688279499312052
0.00367979266279734
0.005465811782169
0.00912783959886035
0.00266810191908863
0.00706692302493725
0.00380218506634503
0.00737925263058912
0.0047462164678546
0.00601636861550729
0.00700172465645016
0.00616182735386762
0.00257132095328359
0.00432369961254744
0.00477709604694875
0.0034215277355166
0.0079558766021101
0.00395432281483595
0.00490330886167617
0.00345997346017079
0.00451182598364391
0.00315491265147339
0.0051410426509653
0.00429264743092408
0.00289605070702604
0.00252600968530765
0.00640723127973941
0.00427036789809865
0.00356884234803772
0.0042647602735384
0.00393508010528328
0.00674594067963498
0.00448029728479007
0.00438497975927944
0.00566518028205224
0.00484236199538916
0.00263554143899563
0.00629878812249083
0.00521718748925222
0.0086880401399613
0.00417514818662829
0.00784918253254212
0.00459381485088913
0.00613905844070915
0.00518568261355411
0.00367107958010724
0.00439056930565019
0.00604101332665419
0.00365733327847292
0.00638864779569142
0.00413528212529584
0.00463361038537232
0.00548060798022167
0.00505470104381844
0.00436228194665511
0.00875232031473071
0.00606425971837102
0.00582433572921188
0.00364517604280952
0.0070520948343465
0.00595107106218688
0.00518799956169942
0.00342807701689351
0.00452175779318274
0.00447812999178371
0.00939929979311393
0.00264566275527514
0.0051767877211898
0.00729082922430216
0.00743805966844069
0.00528112466910693
0.0059652436064603
0.00462804851855098
0.00383869052737442
0.00711606227672398
0.00520279083731746
0.00449183047504715
0.00407698900006862
0.00613235267524575
0.00669062960677966
0.00466017915413464
0.00489849062725177
0.0051316887628592
0.00477518138245921
0.00544647493527149
0.00288280154047786
0.0029205652922923
0.00574845454082265
0.0056618287583722
0.00399417961250948
0.0024191751659639
0.00350485785306385
0.00553249792691376
0.00498977018374794
0.00375131751572069
0.0043677392707595
0.00255230965259636
0.00338860951983045
0.00777607391209787
0.00537717452235777
0.00473935708153769
0.00597056437501496
0.00454404088603012
0.00756655239896911
0.00586126681675541
0.00477333110657852
0.00847307592687409
0.00325197635175599
0.00390730663942057
0.0046129992997068
0.00480716340035592
0.00646179662647661
0.00619994021553546
0.00478603898191242
0.00627055001174435
0.00653401969776229
0.00450476071323064
0.00368382002608799
0.00378120814377176
0.00585789409194061
0.00234477532596329
0.00729757706614941
0.00639963484888368
0.00570870151206565
0.00260154084791618
0.00703767192696551
0.00249492648602426
0.00524655180286336
0.00472297281518804
0.00506829957269082
0.00516435489103687
0.00292269168813764
0.0045712371774811
0.00498130878502336
0.00519691690272563
0.00587899521213126
0.00659624763720993
0.00682498406768193
0.00821801040337342
0.00757711480724796
0.00486040091753892
0.00325331829770064
0.00608600774807241
0.00480285153317241
0.00502204952130694
0.00388798900137812
0.00518364611035805
0.00273538840976884
0.00352788893983089
0.003781091804433
0.00402197785190845
0.00567062777912627
0.00323418618339587
0.00423056295253162
0.0031852772500213
0.00623716696397334
0.00360728168248533
0.00396216781373011
0.00381054417984844
0.00498816666441677
0.0039504878166998
0.00379853483976219
0.00813654739639232
0.00659655730674332
0.00161244307591212
0.00531255980585206
0.00759560812334015
0.00653012019329095
0.00612943722358147
0.00840102901128609
0.00557639242618688
0.00730221362611731
0.0045917077838788
0.00398868688334175
0.00765464379787261
0.00346379397955759
0.00548399793755724
0.00559506959388219
0.00399308770687391
0.00390079088012943
0.00457524779301767
0.00341879930665006
0.0047072759392689
0.00403969851282455
0.00449857004357088
0.00569658892323502
0.00525656668907705
0.00215105529269485
0.00627130344821518
0.00463130632301069
0.00753619700219576
0.00366938650997787
0.00331176314953978
0.00305933152809678
0.00483230609540672
0.00596356689653416
0.00504450049502489
0.00581999103745989
0.00600152316708855
0.00407670231902521
0.00420106307310936
0.0043986194949213
0.00236960844713023
0.0025522730961014
0.00490330823782236
0.00399844670574713
0.0052344230991514
0.00450878173754105
0.00290724795655903
0.00859168844353051
0.00471348588829408
0.00633084367500998
0.0049085538658631
0.00291613682025139
0.00495250537827795
0.00497448660794148
0.00353757456137918
0.00284561759324214
0.00619179662143128
0.00298090713619833
0.00377383542153584
0.00296149785772251
0.00528858492946449
0.00489007564652703
0.00929487927733872
0.00564550163469275
0.00239893862499608
0.00515752599023485
0.00657491312224147
0.00406405626209719
0.00486326486037113
0.0036212600651409
0.00710537678431878
0.00387146922755408
0.00879253060943463
0.00563629648574646
0.0035883517374185
0.00343957886594708
0.00291366219157443
0.00262567877511239
0.00375259160080926
0.00613204848840288
0.0047240142990717
0.00522245913690538
0.00554120767810066
0.00686587833804547
0.00249942365034057
0.00487499623227099
0.00706726197554088
0.00562301680841064
0.00558067588162609
0.00742681421118118
0.00510531024294874
0.00331671297532289
0.00425306187487893
0.00590334925613807
0.00400446334617485
0.00736600558104369
0.00535861608809042
0.00316667413530467
0.00313256891373318
0.00558393472616714
0.00369817402945154
0.00692257473558604
0.00226451541125735
0.00314744918386331
0.00350124873527864
0.00340775822901334
0.00552565792032107
0.00208208099955239
0.00587589246230367
0.00527390302173617
0.00459056712218774
0.0050513264201565
0.00392911678920994
0.00450536742017691
0.00315784993902117
0.00362093796750314
0.00522544671369249
0.0043602406183639
0.00582652993044857
0.00372006596095415
0.00401988474844197
0.00571109847628025
0.00215490255668619
0.00363634566869116
0.00900498029642448
0.00684358122084404
0.00449409905075283
0.00271679071211472
0.00506208705695506
0.00571679848930451
0.00438843217930345
0.00410919468575427
0.00579606011407151
0.00477991543485873
0.00230477357375727
0.0050418345950364
0.00420541255187107
0.00641627007898603
0.00494487001237394
0.00592309318079732
0.00515555894263472
0.00578779302936482
0.00567222283221412
0.00471247655536422
0.00358959565237935
0.00500149561222088
0.00467751651437477
0.00477165679317107
0.0026513234832616
0.00399613515367241
0.00381989719380064
0.00434783377411134
0.00357788515544875
0.00514282516087694
0.00888613443908808
0.00342987936175499
0.00414572790863919
0.00364138233052991
0.00543421451744428
0.00445340483578347
0.00434712650489411
0.00574259285957668
0.00267061010414613
0.00458539300327473
0.00495942188356915
0.00364952822139814
0.00566032680511743
0.00425833958047127
0.00405768141998739
0.00674036444499696
0.00616012288689245
0.00596438117671335
0.00386127145193326
0.00568167880460884
0.00595841875486539
0.0054463385027419
0.00718814942631017
0.00473267162515949
0.00409817767360601
0.00521285247213263
0.00578095857768735
0.00639836037406877
0.00425985016723654
0.00433688187308999
0.00558205834529506
0.00812168296366654
0.00328502152996581
0.00657585732318785
0.00514493179712928
0.0039472614588017
0.00538234265283604
0.0027851310674313
0.00515944922529934
0.00269015993076455
0.00845884327878794
0.0062285179656668
0.00513560543561349
0.00582927047890234
0.00316324103861392
0.0056411105876892
0.00647556571966752
0.00368371905815603
0.0063304034069364
0.0049186410953201
0.00748712460629911
0.00702594537614418
0.0060976824958609
0.00420663783988919
0.00317979691543074
0.00750350438218043
0.00736866429967775
0.0034170875571766
0.00550440858530084
0.00495448197838602
0.00308523111604403
0.00507638182263288
0.0064037232613526
0.00424987924159217
0.00421539868212793
0.00469508709558907
0.00406647786610294
0.00533312366490784
0.00571146497697978
0.00665994209968948
0.00856928631651191
0.00571170641608359
0.00690086804934658
0.00492939047068201
0.0057794991078153
0.00298150560083934
0.00425471678235873
0.00541951637062481
0.0022315184592179
0.0044264985566821
0.00696958072291298
0.0031887478456595
0.00311980784723219
0.00459080200340509
0.00649201452900173
0.00518716242772628
0.00599232403702237
0.00506522427519362
0.00516718133363244
0.00596494938792618
0.0051055472130834
0.0055064898570524
0.00412755952439856
0.00632099524279848
0.00541533614712315
0.00443808095493368
0.00575404739090911
0.00615222559207148
0.0034146061906783
0.00455882605443794
0.00744156451139533
0.00368485819928176
0.00458543280541243
0.00582716901820885
0.00582325416818369
0.00427459600670939
0.00666680770757217
0.00684188451720057
0.00488451207358638
0.00585835382751883
0.00471634324369123
0.00615876431404942
0.00835511454417196
0.00644009303239583
0.00516141957783693
0.0055185588865676
0.00497406217366304
0.00676519946494904
0.00393909067472973
0.00866239491651746
0.00484913929341879
0.00468526989188117
0.00305096273984898
0.00406802891527292
0.00650684627501576
0.00464786327568976
0.00536457990739699
0.00319382205866646
0.00582462688243935
0.00780700338901161
0.00578358353658216
0.00530802860044222
0.00769923993178435
0.00500198236953073
0.00487265895829401
0.00489921253293536
0.00526838147559234
0.00643293038626864
0.00404198881273311
0.00540025130835583
0.00458684153335862
0.00531830676167
0.00403969879897944
0.00195009581301732
0.00651428613526595
0.00454672442901224
0.00290356257627956
0.00584564297550085
0.00557476862790955
0.00510117589297517
0.00307037603173556
0.00652945682737793
0.00509869161594966
0.00503256676253353
0.00490968901648473
0.00557435730855566
0.00431716038288143
0.00663472530182395
0.00319444735292321
0.00364741928103916
0.00403557602327647
0.00565490742150989
0.00444974204939183
0.00605605495870506
0.00618347314874043
0.00753672669663493
0.00234487303381799
0.00605035256661514
0.00320196853274729
0.00402753751094719
0.00226789911035852
0.0037558237959997
0.0025430753593345
0.00903445233381264
0.00433043259609645
0.00828965795000377
0.00484060716363732
0.00444446603817154
0.00464816015119822
0.00275133884778087
0.0058701685717531
0.00427173542917219
0.00483490322329018
0.0049878795905155
0.00757733684019286
0.00500902959518582
0.00549181337855493
0.00304090357875004
0.0071089099089499
0.00599694603984639
0.0060398901624494
0.00436978092493757
0.00425465682470284
0.00362858926287108
0.0050359422252739
0.00504616783813519
0.00649488201782802
0.00357159474023566
0.00917544191320394
0.00275554672422419
0.00542351471632648
0.00919700541444623
0.00484710848443508
0.00649804513003929
0.00435475620462116
0.00539322480276403
0.00540058440321232
0.00495105275118346
0.00660903194002503
0.00471234986162414
0.00650354728278646
0.00336654123327258
0.00450977580317415
0.00779671673266849
0.00469679575023799
0.00394585867673248
0.00491306731341741
0.00557742651424253
0.00808167116249322
0.00503340021683014
0.0122914948504734
0.00572012396837944
0.00525260556898547
0.00668536580853078
0.00670715789658336
0.0037935317653245
0.00606088831677777
0.00309241310633814
0.0036566303183477
0.00370985900239901
0.00508531157698748
0.0032914284286671
0.00656456221267166
0.00414238301654396
0.00554334768890366
0.00431916933372939
0.00385743215414598
0.00391123552540443
0.00588806633870566
0.0063098664993317
0.00463013639901263
0.00477732390233633
0.00455903627705417
0.00227672251484225
0.00466214419537469
0.00464855621806699
0.00577430856129387
0.00822065379415059
0.00331071153836108
0.00692829297764054
0.00286583126191203
0.00363032709095822
0.00703811428652563
0.00429850726641426
0.00377850143879336
0.00806624270099416
0.00458023042187436
0.00450311001159888
0.00485722552797692
0.00682025915705519
0.00306581672587034
0.00741239465205435
0.00599918097558836
0.00299329285343668
0.00436932064767783
0.00548478338060622
0.00281141601728839
0.00552416268577195
0.00523443826868136
0.00518705225444649
0.00330712725916018
0.00651859889928146
0.0049394097428889
0.00442054541421424
0.00394182902248197
0.00394206287308899
0.00457715524545355
0.00603123188393213
0.00677073360251652
0.00523285863715488
0.00358959613059885
0.00418769079865328
0.00261560436973209
0.00517397622493727
0.00602234993091879
0.00472335466427964
0.00397061627678291
0.0026963651592579
0.00679570547700674
0.0052034670760943
0.00376862467397304
0.00284281115629996
0.0050672503132156
0.00391473154878494
0.00181523939743369
0.00450971816385986
0.00396538858986167
0.00599914789878957
0.00562583654217577
0.00252209068470823
0.00871274483187144
0.00580546800498
0.00762718779253842
0.0053753166327997
0.00622643431548603
0.00582677150214688
0.00608125584374102
0.00409939585540202
0.00439627344973367
0.003867640932468
0.00471638079486991
0.00459990416900226
0.00512094818003186
0.00502195160098178
0.00684178192078071
0.00550814515867989
0.00435458862250727
0.00637158824603381
0.00452388734968356
0.00707824511277789
0.00501128926721635
0.00475724580775336
0.00477920097135923
0.00263275920505824
0.00765341344653402
0.00512467513495757
0.00278663568086552
0.00484526849365487
0.00824414037956487
0.0038625286661002
0.00454787182304896
0.00849348857178163
0.00472394497299872
0.00641303315692785
0.00561742348678636
0.00591341579873103
0.00531216664063864
0.00600874154252923
0.00622935254518613
0.00431494139164499
0.0059552761295361
0.00553261141494998
0.00482549518869502
0.00414156573778127
0.0088789063856296
0.00321505697426799
0.00300980217774478
0.00542998547665179
0.00647690845762153
0.00495086844651703
0.00400971826218615
0.00542633270125448
0.00416870396994597
0.00696753849593211
0.0020512996606836
0.00320398736502205
0.00493068425986296
0.00536657945017509
0.00432734787210756
0.00451162589210824
0.00482079339289768
0.0056603072724744
0.00553022494725076
0.00548762938785507
0.00532092414758982
0.00351492670640418
0.005783029117957
0.00333980938043961
0.00452155191831713
0.0066348249137779
0.0034226419853999
0.0043966610630204
0.00471056479297668
0.00507226761006629
0.00565036404855316
0.00372844844966088
0.00428540035727655
0.00394961538245383
0.00323353954271733
0.00610603884227057
0.00468922365304898
0.00341605215401201
0.00337821655537358
0.00444015405824448
0.0065744927527638
0.00492472499103072
0.00466207357138492
0.00687598558023809
0.00548832225668556
0.00451408240302445
0.00739816925696131
0.00526949587020636
0.00556563393972538
0.00426833349456624
0.00635003578206328
0.00825411375816863
0.00674738875137063
0.00350614295485029
0.00699488010271385
0.00383377461815885
0.00262594748369475
0.0067319945622714
0.00767619470605821
0.00406303958891962
0.00550570590697763
0.00432194234905808
0.00474045254269737
0.00673242828836144
0.00467191841515113
0.00374162770002633
0.00366122690295778
0.00393391660669172
0.00421456480676962
0.00463512663908804
0.00541849590943076
0.00677315532973471
0.00322076845715869
0.00793544316469719
0.00546888346282337
0.00399674637732305
0.00813209296838277
0.00406372506610747
0.00432396708859247
0.00492995940357358
0.00777140133956277
0.00460334818591233
0.0031576769068472
0.00521065987183473
0.00625951976224628
0.00150592271936587
0.00425038987481035
0.00569273503640993
0.0066959028163546
0.00452679954152451
0.00387752916953455
0.00248168256924177
0.00318622809205858
0.00817280077295025
0.00538591817545187
0.00399519744089408
0.00416173665229745
0.00817962082603747
0.00861040317190145
0.00474236083819835
0.00667411271469058
0.00495911197049493
0.00447223646567669
0.00633225393426458
0.00394854093984673
0.00255403300542647
0.00759834633598013
0.00546704885517783
0.00616249953370687
0.00470354536097483
0.00699064690075345
0.00633146395726953
0.0056700434842164
0.00191566234723664
0.00705854620670907
0.00758951754260487
0.00578379426094979
0.00822633835180873
0.00336938697595115
0.0074271061315337
0.00636217346109961
0.00621456304401944
0.00465756172884832
0.00643870772481319
0.00639156079687474
0.00644765435870193
0.00448057598167765
0.00436451312656486
0.0055314404319909
0.00589477989871899
0.00330582202307117
0.00642860364788144
0.00448966336323859
0.00521626153935671
0.0053508016397794
0.00605963528956793
0.00517744240860699
0.00381931880029857
0.00228874968963635
0.00446592786809749
0.00333989856344453
0.00411488041982371
0.00435212907702514
0.00513789446088025
0.00451779568391696
0.00448446999500312
0.00703117670540623
0.00856004150110789
0.00465079352033464
0.00601780949602255
0.00400821399060836
0.00598193535470855
0.00454442293134381
0.00598790514597553
0.00447588962348049
0.00492151054211344
0.00638822563878019
0.00477506701313861
0.00390585768732024
0.00540180090494976
0.00440297674372461
0.00457535708014794
0.00795006596389961
0.00548354314749007
0.00763340678038916
0.00522575703448265
0.00610582516036915
0.0054731407788592
0.0052281629746199
0.00509404653136904
0.00350618897049621
0.00343552686589639
0.00383110125146524
0.00446874468818712
0.00346545448779329
0.00327876653447887
0.0037335213982825
0.00360158115039046
0.00485734997839613
0.0054521455091565
0.00495175044979867
0.00570244846565832
0.00377700826275201
0.00719506176619079
0.00418224087669035
0.0066777087628292
0.00590617585701968
0.00485002691090087
0.00361446512305367
0.00473332459729431
0.00531624980610947
0.00464655578367359
0.0052305538068202
0.00303122340018073
0.00295101234860486
0.00704840594570477
0.00418855155782474
0.00589294148477778
0.00315321059055947
0.00700297791120322
0.00364154194050476
0.00831341991675591
0.00352150123483972
0.00347354455644694
0.00536700606821859
0.0073523695518769
0.00469198264863889
0.00414816250200721
0.00580218840719487
0.00318160414524517
0.00435503710563996
0.00319674204203901
0.0049635283757066
0.00566127401039857
0.00262832942495319
0.0049917491594574
0.00601992416139098
0.0048620842730932
0.00608098174043549
0.00553837442954562
0.00285829037979558
0.00353216912053792
0.00210910625958814
0.00489470072299102
0.00563080051478881
0.00370253836311665
0.00562191008311284
0.00569474311834304
0.00478818568338762
0.00560195994696958
0.00376787081608691
0.00343080882368282
0.00569754556825609
0.00330167427295194
0.00350946519796894
0.00828535688325757
0.00466505138827054
0.00381499952236142
0.00618077687133549
0.00738219584651372
0.00353652743534488
0.0077867702731429
0.00749032725245551
0.0046673299216461
0.00467998460319949
0.00448242158258831
0.00369618977719668
0.005039500058783
0.00462171652711626
0.00452458731729683
0.00464918924640378
0.00642350380289015
0.00343184753914074
0.00458155055262704
0.00323805995100329
0.00624547235314671
0.0033771903115591
0.00460106047348794
0.00416203171743063
0.00433572370613309
0.00457282371353306
0.00534933549326641
0.00566894250679358
0.00532936193945353
0.00631442517741532
0.00354541436010516
0.00367387339619564
0.00360577574469948
0.00608543069790311
0.00983640617828152
0.00721361116047072
0.00377852935575661
0.00236285437271617
0.00559004865851375
0.00406420998548287
0.00585584343732161
0.00511127955650123
0.00370318684163334
0.0038906236902352
0.00566882241010183
0.00266654024374677
0.00674139528227838
0.00318123317616132
0.00600222382470286
0.00839230327413355
0.00473976583625618
0.00963672734059566
0.00578121110574149
0.00335837366065044
0.00540902386983445
0.00590105145188408
0.00386587560513665
0.00374698082273184
0.0110301480428591
0.00520365737232442
0.00594487240801528
0.00346595748823663
0.00418882571253956
0.00425353684291014
0.0052300331706786
0.00359437631492834
0.00806697465402876
0.00350472754120529
0.00380449140405773
0.0037494805116489
0.00431811716942424
0.00550675223524443
0.00455824155003088
0.00179172626606064
0.00314164124045425
0.00568295973107348
0.00286853195439972
0.00504501216809457
0.00425132987946657
0.0048325565669585
0.00325906587476572
0.00506067377028681
0.00450635108831282
0.00331860555726639
0.00343403212814799
0.00235202394915296
0.00494094107736725
0.00385630120331666
0.00413432212082668
0.00298394284879045
0.00468184239681572
0.00607300670674154
0.00607007811153306
0.00431235667043652
0.00387390452824397
0.0069074483825054
0.00370685751102106
0.00631012216738113
0.00426046967899251
0.00528302752103991
0.00531863373661441
0.00443124908618037
0.00711034941205671
0.00419470295648249
0.00518728792900984
0.00244152543255548
0.00556857330814369
0.00430966014662111
0.00475159366121352
0.00398303896094322
0.00632438391242756
0.00333392112167802
0.00518710954080278
0.00555446036531118
0.00494933846775904
0.00493151899685168
0.00365968690502806
0.00639204397900024
0.00416500027949833
0.00828499739715467
0.00760215768396871
0.00742507047800762
0.00505096607730624
0.00430565125582213
0.00516532155634014
0.00695924196946806
0.0022981760718669
0.00424842477838327
0.00259074618120027
0.00395814190991439
0.00622128431642782
0.00753318201369634
0.00367628044732161
0.00369313484147202
0.00515620000514755
0.00643437007963987
0.00710777745842661
0.00757049527923507
0.00652816766431066
0.00429704964023139
0.00486961502426051
0.00642923022997655
0.0037620561402918
0.00397714870199665
0.00564831299609753
0.00374600328051449
0.00767386926320777
0.00572299688204835
0.00604692556544946
0.00567707398055374
0.00307724630902954
0.00548080223932385
0.00696787305434868
0.00759813475428877
0.00647764620472714
0.00691597718703571
0.00471135720818692
0.00492206184072841
0.00653634066075202
0.0058718363615623
0.00516117502196055
0.00757780395396779
0.00487391053569166
0.00426832612903193
0.00245983155124038
0.00621995316701219
0.00610080075760031
0.00540094488785158
0.0063916549438191
0.0040530950259815
0.00519659624707715
0.00469697788473397
0.00473781625802811
0.00342471067433008
0.00703287141812169
0.00683254540062652
0.00332984770503274
0.00778984165172565
0.003546890661058
0.0054694637729097
0.00574027571806751
0.00759796902071307
0.00511946401344141
0.00598627282606524
0.00670154387687691
0.00446929379406164
0.00614254390844805
0.00458107784240668
0.00718148142364668
0.00356108043713298
0.00614939706124075
0.00311633195130316
0.00465416858223705
0.00239885087771963
0.00535289178930416
0.00465568226586902
0.0052880708589785
0.00815420033987493
0.00632661001890869
0.00462269441326415
0.00464425405472906
0.00475575375680545
0.00416478882937841
0.00221379398425432
0.0047810864096044
0.00588249201265531
0.00503718937189058
0.00462090628352618
0.0131031481267819
0.00434776527211109
0.00550110115774117
0.00489466403030163
0.00812821613895874
0.0039521774519428
0.00481623118736236
0.00355405617262934
0.00582861359020003
0.00458311649549369
0.00631442970697531
0.00622520094297948
0.00546599452933335
0.00620432919638763
0.00363083155280355
0.00501547172589459
0.00459249800536232
0.00721897733159068
0.00381510826517272
0.00229775390684191
0.00540310895996495
0.00527849626556376
0.00401554605728708
0.00883020128720617
0.0040424001129813
0.00388379311292882
0.00462787355286842
0.00510414583594044
0.0119112167746137
0.00481730814688754
0.00432566281196657
0.00545103316982428
0.00345541194364669
0.00265258637705406
0.0056745554097005
0.00406609689424217
0.00713906998348068
0.00805564801045237
0.00491168225499379
0.00500724658632205
0.00663553156603031
0.00653088171619357
0.00556130776739407
0.00569351007367222
0.00799038238740826
0.00589502323510153
0.00711093263266837
0.00559676144066946
0.00365133444094803
0.00741502974102813
0.00312082889254006
0.00212767107422883
0.00647263614262485
0.00761464544776822
0.00395648727227677
0.00720104209375735
0.00381260389315957
0.00554840811607547
0.00380676310465101
0.00643819156556587
0.00379624538975281
0.00402719758871085
0.00355047954899254
0.00388569546459738
0.00402449804072792
0.00343474438603194
0.00483789223289561
0.00441942061147325
0.00639439828501913
0.00462890008462764
0.00301303340562319
0.00563832421772791
0.00721041417213533
0.00741949008448864
0.00416150279217584
0.00387605719438619
0.00664136729186197
0.00368553499189815
0.00570107622163824
0.00611348535306595
0.00575059784054334
0.00481462702287743
0.00545451135380282
0.00225337937533233
0.00555316743292065
0.00529095736144296
0.00543470716491789
0.00498321465023752
0.00439726797053233
0.00374000041724329
0.00408042367497516
0.00515976207356599
0.00530691343367182
0.00463609943704065
0.00404080367605516
0.00535008954956107
0.00576500907399311
0.00511516606080792
0.0050025644363441
0.00622595567024981
0.00315658512994139
0.00669822422372297
0.00692617533456245
0.00402047094172692
0.00815688345026009
0.00539587122269505
0.00600252288703723
0.00219011603228673
0.00630437954127094
0.00581435516675829
0.00438364547823769
0.00310392021044092
0.00355945041914251
0.00533914697904557
0.00565257676834548
0.00321451103985521
0.0041857428298697
0.0051400403582039
0.00276204352776642
0.0037271252123875
0.00438473960614759
0.00491317528106988
0.00654599080067984
0.00752276397332986
0.00523268629832814
0.00361166153774651
0.00401335938619102
0.005402135805917
0.00450555274349202
0.0044558915459148
0.00850824859253121
0.00267950284382621
0.00717852977671154
0.00583369979297769
0.00246486378734252
0.00557474386051942
0.00464171197895547
0.00523997387264419
0.00401761537776424
0.0051020024142462
0.00318081010816771
0.00217756503408854
0.00664332317268512
0.00630868793147287
0.00646970120905081
0.00433939861100675
0.0071810437371554
0.00672776757985381
0.0043584965520439
0.00316044294886508
0.00359046700855746
0.0052791491114108
0.00478690641896927
0.00351618810242073
0.00346447480107627
0.00398084479027042
0.00367891088741995
0.00387785918046556
0.00423046164833883
0.00564152113501311
0.0102877058668319
0.00436477538875342
0.0052513263328416
0.004215468449769
0.00553674280573991
0.00382900337239749
0.00595181941794723
0.00723161810937667
0.00582396565944028
0.0053536524631179
0.00593238873970932
0.0038653715551991
0.00354164486496368
0.0042529479621364
0.00347262430826525
0.00614907891738105
0.00402904704445774
0.00259148635211975
0.00618893322493926
0.00258177212220945
0.00428086034214431
0.00264267360718795
0.00263128124166592
0.0041704927258258
0.0054404771122498
0.00236896449581516
0.00403345802050608
0.00330869321156698
0.0065721610129297
0.00555597659201068
0.00590253186484708
0.00826531664083002
0.00544746484600269
0.00501991445407669
0.0037740570242044
0.00648320110035339
0.00415202215138438
0.00433479434853625
0.0040205491702128
0.00522349744113665
0.00784036515637866
0.00251206409988143
0.00568358465732003
0.00463075711299629
0.00456559058148334
0.00497498053507265
0.00280903387421506
0.00580938205033422
0.00523767953521322
0.00425833835580912
0.00408474364058947
0.00488619469120721
0.00559526834326027
0.00484905831839466
0.00354694929084541
0.00530419790110476
0.00555963097427835
0.00396469915174661
0.00517953317032174
0.003802455898027
0.00512733389098935
0.00626105687792767
0.00507706858053765
0.00432270403050082
0.00400278871418675
0.00240658014044328
0.0074663128107816
0.00346479112792855
0.00312184579324606
0.00865605662725839
0.00547417322246081
0.00494534398614427
0.00482028441833927
0.00605131047686898
0.00556284723921307
0.00352941852012342
0.00866027205354101
0.00295005177764661
0.00450631173933364
0.00505589813521085
0.00485694291982847
0.00469530241722635
0.00624391893998218
0.00755755066476568
0.00354310066388758
0.00565322509781495
0.00599879150848539
0.0076025978621945
0.00599295130273212
0.00425448691398868
0.00257888766130951
0.00488123321437222
0.00244574753198852
0.00490563373098388
0.00455869373920031
0.00474765743971044
0.00535006271917891
0.00324386325530478
0.00714150502416072
0.00795943254653826
0.00398419047312194
0.00537352102172453
0.00353431095853963
0.00380706408691477
0.00320468174064886
0.0045670505346847
0.00891859082519047
0.00577538915023674
0.0027132205431618
0.00437339277915632
0.00531799660582809
0.00437337274308068
0.00283683875673853
0.00686494583302379
0.00626643850463766
0.00535463789188274
0.00585338767648879
0.00771846512566636
0.00450443817287737
0.00673975895459985
0.00245640310288872
0.00268008805024278
0.00824657545878826
0.00956660741903023
0.00396918331040379
0.00628263763754462
0.00574676179528576
0.0054627213487507
0.00609802873201844
0.00512719289484275
0.00580349973084355
0.0019463850524628
0.00657241483263172
0.00651693794800582
0.00653711525148885
0.00436599315985387
0.00243948067896468
0.00558263201821572
0.00402267976886751
0.00493108216044994
0.00296920930923987
0.00341161757912913
0.00436484140131779
0.00374921074099866
0.00741088284363384
0.00342795834685561
0.00402533758887671
0.00513989347948081
0.00718957975074765
0.00265028363583217
0.00460273995492939
0.00335929095864653
0.00599801196031528
0.0102425560055472
0.00443362914210254
0.00451701469391603
0.00370538938904031
0.00301559241809778
0.0045605781577604
0.005288234968394
0.00611835667172854
0.00412079016309639
0.00667478875469357
0.00415541185676837
0.00579328572524027
0.0037433970625057
0.0054132622557795
0.00539347369071226
0.00621804751096817
0.00296626235353265
0.00933556373788355
0.00488741997632147
0.00396631981236222
0.00491479990406319
0.00397970730570268
0.00308867818033455
0.00907868731685144
0.00524591786885883
0.00664648516127588
0.00367143128089628
0.00437611664833082
0.00795181258748247
0.00644567894728201
0.00858325988302717
0.00361070504346667
0.0059883622012795
0.00451311102963091
0.00398394422124056
0.00359526803880094
0.00361860434423106
0.00355937555452172
0.00513273794059711
0.00274119065304768
0.00368145321850036
0.00342861000490853
0.00482247630066756
0.00563560769363467
0.00527073956413765
0.00347770994279588
0.00497702210794172
0.00665371872952307
0.00598668013018006
0.00454723804788996
0.00351238880527267
0.00404236791003146
0.00625851413403266
0.00834532437091102
0.00371154305457722
0.00460767315607299
0.00424834637639179
0.00471559529923455
0.00599106083108019
0.00561709965070115
0.00392874725172066
0.00578460826829169
0.00621732104352974
0.00527822746102681
0.00478399809337139
0.00536988431265321
0.00430959880898966
0.00585474669771971
0.00388086270469558
0.00556953611981816
0.00593492376414054
0.00473158430037045
0.0051477692330247
0.00488327245190069
0.00356499932920256
0.00441285339682183
0.00409174600161127
0.00710598390539812
0.0060117711587277
0.00533607844700709
0.00480183432489132
0.00563547971880969
0.00337329171975052
0.00424944336228625
0.00511437979237105
0.00483835835133742
0.00699929083664277
0.00891668610193636
0.00759656409098022
0.00380065192753831
0.00383482252798134
0.00520516087248458
0.00425555909501276
0.00617003903579143
0.00682088079789275
0.00406673017336322
0.0043887765043562
0.0046677118289441
0.00744771125655414
0.00440783902826188
0.00471122864270882
0.00813180128913843
0.00511906298664051
0.00574872360858543
0.00335489003634702
0.00617984529881682
0.00591978227550331
0.00382229075186057
0.00455632359504081
0.00399314481023069
0.00393264065624241
0.00192982472407052
0.0042498223257572
0.00541080405900767
0.00505457074171712
0.00587730566813222
0.00354560384554683
0.00495415385054621
0.00455325865828421
0.00433059759445129
0.00487295074264148
0.00408820150194315
0.0067072506762268
0.00301578972795216
0.00528370967734967
0.00460464898789076
0.00486555082353676
0.00452343096589172
0.00708095317346305
0.00355421959802153
0.00520288533952776
0.00410408072981726
0.00436659765024464
0.0036033852197195
0.0058680680752343
0.00316923646763005
0.0039721557889383
0.00538941020844966
0.00469508018586095
0.00456406047702783
0.00516526826027332
0.00547279007172198
0.0066441740227648
0.00469601557695361
0.00567721054180301
0.00545430980127111
0.0064858672584849
0.00601304854350959
0.00392110692171962
0.00353603833272216
0.00660256910631452
0.00400745443817659
0.00635317912799842
0.00359649595181441
0.00239311095839538
0.00525113255250079
0.00340275457965738
0.00653711803669573
0.00853956504400456
0.00710159262817903
0.00703888078015987
0.00835939063523016
0.00328431743542654
0.00634079358016201
0.00223954473470787
0.00682333740838686
0.00549645347416071
0.00622848027014234
0.00395145488186032
0.00602922598323944
0.00445136005408819
0.00429431131087609
0.00498431281139209
0.00501912614274154
0.00737411257039626
0.00196054485169888
0.00827802040156123
0.00448564397832647
0.0038472787448613
0.00521466672254599
0.00716102547136191
0.00351774687050178
0.00638974652694034
0.00531604817229954
0.00612757118648163
0.00538307029637143
0.00645879472209154
0.0064379157532111
0.00547268601678736
0.00341886405718261
0.00453169256742574
0.00540414403129913
0.00479929752490233
0.00451696616752101
0.00414436902831406
0.00205567399536351
0.00549289265026937
0.00448798263080418
0.00454810178638358
0.0076493185078606
0.00401499043795332
0.00646592467517772
0.00640669320579372
0.00514614505849753
0.0063169675615243
0.00330995473873694
0.00317641017642784
0.00403241912427905
0.00340026696091102
0.00415118611092515
0.00281719492680636
0.00429288958291694
0.00512917222158978
0.00479116510578574
0.0053792149939606
0.00467313489175052
0.00464653642572632
0.00637206396252614
0.00853882301014647
0.00471987865810251
0.00379968627379256
0.00771825646125097
0.00603052951238032
0.00501313493646977
0.00815253311986474
0.00715173486154176
0.00665328766801206
0.00546750257878538
0.00382812702363408
0.00827570126039667
0.00402235490550426
0.00484436413064644
0.00557783383935073
0.00509439427039109
0.00436068031089055
0.00500353836750586
0.00830328144401153
0.00500726249448664
0.00250981340421137
0.003652227958978
0.00871911060274725
0.00518679139980369
0.0027467431381091
0.00314140251508734
0.00593886708312022
0.00446322487093012
0.00547684331080856
0.0033938655019975
0.00409826419122305
0.00362575586204186
0.00503734526062897
0.00401452737978742
0.00763234434273275
0.00297124299644343
0.00745871909631159
0.00460383824212913
0.00436701544894717
0.00330647448137226
0.0026284123020484
0.00428934151046839
0.00509935059490775
0.00370903322571741
0.00216868279378045
0.00453090618208038
0.00417751781847919
0.0031101709231253
0.00318303174606314
0.00429381422156105
0.00619404591225833
0.00535615529423799
0.00397593280101772
0.00708048081117752
0.00808587942354071
0.00582117715221013
0.00410035075045801
0.00518211455453925
0.00465673129758695
0.00546295028772562
0.0068201690981141
0.00422981276015785
0.00544238349061992
0.00770275471800492
0.00486511686873033
0.00525853371744161
0.00547838959272108
0.00505562690290888
0.00558534131590531
0.00318806374970719
0.00694092197542238
0.0055093079748073
0.0033091441334167
0.00434265548681621
0.00276114295202197
0.00351315767478873
0.00196694158672924
0.00559556602336136
0.00540815595054955
0.00617501525657777
0.00486452045829856
0.00508576081684377
0.00496473596086709
0.00437516500086079
0.00390313094406993
0.00576512559164522
0.00557646003540401
0.00503091575083789
0.0071260683327942
0.00585135920991267
0.00582500413981807
0.00806251611586257
0.00564377867748078
0.00413595807904328
0.00347613586532206
0.00473061327991727
0.00520649110863088
0.00654974457136617
0.00721632309052974
0.00632222150665979
0.00495662603556422
0.00608703303663364
0.0046331827131621
0.00510414250730637
0.00391646874894488
0.00542728452207184
0.00453654499735021
0.00635830229437982
0.00478498443049764
0.00299796852211261
0.00434826129166475
0.00638992832512845
0.00508243522114742
0.00521269802232618
0.00753451262056815
0.00525578859128462
0.00330978702354614
0.00373208741236059
0.00655020973002138
0.00309856417382883
0.005011217888653
0.00567400660163074
0.00693800329861377
0.00339008715072382
0.00473116673317975
0.0100651764407631
0.00418658949942222
0.00729306904012215
0.00656697639624163
0.00542679354544577
0.0050945681882319
0.0047654638657983
0.00468594391589419
0.00588714454573474
0.0039166934675796
0.00568124401521708
0.00408086148340813
0.00586203021623043
0.00278655520204377
0.00464451102517748
0.00312403214150686
0.00431643045252394
0.00575753431546089
0.00526494431193967
0.00517205445846029
0.0086314817311691
0.00488729709463024
0.00203957987437235
0.00310950893668642
0.00452130973011849
0.00310115668175772
0.0048443319567319
0.00265946811750445
0.00281313431491219
0.00474568951839919
0.00341486083874724
0.00448042136002895
0.00427531367746082
0.00200376573389057
0.00340823352330137
0.00772832448859075
0.00581151190550891
0.00338757971167713
0.00923746190002721
0.0038523005330107
0.00373747896848954
0.00458840463830518
0.00522297804285484
0.00375418378131297
0.00300523301510392
0.00386543856874328
0.00580215675075761
0.005496672892367
0.00582118439612839
0.00320763971650287
0.00440612463094379
0.00506108061148131
0.00610211585475995
0.00339578044991842
0.00239380195448254
0.00379078840424983
0.00348218511102681
0.00600927772140735
0.00489674967124357
0.00287852410215535
0.0084411766730333
0.00335961461863522
0.00445843334633826
0.00707037334948944
0.00584070083366237
0.00534373951127331
0.00622030937602652
0.00661382809215193
0.00516160980226415
0.00598997122873156
0.00273487252059371
0.00304580196511929
0.0101122765894734
0.00481446911375887
0.00396392691662966
0.00389150128905792
0.00204183640682202
0.00676359229684998
0.0043995568052467
0.00572501572887502
0.00544214207121766
0.00370699542416311
0.00266108476500315
0.006139862629657
0.0065567138221146
0.00439467323305076
0.00527804950142365
0.00701267637449351
0.00310463590970447
0.00399227681289244
0.00892928964831494
0.00459757599908663
0.00539861658770726
0.00563067141276697
0.00271865045241587
0.00502197350642057
0.00928040794929077
0.003500874762638
0.00219631215966342
0.00509702610782489
0.00703837376631797
0.00805029810530072
0.00430232330570778
0.0065343804314851
0.00301352535476335
0.00617661739437152
0.00313611276966927
0.00723538580371783
0.00540252944660035
0.00634151946338358
0.00688638323494275
0.00633755143804417
0.00479681190604247
0.00287304224886713
0.00365323870114893
0.00500791071173969
0.0025719542440454
0.00421254104266569
0.00806574508178619
0.00675472100476425
0.003891539612263
0.00496333812276583
0.00364720168069425
0.00382364451436404
0.00601956950715136
0.00495023218035704
0.00460954857154172
0.00755065737150493
0.00672008655704904
0.00776605212034466
0.00361858438900979
0.00675860473689941
0.00544659887829992
0.0067131801979918
0.00659182998181561
0.00429526705872796
0.00403890992907575
0.00499524480307512
0.00392074598437875
0.00407399851910581
0.00896002415430589
0.00750037690702846
0.00689411261355709
0.00528192690946765
0.00540191090819053
