2.44863664497827e-27
0.00531573248607865
2.52745579451216e-88
0.000188432928159212
2.54273515465334e-13
7.74962083874246e-88
1.22590311944752e-45
0.00604146470199025
0.00075244882744373
5.96510966403372e-117
0.0157577311133925
5.90968214684527e-07
0.00755092825791939
2.49950767002971e-08
0.00408769035440895
0.00207742711972293
1.46239398849267e-14
0.00493603474290282
2.34873721878815e-68
0.0173291082694333
1.31592130781113e-25
8.22044601516971e-143
1.28067744696314e-71
0.00238549957465797
3.94318728535509e-06
0.0168628043884453
0.00636901012659183
0.00103283688815846
0.0173428280921732
0.00584218961963664
0.010989524658001
0.004229505151276
9.63632390089837e-05
0.000956288752624722
0.00382289209516361
0.0166232027192945
4.80904103889206e-31
5.83651045758582e-100
2.32074808727954e-07
0.0038468118443331
0.00053307689729052
5.20810908378986e-13
3.73545264228735e-05
0.00474064800011769
0.000772650492274952
5.14172725476476e-06
0.000641403575913971
0.00304111651814512
1.20285915783812e-06
2.81093494291851e-06
0.00623747782627141
0.0248313932600403
0.0158214812998658
1.88472865712953e-10
4.87966103569982e-07
0
4.48054549478635e-07
1.04126816707055e-212
0.00407655359505896
2.8770662024271e-21
0.0230702006855976
7.56475346009797e-36
0.0120806160698956
4.20206429757255e-06
0.0191886739399511
0.00737457973470558
2.03676013637414e-37
4.62795094002526e-154
3.67404369764653e-17
3.7903478650929e-15
0.00736416702446739
0.00379540123301257
1.61530227439984e-14
0.0010506218006536
0.0147557499557474
4.62037247291498e-07
1.44957275287574e-07
4.57547637862883e-97
9.94849395273178e-25
0.0177484776004254
0.00182083442487428
0.000215647247464494
0.00321457307054861
2.61227264415822e-10
0.00157882618969945
1.20161181723612e-55
1.2364856489696e-43
1.3549684418866e-108
1.15576085305783e-05
2.47992701709735e-08
0.0102452749844226
0.000732989349230935
0.00118872252939777
8.32478130245366e-06
0.00281747271572127
2.65041466440635e-128
0.0074342831483459
0.0176817076574057
5.02939390181093e-33
0.000557621497561756
1.14729325463897e-15
0.00526278520678463
3.07152490650725e-38
0.00594974887651761
0.0018145252761524
0.00447043957420115
1.75420641407907e-163
0.0195638465580845
1.05908496537629e-73
0.00242522275322608
3.61486066472312e-28
1.1156094452439e-45
1.71735301785513e-06
4.85134812111134e-05
4.46889214619776e-08
0.000979031133884004
0.00411541394433351
0.00488058008970066
1.84034193937737e-06
0.00584183889976928
0.000158931097850103
0
0
1.31114836900072e-10
1.13845225934066e-58
0.00573379702745823
5.93243954747912e-05
0.00624337445473939
0.00712194658570339
1.30423975326961e-193
0.00622454327148597
2.56664516070946e-107
0
8.03897731196776e-07
0
0.00884869517257904
6.17251511254754e-06
3.34828100875545e-24
3.95630248522686e-58
0.00147506893377974
4.56185991645025e-08
1.02007902880689e-07
7.76611659789916e-06
3.28212146823314e-06
0.0101111377927391
1.88130219282983e-110
0.0113706137325072
0.000866082331831218
5.23599364956753e-11
0.00636342190412494
3.56284603507031e-226
1.96351388149956e-24
8.82660782802972e-06
0.000695953346729915
0.0131217813351879
9.27530740910581e-237
3.6939819768116e-148
0.00286845618157053
7.87354239826613e-05
0.00860733501813331
0.00242781264088174
0.00254828999787422
1.03196362831885e-09
0.000253090609317422
0.00372319396820945
9.33104349104176e-06
1.02090972425532e-23
1.04446700416053e-52
5.1454238284492e-07
0.0054964116012443
1.62001017597547e-15
0.000646625621334155
0.00578267535563839
1.19547753901013e-07
2.16693248746282e-12
1.63385403902611e-13
0.000139892698632453
2.98001190772156e-05
0.0053042781841276
3.80557756439923e-05
0.00774193947047607
1.08280058291872e-24
0.00388037285282189
1.1610844506623e-310
0.00448255852069462
3.30935842248355e-05
0.00981966234027792
0.0104657247514387
1.7074245537893e-11
0.00535721232773859
6.95705673894752e-15
0.00931032284946358
0.0120646206212655
0.00696748282673652
0.00297288908755073
4.88263134216332e-05
0.00182161190916185
0.000195422505872268
0.00824204139320568
2.47717430476544e-282
8.07919820835386e-18
0.0175328077046889
0.013143628231724
2.1240614411031e-57
0.000962007449052163
8.7208618483474e-10
1.01529284806059e-27
0.0158227741955393
0.00316683645321813
2.76808082257086e-09
3.98221120916861e-12
0.0251399571028823
0.000861339163941518
3.48531424571493e-05
1.30556271296943e-103
0.0192361577114066
2.99971385161186e-07
0.0153695114431445
0.00152588809308044
0.0104787083719433
5.64277866495711e-68
0.00583433513390237
3.99308766075685e-119
1.5251243256085e-13
2.50742732138598e-58
0.00795218492687946
4.33372174576803e-69
0.00695202144016397
2.27152582823756e-16
0.00167275493408004
0.00691135714163509
8.01589841334424e-29
0.000277885605497606
0.00547801050230594
0.00775855393488577
4.66443358127831e-21
0.00214982380712728
1.510184610366e-30
0.00215433904919641
0.00234575577785165
0.0196015211515979
0.00380231657950502
0.000413136381986717
4.51043506732307e-05
7.12643081036402e-05
0
1.41727555453454e-10
0.00433346833935609
0.0131174736734055
4.34986156960727e-68
2.90167443342636e-292
0.00202964482436288
0.00698269979456848
0.000288325163951067
0.00302935240369131
0.00576447110863484
8.90428697350948e-10
1.78066235215962e-12
0.0208333333333435
0.00105400294480274
4.14289742405472e-06
2.82842732685642e-07
0.00142965624781493
2.48827112848023e-05
3.38233894212945e-06
9.40986268767747e-12
0.000180440266084206
1.80726357563467e-05
0.0230882646579749
0.00186654388344209
0.00153308709601903
5.64727989107756e-05
0.00702296814388231
0.0141300201802016
0.00850569344738908
7.66182682897439e-15
1.55785469630238e-15
4.59018937788724e-11
0.0078334275026074
0.00550861410337243
0.00140314993999112
5.87449424903882e-27
0.00460213432658926
7.85429554149067e-12
1.11166031688476e-13
4.47819164439438e-26
1.40200761037874e-05
5.60750396024324e-13
0.00212683178138945
1.27486215403822e-11
0.00806873423760682
0.016106254153584
6.69593413420331e-11
0.017367701975967
6.63809789901488e-06
2.76910216550349e-21
6.51113933033196e-05
1.59297959722188e-19
5.68550768650962e-05
1.98442157380458e-41
1.06278326611982e-249
4.33595718603946e-59
0.000131281684330818
0.00619884866880594
3.29671018779024e-20
5.75284102974849e-07
0.0024572517635017
1.83003714729956e-95
5.78955932331644e-70
0.00624133994055022
0.00167599457294586
1.34959703403067e-304
7.27766124333756e-06
7.65504132971911e-09
0.00596218801055988
0.00711135204536896
0.00770021679550664
7.29495245983641e-05
0.00443553004005695
0.011806921755928
1.74958157953206e-54
1.08710233006478e-06
3.22879105544869e-07
0.00562839681552123
1.24732478604007e-45
2.36339956164926e-06
4.70442022860018e-06
0.00223358820472715
0.00479432306638324
1.80234031249574e-09
8.65958737966908e-17
1.69995482241717e-180
0.00287461366459205
0.00038242934007675
0.000209903181372487
9.80279318346979e-34
1.4343803366596e-20
1.77837751886123e-17
6.96798101900091e-61
1.65812258737413e-06
0.0214527604143114
0.00555987210768372
0
2.89584777674803e-22
4.65431165252598e-12
4.80826530367662e-05
0.0154112458167662
3.75835100068321e-05
1.41495775791531e-79
0.000765035505891387
3.66059534611758e-06
0.0230081697857768
2.15757931763914e-07
0.00892530288335272
2.61796749141596e-62
3.54756665637247e-11
8.73173594680629e-08
8.47907599574891e-06
2.66593539761166e-13
0.0132783930428206
0.00861792065751271
0.0107202104435343
4.41319445620003e-08
2.26014080259909e-285
2.91411309461739e-15
2.10948796654712e-07
0.0071277055942829
0.0115777178620426
0.00145576730493529
5.90608737312835e-23
3.29342889189485e-96
0.00708430325755521
0.00243446969118346
2.60259635339665e-34
0
0
0.0215956445366204
1.103689203614e-69
4.9712439199729e-22
1.24265939444539e-06
0.0120403768278119
0.000694748872266436
0.000555523596666599
0.00468786529256205
3.41841253628063e-100
0.0124030114679448
7.40811468980101e-07
3.22611014271736e-06
0.000730950174181418
0.00643657987983617
5.04623985425277e-06
0.00235863154957498
4.34725074105508e-14
0.024974825795586
4.83204126909611e-10
1.85686791360467e-06
2.94855222470874e-209
0.00949273414546562
0.00550862063759553
0.00015265430633735
3.62932939586498e-08
0.0132778489899117
0.00726913717279432
0.00690813078105318
2.30923664845773e-08
2.61187412967415e-54
0.000189118295186911
1.39340696884266e-301
4.00077889372161e-06
0.00625701803578755
1.75755422540508e-08
0.0123219143554073
1.95323568979067e-23
0.00435792633170723
0.0130821426031398
0.0338475183466981
0.00647354361720366
0.00811485498038124
0.000104401659160174
0.000153143236174457
1.84273258340581e-13
1.01152246519935e-11
1.71832333635286e-44
2.42759683022193e-05
0.00635130986381824
3.95302350444394e-50
1.70982855673752e-07
1.5462601287855e-134
0.00467877780795479
0.00684797161833519
0.000143451495141523
0.00147922529620533
7.80300161302938e-08
1.92683784259037e-15
0.00270739859061061
3.95620747342928e-92
0.000295200955214324
0.0039734219760019
2.9747141959169e-08
0.000595803899886516
5.00299204466968e-65
0.0207741287514263
0.000156537473886038
0.00787141569839054
2.45404214769998e-05
8.91271689376696e-10
2.06853168928108e-128
9.25996321261732e-06
0.0364221911552494
1.23134486487464e-07
1.16020569932667e-58
1.62974093147141e-42
1.4088220362491e-51
8.58665777750069e-220
2.01307704116286e-07
2.27398298602764e-08
2.99016414113694e-09
6.06359730759393e-162
1.30254415635726e-240
0.00622317754634904
3.98067248264685e-17
0.0112596178562785
7.00500109645942e-56
2.79416616587822e-12
1.74785552401189e-13
2.08331769362844e-26
0
2.18498420750801e-47
3.81551236652943e-05
0.0243898364205022
0.00782628103643906
3.50549139806629e-68
0.000994142560700716
0.00122867378752668
0.000244900410909441
4.54203611760111e-14
0.0177916807608637
0.00508650048714465
5.23268996733771e-51
7.99998999914421e-62
2.48531553176831e-67
2.61815095374192e-43
0.00306209226633032
0.00686236593544764
0.0143308694186922
0.019090778570057
0.00784019153131251
0.00174123677592129
4.42169619453676e-07
5.40509323512222e-97
0.00787250960910997
1.51924878939909e-90
0.00969671502718047
2.3552965368658e-97
0.00602363319321496
0.00936043925745526
0.00242486496917487
2.83942750204784e-05
2.41421950281924e-37
1.21092496581384e-23
0.0168326255507882
0.000259810308828224
1.01922682016648e-10
4.27523479793573e-09
3.02473263971703e-147
5.1988188673518e-12
0.00676211713031663
5.19893669250241e-49
3.01802650540782e-123
0.00672449765930003
0.00655693048960009
0.000354181958292147
0.00740479815022011
0.0102404141278533
0.00601278372621767
3.50436902637359e-05
0.0221168023574534
0.0197159280399004
1.71401940398667e-58
1.48445743318594e-82
2.82294966152596e-05
0.00594172666103141
1.25113755742661e-05
0.0229671314657382
7.27371734173016e-41
2.08355299998812e-16
1.55671014018482e-21
5.83118208578008e-05
0
0.000337559538135277
6.69283470768402e-06
0.000425993944678886
0.0038964046911938
0.00258070077388526
0.0080715533346663
2.19414951098405e-18
0.00577362851963969
2.52516047138471e-25
0.015532260724584
0.00010375595988354
0
0
0.0038963549874989
0.000625858624963676
2.17812659200862e-12
0.00269868816195398
2.41419729959771e-15
2.2223608451096e-14
2.56716137034213e-59
9.303124573014e-05
0.0186723973077344
4.51085928731016e-14
0.00265882161918425
0.00040271798023155
2.41080975100131e-07
0.00648750245602792
0.00164936276177939
8.37551948886814e-05
4.5587206363666e-39
1.19409680242771e-07
6.70132769270924e-06
0.000480453008204781
0.00208628769716596
0.0258387304095233
1.04580704376279e-29
0.0114389981484274
0.00684295987758754
0.0154205435258044
0.0178515952556854
1.58262528203988e-34
0.000123488671095273
0.0120460671930139
3.88399458434831e-08
1.76312274731304e-136
1.1933079115391e-06
8.71618859279854e-12
0.00743705838107874
0.0206098422131872
0.00380213709193006
9.38801590629636e-05
0.0169567472935724
6.52207633056795e-05
0.0125321339148627
2.29228393457124e-207
6.38686458809435e-15
2.45656156562878e-50
1.4380181348407e-07
8.5556500284313e-07
2.66384500301309e-21
7.62406417402135e-11
0
1.90535900579493e-230
7.45455184323097e-38
6.8011632093472e-10
4.28198609885495e-11
2.81804970525699e-24
0.00370003098567754
2.01863943435028e-06
8.96846613198791e-19
0.00827074383410778
0.00296621047309388
1.01005417938378e-09
0.00486861126980291
1.15059698963369e-06
0.00604128886542871
9.41146774725504e-08
0.021056179968806
1.50381042981198e-09
1.08012906383348e-08
0.013264545335173
2.7761628992502e-07
0.000774857196754421
0.0190874882821613
1.49178923195735e-66
0.0148898045890105
5.74473278537508e-29
0.00172459658158666
0.00478948898109963
6.24809343133337e-16
3.62254445139777e-12
0.0119829769105937
0.00524943924955331
0.0190129952500067
0.00812628733509845
2.84651481512896e-18
5.12656636430805e-05
2.8969130360476e-07
0.00623932851155744
0.00715179377127145
0.00296679958088186
0.00798785992111523
0.00356997737718725
0.00595723194664492
0.00654135603131573
1.04396251239544e-247
0.000139816808748172
2.68206355037657e-05
2.39857470310971e-11
0.0182566354935786
3.6828063321017e-195
0.000523231133365684
2.02024711227128e-06
0.0249985355873657
2.59767295084223e-13
1.89713582019363e-42
3.58987909813384e-17
1.55565307181344e-31
0.00292947170549226
1.25234456875492e-10
0.00049541153280166
1.01321270405008e-19
2.96531821937069e-26
0.0195318490188925
0.00899817018686195
1.53399712404429e-05
1.79403353623144e-41
0.00742052545934271
0.00418037932480559
1.8882024703276e-72
0
0.0025463159643766
0.00497922115069779
1.08252306212574e-26
0
0.0115992511555341
5.17744953423821e-06
1.88540778396563e-09
2.95289034837326e-07
0
1.82081484170983e-07
0.00563811472206555
0.000677951857175272
0.0178571671888922
0.0138943620449621
1.30207712610289e-39
7.60495697583188e-06
1.48395032035591e-05
0.00841394914026708
3.39294524799479e-279
0
0
3.86487976844733e-12
0
9.74516463395128e-101
7.18943840337376e-05
0
0.0189349104881641
0.0147144836162277
0.0279449736011382
1.0409264083978e-06
0.000285232231006582
2.08374801922379e-144
0.0191012846560837
1.67021204485358e-46
1.81719378121602e-05
0.00163876412859071
0.0072124141141762
0.000134898652841821
1.93159880502493e-153
3.22014789306794e-09
0.0133752639700973
0.00583299226248689
2.66564427714028e-257
4.13524834510676e-69
8.08671521443921e-12
5.54222868875195e-28
1.02721954214845e-09
0
0
0.00272677870397186
1.27438238618313e-64
2.11427375387181e-10
0.0265922645912802
3.48390809678235e-05
2.35845601666874e-07
3.40583516924757e-07
0
1.64669921561354e-06
5.24147606162044e-09
1.30138479901824e-30
6.79615850238282e-07
8.25876383399948e-06
3.79823439131597e-45
0.0068291632961851
0.00601429218047771
1.61640915926326e-178
0.00389754887624824
3.66602826253064e-18
0.0189320706280658
0.012647112238447
2.53299576033303e-212
0.00758420874752256
7.52579079516186e-32
8.85937237448786e-05
1.20188614023367e-38
5.91297037730228e-25
2.79679480902241e-47
1.84499445291437e-06
0.0100323035808658
0.00311573196932462
0.00148313047615924
0.0110577667127214
0.0130446417413296
1.13786424859663e-279
0.0037611580150786
1.6067595343368e-09
0.00106893255677626
5.58771800678207e-72
0.000265339491869258
0.00251186261432174
0.002877069259707
0.00427802539609558
0.0111088768939693
0.005943833882998
0.00238333302697205
9.94628439045957e-09
4.48049869466412e-05
0.00588758468424501
0.00785132843607086
6.81703112483271e-06
5.40777493502274e-227
1.58286517464528e-05
0.00522649364103795
1.51634583393087e-07
0.000378940100025282
8.49220557856085e-19
0.0161400260558806
0.0216668742786505
0.00660484602645472
0.00168603790443217
0.00839690861667059
0.0102660197067316
0.00311175667035866
1.55153360069608e-283
0.00642191271795703
0.00292281457430327
2.05342882182267e-06
2.83947854718553e-119
0.000707190388022262
0.00236197236121829
0.00851125230074591
8.96929835681523e-05
5.00251378226202e-16
1.10201202737638e-37
1.47794691807571e-19
1.79434158156507e-05
1.30062931961046e-239
0.00607225413096037
0.00313307234364929
0.00320374921846528
0.00439114721587013
0.00782155353002476
0.00177125967567261
1.73579090312672e-78
0.000990920231157144
1.34672675740151e-37
0.00206621293771684
7.55922129637628e-16
0.00107125013376935
2.91590595068416e-10
0.00956107363390881
0.00369833304207041
2.17752516485488e-318
0.00459463274217708
0.021549925389752
1.79920220285103e-07
0.0205944862617898
1.13059611605663e-134
1.73382013355656e-54
1.28364467314881e-98
2.5374857177768e-28
0.0079489632344373
6.1868611905091e-10
0.00988480755888289
0.00176784045974813
3.25123795181448e-27
0
3.49785295562015e-52
0.000443378016840698
7.08117759959708e-21
0.000220647525518931
2.36356206359026e-44
0.0129067663649689
5.23034043326447e-06
7.94312101588894e-11
0.0101501917494588
0
4.64894181020831e-09
0.0103102387592902
0.0046028326656104
0.0110134860878885
0.00726815780289537
0.00893015525794942
4.635709036118e-11
0.00294296628533497
5.41528273218734e-57
6.18573638628984e-34
0.0111167046000777
0.000160305893365007
0.0050067246418907
7.28630551837801e-06
1.9206633666688e-13
0.00955935269153609
0.0069419763374917
0.00396438728006675
8.83693036611334e-07
0.00510394274737999
4.45534071926274e-13
5.36875285666292e-05
1.37025497357901e-07
1.26803734603445e-05
5.68622062278312e-05
7.60444810686744e-08
0
9.90710300177447e-08
0.00288325239478214
3.21665858762278e-33
0.00624709019784145
9.74965049101626e-05
4.32268802978253e-12
0.00861025950133913
2.94794042082745e-10
4.41570686715918e-66
0.00670744005977075
6.11830514269515e-20
7.40766415415245e-13
0.0204454039828005
1.37114150469385e-06
1.56434199726441e-195
0.0099005562220489
0.000147497197431616
0.00422686645622566
0.00319110546258238
9.7582761630439e-10
1.26789083670091e-62
2.9399464175625e-52
1.03466402920941e-180
1.47173563767745e-32
7.52392295685073e-05
9.95040762108247e-234
0.00124796309045329
0
7.16414676354318e-05
0.0238412362637833
2.90760688079997e-06
8.29371160687714e-05
2.18420023305693e-73
1.22552853514909e-30
0.014961142142646
0.00220028829065004
2.07260342064622e-134
1.21864495262932e-22
4.59440841190748e-05
0.00593023922289027
0.0202660243236091
4.87085579893915e-78
0.0110068326017329
0.000192148836287106
1.14252276145119e-256
0.00384084394758145
1.96503007417106e-05
2.22026917462318e-10
2.13647154342421e-15
0.00154757133590538
1.11611436938169e-20
6.61112014438662e-21
4.52938093661884e-07
0.000134083340210879
3.93184723737397e-10
3.06602061054298e-05
3.82259305626621e-12
4.45810565794019e-13
0
9.36561200697937e-10
7.52091782871904e-07
0.00403363677667574
0.00366547168071065
1.52223165959213e-05
0.0257282376534152
0.0103194318400316
0.000633032514371661
2.15437081803091e-13
2.85871428650417e-07
3.3273768790019e-60
5.96068530629351e-09
0.00543744484672346
1.90906176492967e-33
4.52838230145763e-05
0.00490757745834312
0.00157286959937422
0.00269849267764435
6.37613835554083e-134
0.0047695326419485
0.000229012183674292
7.57817461296827e-05
0.00370236868509763
1.95490595940088e-06
6.10551129514341e-38
0.0210446802037466
6.58118339319076e-05
1.38897446995366e-06
0.0163551238446987
2.16215099680062e-07
0.0055576784307808
0.00513270241469037
0.000690220768124279
0.0115679104048641
6.38898680542214e-16
0.00351202494944036
0.00605114761714304
3.79069869916422e-13
4.62277958714634e-22
0.0155660272189771
2.97541739309619e-06
3.02394893409574e-05
0.0038808164699749
6.11762698777953e-08
0.0032742959328425
0.0068734840271311
0.0126741329117742
7.12355951583313e-06
1.63104011090721e-13
9.39452866090588e-86
0.00582261560961097
0.000622295076444597
9.94182010202334e-07
5.89220723533664e-07
1.82303943133994e-12
0.00672602277283098
0.0232495532270525
0.0198790257766856
0.00375672979860599
3.9967762672256e-12
0.0183547918342141
1.75410748101825e-26
0.00918113019459806
2.33042469893596e-06
0.00702762751545057
0.00850743626484811
0.0192440345252967
1.29621031487622e-05
1.45541281476508e-18
0.00631041355575872
0.00792924496519333
1.44337842925814e-05
0.00404963361344505
9.69624788985593e-09
0.000213191415651171
0.00131902241282115
2.8490378086764e-06
0.00148778677626911
0.000346853100033488
0.00557415404411385
0
0.00127022700322553
3.90986660808079e-05
0.0104634690210905
0.0115918295194362
4.64866766222686e-12
0.00594053142423178
1.45161276063438e-101
0.00611478816070587
7.48245025834872e-171
0.0101847989480969
2.53611474699815e-05
0.00868310382277929
4.475890692748e-209
1.38205104503282e-19
3.81008572166214e-05
0.00485876643297362
0.00198813975549769
2.08178107579845e-12
6.91642467160729e-05
0.0069107017551811
1.30376751453042e-14
6.29796703618152e-11
2.36242766940338e-05
2.42014347929919e-10
0
3.59426038436231e-05
0.0271242132306821
1.32414471884218e-21
1.02281211300232e-88
0.011499286599172
0.00891130221269859
0.00927272011465882
0.00158893242679931
9.70876962453227e-12
0.00194147145400495
0.0142008526323332
0.000913615983456808
0.00790997536464267
0
0.00848651636355606
1.70788083245433e-08
0.00850590526668516
1.41048096761075e-07
0.00632076087845019
0.00716970068571168
1.2815536870822e-33
2.21218499697811e-07
0.0108069428778971
0.0115289283894914
0.00912691150228977
0.00885671659969308
8.83350808231297e-49
0.00795922718861613
0.00314202867331318
6.38159454537762e-07
0.00704525602315525
4.10602679298495e-11
7.69572965634479e-15
0.00948736192408724
7.50642647336541e-06
7.11737276341191e-07
1.13806346125415e-07
0.02166233571666
0.0230765835638085
0.0203193820624613
0.00347804084401675
0.00570086646717768
3.84941687431371e-07
5.61847302869002e-06
0.00489051904049642
0.00326480847199052
0.0103254692830371
2.42533409452463e-12
0.0252305528977868
0.0116706468243467
0.0044168869753566
1.28112427852305e-15
0.0188179202176423
1.71508493068021e-06
1.60727161250253e-227
0.00992441556599215
0.00708459939195159
0.00163581887417849
0.0119817052993746
0.00628741819457341
5.97675679727633e-14
0.000123810482582101
0.00027406213643604
0.00451446793239565
0
0.00234700247326138
9.31070538805806e-14
0.0041249621520229
0.00455033529275846
0.0126795687108058
7.35577152752233e-07
0.00483971318839863
0
1.73395857418204e-06
0.00937381605303237
1.24823568120351e-05
2.81497651838993e-05
4.83256289311042e-07
0.0218007415135247
0.00717487251896804
1.24902587831577e-06
6.07461176149614e-08
0.00155640963858187
0.00429465392708296
0.0103467375329225
0.0311906948621688
0.00829253815809418
0.00324088837580511
0.00673471655251387
0.00307963005471213
2.24643564532683e-07
9.60091345960552e-08
5.33400627701757e-14
0.000134212959690714
0.00647041025056878
0.0319285953009168
2.83493739256553e-206
3.93540749343027e-08
0.00774121859739646
2.04188179992357e-07
5.89595546151325e-13
7.84853724540032e-05
3.7312871121973e-06
0.000147035434046357
0.000179627657445642
0.000110634430785437
0.023799598560516
0.0181282984581111
3.31836356709557e-08
0.00141567534315409
0.000501514306800108
0
1.3200293630622e-06
3.21132980926062e-27
0.00443494707879236
3.42025980242517e-11
0.0122963998779789
0.00126775343356241
0.00151527852449021
0.00807479277442632
0.00403150957388543
0.00775203736791021
1.67682379128062e-30
3.60588133737653e-51
0.00932209644417204
0.00988083914060394
2.91663343235545e-11
0.000379697075320863
0.0224626714179693
0.00237606939886249
0.00701156168372706
0.00298321936229671
4.20953732026172e-09
3.27209459931878e-130
0.00177936651421682
0.0108272590010628
3.22627287978389e-09
3.67984856336997e-05
0.00360888898403087
1.98164277979914e-05
5.65512416140973e-06
0.0177312731304704
0.00422085413157699
0.0049314199541782
0.00224708920671941
2.67712296817386e-25
0.00476388813217525
1.33635116363091e-08
4.83747358188348e-08
2.41733722920688e-34
3.43982338628704e-16
8.40113044209297e-52
7.03127633169536e-11
0.00154132663695411
0.00816517259191157
1.20719859873464e-31
0.00410359568718955
2.46413583562402e-07
0.00631757938491618
0.0031472722259423
0.0181946665505734
0.00774785066792293
1.56664917378254e-52
0.00551233558548078
0.00419169549540125
2.34486347267542e-06
0.00519257953827355
0.0135236032549373
0.00189808301024412
4.30308554112883e-16
0.00952396462980022
0.00902551937860378
3.67964112074471e-224
0.00263544351999795
3.72757043647934e-05
0.00697351826340104
0.00352921827531078
0.000524354136890249
3.3511875749689e-266
0.00280233332259188
8.85469199861239e-05
0.0143632195151478
0.00285452846747413
0.0155480410419841
0.00876432185595889
4.2177749962009e-268
4.76072771493766e-28
1.16264085084075e-88
3.39207591050135e-16
0.00590418230714455
0.0028726201175678
0.0102883743574811
1.73959061625087e-16
0.00425272241373165
0.00361936723900543
5.14881299606469e-28
0.00390987634055981
9.10164419806427e-06
3.46133855746414e-14
2.32805855130331e-84
0.00677716256291836
1.270369127847e-23
0.00250356334390962
0
1.51222545297088e-05
1.75910817805773e-09
0.000962482922944839
0.000235327531546575
0.0021411418344623
2.11505090879649e-06
0.00303863140658081
5.51925366757109e-13
1.196831157287e-251
5.49466167530152e-40
0.0100809619076923
0.00130896061981403
1.86056766414216e-05
0.0103632436690117
4.03263153109171e-06
0.0012877129342566
2.606018313207e-13
0.00345137164609374
3.81437311159176e-08
7.34077860550687e-15
5.33340677738811e-30
0.00158284673318854
3.67428789443213e-10
1.79054657977315e-08
0.0205243391066325
4.39030539533427e-05
6.76305385945958e-116
0.00864206359699034
7.70478717382362e-46
8.24316099662161e-15
0.00622813112538015
0.00128058034678804
2.31496885214059e-62
0.00454223282326266
0.00577015112314171
2.72134832314039e-32
2.34297785499145e-11
6.86466780764349e-09
0.00764741918607328
3.94471506044739e-15
0.000399745061314308
1.13277787302602e-05
0.00722686615907224
1.27329893374914e-11
1.51092393761593e-07
5.93888692919512e-11
0.00490229706465254
0.00716252390621437
6.23355796153346e-05
2.68301354081997e-13
0.00509979254311587
0.00624023483073434
0.00176014197724872
6.70151300649123e-71
0.000816461936682613
2.61564943119651e-13
9.74464168478734e-61
0.00205386875733553
4.43899716270064e-06
0.00483190578685173
0.00304103276466142
0.0152224135708519
1.17737675308657e-12
4.2771001599942e-07
0.000323220058643046
0.000105272083299609
5.57337416239053e-07
5.89768936428699e-124
1.73501633264525e-296
0.00617079537386079
0.0113169651472522
2.68381533933684e-46
0.00468359616798423
2.86284999491812e-27
0.00349945146129312
2.73730252354229e-89
8.66325630648614e-09
1.56024075743563e-305
0.00657383429501434
0.00450610802716428
0.000285767058590898
0.00245642521383516
0.00385690965438447
3.79351006883102e-07
3.92016390408717e-06
1.13031246161274e-08
3.22940989643548e-195
0.0160060070589442
5.41006793018785e-68
5.8778097652546e-138
8.70973463364847e-10
2.90268899658076e-40
1.49955116070459e-05
0.0334955401446095
8.9386240261345e-24
0.00361600905987233
0.00787401662022627
0.00901153600290178
0.00117691905874647
2.80618833638605e-05
0.0105878168035729
1.49647047598207e-12
0.000190187995263138
3.06558705640758e-32
1.12476229856799e-161
3.50093632085834e-06
1.94993936113361e-105
0
0.00501348694574185
1.47593008913922e-14
3.71354339697051e-21
1.94679946729367e-09
0.0123221540464281
1.225940216576e-13
0.00246602806931984
1.45631815370508e-05
3.16468041306038e-05
1.20357503695754e-05
0.00345089414715292
0.00141880087171201
1.77951951425286e-08
0.000963442638169556
0.00110742415468135
0.00347014844589767
7.87812838585884e-13
0.0133063418283817
1.11845504954131e-19
4.43256077966461e-07
9.06713349046646e-200
6.1046526599225e-10
0.00042891149919004
4.43770748443419e-05
0.00219031451543144
9.78392796699934e-78
4.47213668265574e-05
0.00404764852904042
0.0061858958621841
4.22574059654451e-14
1.02202911427583e-216
0.0138836624677707
8.09421026643033e-06
5.83588392312798e-06
0.01273108893114
0.0045262995387394
6.10773508643068e-05
0.00658688727138894
6.33264672191641e-09
0.00396734402739282
0.000292264785070417
5.79395479724762e-05
0.00562401286550521
3.05211830812159e-12
1.65561343321688e-08
2.81459869508845e-12
1.05830473522284e-19
0
1.28597882278812e-10
8.33192568871647e-06
0.000156992242121302
6.70460186319436e-40
0.00764125322669751
1.20123059241029e-11
9.15994115106648e-116
0.00462322846463744
1.0498089132698e-24
3.06997809347124e-44
1.00882654646723e-15
1.4316978647901e-07
0.00359062337002075
4.80132263420231e-19
0.00115974388085513
2.1304298780322e-10
8.55881777505202e-66
0.000496613167757249
0.00790838773042702
0.00137400786528385
9.36603207597395e-11
0.00738195127437164
0.00263926218752414
8.57314148325526e-06
0.00453651295126083
2.60767416110784e-05
0.00401905557243106
0.0115444921601257
1.70440382998271e-29
0.000917437073290893
5.13218404159115e-68
0.000431054373198151
1.80246927214607e-52
0.0325076021999412
3.72665928140617e-05
0.00670392012690247
0.00998894494853598
0.00029005152988031
0.0149233437598688
0.0164356762655716
1.44317301272529e-161
0.00311754550007768
0.000292560461458942
0.00591662753204559
3.73428737594663e-16
0
0.0107340537972299
2.74561448016497e-07
3.28678462631573e-70
0.0108009816844406
4.24382939396855e-39
1.71522917873276e-114
0.00760677055430626
3.59991402733155e-68
0.0103766845599229
2.96808082206184e-09
4.23931846858882e-06
6.90453620813106e-163
3.95787616255445e-13
6.02145842950998e-05
4.84018095701176e-08
7.33075408952886e-06
0.000590784478717114
1.01055649708322e-05
9.14804180824534e-08
0.00267936489852843
7.8837134049368e-08
0.000904911376091337
0
0.00218225725346521
0.0161653095487035
5.53308352518526e-44
1.09045062427213e-05
0.0154522803687196
0.00317785504300095
3.47879710044492e-10
1.85823610476492e-82
0.0198791252718178
9.76381381090986e-32
0.00433148538799092
4.24004956364318e-11
5.89642843726786e-05
1.64390059210225e-11
0.00794297291724667
0.0035292480127586
2.33738310525301e-10
2.77638610921444e-75
0.0112394150351296
0.00505477420219783
0.00326981360573948
0.00154393263158751
9.71214911778056e-294
0.0104964590075042
0.0152138727566975
0.00469023055823137
0.00607231653796319
3.96546038967759e-10
0.00499018308506349
6.25849246168933e-08
2.42844948035456e-139
0.0123468840035949
3.54712322966587e-148
0.000996124609885838
0
5.59028486880492e-09
0.00655621442897549
1.96971334803344e-08
0.00756648422757358
1.90573062373651e-12
2.07321026743158e-101
0.00576406980980203
2.05269578350792e-12
0.00559893133073779
0.00653298345784825
6.07205273539902e-39
1.57532122068505e-11
0.00614498836858793
1.1120249873845e-13
1.8474108915394e-08
0
0.00557567549545599
1.18121910944865e-06
9.74514726540727e-13
5.72757593159561e-230
7.44099528978538e-06
2.50799811790891e-09
0.00256235135711011
0.00116593632756528
4.48281902699167e-14
3.65353810133683e-08
7.38523398615745e-318
0.00430153971913346
0.0062350057632743
0.00444242924537873
0.0273436514092306
0.00440418458991348
4.65339662553625e-11
0.000369068646587033
9.27798156326145e-168
9.8895767820878e-06
0.000362187570955369
8.34588838054311e-79
0.00189088842264666
0.00749547320745248
0.00301799638672867
3.38586461789312e-237
0.000278038447985567
0.00162376327077651
0.00201343861649661
0.00351725864702697
0.0120914827303414
0.0017783429839684
0.0198931723340245
0.00181061598160914
0.00039494021277578
0.00279189880459065
3.56873785348246e-15
7.59045856930248e-05
9.70557213521282e-08
0.00124501627829667
2.17636592037703e-12
0.0189814723312418
0.000609666438398547
8.35510468656646e-09
0.0021197031022035
3.32554309651886e-103
6.97001608068243e-05
0.0133147914011549
2.24984360603972e-115
8.2324850618361e-05
4.29203784289538e-19
2.3619010022774e-05
6.3162521087326e-05
5.39251367845762e-10
1.41429452378542e-05
0.00527851402548511
5.72306683152804e-09
0.0156078359770939
0.018293580217754
0.0042413546583233
0.00869811194697831
0.00323950931023967
0.0114745858835614
1.89353489833565e-30
3.16863877698621e-05
0
0.000427922727503106
0.00771298341215836
1.75098941917721e-09
0.0132041870493424
2.76054437988796e-11
2.87509873307574e-237
1.52526714396159e-12
0.0199616663945489
0.00512087738118024
0.0269410835698463
0.0318048611798673
0.000635527762978694
0.000904559144579479
5.86616296011288e-10
0.0183629065846253
0.0249035004302976
0.0211617916070779
0.00382417954688968
0.014856905344987
2.00379343190486e-11
0.00601034064313969
1.08255075598124e-05
0.00533280814536384
5.33830749094076e-05
0.00558466211284797
0
4.07088069077317e-11
0.000484532654845042
0
2.72263836301597e-06
0.00468582907006991
3.45417346919306e-18
3.8356683247678e-09
0.00872702232389647
0.00151313326360752
0.00517166019758089
0
0.0102418448228386
0.0205611777627651
7.35576894676155e-177
1.44355199446717e-06
2.06935965014992e-07
5.89128752112818e-33
0.000575394877304053
0.0223143004961695
0.00861077153856941
4.24327861768774e-86
0.000660352663943915
0.00159043425584217
0.00766299796702127
1.21672526395937e-06
0.00523882342702059
0.00221919673130201
0.00473474986295665
3.16497280463901e-08
2.93240948629161e-05
0.00322780986950632
0.000275080381517743
2.00813382136065e-05
2.94318101004381e-08
0.00580711210680138
3.06231214184503e-97
0.00700343923965558
2.5986510226395e-08
0.00624874736215233
9.42058884142166e-271
0.00144695045051236
0.00172092376380502
6.56259243479709e-114
1.38248049906936e-06
0.00235075921514417
0.00625366644658409
1.64369462127414e-15
0.00781431281626702
4.13038515765351e-46
7.69391388810544e-54
0.0191427702914343
2.15664105485661e-118
0.000504958304594715
1.01237481746946e-11
0.000353961093707905
0.0158840210533132
0.00582700908699946
2.84961757789641e-05
8.16371367917794e-26
9.31277202752966e-13
1.40800746808015e-13
0.00017134475183163
3.42198662332956e-20
3.55098948559143e-66
0.00162807205670222
0.00672302898083124
5.63390940438982e-86
0.00353283275842183
0.0124363242183906
0.00123035817074317
0.000368774053956659
0.000102857203270426
2.57270484304371e-09
0.00460368491811143
0.00568118705688554
6.86711991635912e-46
2.53766775799705e-88
1.06609595842793e-29
0.00880828370800389
4.47057955055365e-06
1.20906461319721e-08
0.00788278200688206
0.0132943767263681
2.18272795327692e-05
2.89942886081048e-06
5.1651530760697e-79
0.000372787596316543
0.00698928717213363
0.000998855982684036
2.86301900760498e-82
1.39212888671415e-17
0.00731984471934274
0.0162311439872126
5.08983412941633e-13
0.00583856729870178
0.0217391236002495
0.00895457000110845
0.00619489618645109
0.00931850775403371
2.02762049905607e-09
0.001727513157341
3.7088966472734e-06
0.00722648883307759
4.5500957989547e-34
4.63624532171207e-317
0.00972071113926452
0.000988767039049218
0.00458246448677388
5.85265358185704e-05
0.000379057580150324
0
1.71383776877693e-14
1.92522567273812e-47
0.0116031616339195
0.0130628420104518
1.70766622269491e-13
7.30939255779226e-52
0.00465989231434267
2.23098748890755e-77
1.24456494099662e-94
0.00492415779137487
0.0139528346808033
0.00223054350571642
0.0133689848018607
2.12302998025514e-25
0.000116734894683745
4.61556231345175e-09
0.00241419420749629
0.00464906323125765
0.00132002506375616
1.78548473710116e-33
1.92729247433864e-14
1.80000326266506e-109
0.00146715832978982
0.00950484967943245
0.000697709260406483
0.00166834410260071
0.0120839862568898
0.00972630501208835
3.61503427685132e-72
0.00432473568139006
0.0129531376831716
0.000985562252244299
0.0045475823333985
0.00882876476552492
8.4619033769651e-05
2.01573858352728e-195
0.00890901001447524
0.00644290136990001
0.0102574229796888
2.99817045760214e-07
5.33914596828207e-10
0.0152716427658292
0.0260539329800868
0.0141005485154446
0.0126719954842866
0.0128795091279383
0.00793363576019937
0.0135447459236904
0.0123910913369363
0.0103769420786953
0.00848995386850776
0.00272648438156404
0.00257682975666688
0.00366951082033993
1.02569394752228e-09
0.0116912030024615
0
1.80733768493445e-18
0.00441125010171802
0.0171102940994467
0.0297595484406014
0.00126999309330304
0.0244027288410307
0.0141892369357342
8.19563516998894e-10
3.17050578135283e-15
0.000532962424717298
2.99244700725466e-12
2.19298438072161e-08
2.22125754800268e-07
8.67294440001802e-05
0.00087672035824939
4.51915745887475e-08
3.6904627081438e-09
0.00194245343319027
1.91882417210532e-12
9.61782039565232e-06
0.00549801225021131
1.79878552208481e-06
9.78985970677965e-18
0.0362299328425661
7.47863145200028e-24
1.655809364757e-06
0.00184449680604503
1.12374152518275e-06
0.00508507045343989
0
0.00854108370025227
0.021253951947536
2.60391036782544e-06
6.49280208382852e-68
3.83814721623845e-174
7.71188011506949e-12
4.80858322846404e-14
0.00011651258636143
8.53152429281301e-05
3.89995814778596e-30
0.0189584412301523
5.06000024830996e-06
0.015324629706197
0.0109733598662953
0.000177573379149479
0.0126655319630693
2.90050515884471e-05
4.93121638719714e-12
4.04205117353443e-10
0.00260631375576806
0.0141960935365225
0.0266702637719903
5.46455830226034e-12
0.00150569660526274
4.58388877081041e-09
0.00219129416828829
1.29833298632483e-77
0.00419859085663898
1.52610876701515e-13
0.0111572821149457
0.00919751676450233
0.00571094004629234
0.00607946564888855
0.000190606115002717
0.00392168292949351
8.26080573464365e-11
0.0170267465551233
2.24132792105288e-58
0.0059791983205134
6.07814365314572e-07
0.00547162162020076
0.00136222562995425
0
0.00687184433354896
1.37267444318961e-113
1.19717832282397e-43
0.000237994027964875
0.00316156538559414
0.0152476322330576
0.00284491187460163
0.0157244353230334
2.40924976064009e-61
1.97551280709787e-07
0.0124869382821075
2.34993856291346e-32
0.00491072680254162
0.0052692359262132
0.000705036924162904
3.08403456187048e-05
0.000397860471982615
5.93451717371297e-05
2.12708128186673e-10
0.0117982323217524
0.0102458137973769
1.14838947599297e-07
0.014974102409126
0.00227067117486267
0.0165214727224611
1.85560396375021e-05
7.35664283087399e-11
2.63798626875502e-93
0.00223648166606923
4.49239169295458e-13
0.00650634996313394
6.80888687458099e-09
0
0.0105455012653627
9.22944486691814e-05
1.5538027587361e-08
0.00496265833785253
4.2373227179789e-15
2.08477644207061e-06
0.00552445819309794
0.00395414738556332
4.12819263545938e-12
0.00701305854600589
1.53239498307082e-14
0.00482905230138919
0.00621104746213292
4.63598710569616e-102
0.012519359089173
0.00726608149621189
0.00956132088970283
0.00337554625259015
0.000533897730427515
0.0127063797143707
0.00962302390082496
6.16294374868311e-67
1.30187124951606e-183
7.46908850269973e-11
0.00554205542978045
3.57400350903242e-86
0.00945813565378452
1.57397925834907e-38
5.98810932765851e-07
0.000452897997354299
0.00364859892669126
0
1.42169816937016e-25
1.38904931214191e-308
3.73781731092487e-05
0.00523539680665015
0.0017769876738116
2.38360826252874e-80
0.00511265678691405
4.62139112386856e-33
0.00714531532693872
0
8.11802411806245e-263
4.97675893388201e-05
0.00326472791718168
8.96992847466294e-13
1.92595567914765e-29
0.00431172647923698
0.00553484015244372
0.0106487800457798
1.36686036529377e-94
9.6072645458205e-129
3.69468363186553e-08
2.01850164353584e-08
4.9004563662946e-08
3.30647832585329e-112
0
7.51337067484689e-26
6.01881735517876e-09
0.0014152278237158
0.00122826088569843
0.0053174319118227
9.23828724978329e-106
1.41198052530368e-05
8.43631348925671e-06
9.60733977231851e-32
3.67164906198263e-27
0.00155695322667465
0.0151509721303129
0.00377336442235996
0.00818278838127435
0.0305028205578307
0.00474944105701577
4.70717086690013e-09
0.00247059541353221
0.000229819143130423
3.54197096680472e-13
8.70732544624061e-21
0.00142385590462806
0.014162973243862
0.00871229335994577
0.00743631983660347
8.21315729353689e-05
4.01062509451816e-12
0.000863257395851345
7.5075350141015e-43
0.0311747806456079
0.0056338484812874
0
1.07448851642449e-127
0.0140933529351917
1.48314642256855e-08
1.42365092529649e-06
1.04412692352773e-19
5.40153135697519e-20
1.77204078040928e-38
2.22097541390371e-30
0.000193284756674833
2.26974806942202e-17
0.00498107053773315
0.00660671362166259
0.00736862660591786
0.00169299742417443
0.00530478187899423
4.81889602804357e-20
0.00455831011977402
0.00537414224190589
3.29683982078848e-10
0.00060157521420892
0.0258741330009149
6.33173713971836e-12
0.00747279653590537
0.0140777075923979
7.84319413188454e-17
1.27624601174722e-13
2.95542417487856e-09
0.00459929122663944
4.96063260638824e-05
6.48101443921745e-12
4.44127224579276e-08
0.00466451044059249
0.00649167456959282
3.88626744613568e-29
1.98969814878557e-05
0.00500646343724581
0.00509284612122617
9.07091642002834e-32
0.0021692784795286
0.0158064624882393
5.2833278477199e-245
9.80915601450398e-09
0.00246900038745769
1.0456940020879e-09
8.02116862567202e-07
0.00109710371681251
0.000845580824640275
6.73148826673664e-85
1.02318585963279e-07
1.30169281618773e-16
0.00519991598205242
0.0220840432602837
2.44745561510233e-28
0.000801124109702475
0.00323111643152794
0.0109653351408543
0.0193287581180655
1.00720262463373e-22
1.63642039051152e-09
0.000380246825317623
4.08946933633517e-05
3.34123467568571e-06
0
0.00607734891016878
0.0022941460924785
0.00055970144069836
7.96573343878349e-07
0.00134764733643445
0.0255169750682099
7.22435729721438e-08
0.00237113868074512
1.90411859993185e-09
0.000457238679378768
1.42299324134139e-14
2.03097012399132e-07
1.32544010329432e-11
1.16052630987078e-07
0.000247270137178677
2.11094404558928e-55
1.86869638485008e-10
0
0
0.0372955369363431
0.00458610665845865
0.00707818937787965
8.16993732058747e-08
0.00646968129666336
0.00748637621785677
0.0134179469501319
0.00174297820269613
1.06318345813107e-42
0
4.03306767233955e-06
0.00561138727765804
1.1047978435417e-182
0.00296724218427897
1.73404860218564e-12
0.0319735506504912
0.0138743287433804
0.00211164916113961
2.44896113744066e-14
1.00152160296281e-07
7.77343451078469e-06
4.57226833515364e-05
0.0242321650125086
0.00670514195238358
0.0090625175810911
1.12365665867227e-55
0.01202347831383
8.76761765437646e-07
0.00423323259009852
0.00813228721476154
0.000127836290861814
6.41443246743882e-07
1.21702852731761e-06
2.23253854098086e-10
0.000390225483719096
2.10357946762203e-86
0.00247953249960484
1.85015001099849e-09
4.15006606888123e-09
7.73810762332885e-05
0.00302579243918579
0.000376474939321687
8.123910667661e-09
2.1528129516148e-10
0.00441303929441084
0.0155169876597177
3.74333656877569e-111
0.00268030005548946
0.00758986054792161
2.12330864451309e-60
1.00978159076162e-06
0.00514018390137261
0.00197893309012803
6.85307198412135e-09
0.00119908480242704
1.25207124305379e-05
8.44674531501789e-104
0.000955829280183703
1.65594850345941e-16
0.00311202114014498
0.0174951499601793
0
9.96871841044155e-11
0.00576636324856179
1.80635664989602e-110
0.0160781479059262
0.00460482958158028
0.0193398367972581
0.000159177890068483
1.65320968981106e-71
2.28944357562469e-07
1.53824548329128e-16
1.69682167236299e-09
0.00644235248928098
7.08967454613242e-06
0.0106316082501052
0.00367711866484251
0.00526394061746379
2.25157752033523e-05
1.57755227996341e-05
0.00212198460291521
6.85615407260198e-07
1.29783114581808e-10
1.73826524980308e-07
0.00289838788484405
9.85898424231269e-08
0.00668130264156385
0.0143266996986569
7.33340194915725e-05
2.47761180060245e-07
0.00147567730727302
0.00913038318394424
7.32595660422393e-05
0.00169118835758744
2.89651673617493e-07
0.00541505744432657
1.64546536330053e-07
2.78239271547915e-64
1.12690778172462e-19
1.00176299382881e-44
0.000415944241264797
0.000467543323635942
1.0419010263345e-222
9.91123601639244e-28
0.00813866135059706
0.00477645668224825
1.24771382313127e-18
0.00857932994451595
0.00892346823157874
4.87142739662446e-162
8.38768363247443e-14
0.00369058559696972
0.00937462042265663
0.00261562373565699
0.00532657970212431
0.00329845787555902
5.50657222241115e-27
3.79862254523563e-07
0.00377050931652338
3.79766732188266e-19
0.00938437373420126
0.0177914528370767
3.41368315929914e-12
0.00922425550700867
0.0101969680127732
0.00806457820442919
0.00468334540916052
0.00235142683823577
9.77274765728787e-06
0.00289008599770255
0.00898353013430101
5.01469249715253e-11
0.0102608945272171
2.18688603205115e-06
4.31484128018462e-15
0.00881475996351552
0.014961770899612
0.00064574137918459
0.00283034791819632
0.00116047143441046
0.0145320927508644
1.15341259909707e-269
0.00393237166150198
4.76197797117238e-21
0.00360136655467547
0.0264962995769632
0.00900624504296893
1.1183749427672e-196
0.0227189119111739
6.12969852862595e-07
1.06319062486475e-08
0.00389604225339945
1.84752544006289e-41
2.62618900094449e-26
0.0238122772527032
0.0205646680402884
0.00129782915812468
0.000763516920258526
0.0181818181818182
1.16802407230365e-37
0.0230772806298297
1.64188065673315e-06
0.031190159574556
0.000342006580937576
0.0022110672348296
0.00918279286003514
0.00519292506106188
6.06649708136095e-16
1.9143052015159e-05
9.07141448004995e-12
2.09706746896485e-08
0.00577922092096571
3.03043056064606e-82
3.514752329505e-09
1.0984469443512e-61
1.7483027751779e-11
0.0133830954724074
5.34430101838949e-183
0.00294999827548891
0.00525512818312488
0.00614535739710798
5.94793175121047e-14
7.40758837997162e-17
0.000612975012922026
0.00111524430434571
0.0211457157471422
0.0197760937698716
0.0184012667920381
8.2495293089841e-21
0.00670992536655353
1.74003352383187e-08
0
0.0099762459356553
4.29618676510433e-08
0.00189637690146467
1.70521009236488e-10
5.41776541149324e-07
0.00140250891861605
1.10065142243553e-08
0.000200310346798698
0
4.15699062363512e-80
1.27322677344004e-31
0.00305334334614696
0.00664344838475779
2.65203170141922e-27
0.00644167683519193
0.00951916742758099
1.29382723867174e-06
0.00531883952777604
0.00570713763178888
5.44930368652955e-17
0
0.0149678115161638
0.0100261461311897
0.000106713540240722
3.73432545449447e-14
0.0130885812862109
0.00623482909089076
4.3277979722256e-65
6.36191883499703e-15
0.00688572009473208
0.00379195120216904
4.15486362604165e-05
0.0178769917238013
0.000148559137735854
0.0106079459364796
0.000347758557587764
0.0234856560693352
0.0102143739956277
0.00623225414277056
0.00717201358840007
0.00866505288446336
0.00480534416820687
0.00534968200079378
3.96795472563813e-13
0.0120251486208932
9.01803198812564e-07
0
0.00883987866747852
0.00694216409791398
0
3.32437006547562e-05
0.0205734362865155
0.0086821217530255
0.0125607661731045
0.000391606826229369
5.94760407410282e-05
0
0.00557444770399697
0.000337314042614982
5.21486517200519e-10
6.22552983294018e-16
4.20341015769941e-05
0.0171549757379795
3.37924072196817e-05
0.00372991216713922
0.00671660683346533
0.00114167352184439
0.0144266037375822
0.00313681698107063
9.62188098187548e-07
2.7319510816954e-07
7.64370398189860e-11
0.0133219443365462
0.00316591789018959
1.14705739887543e-05
0.00152231575735825
1.27316761351973e-45
3.66995641905959e-06
7.0045929234836e-184
0.00466863259447751
1.01505071160025e-05
3.75427892319925e-14
0
1.66699509193517e-144
4.51613526399273e-34
0.0212349123945279
2.62142251922416e-08
3.62008082117568e-171
9.05148492342232e-20
0.0103253845307104
3.08549243644103e-06
8.499856854309e-11
1.79254562473529e-06
0.00591693804810882
3.7495146861198e-08
0.00348625525558289
0.000442472798590301
2.74944982509924e-11
1.14537494047789e-41
3.71566577275144e-40
2.52177757857016e-07
0.0106728467447528
0.0113987459478841
7.97621376753116e-05
0.00458006092440661
1.25473525209272e-46
2.13944275994017e-06
2.36542427467705e-11
0.000136493922633388
1.33098017257631e-09
9.30280060529519e-14
1.54384584674341e-313
0.00221173794658078
9.8274012719311e-07
0.0114652652032743
4.62327070258067e-08
0.00388621058992588
6.62255437383009e-05
4.11410490638321e-14
0.000183299105720121
0.00196954793755359
0.0175987848268167
2.93971656839335e-11
0.00211360260400498
6.96575816866765e-29
0.0109220129613301
0
4.79106496203128e-18
1.02942939712887e-06
0.00803715433762935
0
2.11345840605123e-07
1.93869386754963e-150
0.0204103890381272
0.00899480284031481
0.00914013920730163
0.00204469385708676
8.97386686076295e-17
5.71357464273543e-85
1.52445775034439e-13
2.08189022745788e-26
2.74752321574802e-07
3.06150113142161e-07
3.94571059895157e-111
0.00975560975926078
0.00350922181592627
4.89764424474846e-06
0.000926479441248971
1.54486790814246e-41
0.00163483424554155
0.0176460071485931
0.00996003621686233
0
0.00322166292076005
2.28571826896807e-05
1.02382424950209e-05
0.0016219144512839
2.21834187454976e-09
0.00977826865695514
2.81935662870944e-07
1.68800803374774e-10
0.00046311351945822
0.0116548849602633
0.000500390754294578
5.55640631562046e-11
5.37454881095117e-39
0.00843762330488681
0.00871277468048224
0.00828395292834093
0.0222222222222222
2.11845248256603e-05
0.00366820790109346
4.49815570438253e-07
1.1023017680609e-07
0.0104009327212653
4.67861337520304e-07
3.08035933177351e-09
8.41564984075537e-11
0.0117478778782322
0.00653948962052343
0.000119529505260061
1.68126260197952e-09
0.000488327115953198
1.15544132133515e-10
2.31861917650851e-265
2.74272868538377e-05
1.6090190247207e-08
8.00568294388004e-08
0
0.00102540168810121
0.0127492718368012
0.0072898623095576
0.00831047672533406
1.44504669394051e-94
0
1.29474365271096e-32
2.09866043965822e-30
0.00538314868102597
0.00155757980853793
0.00446743766341571
0.00546014560451678
3.30277154023014e-05
1.92520866212161e-18
0.0192122936151894
0.00225185854434111
0.00684432830000488
1.86867862527369e-27
2.62137103930249e-11
4.58053284126252e-07
2.77227681305275e-28
1.2375532240267e-54
5.77897776543984e-162
4.29447436236085e-05
8.92290739065467e-08
3.74829409228936e-10
2.0495093598802e-38
0.00352400730196265
1.42115428691187e-13
1.21356421656783e-08
0.00373317718057484
3.57957286240005e-07
4.12409349188622e-22
3.66587638815174e-18
1.13128399337306e-09
1.98153529998994e-110
4.93249151378588e-37
0.0028553078470989
9.80643976751371e-09
0
0.000366988981483314
1.58648793256938e-08
0
2.52078527704763e-14
4.66344660166766e-150
0.00257892390265589
1.18367357092661e-05
0.00813070198666372
1.23662092333838e-18
2.34603583971667e-09
0.00252106359807549
8.81043000198738e-84
0.0113047566381112
0.00786937300170355
0.00648613079557519
1.20161521770163e-09
0
0.0048816550824201
0.00551215988894349
0.0116424710714875
0.0168204198877037
1.39004272352293e-50
0.00285279806183622
0.0102519983476039
0.0021856197165018
0.00381168855252576
2.10557080843261e-08
0.00763106141085911
0.00593443063587327
0.000129647343004295
0
0.00335518144574635
0.00768146421757663
0.00825028449054946
0.0119232672581632
0.0079241566741934
0.000773847438185123
0.0135237571851473
4.19531364660252e-23
0.0145256929561008
1.24358041079548e-15
0
0.0251871971361009
