0.00318357993890228
0.00368865377010501
0.00365611819197996
0.00462615834913222
0.00390237772802824
0.0019552282363678
0.00406879182873819
6.09493752430897e-47
0.00398031646570951
0.00423427799767108
0.00382471909862797
0.00146812490919715
0.0035912427686172
0.00337512264651429
0.00259379361864133
0.00369543296499506
0.00285558295831458
0
0.00325045500373556
0.00451237992772798
0.00345042980976217
0.00465205462587583
0.00298699220880751
0.00429387054264691
0.00363621365270124
0.00489613922875473
0.00370960360093054
0.00292921011191972
0.00385108836898321
0.00382469525735732
0.00359377834396919
0.00129729012549135
0.00398684884986646
0.00376329347463944
0.0046620044042603
0.0034151725309822
0.00361756494504611
0.00338736594894427
0.00448874227639205
0.0033862458578528
0.00348909737228749
0.00344360508214987
0.00469487504119674
0.00284048406883698
0.00389129957142595
0.0042543840799391
0.00437935707448042
0.00421501508122814
0.00896230904276446
0.00289945997882891
0.00420326210355926
0.00393069615139686
0.00448428527442225
0.00306960294995575
0.00319502992473439
0.0526315789473684
0.00392959378610126
0.00344101653260996
0.00360306604576412
0.00318519757242044
0.00382684338492329
0.00290469355576394
0.00469829510194636
0.00510874090020613
0.00147701507267727
0.00315542727842986
0.00396679628760499
0.00387723453306678
0.00388619926712426
0.00367472558473765
0.00381030040103714
0.00406291663444698
0.00387982428973941
0.00423990059481826
0.00500967135137349
0.00343462369092922
0.00310184200749102
0.00423822891849896
0.00355099236156204
0.000409736849576757
0.00317574961519614
0.0026011000273328
0.00578240249219952
0.00361826164502097
0.00498295406763159
0.00291561455511362
0.00124391697567614
0.00381828903773586
0.00204871552304252
0.00445984360562164
0.0031146640981551
0.00400368230649917
0.003046250260304
0.00343800434206751
0.00361358392571275
0.00393719115297659
0.00383353491930919
0.00450772213218413
0.00399071379486394
0.0040745108513801
0.00130326918515789
0.00577513274643268
0.00363825949719633
0.00674285495008765
0.00321257035831669
0.00295404017803583
0.00332973194268791
0.00288804894296113
0.00249449072984027
0.00327575191710279
0.00239775742768905
0.00317056208542887
0.00414835287183576
0.00378032889104871
0.00384409287555124
0.00408837593860161
0.0039058911575482
0.00344617763212495
0.00441552682180872
0.0125367831203162
0.00970711535676748
0.00331252158758302
0.00325574945771596
2.17832518490045e-18
0.00492226968546469
0.00416278631792279
0.00534332989809981
0.00309770922927564
0.00412516950760843
0.00416659060192518
0.00327014666235866
0.00256560551399329
0.003227148307376
0.00439789632157547
0.00339240146532655
0.00281654173256122
0.00244092142374873
0.003925038946088
0.00190481491763085
0.00345123999764472
0.00393610088254541
0.0041395012489217
0.00575458375875398
0.00374240790633416
0.00445234190793222
0.00269951337809864
0.00300163859205495
0.00327384697917041
0.000144045923014505
0.00505379522888488
0.00330908708874882
0.00376258831538652
0.00421681300990528
0.00401056166386162
0.00277220596029068
0.00317774908147634
0.00490024657303758
0.00348550327635199
0.00423497996970748
0.00453459229821931
0.00375173631628418
0.00355355211998508
0.00685913063160611
0.00393564751399925
0.0033553583206767
0.00301508522212822
0.0053683716612584
0.00402013169972923
0.00348798572524733
0.00221108402849397
0.00382776927162855
0.0032323352756988
0.00347442439870105
0.00463221017065783
0.00287922880093038
0.00613121912403962
0.00374892116732328
0.00513223633044547
0.00434106603132878
0.00283338793401823
0.00514355780346825
0.00418486467894971
0.00346985223893755
0.00216045334972352
0.00379956483724794
0.00514936369761857
0
0.00294750106024778
0.00379958425727598
0.00399640922986929
0.00444199105121874
0.00492289563102422
0.00280349680636836
0.00799368701807486
0.00385701892148769
0.00396842049442512
0.00409713577552558
0.00313836792528799
0.00354260633967922
0.00339553956260101
0.00401332249659308
0.00776479237770032
0.00254471062122081
0.00373120485890856
0.00403002200693747
0.00445798297832972
0
0.00376804506029936
0.00305517039069918
0.00448308571853391
0.00410907330106431
0.00343478177059888
0.00445569748949383
0.00459250752712703
0.00398453385532891
0.00412229393994711
0.00381749609888641
0.00360409545272436
0.00370277921910566
0.00362580697834026
0.00329265129390463
0.00301070844230715
0.00357778381366215
0.00405570237769527
0.00382864154668383
0.00406488923100734
0.00441767618263765
0.00313076633536447
0.00324291161219709
0.00359346700802297
0.00229193737587368
0.00451436002123375
0.00481845822383161
0.00373941344029513
0.00408572550358585
0.00810572928094453
0.00301411475997753
0.00359301588524821
0.00436385321610962
0.00464650939591283
0.00389346495050391
0.00260113016223776
0.0033985003525908
0.00533985572518602
0.00357182116328829
0.00301658172406411
0
0.00319281945237839
0.00451145345503002
0.00306587507376839
0.0047753749367837
0.00359301481712014
0.00444186881691164
0.00394881587348395
0.00311736640959928
0.0227239057035182
0.00480564177932979
0.00281357150509897
0.00315005765144538
0.00244635217114949
0.00319983127156768
0.00328802707884585
0.00345964328585006
0.000791440979333665
0.00388307574007528
0.00266681427808858
0.00265487752698637
0.00620845377080386
0.00397155608326431
0.00215484763787373
0.00299334738287585
0.00417757276927278
0.00524902229735559
0.00555239558509092
0.00533398884747982
0.00357403806882515
0.00483429685612433
0.00477982736299871
0.00353626508391284
0.00341883727789873
0.00375748740666199
0.0041973924214133
0.00362655301276643
0.00437386075579801
0.00351050033398885
0.00458892624800633
0.00769328770081663
0.00481439786313767
0.0109107899321855
0.00417667959671981
0.00313785053868765
0.00370087967476441
0.00391120154566779
0.00401991455403643
0.00315347124587444
0.00485785141436439
0.00491285227751614
0.00464387736191167
0.00417833189927136
0.00377552149619812
0.00286152906365138
0.00373102689066911
0.00473361290130911
0.00356634230528663
0.00285935271117552
0.00288527629156519
0.00266553162043988
0.00305145101252372
0
0.00326192891965064
0.0129874499482725
0.00290467854827251
0.00371696748960583
0.00227581651955075
0.00256755568643294
0.00323249297313076
0.00400343899262278
0.0031882276147334
0.00338758909997186
0.00425587725010922
0.00380118422960536
0.000408228022390641
0.00377007502232874
0.00303303168634972
0.00283549327023399
0.00359795132400431
0.00364744973145629
0.00317621326379845
0.00329116321280052
0.00299659849647542
0.00345782194726065
0.0044585711254157
0.00334721167086744
0.00049456780634997
0.00347163940135143
0.00431927604062182
0.00495312464725582
0.00350951272227801
0.00341665178028199
0.00335032688843076
0.00421516501998394
0.00446883900027611
0.00332419960620576
0.00349093030108882
0.0036520510050214
0.00316626884523834
0.00326601857057307
0.00364854895373099
0.00603212153951005
0.0041971587480074
0.00325597326094833
0.0047273463733542
0.00309054887974731
0.00281354316756052
0.00406388268481521
0.00267791905850924
0.00405613230805362
0.00319061031761864
0.00369980594604041
0.00395211866177577
0.00263148383690097
0.00291368274006995
0.00424380599529251
0.00316427439893216
0.00634881356300909
0.00471134875790632
0.00327872912865791
0.00499630659140734
0.0044020242712191
0.00302990468408608
0.00215726039524042
0.000562172719657454
0.00304628852414973
0.00309617978103014
0.00443429773151717
0.0069930545597702
0.00268879747885241
0.00351489680587323
0.0016126224622786
0.00394292629359734
0.00341870978591726
0.00316570626148172
0.00378378666720132
0.0039375747947167
0.00290431341518177
0.00401104876183652
0.00263352672102858
0.00406610659548282
0.00445250579174351
0.00328613156387847
0.00376402623425397
0.00388975758256334
0.00396614041212546
0.00460003586055327
0.00335516903090568
0.00353549058563712
0.00359770991129879
0.00231314682560793
0
0.00479202123309449
0.00364623721845251
2.53349406148859e-11
0.0031599281695162
0.00404711363073146
0.00561604588684109
0.00382178789766091
0.00383774340096902
0.00330962939311471
0.00288242535680661
0.00588721451981331
0.00258542009588561
0.00400914583189146
0.00364195671037873
0.00142349122539169
0.00336177648670462
0.00268841391224586
0.00309063653175384
0.00378219230224609
0.00304157149124603
0.00330373633916306
0.00512728464571574
0.00390473003275331
0.0044972171921978
0.00585835629873891
0.00443675936376369
0.00372121006869557
0.00283890287049308
0.00381274208811105
0.00325181488562028
0.00328075192928598
0.00288471713551237
0.00309369229747279
0.00450901682819634
0.0044041321768064
0.00501375515394328
0.00522506275186749
0.00354781300869967
0.00310867534778181
0.00370392138689624
0.00294199892460117
0.00305606501606929
0.00338228590635301
0.00316622511078324
0.00213628749352204
0.00394682689417155
0.00388905777164237
0.00261036912582183
0.00318478569447507
0.00466047662703474
0.00368259056453037
0.00315249311065247
0.00329143670510212
0.00432895087202718
0.0118103042136613
0.0031872787678587
0.0032304486882124
0.00425087607769612
0.00473226912490392
0.000493355178227553
0.00337749941167403
0.0028413626727658
0.0076265773974097
0.00467291490254349
0.00419213634622205
0.00374083095162904
0.00270683868354044
0.00392423769131376
0.00323170409324086
0.00356344733260581
0.00327938595976081
0.00342501090653142
0.00337595605530357
0.00352404823846358
0.00254585527339055
0.00387138350476641
0.00558187796482793
0.0033411366499275
0.00408474239532644
0.00380993784809375
0.00303435024949627
0.00254899354606262
0.00310520095640072
0.00420096166035248
0.00441883922917216
0.00358835891921417
0.0040499003629582
0.00455965461768664
0.00481897598943905
0.00241712843096491
0.00339511435270197
0.00290825974832487
0.00398534853910371
0.00393130704582321
0.00522342722422769
0.00290900423527524
0.00379611844892557
0.00329405906649727
0.00344897011972842
0.00543523660587613
0.00289825666852558
0.00363216162274384
0.00266836513123696
0.0027074636776727
0.034030446177736
0.00265448572684375
0
0.00374900195078192
0.00329816005460177
0.00301461821344104
0.00748930139635434
0.00338966111419575
0.00373646654444283
0.00323152387252722
0.00418209673343058
0.00322581091214338
0.00403953796561523
0.00311759019165695
1.48738929085508e-06
0.00242326842477619
0.00396634076902319
0.00439787396002037
0.00356059026487624
0.00341635396761794
0.00341082117812671
0.00282553474811507
0.00432650334477069
0.00471713239490036
0.00307439298268042
0.00400131718372621
0.00315968140797136
0.00290244111721192
0.00567042115508045
0.00709538139183627
0.00382230463836322
0.00569987944488441
0.00321525231006367
0.00330699402667426
0.00362199792805473
0.00466117070736318
0.00443450051550616
0.00339590401282366
0.000726184857799688
0.00263941242393371
0.00324464110298959
0.00373040745711325
0.003924906282903
0.00401164529308233
0.00344979496922176
0.00343590582098919
0.00204828653157389
0.0301499236894684
0.00416800483199654
0.0034016492790534
0.00288449331104024
0.00460421518079405
0.00550814749093648
0.00339963033427246
0.00443356063652383
0.00470268776756266
0.00520509824982809
0.00281331541455947
0.00409651074140443
0.00392936492141185
0.00323697233140965
0.00262695923927777
0.00499374403891758
0.00289901671312635
0.00304063065394282
0.00309317298201993
0.00299252321505342
0.00497763162313047
0.00339513498414311
0.00312126960649566
0.00297326823102901
0.00285332078441467
0.00362451586778275
0.00294165303677994
0.00102218423302256
0.00435878080045278
0.00273633557835041
0.00329791498621528
0.00442227901701375
0.00435356437246317
0.00381023989239165
0.0055743402890386
0.00240784591781119
0.00360578299018604
0.00295900138069141
0.00459885135222892
0.00354275207464536
0.00449591004689466
0.0074224581116085
5.72241213207037e-12
0.00325501422287843
0.00393928090521819
0.00506640462906149
0.00415590007227338
0.00365961417941485
0.00411128641182768
0.00518164914931248
0.00371572593131144
0.00476312057878949
0.00433936370522321
0.00474958273187335
0.00418426454622448
0.00392351848758373
0.00330721426379791
0.0040686468871293
0.00307593191120566
0.00251410234679505
0.00367000544777645
0.00237678566397187
0.00285052337261315
0.00435868680239359
0.00343350520217345
0.00248131905259027
0.00371371998741869
0.00318657042029365
0.00357634463523917
0.00353983740693791
0.00295400456262556
0.00364815808124318
0.00492596008564801
0.00276402373752201
0.00433005851158216
0.00469653802790713
0.00370813393479405
0.00271592307110024
0.00346086967946787
0.00326131262390845
0.0034192772133136
0.00358994536317425
0.00323287168293914
0.0033352084989466
0.00203449114935003
0.00455014800488964
0.00637579482364358
0.00391912892649088
0.00387410122413371
0.00335307507715885
0.00287737758065976
0.00487394220011515
0.00410625947609915
0.00387317017883812
0.00315046702212774
0.00218229970293677
0.00378298691837194
0.00322046354229183
0.00308593815091031
0.00203143541330828
0.00201303220748793
0.0045291557743309
0.00251753115021407
0.00399137550889264
0.00284929458386386
0.00334491523784536
0.00342839159519927
0.00430371081239799
0.00389796718630026
0.00512625220380881
0.00339254233271216
0.00308670479658175
0.00221692368577052
0.00378756274272751
0.00383731890317562
0.00380675836590006
0.00510631885911397
0.00316895092795997
0.00343387425703019
0.00211332621354353
0.00312677017303366
0.00357129465406422
0.00312502652785464
0.00375457119146995
0.00391893223563917
0.00384367733498822
0.0062515865071597
0.00457617126586571
0.00498055718172463
0.00551298653626966
0.00329960472096358
0.00299303497614087
0.00397280833438449
0.00365127498448876
0.00438911806987145
0.00561302176077057
7.18286053546588e-05
0.00273127914384273
0.00305097944783093
0.00373780846527771
0.00256200056842139
0.00402158031416302
0.00333272242195126
0.00390284771284872
0.00325630299877401
0.00485140146865454
0.00471140734198079
0.00299428326258117
0.00258914129195699
0.00346400784442083
0.00317436767540496
0.00340383529403906
0.00446723925294979
0.00592365291384552
0.00400444443344327
0.00345529720656631
0.00345669812785759
0.00309246926287756
0.0038055515295296
0.00309700768974415
0.00358092211950535
0.00480705788833828
0.00344393860829619
0.00439361336618028
0.00422224891859421
0.0114128321597577
0.00213087394671182
0.00364091514007638
0.00609138202784017
0.00348378455650213
0.0118299153782173
0.00339563524221216
0.00345540530468884
0.00341329673049569
0.00359681035295995
0.00246073996790201
0.00423857784585856
0.00327383458849301
0.0036175132836538
0.00384265057891574
0.0034837344428036
0.00262514458076651
0.00436609461546224
0.00691175338979121
1.08901382585584e-301
0.00332005702352202
0.00295324695871042
0.00338121396000719
0.00456388386818169
0.00354546111682027
0.00295557623688343
3.16311993809264e-05
0.00343254854892973
0.00364714036059917
0.0038178846745042
0.0035785754127527
0.00426323410119532
0.00231363335237051
8.70428923051149e-06
0.00405688339797115
0.00174947232313217
0.00380069654938087
0.00297268431007105
0.00891092883314526
0.00368906381356027
0.00435249228348043
0.00338629114140665
0.00225303475798256
0.0048042557574186
0.00351381947618608
0.0026589010427879
0.00337504181061708
0.00397737186215461
0.00280431846146429
0.00419675648460582
0.0052394847413193
0.00318605388117107
0.00382262691411754
0.00395355609657194
0.00517698943789904
0.00122407706455262
0.00397974640157937
0.00505902352935091
0.00214245609750063
0.00457376104371156
0.00313903949545597
0.00456828399639387
0.0030761346500578
0.0033223703609337
0.0034830915835616
0.0021016225091934
0.00465109799265889
0.00333877761531855
0.00424388513610566
0.00391001517380752
0.00324330066548818
0.00225637475681818
0.00395933798124066
0.00505342057195357
0.00615782984800396
0.00118539894971945
0.00384185191171875
0.00389052478539716
0.00451232165774237
0.0039574366045517
0.00390421935533663
0.0049552415301747
0.00469151659673156
0.00321884458196909
0.00385879864247686
0.00435015827029379
0.00606004633941293
0.00360458846782363
0.00386458297952148
0.000153111963197631
0.00227517508211119
0.00469304540421576
0.00422754351426822
0.00297342420973257
0.00435085856325535
0.00371992230526908
0.00382792308705531
0.00168128202292547
0.00488579512070587
0.00404994623388119
0.00321972762263444
0.00294788970327453
0.00314533293461279
0.00387794963839644
0.00392463647210572
0.00142944130962766
0
0.00408144215070536
0.00280670399262494
0.00297452780815302
0.00411320979133244
0.0031889868596569
0.00515768224603869
0.00294949525239825
0.00434538755496337
0.00486880541377023
0.00294409571249026
0.000598424018048726
0.00338907757594842
0.00531947394019334
0.00365767700867663
0.00228134748680617
0.00524933963604355
0.00468689923446553
0.00435495830247649
0.00272386935168343
0.00316157873118914
0.00297730008714818
0.00405889872404785
0.00313137835171204
0.00414990712098744
0.00488214820694243
0.00416648054583279
0.00469925526665281
0.00419723019890004
0.00437315275440221
0.00291375589351714
0.00271127686445018
0.00326710239430018
0.00376104605811225
0.00359749839593922
0.0029908241037182
0.0036415916227611
0.00259908156161931
0.00386818704483923
0.00252031600971797
0.00345277820614153
0.00414484410061683
0.00389616323453069
0.00329275309442749
0.00315269266106505
0.00318373456188595
0.00135895548273168
0.00399783554119531
0.00373758671217169
0.00468752476416363
0.003359044241959
0.00347492850201345
0.00599841842276768
0.0041814961580695
0.00477087258984673
0.00297687546900779
0.00412183222884832
0.00404722252724773
0.0037266084726713
0.00356167823064058
0.0030958665121967
0.0140712636304038
0.00344967614416213
0.00425568736180336
0.00413736570229782
0.00273024960632472
0.00278374623963669
0.00286860969977103
0.00343109758668005
0.00404537181914042
0.00314793082993637
0.00478676262917828
0.00929941717194338
0.00343600673601635
0.00327771320605662
0.00358344755412337
0.0120772226228267
0.00361300466163911
0.00313018632172302
0.00374358972927371
0.00373280172086319
0.00435161896750659
0.00141619076351048
0.00246421862605675
0.00392776084233305
0.00429989550566217
0.00737375830586837
0.00881143960157755
0.00387101016315082
0.00220870938286068
0.00143160587199802
0.00318105932684674
0.00348323014345683
0.00463430918385237
0.00504925456350532
0.0049311249938515
0.00350955935102208
0.0026125275995469
0.010127176846723
0.00517593982257153
0.00400706889468536
0
0.0053032936190834
0.00491245800241112
0.00561559659460969
0.00330026077379683
0.00389148036886917
0.00403860453760125
0.00339240820493024
0.0038724924354138
0.00308216165595139
0.00356361847086525
0.00336498946241405
0.0027674294582228
0.00485151501766885
0.00401158066140109
0.0037780096174006
0.00290471224513795
0.00354881832501003
0.00326651447310776
0.00339180936224249
0.00340836955201049
0.00320521582302225
0.00345577017133691
0.00287244093106719
0.00298531565685379
0.00339140151257056
0.00651607830830462
0.00365380556688019
0.00353047736352329
0.00508493743208147
0.00378446130302103
0.00154619614492147
0.00312876454469679
0.00304496089860888
0.00302355081040326
0.00414505922633427
0.00242997956269848
0.00441144298709782
0.00366169583148413
0.00277621680861954
0.00312328944167293
0.00251179868965525
0.010720350229663
0.00295759876482121
0.00286914069436062
0.00394212188045625
0.00431986927392796
0.00483947741640588
0.0106439882594638
0.00314890736412825
0.00386545621301672
0.00486447238996685
0.00199225663018294
0.00369599979502333
0.00436515434916025
0.00343823439035103
0.00283192285183777
0.00291583321182579
0.00464305800842252
0.00359084571646661
0.00347998214529345
0.005190910164189
0.00160350429141044
0.00434056792659015
0.00402705090256089
0.00327140369368945
0.00392487242635709
0.00243471225962928
0.000335318592748958
0.0032433480697363
0.0040796818160404
0.00430307686654163
0.00403586881026233
0.00381399361210577
0.00798977902411659
0.00308546868696634
0.00351326427794174
0.00350883541070581
