0 0.268686868686869 0
0 0.314475873544093 0
0 0.320675105485232 0
0 0.0847457627118644 0
0 0.300934579439252 0
0 0.134502923976608 8.56288411034672e-05
0 0.302325581395349 0
0 0 0
0 0.330757341576507 0
0 0.346518987341772 0
0 0.308797127468582 0
0 0.129807692307692 5.26546715171196e-05
0 0.285217391304348 0
0 0.240083507306889 0
0 0.305903398926655 0
0 0.216358839050132 0.000379801662512229
0 0.320557491289199 0
0 0 0
0 0.157894736842105 0
0 0.194630872483221 0
0 0.148409893992933 0
0 0.257206208425721 0
0 0.159090909090909 0
0 0.337770382695507 0
0 0.207058823529412 0
0 0.315487571701721 0
0 0.262206148282098 0
0 0.2472647702407 0
0 0.328197226502311 0
0 0.269473684210526 0
0 0.218673218673219 0.000277408147747556
0 0.0196078431372549 0
0 0.297640653357532 0
0 0.353846153846154 0
0 0.219399538106236 0
0 0.370677731673582 0
0 0.247422680412371 0.000213310054459936
0 0.227154046997389 0
0 0.25 4.01597541191545e-05
0 0.310756972111554 0.000166080487369438
0 0.263157894736842 0
0 0.237467018469657 0
0 0.32 0.00027132365909534
0 0.0568181818181818 0.000421173617637978
0 0.198391420911528 0.000189592026112725
0 0.231231231231231 0.000352219970068416
0 0.260089686098655 0
0 0.243589743589744 0.000570859390500899
0 0.1 0.00229100735911862
0 0.300699300699301 0
0 0.24585635359116 0.000118786684853144
0 0.373205741626794 0
0 0.296380090497738 0.000249462012013727
0 0.294964028776978 0
0 0.291891891891892 0
0 0 0.0526315789473684
0 0.275438596491228 0
0 0.328828828828829 0
0 0.255360623781676 0
0 0.327160493827161 0
0 0.314893617021277 0
0 0.22972972972973 0
0 0.298624754420432 0
0 0.239074550128535 0
0 0.155251141552511 0
0 0.312217194570136 0
0 0.202857142857143 0
0 0.278925619834711 6.88214317615746e-05
0 0.35660091047041 0
0 0.292585170340681 0
0 0.29182156133829 0
0 0.32943143812709 0
0 0.20440251572327 0
0 0.247002398081535 0
0 0.027027027027027 0.00229801242103722
0 0.323151125401929 0
0 0.285140562248996 0
0 0.190938511326861 0
0 0.304093567251462 0
0 0.04 0
0 0.14975845410628 0.000230768695828553
0 0.266393442622951 0
0 0.155 0
0 0.256619144602851 0.000167300416551094
0 0.217877094972067 0
0 0.211538461538462 0.000114864681204496
0 0.135802469135802 2.39181719991792e-06
0 0.305466237942122 0
0 0.24047619047619 0
0 0.303514376996805 0
0 0.16030534351145 0
0 0.211409395973154 2.9637260514619e-05
0 0.201298701298701 0.000220881610372005
0 0.211586901763224 0
0 0.245454545454545 0
0 0.284132841328413 0
0 0.216763005780347 8.68191337899531e-05
0 0.295774647887324 0
0 0.233644859813084 0
0 0.32952691680261 0
0 0.112903225806452 0
0 0.190972222222222 0.000269971359814282
0 0.266331658291457 0
0 0.119402985074627 0.0027171424677952
0 0.219941348973607 0
0 0.158088235294118 0.000182463237687201
0 0.332764505119454 0
0 0.245967741935484 0
0 0.192307692307692 0.000130244736273978
0 0.25982905982906 0
0 0.135514018691589 0
0 0.14027149321267 0
0 0.365192582025678 0
0 0.329912023460411 0
0 0.302197802197802 0
0 0.371387283236994 0
0 0.304659498207885 0
0 0.309153713298791 0
0 0.30625 0
0 0.0363636363636364 0
0 0.151832460732984 0.000115973387924376
0 0.31547619047619 0
0 0.287822878228782 0
0 0 2.21229958469813e-19
0 0.0491803278688525 0.00076431188047089
0 0.24585635359116 0
0 0.208469055374593 0.000256608922161286
0 0.349514563106796 0
0 0.297087378640777 0
0 0.317028985507246 0
0 0.207756232686981 0
0 0.177777777777778 0
0 0.295161290322581 0
0 0.1 0
0 0.0606060606060606 0
0 0.228395061728395 0
0 0.190972222222222 1.22463279511894e-06
0 0.299679487179487 0
0 0.0147058823529412 0
0 0.216624685138539 0
0 0.187692307692308 0
0 0.295315682281059 0
0 0.113513513513514 0
0 0.271367521367521 0
0 0.273127753303965 0.000320374351574526
0 0.222760290556901 0
0 0.292387543252595 0
0 0.250574712643678 3.5345778408298e-05
0 0.038961038961039 1.47335868677614e-06
0 0.0733333333333333 0
0 0.238693467336683 0
0 0.291585127201566 0
0 0.265625 0.000118497762626755
0 0.366713681241185 0
0 0.101449275362319 0.000174139290421152
0 0.317610062893082 0
0 0.0647058823529412 0
0 0.34 0
0 0.333333333333333 0.000173031959137059
0 0.157303370786517 0
0 0.142156862745098 0
0 0.363892806770099 0.000122886915810915
0 0.329809725158562 0.000573629255640959
0 0.28695652173913 0
0 0.192200557103064 0
0 0.218181818181818 1.16602306592943e-05
0 0.105633802816901 0.000225940819409448
0 0.322327044025157 0
0 0.341428571428571 0
0 0.157706093189964 0.000149974118350203
0 0.312056737588652 0
0 0.327844311377246 0
0 0.295315682281059 0.000423388967755382
0 0.235119047619048 0.000342291906888041
0 0.20703933747412 0
0 0.114035087719298 0
0 0.319364161849711 0
0 0.157635467980296 0.000192519706543483
0 0.341328413284133 1.90004019925536e-05
0 0.266037735849057 0
0 0.159420289855072 0
0 0.279503105590062 0.000472311212120622
0 0.161702127659574 0
0 0.202072538860104 3.73061145264002e-05
0 0.28780487804878 0
0 0.358184764991896 0
0 0 0
0 0.213768115942029 4.0149536382929e-05
0 0.151394422310757 0.000242603300486421
0 0.403409090909091 0
0 0.269230769230769 0
0 0.318091451292247 0.000377145787286727
0 0.232835820895522 0.000148779684310425
0 0.12258064516129 0.00652382677506886
0 0.26984126984127 0
0 0.326666666666667 0
0 0.153409090909091 0.000407835497925223
0 0.281519861830743 0
0 0.323570432357043 0
0 0.218978102189781 0
0 0.265720081135903 0
0 0.0447761194029851 0.00109475801741767
0 0.245119305856833 0
0 0.213483146067416 0
0 0.29646017699115 0
0 0.278225806451613 0
0 0 0
0 0.240449438202247 0
0 0.269230769230769 0
0 0.332720588235294 0
0 0.182203389830508 0
0 0.305944055944056 0
0 0.303609341825902 0.000216892314605454
0 0.175355450236967 0
0 0.347140039447732 0.000237778462272851
0 0.288 0
0 0.275045537340619 0.00015914749988423
0 0.273504273504274 0.000302125431285213
0 0.301515151515152 0
0 0.101010101010101 0
0 0.352353780313837 0
0 0.166134185303514 0
0 0.237762237762238 0.000174990086430095
0 0.181506849315068 0
0 0.241228070175439 0
0 0.265822784810127 0
0 0.25369978858351 0
0 0.0428571428571429 0
0 0.257197696737044 0
0 0.243967828418231 0
0 0.15916955017301 0
0 0.218855218855219 0.00011581938441026
0 0.257085020242915 0
0 0.303571428571429 0
0 0.226256983240223 0
0 0.0990990990990991 0.000241127341499048
0 0.210023866348449 0
0 0.331730769230769 0
0 0.166666666666667 7.1529993559561e-05
0 0.0526315789473684 0.000401729361067832
0 0.212121212121212 0.000134606028120235
0 0.0666666666666667 0
0 0.318936877076412 0
0 0.103626943005181 0
0 0.200488997555012 0
0 0.239179954441913 0
0 0 0
0 0.136363636363636 0
0 0.195286195286195 0
0 0.180722891566265 0
0 0.160869565217391 7.93249899936159e-05
0 0.0512820512820513 0
0 0.24198250728863 0
0 0.266533066132265 5.85291219062344e-06
0 0.133064516129032 0
0 0.0454545454545455 0
0 0.340567612687813 0
0 0.192192192192192 0
0 0.275 0
0 0.0725806451612903 5.87500267058502e-05
0 0.273318872017354 6.10718856924404e-05
0 0.220994475138122 0
0 0.294892915980231 0
0 0.0273972602739726 0
0 0.302284710017575 0.000134382469037093
0 0.0754716981132075 0
0 0.159817351598174 0.000260278876800213
0 0.233038348082596 0.00282726963691937
0 0.285077951002227 0.000149649071973664
0 0.0446428571428571 0
0 0.185303514376997 0
0 0.32967032967033 0
0 0.187725631768953 0
0 0.307017543859649 7.06043052761788e-05
0 0.24702380952381 0
0 0.216 0
0 0.12280701754386 0
0 0.164444444444444 0
0 0.236842105263158 0
0 0.301829268292683 0
0 0.331334332833583 0
0 0.303822937625755 0
0 0.289272030651341 0
0 0.276672694394213 0
0 0.308426073131955 0
0 0.289855072463768 0
0 0.08 0.000189592637913258
0 0.231552162849873 0
0 0.0588235294117647 0.00284898502998083
0 0.32220367278798 0
0 0.246231155778894 0
0 0.333958724202627 0.000338157833069464
0 0.176724137931034 0
0 0.215789473684211 0
0 0.281144781144781 0
0 0.249448123620309 0
0 0.123376623376623 0.000580089566729163
0 0.368782161234991 0
0 0.271662763466042 0
0 0.301710730948678 0
0 0.226600985221675 0
0 0.29695885509839 0.000294936519974903
0 0.137931034482759 0
0 0.268627450980392 0
0 0.289134438305709 0
0 0.336700336700337 0
0 0.125 0
0 0.31839258114374 0
0 0 0
0 0.191135734072022 0
0 0.0579710144927536 0
0 0.253807106598985 0
0 0.280918727915194 0.000146219811053684
0 0.2 7.28946752166892e-05
0 0.24384236453202 0
0 0.25952380952381 0
0 0.193704600484261 0
0 0.0875 0
0 0.333839150227618 0
0 0.249417249417249 0
0 0.182509505703422 0.000106432845593646
0 0.0188679245283019 0
0 0.33986013986014 0
0 0.251700680272109 0.000163853082143897
0 0.290566037735849 0
0 0.224489795918367 0
0 0.273885350318471 0
0 0.33037037037037 0
0 0.314606741573034 0
0 0.11965811965812 0
0 0.271264367816092 0
0 0.025 0
0 0.257756563245823 0
0 0.0394736842105263 8.4226388621679e-05
0 0.292763157894737 0
0 0.23224043715847 0.000117550704838584
0 0.184466019417476 0
0 0.3328 0
0 0.294701986754967 0
0 0.223650385604113 0
0 0.305555555555556 0
0 0.231168831168831 0
0 0.247619047619048 0
0 0.214659685863874 6.59879714397243e-05
0 0.333865814696486 0
0 0.0833333333333333 0
0 0.323369565217391 0
0 0.25615763546798 0
0 0.0256410256410256 0
0 0.226063829787234 0
0 0.165853658536585 0
0 0.284584980237154 4.90971279931841e-06
0 0.216901408450704 0
0 0.280632411067194 0.000312727988599839
0 0.302507836990596 0
0 0.277227722772277 0
0 0.305400372439479 4.99816703304552e-05
0 0.204013377926421 0
0 0.234210526315789 0
0 0.266528925619835 0
0 0.241525423728814 0
0 0.320143884892086 0
0 0.296998420221169 0
0 0.281437125748503 0.000205555608640957
0 0.180555555555556 0.00037701256950356
0 0.192307692307692 0.000164341676724363
0 0.345794392523364 0
0 0.220623501199041 0
0 0.347242921013413 0
0 0.0442477876106195 0
0 0.0737704918032787 5.41702834497735e-05
0 0.0319148936170213 0
0 0.225641025641026 0
0 0.31619937694704 0
0 0.284153005464481 0.000223399959276538
0 0.0614035087719298 0
0 0.183622828784119 0
0 0.318379160636758 0
0 0.0853658536585366 0
0 0.271784232365145 0
0 0.26241134751773 0
0 0.298561151079137 0
0 0.292452830188679 0
0 0.15547703180212 0
0 0.169117647058824 0
0 0.31634446397188 0
0 0.296 0
0 0.275797373358349 0
0 0.078125 0.00127271017727145
0 0.30952380952381 0
0 0.324242424242424 0
0 0.309608540925267 0
0 0.241293532338308 1.69445480872297e-05
0 0.277358490566038 8.40364773828559e-05
0 0.273279352226721 0
0 0.345588235294118 0
0 0.315589353612167 0
0 0.1328125 0
0 0 0
0 0.18944099378882 0
0 0.314285714285714 0
0 0 4.06211395583813e-13
0 0.269473684210526 0
0 0.315181518151815 0
0 0.28448275862069 0
0 0.254807692307692 0
0 0.16260162601626 0.000200010254458573
0 0.294392523364486 0
0 0.0338983050847458 0
0 0.318864774624374 0
0 0.215736040609137 0
0 0.32258064516129 0
0 0.319303338171263 0
0 0.0232558139534884 0
0 0.2997542997543 0
0 0.247443762781186 0
0 0.337412587412587 0
0 0.285996055226824 0
0 0.260692464358452 0
0 0.316017316017316 0
0 0.182266009852217 0
0 0.316546762589928 0
0 0.318658280922432 0.000354702747889505
0 0.0946745562130177 0
0 0.0204081632653061 0
0 0.292134831460674 0
0 0.180851063829787 9.66608309434072e-05
0 0.289179104477612 0
0 0.324237560192616 0
0 0.240875912408759 6.16541988359469e-06
0 0.305903398926655 0
0 0.342105263157895 5.42108304220342e-05
0 0.106666666666667 0
0 0.276073619631902 0.000205125652431919
0 0.13135593220339 0
0 0.343598055105348 0
0 0.323159784560144 0.000109767849454713
0 0.309782608695652 0
0 0.320754716981132 0
0 0.201530612244898 0
0 0.306318681318681 0
0 0.322862129144852 0.000119604839011744
0 0.279151943462898 8.45003145476703e-05
0 0.179577464788732 0
0 0.291913214990138 0
0 0.25531914893617 0
0 0.188442211055276 0
0 0.241116751269036 0.000196489804602637
0 0.288530465949821 0
0 0.354471544715447 0
0 0.309128630705394 0
0 0.286898839137645 0
0 0.251152073732719 0.000334416470338699
0 0.08 0.00327760557037753
0 0.189102564102564 7.49639023515888e-05
0 0.164794007490637 0
0 0.320175438596491 0.000185522912721146
0 0.204610951008646 0
0 0.0673076923076923 6.45585985997314e-05
0 0.289428076256499 0
0 0.285436893203883 0
0 0.158974358974359 0
0 0.0810810810810811 5.53744496387085e-05
0 0.304761904761905 0
0 0.27027027027027 0.000250487694821716
0 0.228028503562945 0
0 0.322689075630252 0
0 0.278501628664495 0
0 0.319654427645788 0
0 0.228438228438228 9.48221464148001e-05
0 0.284436493738819 0
0 0.321637426900585 0
0 0.171091445427729 0
0 0.142857142857143 1.0741901467795e-05
0 0.247967479674797 0
0 0.280241935483871 0
0 0.189873417721519 7.40750033918001e-05
0 0.146616541353383 0
0 0.359861591695502 0.000228152088423119
0 0.18695652173913 0
0 0.127962085308057 0
0 0.28448275862069 0
0 0.255737704918033 0.000136522927123488
0 0.161971830985915 0
0 0.208333333333333 0.000384226023810909
0 0.15 0.000354240589948338
0 0.192170818505338 0.000374521659563216
0 0.350253807106599 0
0 0.115702479338843 0
0 0.295608108108108 0
0 0.141732283464567 0
0 0.257831325301205 0.000266453557144729
0 0.164383561643836 0.000142698467135574
0 0.147982062780269 0
0 0.278810408921933 3.21703337327812e-05
0 0.201520912547529 0.000250284617347675
0 0.198347107438017 0
0 0.307142857142857 0.000264543302577338
0 0.317399617590822 0.000544301530022767
0 0.327586206896552 0
0 0.322147651006711 0
0 0.191601049868766 0
0 0.263713080168776 3.72232513865978e-05
0 0.04 0
0 0.276639344262295 4.03981243737642e-05
0 0 0
0 0.251461988304094 0
0 0.279352226720648 0
0 0.21882951653944 6.47222469941605e-07
0 0.200913242009132 0.000157306495805921
0 0.225519287833828 0
0 0.351851851851852 0
0 0.314183123877917 0.000137246781854905
0 0.342424242424242 0
0 0.231805929919137 9.74807021539443e-05
0 0.321688500727802 0
0 0.0612244897959184 0
0 0 5.702306289318e-07
0 0.156626506024096 0
0 0.300403225806452 0
0 0.292161520190024 0
0 0.276231263383298 0
0 0.263461538461538 0
0 0.186363636363636 0.000384604345170756
0 0.212678936605317 0
0 0.199248120300752 0.00053491152460814
0 0.314168377823409 0.000349202047863202
0 0.227990970654628 0.00026721751564398
0 0.311336717428088 0
0 0.369883040935673 0
0 0.292845257903494 0
0 0.297650130548303 0.000134949795351812
0 0.0420168067226891 0
0 0.298245614035088 0
0 0.171428571428571 0.000479500409453412
0 0.274698795180723 0
0 0.269168026101142 0
0 0.130434782608696 0
0 0.025 0
0 0.205056179775281 0.000204325299719973
0 0.277264325323475 0
0 0.037037037037037 0
0 0.137931034482759 0.000134187015698294
0 0.144827586206897 0
0 0.278810408921933 0
0 0.177215189873418 7.76935498441761e-05
0 0.213256484149856 0
0 0.205882352941176 0.000255393354333211
0 0.279503105590062 0
0 0.102564102564103 0.000212184863000575
0 0.0588235294117647 0
0 0.177993527508091 0
0 0.311111111111111 0
0 0.199367088607595 0
0 0.30952380952381 0
0 0.207715133531157 0
0 0.161702127659574 0
0 0.177339901477833 0.000346282265675635
0 0.306238185255198 0
0 0.298913043478261 0
0 0.121212121212121 0.000158184948281575
0 0.309565217391304 0
0 0.156488549618321 0
0 0.216216216216216 0
0 0.227368421052632 0
0 0.0481927710843374 0
0 0.18 2.62175215325509e-05
0 0.15530303030303 0
0 0.25 0
0 0.159663865546218 0
0 0.125 0
0 0.270875763747454 0
0 0.131313131313131 0
0 0.168141592920354 0
0 0.173584905660377 0
0 0.20440251572327 7.87584866434757e-05
0 0.234913793103448 0
0 0.0526315789473684 0.000394179947600247
0 0.277246653919694 0
0 0.203883495145631 0
0 0.248 0
0 0.255863539445629 0
0 0.252212389380531 0.000111390077380774
0 0.334630350194553 6.40093201401592e-05
0 0.239651416122004 0
0 0.240780911062907 0.000114542307552511
0 0.254098360655738 8.69592489088225e-06
0 0.321727019498607 0
0 0.172535211267606 0.000151548603212965
0 0.320668693009119 0
0 0.296786389413989 0
0 0.25 0.000233504061154515
0 0 1.82023046028271e-12
0 0.143497757847534 0
0 0.389115646258503 0
0 0.248175182481752 0
0 0.0594059405940594 0
0 0.342592592592593 0
0 0.219269102990033 6.62334436172705e-05
0 0.291118421052632 0
0 0.185975609756098 0.000493079325006943
0 0.292561983471074 0
0 0.135135135135135 0.00064010126227932
0 0.255656108597285 0.000372191035104247
0 0.271186440677966 0
0 0.343959731543624 0
0 0.234210526315789 0
0 0.25065274151436 0.000149361078583571
0 0.242718446601942 0
0 0.203448275862069 0
0 0.311897106109325 0
0 0.0188679245283019 8.54103128712453e-05
0 0.267223382045929 0
0 0.291280148423006 0
0 0.266219239373602 0.000179649120926209
0 0.232415902140673 5.7362242982297e-05
0 0.241477272727273 0
0 0.274285714285714 0
0 0.249049429657795 0
0 0.274253731343284 0
0 0.313111545988258 0
0 0.24330900243309 3.35618931622514e-05
0 0.346689895470383 0
0 0.162264150943396 0
0 0.30829420970266 0
0 0.303262955854127 0.000232264454429186
0 0.321044546850998 0
0 0.0681818181818182 0
0 0.30188679245283 0
0 0.20911528150134 7.63460437451749e-05
0 0.243037974683544 0
0 0.279857397504456 0.000337776998299687
0 0.185185185185185 4.55328690054055e-05
0 0.324909747292419 0
0 0.150485436893204 0
0 0.317543859649123 0
0 0.278195488721804 0
0 0.282467532467532 0
0 0.161764705882353 0
0 0.293245469522241 0
0 0.185507246376812 7.70678202715674e-05
0 0.0779220779220779 0
0 0.305114638447972 0
0 0.339712918660287 0
0 0.269406392694064 0
0 0.215434083601286 0
0 0.287153652392947 6.25322364866794e-05
0 0.339222614840989 0
0 0.134545454545455 0
0 0.190812720848057 0
0 0.199421965317919 7.57917239005128e-05
0 0.31104199066874 0
0 0.156794425087108 7.98247556385941e-07
0 0.244755244755245 9.25320493657974e-05
0 0.208333333333333 0.00024012316692116
0 0.265206812652068 0
0 0.262032085561497 0.000119012657987443
0 0.266401590457256 0
0 0.304812834224599 0
0 0.340277777777778 0.000408943660888434
0 0.243455497382199 0
0 0.250591016548463 2.08426049493588e-05
0 0.145 0
0 0.319311663479924 0.000176376944239652
0 0.270161290322581 0
0 0.324281150159744 0
0 0.181034482758621 0
0 0.228395061728395 0
0 0.164233576642336 0.000116489242798092
0 0.143939393939394 4.29629947643266e-06
0 0.264550264550265 0
0 0.192 3.90237367545562e-05
0 0.232613908872902 0
0 0.3322528363047 0
0 0.233333333333333 0.000235350459439628
0 0.263157894736842 0
0 0.125 0.000547935725124819
0 0.313620071684588 0
0 0.329754601226994 0
0 0.318367346938775 0.000450079832859172
0 0.327746741154562 0
0 0.265060240963855 0
0 0.288401253918495 0
0 0.30812324929972 0
0 0.297945205479452 0
0 0.28735632183908 0
0 0.0140845070422535 0
0 0.277504105090312 0
0 0.21865889212828 0
0 0.20952380952381 0
0 0.24822695035461 0.000105479517227693
0 0.0777777777777778 0
0 0.339228295819936 0
0 0.249448123620309 0
0 0.216763005780347 6.75750669989195e-05
0 0.277161862527716 0
0 0.248648648648649 0.000405183405834897
0 0.2882096069869 0
0 0.0977443609022556 6.62005743777329e-05
0 0.352750809061489 0
0 0.192771084337349 0
0 0.292207792207792 0
0 0.293963254593176 0.00033690413726383
0 0.0610687022900763 0.000392991906356858
0 0.168269230769231 0
0 0.257142857142857 0
0 0.342105263157895 0
0 0.239747634069401 1.883065803263e-05
0 0.289473684210526 0
0 0.290766208251473 0
0 0.335787923416789 0
0 0.157676348547718 0.000227003177530293
0 0.281376518218623 7.0521410521952e-05
0 0.270152505446623 9.68196519885678e-05
0 0.158088235294118 0
0 0.0952380952380952 0
0 0.324483775811209 0
0 0.21978021978022 0
0 0.192468619246862 0.000114422712640181
0 0.309782608695652 0
0 0.103448275862069 0.00211525106389657
0 0.262948207171315 0
0 0.137566137566138 0
0 0.284436493738819 0
0 0.260188087774295 0.000271134906983937
0 0.182142857142857 0
0 0.331168831168831 0
0 0.239884393063584 0
0 0.331417624521073 7.334279552992e-05
0 0.202702702702703 0.00033624122342025
0 0.330804248861912 0
0 0.183050847457627 0
0 0.405442176870748 0
0 0.111111111111111 0.000941467473020805
0 0 0
0 0.162962962962963 7.13528683651111e-05
0 0.221951219512195 0
0 0.297644539614561 0
0 0.232 0
0 0.258726899383984 0
0 0.232098765432099 0
0 0.037037037037037 0
0 0.186708860759494 1.81073634598087e-05
0 0.340390879478827 0
0 0.275261324041812 0
0 0.313232830820771 0
0 0.288065843621399 0
0 0.175097276264591 1.69260913169761e-05
0 0.0102040816326531 0
0 0.09 0
0 0.212624584717608 3.7674495280792e-05
0 0.259351620947631 2.79156949276186e-05
0 0.265593561368209 0
0 0.0677966101694915 0.00446792957707242
0 0.135593220338983 0
0 0.350813743218806 0
0 0.326855123674912 0
0 0.0945945945945946 0
0 0.237991266375546 0
0 0.260651629072682 0
0 0.2 0
0 0.2560706401766 0
0 0.188612099644128 0
0 0.270125223613596 0
0 0.274231678486998 0
0 0.0666666666666667 0.000902009346731581
0 0.254672897196262 0
0 0.114503816793893 0
0 0.299823633156966 0
0 0.147540983606557 0
0 0.126262626262626 0
0 0.264492753623188 0
0 0.216145833333333 0
0 0.129943502824859 0
0 0.286315789473684 0
0 0.254950495049505 0
0 0.270661157024793 0
0 0.258953168044077 1.42297689528748e-05
0 0.330049261083744 0
0 0.279411764705882 0
0 0.0773809523809524 0
0 0.322775263951735 0
0 0.280412371134021 0
0 0.155555555555556 0
0 0.313148788927336 0
0 0.302658486707566 0
0 0.133891213389121 0
0 0.243589743589744 0
0 0.153439153439153 0
0 0.0986842105263158 0
0 0.0535714285714286 0
0 0.146739130434783 5.49237487935992e-05
0 0.173913043478261 0.000150437917494338
0 0.268156424581006 0
0 0.258660508083141 0
0 0.309278350515464 0
0 0.18815331010453 0
0 0.119047619047619 0
0 0.246719160104987 4.52472462772515e-05
0 0.310743801652893 0
0 0.180811808118081 0.000186903196332283
0 0.0551181102362205 0
0 0.216117216117216 0
0 0.299376299376299 0
0 0.0294117647058824 0
0 0.0526315789473684 0
0 0.275779376498801 0.000580822293325383
0 0.240506329113924 0
0 0.185654008438819 0
0 0.323283082077052 0
0 0.31992337164751 0
0 0.378497790868925 0
0 0.139917695473251 0
0 0.169230769230769 0
0 0.292929292929293 0.000346962563490194
0 0.23162583518931 0
0 0.267782426778243 0
0 0.14859437751004 0
0 0.28785046728972 0
0 0.323353293413174 0.000524846163103135
0 0.0273972602739726 0
0 0 0
0 0.299295774647887 0
0 0.330745341614907 0
0 0.181564245810056 0
0 0.102040816326531 0.000320316755713798
0 0.158878504672897 0
0 0.193548387096774 0.000365663801065919
0 0.197916666666667 0.000108092015527502
0 0.287598944591029 2.43174032289562e-05
0 0.21474358974359 0.000147307752167331
0 0.285412262156448 0
0 0.0661764705882353 2.49686496114351e-05
0 0.172 0.000120319428639779
0 0.325714285714286 0
0 0.358041958041958 0
0 0.0348837209302326 0
0 0.326666666666667 0.000184210757916691
0 0.273318872017354 0
0 0.303939962476548 0
0 0.145077720207254 0
0 0.284463894967177 0
0 0.18266253869969 0
0 0.251546391752577 0
0 0.301948051948052 0
0 0.188679245283019 0
0 0.221590909090909 0
0 0.277511961722488 6.80994247744597e-05
0 0.190311418685121 9.95831777207298e-05
0 0.219814241486068 0
0 0.298333333333333 0
0 0.146153846153846 0
0 0.0923913043478261 0.000168694244802033
0 0.143396226415094 0
0 0.238095238095238 0
0 0.149171270718232 0.000332692819272543
0 0.278008298755187 0
0 0.271825396825397 5.94126527224402e-05
0 0.243455497382199 0
0 0.316780821917808 0
0 0.176470588235294 0
0 0.327272727272727 0
0 0.184049079754601 0.000122130764199165
0 0.231362467866324 0
0 0.0932642487046632 1.68154738937158e-05
0 0.231404958677686 6.99428390007028e-05
0 0.102803738317757 0.000164535255900807
0 0.0508474576271186 0
0 0.216216216216216 0.000100052990119644
0 0.313531353135314 0
0 0.322378716744914 0
0 0.276649746192893 8.10705156168046e-05
0 0.307467057101025 0
0 0.168421052631579 0.000170061252938888
0 0.193661971830986 1.35345068645663e-05
0 0.261964735516373 0.00019586958597845
0 0.294718909710392 0
0 0.322695035460993 0
0 0.173913043478261 0.000109779720072182
0 0.387054161162483 0
0 0.305 0
0 0.140151515151515 0
0 0.0303030303030303 0.00305019675010928
0 0.257142857142857 0
0 0.175627240143369 0
0 0.316118935837246 0
0 0.178787878787879 0
0 0.27852998065764 0
0 0.202127659574468 0.000273954266536139
0 0.251351351351351 0
0 0.258139534883721 0.000221612776569967
0 0.304012345679012 0
0 0.201954397394137 0
0 0.153284671532847 0.000828626673258552
0 0.205882352941176 0.000130164528729709
0 0.237467018469657 0.00012529771515618
0 0.0833333333333333 0
0 0.112582781456954 0.00330542424745744
0 0.323863636363636 0.000117853532036316
0 0.316865417376491 0
0 0.297153024911032 0
0 0.262608695652174 0
0 0.159722222222222 0
0 0.0298507462686567 0
0 0.207357859531773 0
0 0.320072332730561 0
0 0.229551451187335 0
0 0.157894736842105 0.000330978991447971
0 0.0806451612903226 0
0 0.308823529411765 0
0 0.0363636363636364 7.62885446152185e-05
0 0.0775862068965517 0
0 0.249376558603491 0
0 0.23719165085389 3.88580357415091e-05
0 0.363919129082426 0
0 0.281173594132029 0.000309887057449579
0 0.28159645232816 0
0 0.29718875502008 0.000114444600883318
0 0.124 0
0 0.0956521739130435 0.00108987289173921
0 0.139072847682119 0.000808644804858574
0 0.247448979591837 0
0 0 0
0 0.163793103448276 0.000622150419469807
0 0.226993865030675 0.0005213780877014
0 0.352574102964119 0
0 0.341292134831461 0
0 0.272 0.000203577423022227
0 0.1 0.000930858185254819
0 0.228882833787466 0.000118653334160347
0 0.183279742765273 8.82703654935243e-05
0 0.30114566284779 0
0 0.18407960199005 0
0 0.166666666666667 0
0 0.133333333333333 0
0 0.257606490872211 0.000370092031501968
0 0.105263157894737 0
0 0.288306451612903 0
0 0.193103448275862 8.66756494602964e-05
0 0.16403785488959 8.00684904050419e-05
0 0.322222222222222 0
0 0.282456140350877 0
0 0.301282051282051 0
0 0.254004576659039 3.83241987586046e-05
0 0.283185840707965 0
0 0.271028037383178 0
0 0.204724409448819 0.000120671727404313
0 0.28341384863124 0
0 0.276967930029155 0.000106812305180122
0 0.342987804878049 0
0 0.270871985157699 0
0 0.152542372881356 0
0 0.350340136054422 0
0 0.0966183574879227 0
0 0.309677419354839 0
0 0.315126050420168 0
0 0.0784313725490196 0.000148528565148704
0 0.293693693693694 0
0 0.0671641791044776 0
0 0.336219336219336 0
0 0.165957446808511 0
0 0.212698412698413 0
0 0.191919191919192 0.000394500332476847
0 0.216901408450704 0
0 0.0561797752808989 0
0 0.193820224719101 0
0 0.275210084033613 0
0 0.301075268817204 0
0 0.309440559440559 0
0 0.247058823529412 0.000173737807058367
0 0.0588235294117647 0.00111535771908956
0 0.278719397363465 0
0 0.312101910828025 0
0 0.331858407079646 0
0 0.232876712328767 3.69156746143565e-05
0 0.288759689922481 0
0 0.279620853080569 0
0 0.259681093394077 0
0 0.115555555555556 2.21471498450872e-05
0 0.302231237322515 7.7018831291841e-05
0 0.31023102310231 0
0 0.247685185185185 3.04327948417208e-06
0 0.280730897009967 0
0 0.0865384615384615 0.000412221703210811
0 0.032967032967033 0
0 0.256728778467909 0.00010736768456596
0 0.152777777777778 0
0 0.274253731343284 0
0 0.301675977653631 0
0 0.201149425287356 0
0 0.0469798657718121 0
0 0.248971193415638 5.652516376526e-05
0 0.268760907504363 0.000327438674269036
0 0.251256281407035 0
0 0.325678496868476 0
0 0.358725761772853 0
0 0.21474358974359 0
0 0.104938271604938 0
0 0.137931034482759 0
0 0.273858921161826 3.3935599586416e-05
