0.582089552238806 0.492537313432836 0.101580923875563
0.576923076923077 0.538461538461538 0.169357654478726
0.46875 0.46875 0.225905108364095
0.485714285714286 0.4 0.178663876668739
0.602150537634409 0.516129032258065 0.0683916091173162
0.545454545454545 0.527272727272727 0.141256439991551
0.590909090909091 0.522727272727273 0.2289384088725
0.5 0.428571428571429 0.086857673569015
0.593220338983051 0.559322033898305 0.0925214371632104
0.6 0.506666666666667 0.0904409825910283
0.647058823529412 0.623529411764706 0.116241299898281
0.549019607843137 0.549019607843137 0.147621309503818
0.461538461538462 0.384615384615385 0.130941426824942
0.472727272727273 0.436363636363636 0.139881118136508
0.508474576271186 0.457627118644068 0.086220162959671
0.581818181818182 0.436363636363636 0.154676711226403
0.527777777777778 0.472222222222222 0.0950660463954593
0.565217391304348 0.456521739130435 0.180826809028556
0.625 0.625 0.308147390750215
0.516666666666667 0.483333333333333 0.113297178307851
0.579710144927536 0.521739130434783 0.112381551045776
0.464285714285714 0.464285714285714 0.262993719521837
0.567567567567568 0.540540540540541 0.184307632610115
0.590909090909091 0.560606060606061 0.130533453783796
0.580645161290323 0.548387096774194 0.144992181968101
0.68 0.56 0.169908251205498
0.581395348837209 0.558139534883721 0.195248429320785
0.509090909090909 0.472727272727273 0.0726102946268996
0.647058823529412 0.529411764705882 0.146075354634803
0.56 0.56 0.275098214794818
0.470588235294118 0.441176470588235 0.254444927157021
0.56 0.56 0.259321036120767
0.533333333333333 0.488888888888889 0.201052043939957
0.568627450980392 0.470588235294118 0.149773655690396
0.567307692307692 0.509615384615385 0.068218773268608
0.583333333333333 0.516666666666667 0.188774158708358
0.589473684210526 0.589473684210526 0.0951043301709225
0.534246575342466 0.479452054794521 0.0679789336850218
0.644067796610169 0.576271186440678 0.197415424080163
0.594594594594595 0.513513513513513 0.103176743817124
0.666666666666667 0.622222222222222 0.126284186276798
0.46875 0.40625 0.151948828280855
0.568181818181818 0.522727272727273 0.245909054284307
0.64 0.54 0.198459408694286
0.546875 0.5 0.133445454874969
0.616666666666667 0.55 0.0626064191246961
0.514285714285714 0.371428571428571 0.117317940115231
0.480769230769231 0.442307692307692 0.165414494485838
0.557142857142857 0.5 0.102868240332521
0.641025641025641 0.576923076923077 0.140546829694039
0.530612244897959 0.530612244897959 0.107077471514342
0.58695652173913 0.456521739130435 0.185440998262152
0.577586206896552 0.491379310344828 0.0810426570676422
0.584615384615385 0.523076923076923 0.138219175418386
0.565217391304348 0.478260869565217 0.100059780653057
0.597826086956522 0.521739130434783 0.0955491009863086
0.628099173553719 0.59504132231405 0.084431453649281
0.634146341463415 0.560975609756098 0.141677275930084
0.568965517241379 0.53448275862069 0.126114981812995
0.466666666666667 0.3 0.125509255864686
0.582089552238806 0.522388059701492 0.112482420272504
0.588235294117647 0.529411764705882 0.0846405582855238
0.571428571428571 0.553571428571429 0.156856350404512
0.472222222222222 0.388888888888889 0.0787632622530996
0.591549295774648 0.52112676056338 0.108089379390513
0.542857142857143 0.485714285714286 0.136960057402518
0.604166666666667 0.541666666666667 0.223172256280891
0.531914893617021 0.51063829787234 0.1403747972869
0.5 0.41304347826087 0.123045081628478
0.454545454545455 0.409090909090909 0.132700116363683
0.6 0.525 0.1526868681053
0.628865979381443 0.597938144329897 0.140404622094362
0.545454545454545 0.493506493506494 0.124491696795177
0.458333333333333 0.416666666666667 0.356438295856373
0.593220338983051 0.542372881355932 0.104648248112476
0.590163934426229 0.540983606557377 0.128709981606912
0.612244897959184 0.591836734693878 0.180444034213954
0.6 0.58 0.193390821980331
0.525641025641026 0.423076923076923 0.0783032050976337
0.588235294117647 0.607843137254902 0.178306695890748
0.628865979381443 0.56701030927835 0.0862494693371872
0.542857142857143 0.4 0.0881863082143782
0.610169491525424 0.457627118644068 0.0943687150296236
0.616438356164384 0.589041095890411 0.10656185715165
0.6 0.533333333333333 0.0860492920025115
0.593220338983051 0.576271186440678 0.186231801620128
0.559322033898305 0.474576271186441 0.113145137520529
0.568181818181818 0.465909090909091 0.0992968414095412
0.56701030927835 0.515463917525773 0.0965577655749316
0.576923076923077 0.538461538461538 0.109475126993149
0.441176470588235 0.411764705882353 0.173220367006709
0.591549295774648 0.47887323943662 0.0812089059390919
0.642857142857143 0.571428571428571 0.231776448486863
0.5625 0.4875 0.0760262473667865
0.631578947368421 0.578947368421053 0.0989037448798279
0.55 0.45 0.295748723616097
0.616161616161616 0.555555555555556 0.0798289496081277
0.615384615384615 0.538461538461538 0.22195577456619
0.588235294117647 0.509803921568627 0.152821755070585
0.573333333333333 0.52 0.150346537267171
0.545454545454545 0.545454545454545 0.287814370323821
0.567901234567901 0.555555555555556 0.0700782011936566
0.651515151515151 0.606060606060606 0.132822461461065
0.626865671641791 0.552238805970149 0.145518878941335
0.567567567567568 0.486486486486487 0.0848446769665363
0.618181818181818 0.527272727272727 0.151452090750245
0.625 0.544642857142857 0.0797589823978104
0.583333333333333 0.555555555555556 0.190266556495739
0.555555555555556 0.444444444444444 0.118333840698355
0.52 0.48 0.172987571960279
0.456521739130435 0.41304347826087 0.18406270860307
0.466666666666667 0.4 0.16900553998313
0.645833333333333 0.479166666666667 0.181633214904779
0.526315789473684 0.43859649122807 0.0903152882895595
0.603174603174603 0.555555555555556 0.165093270967587
0.5 0.5 0.272172400298371
0.644628099173554 0.570247933884298 0.0926133491877656
0.514285714285714 0.457142857142857 0.211177523573219
0.564102564102564 0.487179487179487 0.108064680152156
0.518987341772152 0.468354430379747 0.123208916146538
0.511111111111111 0.466666666666667 0.116972043523356
0.473684210526316 0.421052631578947 0.262805863413224
0.542372881355932 0.491525423728814 0.116216557536203
0.5875 0.5875 0.100613298815502
0.561643835616438 0.534246575342466 0.08641310027312
0.60952380952381 0.523809523809524 0.105139875789551
0.528571428571429 0.514285714285714 0.107205753410016
0.524590163934426 0.508196721311475 0.0737646801591828
0.357142857142857 0.214285714285714 0.0768656993395434
0.561797752808989 0.49438202247191 0.0984680154924275
0.590909090909091 0.522727272727273 0.0931772926861726
0.5 0.525 0.12530598783314
0.527777777777778 0.472222222222222 0.194440985124744
0.582089552238806 0.537313432835821 0.0923535704682701
0.384615384615385 0.384615384615385 0.148330735910317
0.5 0.461538461538462 0.185146632889337
0.628571428571429 0.571428571428571 0.12445109380129
0.58974358974359 0.538461538461538 0.162207457818195
0.636363636363636 0.575757575757576 0.141146866052687
0.607843137254902 0.529411764705882 0.158043297980459
0.545454545454545 0.477272727272727 0.203323834926044
0.547169811320755 0.509433962264151 0.104458087781179
0.4375 0.3125 0.252882504818156
0.6 0.533333333333333 0.173208628930226
0.6 0.566666666666667 0.105500406352489
0.577319587628866 0.54639175257732 0.116380367334014
0.60377358490566 0.566037735849057 0.240624679685295
0.561797752808989 0.460674157303371 0.0861686941117642
0.549019607843137 0.509803921568627 0.118485551670762
0.633928571428571 0.553571428571429 0.082388062296984
0.660377358490566 0.584905660377358 0.164864050450784
0.536585365853659 0.536585365853659 0.163093613572323
0.61038961038961 0.545454545454545 0.0880204831141106
0.545454545454545 0.409090909090909 0.356129866661045
0.631578947368421 0.578947368421053 0.0814188111405589
0.480769230769231 0.423076923076923 0.116254815596376
0.568965517241379 0.517241379310345 0.152066298867843
0.566666666666667 0.555555555555556 0.0741121276504289
0.637254901960784 0.558823529411765 0.0973817880424242
0.544117647058823 0.441176470588235 0.105501280325966
0.602409638554217 0.542168674698795 0.119008683519269
0.58 0.45 0.0741532935008705
0.63953488372093 0.558139534883721 0.114575544239493
0.492753623188406 0.449275362318841 0.128954221619117
0.555555555555556 0.5 0.135590951233551
0.296296296296296 0.222222222222222 0.1465754060884
0.483870967741935 0.451612903225806 0.0971075496819945
0.6 0.466666666666667 0.146890331262536
0.552631578947368 0.513157894736842 0.123139950349022
0.520833333333333 0.5 0.22807866015207
0.458333333333333 0.416666666666667 0.136952465996584
0.608695652173913 0.543478260869565 0.101744872826374
0.525 0.475 0.107047364792952
0.566666666666667 0.483333333333333 0.100810495644925
0.58695652173913 0.554347826086957 0.141611925273015
0.56 0.533333333333333 0.0928783264074335
0.571428571428571 0.507936507936508 0.104809440970117
0.613333333333333 0.546666666666667 0.0970342225879065
0.392857142857143 0.285714285714286 0.0979974560565471
0.607142857142857 0.553571428571429 0.16596117673564
0.483870967741935 0.483870967741935 0.138305424565682
0.602272727272727 0.579545454545455 0.114123728171419
0.544117647058823 0.470588235294118 0.103220063417093
0.612244897959184 0.581632653061224 0.106998238618586
0.517241379310345 0.5 0.101407172766543
0.583333333333333 0.520833333333333 0.115208650595773
0.564516129032258 0.516129032258065 0.129115564101979
0.596491228070175 0.508771929824561 0.124348088110855
0.51685393258427 0.48314606741573 0.102777867784026
0.56 0.44 0.177080470496157
0.548387096774194 0.516129032258065 0.309129248670136
0.618181818181818 0.572727272727273 0.0904480254382082
0.527777777777778 0.527777777777778 0.162468848887928
0.493333333333333 0.4 0.100135135467325
0.537037037037037 0.444444444444444 0.117781571000484
0.487179487179487 0.461538461538462 0.182132318011521
0.516129032258065 0.483870967741935 0.151938569924863
0.597014925373134 0.462686567164179 0.0907331735018879
0.566666666666667 0.533333333333333 0.0889115165844728
0.6 0.581818181818182 0.178235594541513
0.540229885057471 0.482758620689655 0.0604622676174801
0.585365853658537 0.536585365853659 0.0870071873189582
0.634146341463415 0.585365853658537 0.222155147860588
0.54 0.52 0.141172852528844
0.556962025316456 0.518987341772152 0.0941707910466903
0.590909090909091 0.484848484848485 0.138749314440383
0.524590163934426 0.524590163934426 0.0875323133602033
0.622950819672131 0.60655737704918 0.0735967474467241
0.519230769230769 0.480769230769231 0.107417649780767
0.435897435897436 0.41025641025641 0.110830704642752
0.616822429906542 0.588785046728972 0.0943014973160582
0.618421052631579 0.565789473684211 0.143027765325792
0.596153846153846 0.538461538461538 0.148303347392739
0.535714285714286 0.482142857142857 0.14449909496609
0.611111111111111 0.511111111111111 0.0813348010549597
0.551020408163265 0.428571428571429 0.135689884172079
0.53125 0.40625 0.0798592396117187
0.590909090909091 0.53030303030303 0.167626599052625
0.560606060606061 0.545454545454545 0.105232127612798
0.538461538461538 0.480769230769231 0.184613373197081
0.55421686746988 0.493975903614458 0.0669086695209799
0.58 0.58 0.130659981765412
0.592105263157895 0.592105263157895 0.144339413978781
0.540540540540541 0.486486486486487 0.216933945220082
0.625 0.5625 0.212638257938116
0.622950819672131 0.590163934426229 0.142508965046645
0.53448275862069 0.517241379310345 0.121972078859702
0.597014925373134 0.462686567164179 0.116295801228988
0.661971830985915 0.563380281690141 0.131978450495074
0.561643835616438 0.452054794520548 0.104525969866081
0.425925925925926 0.407407407407407 0.0993305346281175
0.608695652173913 0.543478260869565 0.100289332356912
0.53030303030303 0.545454545454545 0.123657826994376
0.48 0.48 0.188665084934683
0.592105263157895 0.5 0.100513217597774
0.615384615384615 0.593406593406593 0.0933039543102055
0.642105263157895 0.557894736842105 0.110579136257097
0.657407407407407 0.583333333333333 0.0880680747032404
0.558139534883721 0.441860465116279 0.18586657685401
0.521739130434783 0.521739130434783 0.160251095396744
0.55952380952381 0.488095238095238 0.109451626031759
0.584905660377358 0.547169811320755 0.202616253708675
0.552238805970149 0.537313432835821 0.106135053026246
0.463414634146341 0.414634146341463 0.159432028494165
0.59375 0.546875 0.154968547865329
0.604166666666667 0.510416666666667 0.085330264551907
0.602150537634409 0.580645161290323 0.0892901681686071
0.602941176470588 0.558823529411765 0.154927770761871
0.695652173913043 0.652173913043478 0.373837077122962
0.58974358974359 0.551282051282051 0.100775493938838
0.549019607843137 0.509803921568627 0.0876648188125703
0.551020408163265 0.510204081632653 0.1382421263049
0.55 0.516666666666667 0.190366847506998
0.395348837209302 0.27906976744186 0.106229833875229
0.540983606557377 0.459016393442623 0.10527978916806
0.48780487804878 0.463414634146341 0.229585303169626
0.617647058823529 0.568627450980392 0.0919956001417224
0.593023255813954 0.546511627906977 0.130271912181769
0.622950819672131 0.573770491803279 0.122133289926475
0.303030303030303 0.242424242424242 0.0756927171219636
0.56140350877193 0.456140350877193 0.144695659837458
0.513513513513513 0.486486486486487 0.28530674105752
0.627118644067797 0.542372881355932 0.163886944986073
0.581395348837209 0.488372093023256 0.224157130355497
0.491228070175439 0.43859649122807 0.150681685827894
0.571428571428571 0.485714285714286 0.251086235988768
0.584615384615385 0.507692307692308 0.128990313991567
0.6 0.6 0.207637350176079
0.529411764705882 0.447058823529412 0.106747804517711
0.541666666666667 0.486111111111111 0.104277694839551
0.586666666666667 0.52 0.0993006619232832
0.5 0.416666666666667 0.499853152626807
0.533333333333333 0.444444444444444 0.103907748448448
0.576086956521739 0.510869565217391 0.0761446158894153
0.579710144927536 0.550724637681159 0.148744537062391
0.454545454545455 0.441558441558442 0.0686683470044501
0.549019607843137 0.450980392156863 0.161327502812316
0.573033707865168 0.528089887640449 0.0966244079379676
0.589285714285714 0.553571428571429 0.125229535736702
0.58 0.46 0.147165965238531
0.593220338983051 0.542372881355932 0.0632018598554813
0.611111111111111 0.555555555555556 0.133070791363145
0.63716814159292 0.495575221238938 0.0800922503901119
0.609756097560976 0.5 0.108563662110002
0.644067796610169 0.559322033898305 0.173307042258899
0.551724137931034 0.5 0.106072154615752
0.630769230769231 0.553846153846154 0.144721693204283
0.56 0.54 0.178054590672138
0.478260869565217 0.456521739130435 0.125578189539896
0.536585365853659 0.439024390243902 0.148254086301596
0.485714285714286 0.371428571428571 0.138465074514115
0.5 0.456521739130435 0.108305438244889
0.536363636363636 0.5 0.0760558896929892
0.543478260869565 0.521739130434783 0.198741849899275
0.558139534883721 0.488372093023256 0.0975176107125352
0.545454545454545 0.472727272727273 0.215206531262479
0.392857142857143 0.357142857142857 0.105369529123957
0.413793103448276 0.413793103448276 0.139914387888296
0.547619047619048 0.428571428571429 0.150719655409239
0.551724137931034 0.551724137931034 0.237784859709767
0.514705882352941 0.441176470588235 0.104072297666696
0.576271186440678 0.491525423728814 0.142314134595973
0.677083333333333 0.635416666666667 0.126807527136964
0.553846153846154 0.492307692307692 0.0904748253122606
0.480769230769231 0.384615384615385 0.0807768974765374
0.560975609756098 0.439024390243902 0.177066290834587
0.523809523809524 0.523809523809524 0.212167855915895
0.5 0.35 0.117029025880241
0.52 0.52 0.392051476688707
0.594936708860759 0.506329113924051 0.0841940381245051
0.588235294117647 0.5 0.102398059301822
0.507936507936508 0.476190476190476 0.137960042178252
0.63855421686747 0.55421686746988 0.0934320187832537
0.535714285714286 0.428571428571429 0.18347065233391
0.5 0.435897435897436 0.0839136734260611
0.614285714285714 0.571428571428571 0.129659621978916
0.37037037037037 0.296296296296296 0.199674040093008
0.642857142857143 0.589285714285714 0.137157988364759
0.543478260869565 0.41304347826087 0.125857567731271
0.625 0.575 0.216390043312679
0.545454545454545 0.431818181818182 0.137176342535002
0.613333333333333 0.533333333333333 0.14180407551455
0.593220338983051 0.542372881355932 0.157184026049095
0.56140350877193 0.543859649122807 0.155380816197664
0.641509433962264 0.584905660377358 0.157208795424432
0.553571428571429 0.482142857142857 0.12042074588481
0.357142857142857 0 0.0879778408183135
0.609375 0.546875 0.192308158859899
0.482758620689655 0.448275862068966 0.133695820995023
0.522727272727273 0.454545454545455 0.225646323369736
0.6 0.466666666666667 0.183954023289999
0.553846153846154 0.507692307692308 0.0961716177815878
0.428571428571429 0.342857142857143 0.193340941141323
0.586206896551724 0.494252873563218 0.0718769993000374
0.520833333333333 0.458333333333333 0.148826160492911
0.627450980392157 0.568627450980392 0.144826548687433
0.583333333333333 0.510416666666667 0.0753244078680884
0.448979591836735 0.408163265306122 0.0950936516808315
0.461538461538462 0.423076923076923 0.276115382642086
0.549019607843137 0.490196078431373 0.0754829678250409
0.619047619047619 0.603174603174603 0.129781410578639
0.6 0.490909090909091 0.126357265876764
0.52112676056338 0.507042253521127 0.100955104140331
0.428571428571429 0.333333333333333 0.131596980049712
0.473684210526316 0.368421052631579 0.135984653220357
0.571428571428571 0.514285714285714 0.0809495525064082
0.606382978723404 0.574468085106383 0.0962362722237201
0.626865671641791 0.582089552238806 0.143501987311963
0.5 0.470588235294118 0.120910197749117
0.614457831325301 0.530120481927711 0.0948452222937846
0.574468085106383 0.51063829787234 0.133289486807023
0.633802816901408 0.563380281690141 0.13167395755195
0.602272727272727 0.534090909090909 0.122787129947862
0.590909090909091 0.560606060606061 0.118723875742746
0.608695652173913 0.478260869565217 0.148636155653433
0.525423728813559 0.474576271186441 0.13854129692115
0.51063829787234 0.468085106382979 0.165418174450997
0.622641509433962 0.452830188679245 0.177722670935887
0.5 0.452380952380952 0.099524456124607
0.586206896551724 0.603448275862069 0.176640572725734
0.6 0.538461538461538 0.15069952761926
0.589285714285714 0.482142857142857 0.131791708338526
0.567567567567568 0.540540540540541 0.124346319943694
0.636363636363636 0.584415584415584 0.0662387308909087
0.52 0.52 0.24250813661531
0.627118644067797 0.576271186440678 0.149460901858122
0.578125 0.40625 0.0885113996921953
0.6 0.52 0.217073166244835
0.586776859504132 0.528925619834711 0.078792801126916
0.573770491803279 0.557377049180328 0.157531874204542
0.544117647058823 0.5 0.138539205233571
0.520547945205479 0.479452054794521 0.122441152325036
0.5625 0.5 0.143678130558142
0.58 0.58 0.144164769917346
0.553846153846154 0.569230769230769 0.160195808321397
0.551020408163265 0.530612244897959 0.103463671489959
0.593220338983051 0.542372881355932 0.0957443131161254
0.615384615384615 0.523076923076923 0.118715560048621
0.605633802816901 0.563380281690141 0.14344560684098
0.573333333333333 0.52 0.134459840993711
0.609756097560976 0.536585365853659 0.22012879861313
0.468085106382979 0.425531914893617 0.167689033054299
0.521739130434783 0.478260869565217 0.165598505435203
0.612903225806452 0.564516129032258 0.165766147994617
0.51219512195122 0.48780487804878 0.129768772773356
0.609375 0.546875 0.106172507481563
0.573333333333333 0.506666666666667 0.123117598192056
0.606741573033708 0.595505617977528 0.105311572341528
0.507246376811594 0.434782608695652 0.0845965827761302
0.606060606060606 0.560606060606061 0.104317372375541
0.622950819672131 0.590163934426229 0.165811329760456
0.576923076923077 0.538461538461538 0.151568638762493
0.464285714285714 0.464285714285714 0.115224519710052
0.530864197530864 0.481481481481481 0.119193758982476
0.476190476190476 0.452380952380952 0.161971434698369
0.58974358974359 0.564102564102564 0.130323714809978
0.352941176470588 0.352941176470588 0.102767100805244
0.558139534883721 0.441860465116279 0.157081732052485
0.623376623376623 0.61038961038961 0.117332535140345
0.607843137254902 0.568627450980392 0.0940498026662729
0.612244897959184 0.571428571428571 0.229168767323419
0.626865671641791 0.567164179104478 0.105508914163788
0.589041095890411 0.534246575342466 0.11042106371281
0.5 0.444444444444444 0.204176940591434
0.527027027027027 0.513513513513513 0.107672586936407
0.604395604395604 0.571428571428571 0.0793420838100566
0.58695652173913 0.521739130434783 0.227021753569419
0.413793103448276 0.275862068965517 0.161882016631132
0.588235294117647 0.5 0.10368368636615
0.607843137254902 0.529411764705882 0.158628218395483
0.375 0.375 0.223398733124964
0.428571428571429 0.428571428571429 0.165685144768551
0.580645161290323 0.532258064516129 0.182076810082226
0.543859649122807 0.508771929824561 0.175767987276095
0.578947368421053 0.486842105263158 0.0987688403664921
0.592105263157895 0.552631578947368 0.0989547999922971
0.611111111111111 0.5 0.160866828001943
0.527027027027027 0.527027027027027 0.115832586215464
0.6 0.52 0.0928540834370334
0.62 0.57 0.111054379422205
0.555555555555556 0.462962962962963 0.189455666719053
0.636363636363636 0.636363636363636 0.238883119215928
0.606741573033708 0.528089887640449 0.100883210391126
0.511627906976744 0.441860465116279 0.153407222534353
0.640776699029126 0.58252427184466 0.106760570704211
0.4 0.4 0.291748544908515
0.596153846153846 0.576923076923077 0.16490396539491
0.588235294117647 0.431372549019608 0.135786391297564
0.435897435897436 0.41025641025641 0.110301038745655
0.590163934426229 0.508196721311475 0.1331189709469
0.428571428571429 0.357142857142857 0.113760709601535
0.566037735849057 0.528301886792453 0.15610178326459
0.516666666666667 0.5 0.132084966771182
0.558441558441558 0.493506493506494 0.0673049894418403
0.576271186440678 0.542372881355932 0.19179921008413
0.620689655172414 0.5 0.107589283098479
0.478260869565217 0.369565217391304 0.0914077848923834
0.534883720930233 0.534883720930233 0.245351280857928
0.368421052631579 0.315789473684211 0.163231794007709
0.566666666666667 0.533333333333333 0.0761289672589854
0.601851851851852 0.527777777777778 0.0663337838341557
0.556962025316456 0.556962025316456 0.105282288718615
0.6 0.581818181818182 0.16308143763727
0.507462686567164 0.447761194029851 0.132709286248171
0.584615384615385 0.523076923076923 0.118398193665999
0.489795918367347 0.448979591836735 0.152062856724941
0.580246913580247 0.567901234567901 0.114106177818905
0.557692307692308 0.519230769230769 0.162895606042222
0.553571428571429 0.517857142857143 0.128726044933822
0.590909090909091 0.534090909090909 0.0620873816029543
0.551020408163265 0.510204081632653 0.160679796125746
0.590909090909091 0.545454545454545 0.172160820833154
0.566265060240964 0.481927710843373 0.108965885079253
0.564102564102564 0.487179487179487 0.116186688830826
0.596491228070175 0.543859649122807 0.110236221169124
0.557377049180328 0.524590163934426 0.141868641932056
0.616161616161616 0.585858585858586 0.0949678765858725
0.513513513513513 0.405405405405405 0.184068588529746
0.630434782608696 0.58695652173913 0.154800320586916
0.574074074074074 0.518518518518518 0.162346098247862
0.571428571428571 0.492063492063492 0.0963607483548198
0.542372881355932 0.491525423728814 0.166764503431089
0.524390243902439 0.475609756097561 0.085154009630279
0.5 0.42 0.127813145443727
0.610169491525424 0.525423728813559 0.0569630067491396
0.5 0.458333333333333 0.103695623191918
0.566666666666667 0.466666666666667 0.0781701943913547
0.583333333333333 0.541666666666667 0.138918584458607
0.48780487804878 0.439024390243902 0.178238369601258
0.476190476190476 0.357142857142857 0.11367018788003
0.584905660377358 0.566037735849057 0.123940045886703
0.526315789473684 0.5 0.186690748428174
0.53968253968254 0.507936507936508 0.115226917638842
0.642857142857143 0.583333333333333 0.0978558282334816
0.54 0.52 0.167373173985207
0.277777777777778 0.222222222222222 0.14285981707624
0.633802816901408 0.563380281690141 0.0993368482026885
0.54 0.52 0.150551119118154
0.333333333333333 0.266666666666667 0.245595793252375
0.538461538461538 0.461538461538462 0.238068572068533
0.6 0.58 0.191546461628638
0.582089552238806 0.522388059701492 0.139773352396354
0.565217391304348 0.521739130434783 0.132641467919135
0.469387755102041 0.428571428571429 0.0999848767392027
0.534883720930233 0.465116279069767 0.122901566786238
0.566666666666667 0.488888888888889 0.0909929788513976
0.615384615384615 0.494505494505495 0.0772568118003821
0.558441558441558 0.480519480519481 0.111009654705427
0.441860465116279 0.325581395348837 0.116653286778268
0.528301886792453 0.433962264150943 0.132077685182938
0.583333333333333 0.568181818181818 0.0731006389438516
0.422222222222222 0.333333333333333 0.156009407467308
0.6015625 0.5390625 0.0695244977924251
0.591836734693878 0.510204081632653 0.142011132209501
0.510204081632653 0.428571428571429 0.0791767854476921
0.48780487804878 0.390243902439024 0.153486857181161
0.634146341463415 0.597560975609756 0.0967635709236084
0.558441558441558 0.506493506493506 0.0858745721780502
0.473684210526316 0.368421052631579 0.172171622596098
0.553571428571429 0.446428571428571 0.111429870565657
0.5 0.4 0.180931073110584
0.588235294117647 0.552941176470588 0.100596493344404
0.620689655172414 0.482758620689655 0.174487974334866
0.654545454545455 0.490909090909091 0.151745927319206
0.603448275862069 0.577586206896552 0.0908264464687651
0.548780487804878 0.560975609756098 0.122337070939661
0.542857142857143 0.471428571428571 0.108688866954568
0.595238095238095 0.555555555555556 0.0822732993237056
0.456521739130435 0.347826086956522 0.068544461646313
0.553191489361702 0.468085106382979 0.168138089732194
0.578947368421053 0.539473684210526 0.110239632322626
0.56140350877193 0.385964912280702 0.106137478388917
0.53125 0.46875 0.124289213020756
0.545454545454545 0.480519480519481 0.123265603986307
0.508196721311475 0.426229508196721 0.102888566773173
0.543478260869565 0.456521739130435 0.148908651333653
0.563636363636364 0.509090909090909 0.136317411833958
0.569620253164557 0.544303797468354 0.0997424075159609
0.526315789473684 0.473684210526316 0.229990087352541
0.584415584415584 0.545454545454545 0.107293549413128
0.580645161290323 0.580645161290323 0.149719050806914
0.525 0.475 0.201071803579781
0.5 0.513513513513513 0.0931242131048886
0.611111111111111 0.527777777777778 0.250302384163364
0.468085106382979 0.446808510638298 0.158249926917776
0.527777777777778 0.472222222222222 0.254928123229768
0.6 0.525 0.151860345519121
0.534246575342466 0.493150684931507 0.0949584357334091
0.640776699029126 0.553398058252427 0.0923582836551447
0.671875 0.609375 0.158713332732916
0.591549295774648 0.492957746478873 0.0696574523858304
0.478260869565217 0.478260869565217 0.334005355644642
0.573770491803279 0.524590163934426 0.0964485850356612
0.547169811320755 0.490566037735849 0.175171785854896
0.491228070175439 0.43859649122807 0.11484570970007
0.616438356164384 0.520547945205479 0.0953487631183463
0.509803921568627 0.470588235294118 0.136059602976223
0.584415584415584 0.467532467532468 0.0841679180464032
0.5 0.482142857142857 0.126755780770016
0.517241379310345 0.482758620689655 0.260090137350563
0.421052631578947 0.342105263157895 0.188609724946568
0.581818181818182 0.545454545454545 0.115629724576862
0.425 0.4 0.0776964613395034
0.509090909090909 0.418181818181818 0.112948645757106
0.448275862068966 0.344827586206897 0.111157834628541
0.616822429906542 0.551401869158878 0.0615563194750514
0.569620253164557 0.531645569620253 0.142317955668542
0.555555555555556 0.486111111111111 0.0996559889994045
0.615384615384615 0.564102564102564 0.114431114983223
0.56140350877193 0.526315789473684 0.0587108629344235
0.541666666666667 0.4375 0.160193621922253
0.591549295774648 0.52112676056338 0.0746711667334942
0.552631578947368 0.513157894736842 0.101468189725066
0.575 0.5 0.164623123168542
0.565789473684211 0.5 0.104689093984768
0.614035087719298 0.596491228070175 0.144709744818302
0.546875 0.5 0.114998340038044
0.465116279069767 0.441860465116279 0.186503817693805
0.567567567567568 0.5 0.128869434522786
0.511627906976744 0.465116279069767 0.0975130893501378
0.6 0.576470588235294 0.103136135273879
0.578947368421053 0.5 0.169619644417445
0.540983606557377 0.491803278688525 0.124294765846877
0.549295774647887 0.52112676056338 0.140920622470484
0.558823529411765 0.529411764705882 0.242383500672413
0.548387096774194 0.516129032258065 0.157329113299823
0.573770491803279 0.491803278688525 0.118305495370328
0.469387755102041 0.469387755102041 0.168623394501372
0.590163934426229 0.524590163934426 0.105546985740442
0.571428571428571 0.507936507936508 0.125580688316768
0.565217391304348 0.463768115942029 0.119181577426627
0.558823529411765 0.509803921568627 0.0615125624690539
0.567164179104478 0.522388059701492 0.108738977474574
0.540540540540541 0.5 0.0968783349583926
0.531645569620253 0.506329113924051 0.114902872828855
0.573529411764706 0.441176470588235 0.0858912481197328
0.558441558441558 0.532467532467532 0.092836402360511
0.555555555555556 0.433333333333333 0.0602772546851966
0.405405405405405 0.324324324324324 0.164445415804764
0.571428571428571 0.485714285714286 0.0850575769167514
0.64 0.6 0.107122406014145
0.632911392405063 0.582278481012658 0.133768322587824
0.424242424242424 0.393939393939394 0.115785576662723
0.527272727272727 0.363636363636364 0.0468609438631028
0.552941176470588 0.482352941176471 0.0893191449965874
0.629032258064516 0.5 0.094228933643669
0.518518518518518 0.407407407407407 0.146782051486284
0.571428571428571 0.563025210084034 0.0878763412885077
0.53968253968254 0.507936507936508 0.100734722534439
0.481481481481481 0.444444444444444 0.215124075678728
0.529411764705882 0.441176470588235 0.173321784800876
0.587301587301587 0.492063492063492 0.102953472856254
0.632352941176471 0.529411764705882 0.131653768942431
0.510204081632653 0.36734693877551 0.104987441597542
0.65 0.575 0.110101612075487
0.5 0.466666666666667 0.278266613446208
0.583333333333333 0.533333333333333 0.0907472696748602
0.515625 0.53125 0.160876915886616
0.615384615384615 0.553846153846154 0.079580655583062
0.488888888888889 0.488888888888889 0.145549893607677
0.552631578947368 0.447368421052632 0.0846162117538673
0.545454545454545 0.454545454545455 0.158891759396194
0.635294117647059 0.623529411764706 0.118085383085372
0.568181818181818 0.5 0.232348445904946
0.58695652173913 0.5 0.197264363509436
0.555555555555556 0.533333333333333 0.233737881337012
0.473684210526316 0.342105263157895 0.202917167052377
0.568181818181818 0.568181818181818 0.280276360501393
0.621052631578947 0.610526315789474 0.101754658731721
0.547169811320755 0.528301886792453 0.137701457355223
0.541666666666667 0.458333333333333 0.17574284163834
0.521739130434783 0.41304347826087 0.104208795234987
0.603448275862069 0.568965517241379 0.164004194787152
0.597014925373134 0.522388059701492 0.110007823334758
0.4 0.2 0.169548700834811
0.590163934426229 0.524590163934426 0.149738871403834
0.622448979591837 0.591836734693878 0.0858117079346827
0.606837606837607 0.555555555555556 0.0615791470775248
0.617021276595745 0.51063829787234 0.0721473996125387
0.53125 0.5 0.161445142286721
0.545454545454545 0.472727272727273 0.0937802064461929
0.568181818181818 0.477272727272727 0.119346923097254
0.584905660377358 0.471698113207547 0.152397205779587
0.333333333333333 0.333333333333333 0.302387053723946
0.55952380952381 0.523809523809524 0.043233273714846
0.626168224299065 0.570093457943925 0.0614400356281742
0.571428571428571 0.505494505494505 0.0966148871618718
0.566666666666667 0.544444444444444 0.0858647589690386
0.611111111111111 0.537037037037037 0.134867903522688
0.597014925373134 0.507462686567164 0.127453445570385
0.425531914893617 0.340425531914894 0.123685330762932
0.64 0.59 0.0809562869779452
0.531914893617021 0.48936170212766 0.160090724905401
0.540540540540541 0.540540540540541 0.243978082173895
0.424242424242424 0.333333333333333 0.118126451523231
0.644230769230769 0.596153846153846 0.097576159269939
0.628571428571429 0.561904761904762 0.100858967203524
0.5 0.464285714285714 0.2952231730619
0.60655737704918 0.524590163934426 0.130666399661184
0.611111111111111 0.569444444444444 0.142321566039343
0.564516129032258 0.548387096774194 0.125299101689963
0.572916666666667 0.541666666666667 0.0845037508967854
0.540540540540541 0.432432432432432 0.178614561711599
0.542372881355932 0.491525423728814 0.132631349374291
0.580645161290323 0.56989247311828 0.086300436928465
0.545454545454545 0.509090909090909 0.125742589156378
0.569620253164557 0.493670886075949 0.0713950023479914
0.479166666666667 0.5 0.176079067752189
0.594936708860759 0.506329113924051 0.102114666693682
0.528571428571429 0.442857142857143 0.0835090393480017
0.573770491803279 0.557377049180328 0.157821942843968
0.479166666666667 0.458333333333333 0.150636392051908
0.459459459459459 0.513513513513513 0.140951542414713
0.607594936708861 0.607594936708861 0.145381214293424
0.652173913043478 0.58695652173913 0.230860433922722
0.563636363636364 0.545454545454545 0.181466183767156
0.633333333333333 0.566666666666667 0.186870305205359
0.5 0.421052631578947 0.183781029681433
0.565217391304348 0.565217391304348 0.198291062685976
0.454545454545455 0.333333333333333 0.219669210201454
0.629032258064516 0.548387096774194 0.161359784670078
0.611111111111111 0.577777777777778 0.111089409489042
0.571428571428571 0.428571428571429 0.219574717412362
0.614457831325301 0.566265060240964 0.120625733883683
0.563829787234043 0.5 0.108888216844729
0.5 0.464285714285714 0.220163104134668
0.617647058823529 0.529411764705882 0.257369278847413
0.516666666666667 0.483333333333333 0.117160679644308
0.595238095238095 0.535714285714286 0.094127779168651
0.606060606060606 0.515151515151515 0.251196363874525
0.614285714285714 0.571428571428571 0.125901457952665
0.607142857142857 0.523809523809524 0.0703346209640666
0.537313432835821 0.373134328358209 0.116733619757244
0.585858585858586 0.494949494949495 0.0696853158373358
0.5625 0.4375 0.173009262448137
0.619047619047619 0.55952380952381 0.115990745048671
0.527777777777778 0.5 0.125926907181445
0.621359223300971 0.543689320388349 0.0498447789768248
0.525641025641026 0.461538461538462 0.0970795867858371
0.66 0.64 0.17712377033085
0.608247422680412 0.577319587628866 0.0954999402596429
0.701492537313433 0.641791044776119 0.187224991873033
0.523809523809524 0.476190476190476 0.196597456796491
0.448979591836735 0.306122448979592 0.0626785945121625
0.516666666666667 0.416666666666667 0.0951914665339323
0.598360655737705 0.565573770491803 0.0929762752943072
0.582089552238806 0.522388059701492 0.119990610495933
0.590163934426229 0.557377049180328 0.140644161625584
0.6125 0.5875 0.112842405484178
0.424242424242424 0.424242424242424 0.172030833974214
0.558139534883721 0.465116279069767 0.165723774846486
0.595744680851064 0.446808510638298 0.12196314711602
0.555555555555556 0.533333333333333 0.172548758054882
0.491803278688525 0.459016393442623 0.076261042557277
0.551020408163265 0.469387755102041 0.184719512247242
0.597402597402597 0.480519480519481 0.103789106297009
0.6 0.57 0.0679760971214429
0.602564102564103 0.512820512820513 0.0984051499042336
0.623762376237624 0.594059405940594 0.0902216442987433
0.509803921568627 0.509803921568627 0.141524894985103
0.590163934426229 0.557377049180328 0.127610717032118
0.63265306122449 0.530612244897959 0.218440569917168
0.606060606060606 0.545454545454545 0.0804614930296254
0.5 0.475 0.148446833248248
0.555555555555556 0.472222222222222 0.112743697434704
0.576923076923077 0.538461538461538 0.187669647509847
0.595744680851064 0.595744680851064 0.132629820894444
0.54639175257732 0.484536082474227 0.0887233885157365
0.619047619047619 0.5 0.167230792662005
0.590909090909091 0.545454545454545 0.119756467439705
0.411764705882353 0.411764705882353 0.159357603033055
0.6 0.54 0.161149565832542
0.425 0.375 0.126468551168859
0.576470588235294 0.517647058823529 0.0886389712697366
0.451612903225806 0.354838709677419 0.0454868313479832
0.613207547169811 0.5 0.0765956150723885
0.55 0.425 0.107717483460077
0.594594594594595 0.513513513513513 0.0763675364556966
0.673913043478261 0.630434782608696 0.183755779427216
0.587301587301587 0.555555555555556 0.146197239897366
0.526315789473684 0.5 0.0740498764231796
0.567567567567568 0.486486486486487 0.202688772699213
0.555555555555556 0.481481481481481 0.151749253215793
0.555555555555556 0.5 0.0973379159831715
0.5625 0.5125 0.071424444277135
0.581818181818182 0.527272727272727 0.104807737272944
0.638655462184874 0.605042016806723 0.0813000457182952
0.578947368421053 0.526315789473684 0.211468231551932
0.5 0.470588235294118 0.193592331672343
0.551724137931034 0.586206896551724 0.126707941412953
0.411764705882353 0.382352941176471 0.116692610460161
0.578947368421053 0.526315789473684 0.0820219349680591
0.5 0.388888888888889 0.120950711455578
0.622641509433962 0.60377358490566 0.157811047921119
0.573333333333333 0.546666666666667 0.125218227497208
0.411764705882353 0.294117647058824 0.119995226750931
0.5 0.382352941176471 0.143511601074368
0.66304347826087 0.597826086956522 0.121755012199461
0.568181818181818 0.5 0.0975361939452402
0.602564102564103 0.602564102564103 0.101565046166216
0.636363636363636 0.6 0.136784051487418
0.605633802816901 0.492957746478873 0.104984555535942
0.546875 0.484375 0.111780046612076
0.622047244094488 0.566929133858268 0.0737123025043946
0.558823529411765 0.455882352941176 0.152146602666487
0.561538461538462 0.461538461538462 0.0536236119914452
0.58974358974359 0.564102564102564 0.127116838293995
0.563380281690141 0.436619718309859 0.10022194105858
0.576923076923077 0.5 0.104255023180743
0.491228070175439 0.421052631578947 0.141528659506157
0.413793103448276 0.379310344827586 0.145930367986241
0.555555555555556 0.5 0.139594787958539
0.541666666666667 0.486111111111111 0.106817534010059
0.593023255813954 0.546511627906977 0.0683631497462176
0.547169811320755 0.490566037735849 0.102833464128127
0.549019607843137 0.490196078431373 0.114264213538862
0.555555555555556 0.444444444444444 0.0951958121298039
0.6 0.575 0.0979587669614366
0.542857142857143 0.514285714285714 0.11250694234967
0.612903225806452 0.580645161290323 0.075635176039795
0.58974358974359 0.512820512820513 0.194667066815281
0.543478260869565 0.467391304347826 0.121550984640423
0.532467532467532 0.480519480519481 0.103225485805041
0.583333333333333 0.458333333333333 0.118560163631444
0.565789473684211 0.5 0.0725922371244219
0.553191489361702 0.51063829787234 0.119970187180457
0.53125 0.46875 0.159902136254633
0.597402597402597 0.519480519480519 0.111637130457233
0.590909090909091 0.534090909090909 0.0914537865134895
0.536231884057971 0.507246376811594 0.129666501985851
0.527777777777778 0.5 0.109503843272595
0.587301587301587 0.507936507936508 0.152890290297163
0.509090909090909 0.490909090909091 0.172907317757531
0.523809523809524 0.5 0.155024604486727
0.584905660377358 0.566037735849057 0.187221895032516
0.606060606060606 0.545454545454545 0.124078857841883
0.444444444444444 0.37037037037037 0.13435431512977
0.573333333333333 0.44 0.0726135477710953
0.603174603174603 0.523809523809524 0.133349704329214
0.549295774647887 0.436619718309859 0.110012245430923
0.576923076923077 0.576923076923077 0.439436913044108
0.529411764705882 0.514705882352941 0.153733381177606
0.487179487179487 0.435897435897436 0.148689796736075
0.584905660377358 0.490566037735849 0.15754268464652
0.428571428571429 0.404761904761905 0.133561215636135
0.53968253968254 0.492063492063492 0.12084128938108
0.545454545454545 0.454545454545455 0.18704693646905
0.59375 0.59375 0.288664190787777
0.587301587301587 0.523809523809524 0.0584152581305139
0.5 0.459459459459459 0.0966333764289248
0.615384615384615 0.538461538461538 0.0848762110354372
0.461538461538462 0.461538461538462 0.14625511611532
0.569444444444444 0.513888888888889 0.119454645223043
0.549450549450549 0.516483516483517 0.0790878760944129
0.583333333333333 0.5625 0.186348072673254
0.601626016260163 0.536585365853659 0.0802927074495859
0.536585365853659 0.439024390243902 0.220705809507037
0.569444444444444 0.486111111111111 0.106743596181243
0.539473684210526 0.5 0.0850688695350847
0.583333333333333 0.527777777777778 0.0961846324212137
0.6 0.533333333333333 0.110226343214969
0.571428571428571 0.5 0.161604843260402
0.625 0.59375 0.127353714935872
0.567567567567568 0.567567567567568 0.090300375311668
0.537313432835821 0.462686567164179 0.0953724772221248
0.607142857142857 0.535714285714286 0.162663920095936
0.54 0.5 0.127975828832558
0.65 0.55 0.160666607914204
0.588235294117647 0.568627450980392 0.12374513729502
0.565789473684211 0.513157894736842 0.103419649565731
0.577777777777778 0.533333333333333 0.177288791927129
0.595744680851064 0.51063829787234 0.139527004352023
0.560606060606061 0.5 0.114419195127158
0.631578947368421 0.565789473684211 0.108832617972801
0.636363636363636 0.606060606060606 0.150257170476302
0.564516129032258 0.548387096774194 0.160248152328063
0.608695652173913 0.521739130434783 0.0822058859198686
0.547169811320755 0.452830188679245 0.133151548304826
0.483870967741935 0.354838709677419 0.200704782291127
0.566037735849057 0.566037735849057 0.19394055670198
0.621052631578947 0.589473684210526 0.083947301961361
0.525773195876289 0.45360824742268 0.0833302836407709
0.660714285714286 0.607142857142857 0.178412399009522
0.646153846153846 0.553846153846154 0.139286625680024
0.559322033898305 0.508474576271186 0.132866028895262
0.590909090909091 0.560606060606061 0.106184434629741
0.611111111111111 0.537037037037037 0.183427139018458
0.611764705882353 0.552941176470588 0.105450534316313
0.551724137931034 0.482758620689655 0.112671095273051
0.565217391304348 0.536231884057971 0.136202696371826
0.512820512820513 0.564102564102564 0.205985810377507
0.607142857142857 0.571428571428571 0.140642222209041
0.597938144329897 0.587628865979381 0.083215564921312
0.564516129032258 0.548387096774194 0.126380169993442
0.527272727272727 0.545454545454545 0.159971803678372
0.553571428571429 0.517857142857143 0.129907454784243
0.579545454545455 0.511363636363636 0.0752602069009397
0.527777777777778 0.388888888888889 0.159256622961326
0.458333333333333 0.416666666666667 0.234857069773478
0.589285714285714 0.535714285714286 0.170611920061667
0.321428571428571 0.285714285714286 0.211069978085175
0.653333333333333 0.6 0.0964091069760534
0.670886075949367 0.607594936708861 0.152074498346847
0.639344262295082 0.590163934426229 0.111827478675623
0.611764705882353 0.541176470588235 0.11123708742693
0.597826086956522 0.543478260869565 0.100317480635671
0.470588235294118 0.411764705882353 0.0624842924453342
0.545454545454545 0.454545454545455 0.19134815684043
0.580246913580247 0.530864197530864 0.0835338176616007
0.614678899082569 0.522935779816514 0.0671686001457782
0.481481481481481 0.37037037037037 0.20636454501421
0.528301886792453 0.528301886792453 0.158251658340954
0.553191489361702 0.51063829787234 0.113815512419577
0.5375 0.4875 0.0984240659830272
0.428571428571429 0.4 0.137717917432495
0.65 0.525 0.0940474298215303
0.58974358974359 0.58974358974359 0.0988032136862786
0.62962962962963 0.537037037037037 0.107303895778037
0.524271844660194 0.495145631067961 0.0794161715742342
0.566265060240964 0.542168674698795 0.10828671594017
0.485714285714286 0.485714285714286 0.128308884110652
0.561643835616438 0.465753424657534 0.0647211296582889
0.58 0.5 0.155746370370489
0.675 0.65 0.124549336874213
0.650793650793651 0.634920634920635 0.164601279117789
0.625 0.6 0.165682514529588
0.582089552238806 0.537313432835821 0.121733811000901
0.5 0.448717948717949 0.0701480393581165
0.568627450980392 0.509803921568627 0.153695068399841
0.552631578947368 0.539473684210526 0.134937485035762
0.596491228070175 0.526315789473684 0.128863430877317
0.657142857142857 0.59047619047619 0.0811422933994331
0.458333333333333 0.416666666666667 0.355970704282653
0.459459459459459 0.351351351351351 0.0751720819563921
0.652542372881356 0.635593220338983 0.0852116311680574
0.588235294117647 0.549019607843137 0.242030912884804
0.617021276595745 0.531914893617021 0.166377924683587
0.558139534883721 0.488372093023256 0.102751926773504
0.576923076923077 0.538461538461538 0.226363021762913
0.537037037037037 0.462962962962963 0.14305028404907
0.632075471698113 0.547169811320755 0.0587664297025894
0.611940298507463 0.537313432835821 0.104137765994552
0.646341463414634 0.597560975609756 0.148867275814651
0.578313253012048 0.55421686746988 0.111769275036957
0.45 0.4 0.143154633612197
0.382352941176471 0.323529411764706 0.107577323467621
0.462686567164179 0.402985074626866 0.0866494050375096
0.5 0.403846153846154 0.145987315464327
0.608695652173913 0.521739130434783 0.175756382473515
0.6 0.514285714285714 0.139299099639237
0.595505617977528 0.50561797752809 0.0965064763471672
0.546875 0.53125 0.147614926840775
0.65 0.62 0.0978104792426944
0.613333333333333 0.546666666666667 0.154970949166046
0.57843137254902 0.519607843137255 0.0774078955543548
0.526315789473684 0.508771929824561 0.176941546239586
0.597014925373134 0.552238805970149 0.138539867866325
0.597826086956522 0.554347826086957 0.084920784434146
0.492753623188406 0.434782608695652 0.100579330972915
0.448275862068966 0.275862068965517 0.149333202803288
0.550724637681159 0.550724637681159 0.12260782115799
0.558823529411765 0.5 0.304812704222876
0.592233009708738 0.563106796116505 0.0931736816984395
0.5 0.4 0.104814163679852
0.507042253521127 0.464788732394366 0.057077405740382
0.548387096774194 0.5 0.123318258311037
0.475 0.45 0.242114009421337
0.615384615384615 0.569230769230769 0.0877367534656626
0.528301886792453 0.471698113207547 0.149691277844038
0.555555555555556 0.488888888888889 0.17741477019772
0.591836734693878 0.489795918367347 0.153567666434223
0.6 0.633333333333333 0.193414953459114
0.597938144329897 0.577319587628866 0.076554368649225
0.617647058823529 0.607843137254902 0.0783277730949268
0.573033707865168 0.539325842696629 0.0705353152789736
0.530612244897959 0.510204081632653 0.221084288610152
0.568627450980392 0.529411764705882 0.153049987080625
0.535353535353535 0.505050505050505 0.0895851488452057
0.579545454545455 0.522727272727273 0.0731571054488831
0.5625 0.46875 0.127871410930538
0.5 0.480769230769231 0.0796040201213496
0.532258064516129 0.435483870967742 0.0936944549359839
0.471428571428571 0.442857142857143 0.107700360856239
0.625 0.520833333333333 0.182661162662063
0.5 0.428571428571429 0.11835424738769
0.535714285714286 0.452380952380952 0.0997077568147093
0.515151515151515 0.515151515151515 0.262528941208491
0.5625 0.53125 0.0903691158129701
0.610169491525424 0.576271186440678 0.16037212927029
0.456521739130435 0.41304347826087 0.102283456640726
0.571428571428571 0.547619047619048 0.305664613756113
0.535211267605634 0.450704225352113 0.0774291919086779
0.522388059701492 0.447761194029851 0.069556284054791
0.538461538461538 0.538461538461538 0.159479968132629
0.521739130434783 0.456521739130435 0.156573649840019
0.578313253012048 0.506024096385542 0.103275748850187
0.604651162790698 0.418604651162791 0.17857788299431
0.37037037037037 0.333333333333333 0.228326833210159
0.650793650793651 0.619047619047619 0.184699018774583
0.571428571428571 0.482142857142857 0.0984904651223976
0.565217391304348 0.556521739130435 0.0716307073741118
0.544117647058823 0.5 0.080985900634814
0.6 0.545454545454545 0.156423524154606
0.595959595959596 0.555555555555556 0.0999742176736232
0.516129032258065 0.483870967741935 0.257793448216513
0.551724137931034 0.586206896551724 0.253461976023749
0.531914893617021 0.468085106382979 0.0953095982269364
0.605633802816901 0.577464788732394 0.137848047203101
0.635514018691589 0.570093457943925 0.0795680455841792
0.490566037735849 0.452830188679245 0.0884130555434315
0.576271186440678 0.542372881355932 0.129121975381421
0.596491228070175 0.526315789473684 0.152553675150875
0.584415584415584 0.506493506493506 0.122372799328341
0.529411764705882 0.470588235294118 0.0872236235662971
0.566265060240964 0.518072289156627 0.132987909074307
0.593023255813954 0.523255813953488 0.0882907013200319
0.563636363636364 0.545454545454545 0.165344205421537
0.561643835616438 0.534246575342466 0.15710507559199
0.591397849462366 0.537634408602151 0.0692943244874054
0.607142857142857 0.535714285714286 0.149489818772132
0.553398058252427 0.495145631067961 0.0753395098715986
0.721311475409836 0.655737704918033 0.12427539747699
0.606741573033708 0.561797752808989 0.100551394799853
0.580645161290323 0.483870967741935 0.0944335081014459
0.612244897959184 0.591836734693878 0.164607345122842
0.571428571428571 0.514285714285714 0.255927391662032
0.482758620689655 0.379310344827586 0.121640209042334
0.507246376811594 0.434782608695652 0.0792996080203213
0.569767441860465 0.453488372093023 0.0710324443065752
0.581395348837209 0.488372093023256 0.183885220631009
0.527272727272727 0.436363636363636 0.111816287126089
0.574074074074074 0.5 0.132098564744528
0.545454545454545 0.472727272727273 0.15551561287307
0.639344262295082 0.590163934426229 0.141808332061392
0.448275862068966 0.413793103448276 0.222867436328384
0.477272727272727 0.409090909090909 0.177592686605364
0.635135135135135 0.635135135135135 0.14590681209992
0.544303797468354 0.594936708860759 0.125184099355366
0.609022556390977 0.601503759398496 0.0790399414751466
0.436363636363636 0.345454545454545 0.0745522389968195
0.559322033898305 0.525423728813559 0.129369569346566
0.607594936708861 0.531645569620253 0.113779962268961
0.522388059701492 0.477611940298507 0.12790826393242
0.561643835616438 0.479452054794521 0.0978954993952312
0.573333333333333 0.56 0.129616154640064
0.565217391304348 0.456521739130435 0.149980845300545
0.545454545454545 0.545454545454545 0.169404467653767
0.552238805970149 0.462686567164179 0.0773363357865843
0.575757575757576 0.515151515151515 0.141534896109387
0.622222222222222 0.577777777777778 0.108054558744875
0.53125 0.40625 0.0649887548927157
0.568965517241379 0.517241379310345 0.135771054226497
0.559139784946237 0.483870967741935 0.0679993589253696
0.526315789473684 0.421052631578947 0.25227223526812
0.591549295774648 0.549295774647887 0.102453189217875
0.55 0.525 0.187146475719026
0.541666666666667 0.520833333333333 0.211494161945688
0.538461538461538 0.423076923076923 0.145702272097541
0.596330275229358 0.522935779816514 0.0760350457365518
0.582089552238806 0.492537313432836 0.101580923875563
