14.128818178055
14.128818178055
14.128818178055
14.128818178055
16.3401273206422
14.5203073323072
16.2706758978945
16.2706758978945
13.6914397761254
16.2035555049098
16.2035555049098
16.2035555049098
17.4070455392155
18.0560376303643
18.0560376303643
18.0560376303643
19.6904372888234
19.6904372888234
19.6904372888234
19.6904372888234
19.6904372888234
19.6904372888234
19.6904372888234
19.6904372888234
19.6904372888234
19.6904372888234
19.6904372888234
14.264299224396
14.7491280346627
14.6105044348822
19.3767523458382
19.3767523458382
19.3767523458382
19.3767523458382
19.3767523458382
19.3767523458382
19.3767523458382
19.3767523458382
19.3767523458382
19.3767523458382
19.3767523458382
19.3767523458382
19.3767523458382
19.3767523458382
19.3767523458382
20.5203249929493
20.5203249929493
20.5203249929493
20.5203249929493
20.5203249929493
20.5203249929493
20.5203249929493
20.5203249929493
20.5203249929493
20.5203249929493
20.5203249929493
20.5203249929493
23.7392008178238
23.7392008178238
23.7392008178238
23.7392008178238
23.7392008178238
23.7392008178238
23.7392008178238
23.7392008178238
23.7392008178238
23.7392008178238
23.7392008178238
23.7392008178238
23.7392008178238
23.7392008178238
23.7392008178238
23.7392008178238
23.7392008178238
23.7392008178238
23.7392008178238
23.7392008178238
23.7392008178238
23.7392008178238
23.7392008178238
23.7392008178238
23.7392008178238
23.7392008178238
23.7392008178238
23.7392008178238
23.7392008178238
24.8584323936868
24.8584323936868
24.8584323936868
24.8584323936868
24.8584323936868
24.8584323936868
24.8584323936868
24.8584323936868
24.8584323936868
24.8584323936868
24.8584323936868
24.8584323936868
24.8584323936868
24.8584323936868
24.8584323936868
24.8584323936868
24.8584323936868
24.8584323936868
24.8584323936868
24.8584323936868
24.8584323936868
24.8584323936868
24.8584323936868
24.8584323936868
24.8584323936868
24.8584323936868
24.8584323936868
24.8584323936868
24.8584323936868
24.8584323936868
24.8584323936868
24.8584323936868
24.8584323936868
24.8584323936868
24.8584323936868
24.8584323936868
24.8584323936868
24.8584323936868
24.8584323936868
24.8584323936868
24.8584323936868
24.8584323936868
24.8584323936868
24.8584323936868
24.8584323936868
24.8584323936868
24.8584323936868
24.8584323936868
24.8584323936868
24.8584323936868
24.8584323936868
24.8584323936868
24.8584323936868
24.8584323936868
24.8584323936868
24.8584323936868
24.8584323936868
24.8584323936868
24.8584323936868
24.8584323936868
24.8584323936868
24.8584323936868
24.8584323936868
24.8584323936868
24.8584323936868
24.8584323936868
24.8584323936868
24.8584323936868
24.8584323936868
24.8584323936868
24.8584323936868
24.8584323936868
24.8584323936868
24.8584323936868
24.8584323936868
24.8584323936868
24.8584323936868
24.8584323936868
24.8584323936868
24.8584323936868
24.8584323936868
24.8584323936868
24.8584323936868
24.8584323936868
24.8584323936868
24.8584323936868
24.8584323936868
24.8584323936868
24.8584323936868
24.8584323936868
24.8584323936868
24.8584323936868
24.8584323936868
24.8584323936868
24.8584323936868
24.8584323936868
24.8584323936868
24.8584323936868
24.8584323936868
24.8584323936868
24.8584323936868
24.8584323936868
24.8584323936868
24.8584323936868
24.8584323936868
24.8584323936868
24.8584323936868
24.8584323936868
24.8584323936868
24.8584323936868
24.8584323936868
24.8584323936868
24.8584323936868
24.8584323936868
24.8584323936868
24.8584323936868
24.8584323936868
24.8584323936868
24.8584323936868
24.8584323936868
24.8584323936868
24.8584323936868
24.8584323936868
24.8584323936868
24.8584323936868
24.8584323936868
24.8584323936868
24.8584323936868
24.8584323936868
24.8584323936868
24.8584323936868
24.8584323936868
24.8584323936868
24.8584323936868
24.8584323936868
24.8584323936868
24.8584323936868
24.8584323936868
24.8584323936868
24.8584323936868
24.8584323936868
24.8584323936868
24.8584323936868
24.8584323936868
24.8584323936868
24.8584323936868
24.8584323936868
24.8584323936868
24.8584323936868
24.8584323936868
24.8584323936868
24.8584323936868
24.8584323936868
24.8584323936868
24.8584323936868
24.8584323936868
24.8584323936868
24.8584323936868
24.8584323936868
24.8584323936868
24.8584323936868
24.8584323936868
24.8584323936868
24.8584323936868
24.8584323936868
24.8584323936868
24.8584323936868
24.8584323936868
24.8584323936868
24.8584323936868
24.8584323936868
24.8584323936868
24.8584323936868
24.8584323936868
24.8584323936868
24.8584323936868
24.8584323936868
24.8584323936868
24.8584323936868
24.8584323936868
24.8584323936868
24.8584323936868
24.8584323936868
24.8584323936868
24.8584323936868
24.8584323936868
24.8584323936868
24.8584323936868
24.8584323936868
24.8584323936868
24.8584323936868
24.8584323936868
24.8584323936868
24.8584323936868
24.8584323936868
24.8584323936868
24.8584323936868
24.8584323936868
24.8584323936868
24.8584323936868
24.8584323936868
24.8584323936868
24.8584323936868
24.8584323936868
24.8584323936868
19.7673698504812
19.7673698504812
19.7673698504812
19.6904372888254
19.6904372888254
19.6904372888254
19.6904372888254
19.6904372888254
19.6904372888254
19.6904372888254
19.6904372888254
19.6904372888254
19.6904372888254
19.6904372888254
19.6904372888254
17.5185295052317
18.2483253514708
18.2483253514708
18.2483253514708
18.2483253514708
18.1238407337157
18.1238407337157
18.1238407337157
18.1238407337157
18.1238407337157
18.1238407337157
16.0695340843439
16.0695340843439
16.3472069740523
19.5101350948356
19.5101350948356
19.5101350948356
19.5101350948356
19.5101350948356
19.5101350948356
19.5101350948356
19.5101350948356
19.5101350948356
20.0626418480926
20.0626418480926
20.0626418480926
20.0626418480926
20.0626418480926
20.0626418480926
20.0626418480926
20.0626418480926
20.1086208845407
20.1086208845407
20.1086208845407
20.1086208845407
20.1086208845407
20.1086208845407
20.1086208845407
20.1086208845407
20.1086208845407
20.1086208845407
20.1086208845407
20.1086208845407
17.5058310498747
17.5058310498747
17.5058310498747
17.5058310498747
16.9368060544937
16.9368060544937
16.9368060544937
17.7620732496672
17.7620732496672
17.7620732496672
17.7620732496672
17.7620732496672
17.7620732496672
17.7620732496672
17.7620732496672
19.192005705576
19.192005705576
19.192005705576
19.192005705576
19.192005705576
19.192005705576
19.192005705576
19.192005705576
19.192005705576
19.192005705576
19.192005705576
18.8921254109946
18.8921254109946
18.6763474869714
18.6763474869714
18.6763474869714
18.6763474869714
18.6763474869714
18.6763474869714
20.4639832390174
20.4639832390174
20.4639832390174
20.4639832390174
18.4007800822457
18.4007800822457
17.926960588089
17.926960588089
17.926960588089
17.926960588089
22.5011224010077
22.5011224010077
22.5011224010077
22.5011224010077
22.5011224010077
22.5011224010077
22.5011224010077
22.5011224010077
22.5011224010077
22.5011224010077
22.5011224010077
22.5011224010077
22.5011224010077
22.5011224010077
22.5011224010077
22.5011224010077
22.5011224010077
23.2365719612603
23.2365719612603
23.2365719612603
23.2365719612603
23.2365719612603
23.2365719612603
23.2365719612603
23.2365719612603
23.2365719612603
23.2365719612603
23.2365719612603
23.2365719612603
23.2365719612603
23.4721380325669
23.4721380325669
23.4721380325669
23.4721380325669
23.4721380325669
23.4721380325669
23.4721380325669
23.4721380325669
23.4721380325669
23.4721380325669
23.4721380325669
23.4721380325669
23.4721380325669
23.4721380325669
23.4721380325669
23.4721380325669
23.4721380325669
23.4721380325669
23.4721380325669
23.4721380325669
23.4721380325669
23.4721380325669
23.4721380325669
23.4721380325669
23.4721380325669
23.4721380325669
23.4721380325669
23.4721380325669
23.4721380325669
23.4721380325669
23.4721380325669
23.4721380325669
23.4721380325669
23.4721380325669
23.4721380325669
23.4721380325669
23.4721380325669
23.4721380325669
23.4721380325669
23.4721380325669
23.4721380325669
23.4721380325669
23.4721380325669
21.5419762404823
21.5419762404823
21.5419762404823
21.5419762404823
21.5419762404823
21.5419762404823
21.5419762404823
21.5419762404823
21.5419762404823
21.5419762404823
21.5419762404823
21.5419762404823
21.5419762404823
21.5419762404823
21.5419762404823
21.5419762404823
21.5419762404823
21.5419762404823
21.5419762404823
21.5419762404823
21.5419762404823
21.5419762404823
21.5419762404823
21.5419762404823
21.5419762404823
20.3558487964767
20.3558487964767
20.3558487964767
20.3558487964767
20.3558487964767
20.3558487964767
20.3558487964767
20.3558487964767
20.3558487964767
20.3558487964767
20.3558487964767
20.3558487964767
20.3558487964767
20.3558487964767
20.3558487964767
20.3558487964767
20.3558487964767
20.3558487964767
20.3558487964767
19.2517116318754
19.2517116318754
19.2517116318754
19.2517116318754
19.2517116318754
19.2517116318754
19.2517116318754
19.2517116318754
19.2517116318754
19.2517116318754
19.2517116318754
24.4121452910695
24.4121452910695
24.4121452910695
24.4121452910695
24.4121452910695
24.4121452910695
24.4121452910695
24.4121452910695
24.4121452910695
24.4121452910695
24.4121452910695
24.4121452910695
24.4121452910695
24.4121452910695
24.4121452910695
24.4121452910695
24.4121452910695
24.4121452910695
24.4121452910695
24.4121452910695
24.4121452910695
24.4121452910695
24.4121452910695
24.4121452910695
24.4121452910695
24.4121452910695
24.4121452910695
24.4121452910695
24.4121452910695
24.4121452910695
24.4121452910695
24.4121452910695
24.4121452910695
24.4121452910695
24.4121452910695
24.4121452910695
24.4121452910695
24.4121452910695
24.4121452910695
24.4121452910695
24.4121452910695
24.4121452910695
24.4121452910695
24.4121452910695
24.4121452910695
24.4121452910695
24.4121452910695
24.4121452910695
24.4121452910695
24.4121452910695
24.4121452910695
24.4121452910695
24.4121452910695
24.4121452910695
24.4121452910695
24.4121452910695
24.4121452910695
24.4121452910695
24.4121452910695
24.4121452910695
24.4121452910695
24.4121452910695
24.4121452910695
24.4121452910695
24.4121452910695
24.4121452910695
24.4121452910695
24.4121452910695
24.4121452910695
24.4121452910695
24.4121452910695
24.4121452910695
24.4121452910695
24.4121452910695
24.4121452910695
24.4121452910695
24.4121452910695
24.4121452910695
24.4121452910695
24.4121452910695
24.4121452910695
24.4121452910695
24.4121452910695
24.4121452910695
24.4121452910695
24.4121452910695
24.4121452910695
24.4121452910695
24.4121452910695
24.4121452910695
24.4121452910695
24.4121452910695
24.4121452910695
24.4121452910695
24.4121452910695
24.4121452910695
24.4121452910695
24.4121452910695
24.4121452910695
24.4121452910695
24.4121452910695
24.4121452910695
24.4121452910695
24.4121452910695
24.4121452910695
24.4121452910695
24.4121452910695
24.4121452910695
24.4121452910695
24.4121452910695
24.4121452910695
24.4121452910695
24.4121452910695
24.4121452910695
24.4121452910695
24.4121452910695
24.4121452910695
24.4121452910695
24.4121452910695
24.4121452910695
24.4121452910695
24.4121452910695
24.4121452910695
24.4121452910695
24.4121452910695
24.4121452910695
24.4121452910695
24.4121452910695
24.4121452910695
24.4121452910695
24.4121452910695
24.4121452910695
24.4121452910695
24.4121452910695
24.4121452910695
24.4121452910695
24.4121452910695
24.4121452910695
24.4121452910695
24.4121452910695
24.4121452910695
24.4121452910695
24.4121452910695
24.4121452910695
24.4121452910695
24.4121452910695
24.4121452910695
24.4121452910695
24.4121452910695
24.4121452910695
24.4121452910695
24.4121452910695
24.4121452910695
24.4121452910695
26.2447267548067
26.2447267548067
26.2447267548067
26.2447267548067
26.2447267548067
26.2447267548067
26.2447267548067
26.2447267548067
26.2447267548067
26.2447267548067
26.2447267548067
26.2447267548067
26.2447267548067
26.2447267548067
26.2447267548067
26.2447267548067
26.2447267548067
26.2447267548067
26.2447267548067
26.2447267548067
26.2447267548067
26.2447267548067
26.2447267548067
26.2447267548067
26.2447267548067
26.2447267548067
26.2447267548067
26.2447267548067
26.2447267548067
26.2447267548067
26.2447267548067
26.2447267548067
26.2447267548067
26.2447267548067
26.2447267548067
26.2447267548067
26.2447267548067
26.2447267548067
26.2447267548067
26.2447267548067
26.2447267548067
26.2447267548067
26.2447267548067
26.2447267548067
26.2447267548067
26.2447267548067
26.2447267548067
26.2447267548067
26.2447267548067
26.2447267548067
26.2447267548067
26.2447267548067
26.2447267548067
26.2447267548067
26.2447267548067
26.2447267548067
26.2447267548067
26.2447267548067
26.2447267548067
26.2447267548067
26.2447267548067
26.2447267548067
26.2447267548067
26.2447267548067
26.2447267548067
26.2447267548067
26.2447267548067
26.2447267548067
26.2447267548067
26.2447267548067
26.2447267548067
26.2447267548067
26.2447267548067
26.2447267548067
26.2447267548067
26.2447267548067
26.2447267548067
26.2447267548067
26.2447267548067
26.2447267548067
26.2447267548067
26.2447267548067
26.2447267548067
26.2447267548067
26.2447267548067
26.2447267548067
26.2447267548067
26.2447267548067
26.2447267548067
26.2447267548067
26.2447267548067
26.2447267548067
26.2447267548067
26.2447267548067
26.2447267548067
26.2447267548067
26.2447267548067
26.2447267548067
26.2447267548067
26.2447267548067
26.2447267548067
26.2447267548067
26.2447267548067
26.2447267548067
26.2447267548067
26.2447267548067
26.2447267548067
26.2447267548067
26.2447267548067
26.2447267548067
26.2447267548067
26.2447267548067
26.2447267548067
26.2447267548067
26.2447267548067
26.2447267548067
26.2447267548067
26.2447267548067
26.2447267548067
26.2447267548067
26.2447267548067
26.2447267548067
26.2447267548067
26.2447267548067
26.2447267548067
26.2447267548067
26.2447267548067
26.2447267548067
26.2447267548067
26.2447267548067
26.2447267548067
26.2447267548067
26.2447267548067
26.2447267548067
26.2447267548067
26.2447267548067
26.2447267548067
26.2447267548067
26.2447267548067
26.2447267548067
26.2447267548067
26.2447267548067
26.2447267548067
26.2447267548067
26.2447267548067
26.2447267548067
26.2447267548067
26.2447267548067
26.2447267548067
26.2447267548067
26.2447267548067
26.2447267548067
26.2447267548067
26.2447267548067
26.2447267548067
26.2447267548067
26.2447267548067
26.2447267548067
26.2447267548067
26.2447267548067
26.2447267548067
26.2447267548067
26.2447267548067
26.2447267548067
26.2447267548067
26.2447267548067
26.2447267548067
26.2447267548067
26.2447267548067
26.2447267548067
26.2447267548067
26.2447267548067
26.2447267548067
26.2447267548067
26.2447267548067
26.2447267548067
26.2447267548067
26.2447267548067
26.2447267548067
26.2447267548067
26.2447267548067
26.2447267548067
26.2447267548067
26.2447267548067
26.2447267548067
26.2447267548067
26.2447267548067
26.2447267548067
26.2447267548067
26.2447267548067
26.2447267548067
26.2447267548067
26.2447267548067
26.2447267548067
26.2447267548067
26.2447267548067
26.2447267548067
26.2447267548067
26.2447267548067
26.2447267548067
26.2447267548067
26.2447267548067
26.2447267548067
26.2447267548067
26.2447267548067
26.2447267548067
26.2447267548067
26.2447267548067
26.2447267548067
26.2447267548067
26.2447267548067
26.2447267548067
26.2447267548067
26.2447267548067
26.2447267548067
26.2447267548067
26.2447267548067
26.2447267548067
26.2447267548067
26.2447267548067
26.2447267548067
26.2447267548067
26.2447267548067
26.2447267548067
26.2447267548067
26.2447267548067
26.2447267548067
26.2447267548067
26.2447267548067
26.2447267548067
26.2447267548067
26.2447267548067
26.2447267548067
26.2447267548067
26.2447267548067
26.2447267548067
26.2447267548067
26.2447267548067
26.2447267548067
26.2447267548067
26.2447267548067
26.2447267548067
26.2447267548067
26.2447267548067
26.2447267548067
26.2447267548067
26.2447267548067
26.2447267548067
26.2447267548067
26.2447267548067
26.2447267548067
26.2447267548067
26.2447267548067
26.2447267548067
26.2447267548067
26.2447267548067
26.2447267548067
26.2447267548067
26.2447267548067
26.2447267548067
26.2447267548067
26.2447267548067
26.2447267548067
26.2447267548067
26.2447267548067
26.2447267548067
26.2447267548067
26.2447267548067
26.2447267548067
26.2447267548067
26.2447267548067
26.2447267548067
26.2447267548067
26.2447267548067
26.2447267548067
26.2447267548067
26.2447267548067
26.2447267548067
26.2447267548067
26.2447267548067
26.2447267548067
26.2447267548067
26.2447267548067
26.2447267548067
26.2447267548067
26.2447267548067
26.2447267548067
26.2447267548067
26.2447267548067
26.2447267548067
26.2447267548067
26.2447267548067
26.2447267548067
26.2447267548067
26.2447267548067
26.2447267548067
26.2447267548067
26.2447267548067
26.2447267548067
26.2447267548067
26.2447267548067
26.2447267548067
26.2447267548067
26.2447267548067
26.2447267548067
26.2447267548067
26.2447267548067
26.2447267548067
26.2447267548067
26.2447267548067
26.2447267548067
26.2447267548067
26.2447267548067
26.2447267548067
26.2447267548067
26.2447267548067
26.2447267548067
26.2447267548067
26.2447267548067
26.2447267548067
26.2447267548067
26.2447267548067
26.2447267548067
26.2447267548067
26.2447267548067
26.2447267548067
