0.00106891532811464
0.00106911317487726
0.00106914940708667
0.00106909464236614
0.00106916356537406
0.00106916356537406
0.00106930987049611
0.00106930987049611
0.00106922661785168
0.00106922661785168
0.00106946269859343
0.00106946269859343
0.00106939206471085
0.00106939206471085
0.00106928155446177
0.00106928155446177
0.0010693466169192
0.00106943345214555
0.00106953956119382
0.00106981261697698
0.00106981919734998
0.00106981919734998
0.00106981919734998
0.00106981919734998
0.00106981919734998
0.00106981919734998
0.00106981919734998
0.00106981919734998
0.00106981919734998
0.00106981919734998
0.00106970684207373
0.00106965362415069
0.00106965362415069
0.00106965362415069
0.00106965362415069
0.00106965362415069
0.00106965362415069
0.00106965362415069
0.00106965362415069
0.00106965362415069
0.00106965362415069
0.00106965362415069
0.00106965362415069
0.00106965362415069
0.00106969126994779
0.00106969126994779
0.00106969126994779
0.00106969126994779
0.00106969126994779
0.00106969126994779
0.00106969126994779
0.00106969126994779
0.00106969126994779
0.00106969126994779
0.00106969126994779
0.00106969126994779
0.00106969126994779
0.00106969126994779
0.00106969126994779
0.00106969126994779
0.00106969126994779
0.00106969126994779
0.00106969126994779
0.00106969126994779
0.00106969126994779
0.00106969126994779
0.00106969126994779
0.00106969126994779
0.00106969126994779
0.00106969126994779
0.00106969126994779
0.00106969126994779
0.00106969126994779
0.00106969126994779
0.00106969126994779
0.00106969126994779
0.00106969126994779
0.00106969126994779
0.00106969126994779
0.00106969126994779
0.00106969126994779
0.00106969126994779
0.00106959515473279
0.00106959515473279
0.00106959515473279
0.00106959515473279
0.00106959515473279
0.00106959515473279
0.00106959515473279
0.00106959515473279
0.00106959515473279
0.00106959515473279
0.00106959515473279
0.00106959515473279
0.00106959515473279
0.00106959515473279
0.00106959515473279
0.00106959515473279
0.00106959515473279
0.00106954304600798
0.00106954304600798
0.00106954304600798
0.00106954304600798
0.00106954304600798
0.00106954304600798
0.00106954304600798
0.00106954304600798
0.00106954304600798
0.00106954304600798
0.00106954304600798
0.00106954304600798
0.00106954304600798
0.00106954304600798
0.00106954304600798
0.00106954304600798
0.00106954304600798
0.00106954304600798
0.00106954304600798
0.00106954304600798
0.00106954304600798
0.00106954304600798
0.00106954304600798
0.00106954304600798
0.00106954304600798
0.00106954304600798
0.00106954304600798
0.00106954304600798
0.00106954304600798
0.00106954304600798
0.00106954304600798
0.00106954304600798
0.00106954304600798
0.00106954304600798
0.00106954304600798
0.00106954304600798
0.00106954304600798
0.00106954304600798
0.00106954304600798
0.00106954304600798
0.00106954304600798
0.00106954304600798
0.00106954304600798
0.00106954304600798
0.00106954304600798
0.00106954304600798
0.00106954304600798
0.00106954304600798
0.00106954304600798
0.00106954304600798
0.00106954304600798
0.00106954304600798
0.00106954304600798
0.00106954304600798
0.00106954304600798
0.00106954304600798
0.00106954304600798
0.00106954304600798
0.00106954304600798
0.00106954304600798
0.00106954304600798
0.00106954304600798
0.00106954304600798
0.00106954304600798
0.00106954304600798
0.00106954304600798
0.00106954304600798
0.00106954304600798
0.00106954304600798
0.00106954304600798
0.00106954304600798
0.00106954304600798
0.00106954304600798
0.00106954304600798
0.00106954304600798
0.00106954304600798
0.00106954304600798
0.00106954304600798
0.00106954304600798
0.00106954304600798
0.00106954304600798
0.00106954304600798
0.00106954304600798
0.00106954304600798
0.00106954304600798
0.00106954304600798
0.00106954304600798
0.00106954304600798
0.00106954304600798
0.00106954304600798
0.00106954304600798
0.00106954304600798
0.00106954304600798
0.00106954304600798
0.00106954304600798
0.00106954304600798
0.00106954304600798
0.00106954304600798
0.00106954304600798
0.00106954304600798
0.00106954304600798
0.00106954304600798
0.00106954304600798
0.00106954304600798
0.00106954304600798
0.00106954304600798
0.00106954304600798
0.00106954304600798
0.00106954304600798
0.00106954304600798
0.00106954304600798
0.00106954304600798
0.00106954304600798
0.00106954304600798
0.00106954304600798
0.00106954304600798
0.00106954304600798
0.00106954304600798
0.00106954304600798
0.00106954304600798
0.00106954304600798
0.00106954304600798
0.00106954304600798
0.00106954304600798
0.00106954304600798
0.00106954304600798
0.00106954304600798
0.00106954304600798
0.00106954304600798
0.00106954304600798
0.00106954304600798
0.00106954304600798
0.00106954304600798
0.00106954304600798
0.00106954304600798
0.00106954304600798
0.00106954304600798
0.00106954304600798
0.00106954304600798
0.00106954304600798
0.00106954304600798
0.00106954304600798
0.00106954304600798
0.00106954304600798
0.00106954304600798
0.00106954304600798
0.00106954304600798
0.00106954304600798
0.00106954304600798
0.00106954304600798
0.00106954304600798
0.00106954304600798
0.00106954304600798
0.00106954304600798
0.00106954304600798
0.00106954304600798
0.00106954304600798
0.00106954304600798
0.00106954304600798
0.00106954304600798
0.00106954304600798
0.00106954304600798
0.00106954304600798
0.00106954304600798
0.00106954304600798
0.00106954304600798
0.00106954304600798
0.00106954304600798
0.00106954304600798
0.00106954304600798
0.00106954304600798
0.00106954304600798
0.00106954304600798
0.00106954304600798
0.00106954304600798
0.00106954304600798
0.00106954304600798
0.00106954304600798
0.00106954304600798
0.00106954304600798
0.00106954304600798
0.00106954304600798
0.00106954304600798
0.00106954304600798
0.00106954304600798
0.00106954304600798
0.00106954304600798
0.00106954304600798
0.00106954304600798
0.00106954304600798
0.00106954304600798
0.00106954304600798
0.00106954304600798
0.00106954304600798
0.00106954304600798
0.00106954304600798
0.00106954304600798
0.00106954304600798
0.00106954304600798
0.00106954304600798
0.00106954304600798
0.00106954304600798
0.00106954304600798
0.00106954304600798
0.00106954304600798
0.00106954304600798
0.00106954304600798
0.00106954304600798
0.00106954304600798
0.00106954304600798
0.00106954304600798
0.00106954304600798
0.00106954304600798
0.00106954304600798
0.00106954304600798
0.00106954304600798
0.00106954304600798
0.00106954304600798
0.00106954304600798
0.00106954304600798
0.00106954304600798
0.00106954304600798
0.00106954304600798
0.00106954304600798
0.00106954304600798
0.00106954304600798
0.00106954304600798
0.00106954304600798
0.00106954304600798
0.00106954304600798
0.00106954304600798
0.00106954304600798
0.00106954304600798
0.00106954304600798
0.00106954304600798
0.00106954304600798
0.00106954304600798
0.00106954304600798
0.00106954304600798
0.00106954304600798
0.00106954304600798
0.00106954304600798
0.00106954304600798
0.00106954304600798
0.00106954304600798
0.00106954304600798
0.00106954304600798
0.00106954304600798
0.00106954304600798
0.00106954304600798
0.00106954304600798
0.00106954304600798
0.00106954304600798
0.00106954304600798
0.00106954304600798
0.00106954304600798
0.00106954304600798
0.00106954304600798
0.00106954304600798
0.00106954304600798
0.00106954304600798
0.00106954304600798
0.00106954304600798
0.00106954304600798
0.00106954304600798
0.00106954304600798
0.00106954304600798
0.00106954304600798
0.00106954304600798
0.00106954304600798
0.00106954304600798
0.00106954304600798
0.00106954304600798
0.00106954304600798
0.00106954304600798
0.00106954304600798
0.00106954304600798
0.00106954304600798
0.00106954304600798
0.00106954304600798
0.00106954304600798
0.00106954304600798
0.00106954304600798
0.00106954304600798
0.00106954304600798
0.00106954304600798
0.00106954304600798
0.00106954304600798
0.00106954304600798
0.00106954304600798
0.00106954304600798
0.00106954304600798
0.00106954304600798
0.00106954304600798
0.00106954304600798
0.00106954304600798
0.00106954304600798
0.00106954304600798
0.00106954304600798
0.00106954304600798
0.00106954304600798
0.00106954304600798
0.00106954304600798
0.00106954304600798
0.00106954304600798
0.00106954304600798
0.00106954304600798
0.00106954304600798
0.00106954304600798
0.00106954304600798
0.00106954304600798
0.00106954304600798
0.00106954304600798
0.00106954304600798
0.00106954304600798
0.00106954304600798
0.00106954304600798
0.00106954304600798
0.00106954304600798
0.00106954304600798
0.00106954304600798
0.00106954304600798
0.00106954304600798
0.00106954304600798
0.00106954304600798
0.00106954304600798
0.00106954304600798
0.00106954304600798
0.00106954304600798
0.00106954304600798
0.00106954304600798
0.00106954304600798
0.00106954304600798
0.00106954304600798
0.00106954304600798
0.00106954304600798
0.00106954304600798
0.00106954304600798
0.00106954304600798
0.00106954304600798
0.00106954304600798
0.00106954304600798
0.00106954304600798
0.00106954304600798
0.00106954304600798
0.00106954304600798
0.00106954304600798
0.00106954304600798
0.00106954304600798
0.00106954304600798
0.00106954304600798
0.00106954304600798
0.00106954304600798
0.00106954304600798
0.00106954304600798
0.00106954304600798
0.00106954304600798
0.00106954304600798
0.00106954304600798
0.00106954304600798
0.00106954304600798
0.00106954304600798
0.00106954304600798
0.00106954304600798
0.00106954304600798
0.00106954304600798
0.00106954304600798
0.00106954304600798
0.00106954304600798
0.00106954304600798
0.00106954304600798
0.00106954304600798
0.00106954304600798
0.00106954304600798
0.00106954304600798
0.00106954304600798
0.00106954304600798
0.00106954304600798
0.00106954304600798
0.00106954304600798
0.00106954304600798
0.00106954304600798
0.00106954304600798
0.00106954304600798
0.00106954304600798
0.00106954304600798
0.00106954304600798
0.00106954304600798
0.00106954304600798
0.00106954304600798
0.00106954304600798
0.00106954304600798
0.00106954304600798
0.00106954304600798
0.00106954304600798
0.00106954304600798
0.00106954304600798
0.00106954304600798
0.00106954304600798
0.00106954304600798
0.00106954304600798
0.00106954304600798
0.00106954304600798
0.00106954304600798
0.00106954304600798
0.00106954304600798
0.00106954304600798
0.00106954304600798
0.00106954304600798
0.00106954304600798
0.00106954304600798
0.00106954304600798
0.00106954304600798
0.00106954304600798
0.00106954304600798
0.00106954304600798
0.00106954304600798
0.00106954304600798
0.00106954304600798
0.00106954304600798
0.00106954304600798
0.00106954304600798
0.00106954304600798
0.00106954304600798
0.00106954304600798
0.00106954304600798
0.00106954304600798
0.00106954304600798
0.00106954304600798
0.00106954304600798
0.00106954304600798
0.00106954304600798
0.00106954304600798
0.00106954304600798
0.00106954304600798
0.00106954304600798
0.00106954304600798
0.00106954304600798
0.00106954304600798
0.00106954304600798
0.00106954304600798
0.00106954304600798
0.00106954304600798
0.00106954304600798
0.00106954304600798
0.00106954304600798
0.00106954304600798
0.00106954304600798
0.00106954304600798
0.00106954304600798
0.00106954304600798
0.00106954304600798
0.00106954304600798
0.00106954304600798
0.00106954304600798
0.00106954304600798
0.00106954304600798
0.00106954304600798
0.00106954304600798
0.00106954304600798
0.00106954304600798
0.00106954304600798
0.00106954304600798
0.00106954304600798
0.00106954304600798
0.00106954304600798
0.00106954304600798
0.00106954304600798
0.00106954304600798
0.00106954304600798
0.00106954304600798
0.00106954304600798
0.00106954304600798
0.00106954304600798
0.00106954304600798
0.00106954304600798
0.00106954304600798
0.00106954304600798
0.00106954304600798
0.00106954304600798
0.00106954304600798
0.00106954304600798
0.00106954304600798
0.00106954304600798
0.00106954304600798
0.00106954304600798
0.00106954304600798
0.00106954304600798
0.00106954304600798
0.00106954304600798
0.00106954304600798
0.00106954304600798
0.00106954304600798
0.00106954304600798
0.00106954304600798
0.00106954304600798
0.00106954304600798
0.00106954304600798
0.00106954304600798
0.00106954304600798
0.00106954304600798
0.00106954304600798
0.00106954304600798
0.00106954304600798
0.00106954304600798
0.00106954304600798
0.00106954304600798
0.00106954304600798
0.00106954304600798
0.00106954304600798
0.00106954304600798
0.00106954304600798
0.00106954304600798
0.00106954304600798
0.00106954304600798
0.00106954304600798
0.00106954304600798
0.00106954304600798
0.00106954304600798
0.00106954304600798
0.00106954304600798
0.00106954304600798
0.00106954304600798
0.00106954304600798
0.00106954304600798
0.00106954304600798
0.00106954304600798
0.00106954304600798
0.00106954304600798
0.00106954304600798
0.00106954304600798
0.00106954304600798
0.00106954304600798
0.00106954304600798
0.00106954304600798
0.00106954304600798
0.00106954304600798
0.00106954304600798
0.00106954304600798
0.00106954304600798
0.00106954304600798
0.00106954304600798
0.00106954304600798
0.00106954304600798
0.00106954304600798
0.00106954304600798
0.00106954304600798
0.00106954304600798
0.00106954304600798
0.00106954304600798
0.00106954304600798
0.00106954304600798
0.00106954304600798
0.00106954304600798
0.00106954304600798
0.00106954304600798
0.00106954304600798
0.00106954304600798
0.00106954304600798
0.00106954304600798
0.00106954304600798
0.00106954304600798
0.00106954304600798
0.00106954304600798
0.00106954304600798
0.00106954304600798
0.00106954304600798
0.00106954304600798
0.00106954304600798
0.00106954304600798
0.00106954304600798
0.00106954304600798
0.00106954304600798
0.00106954304600798
0.00106954304600798
0.00106954304600798
0.00106954304600798
0.00106954304600798
0.00106954304600798
0.00106954304600798
0.00106954304600798
0.00106954304600798
0.00106954304600798
0.00106954304600798
0.00106954304600798
0.00106954304600798
0.00106954304600798
0.00106954304600798
0.00106954304600798
0.00106954304600798
0.00106954304600798
0.00106954304600798
0.00106954304600798
0.00106954304600798
0.00106954304600798
0.00106954304600798
0.00106954304600798
0.00106954304600798
0.00106954304600798
0.00106954304600798
0.00106954304600798
0.00106954304600798
0.00106954304600798
0.00106954304600798
0.00106954304600798
0.00106954304600798
0.00106954304600798
0.00106954304600798
0.00106954304600798
0.00106954304600798
0.00106954304600798
0.00106954304600798
0.00106954304600798
0.00106954304600798
0.00106954304600798
0.00106954304600798
0.00106954304600798
0.00106954304600798
0.00106954304600798
0.00106954304600798
0.00106954304600798
0.00106954304600798
0.00106954304600798
0.00106954304600798
0.00106954304600798
0.00106954304600798
0.00106954304600798
0.00106954304600798
0.00106954304600798
0.00106954304600798
0.00106954304600798
0.00106954304600798
0.00106954304600798
0.00106954304600798
0.00106954304600798
0.00106954304600798
0.00106954304600798
0.00106954304600798
0.00106954304600798
0.00106954304600798
0.00106954304600798
0.00106954304600798
0.00106954304600798
0.00106954304600798
0.00106954304600798
0.00106954304600798
0.00106954304600798
0.00106954304600798
0.00106954304600798
0.00106954304600798
0.00106954304600798
0.00106954304600798
0.00106954304600798
0.00106954304600798
0.00106954304600798
0.00106954304600798
0.00106954304600798
0.00106954304600798
0.00106954304600798
0.00106954304600798
0.00106954304600798
0.00106954304600798
0.00106954304600798
0.00106954304600798
0.00106954304600798
0.00106954304600798
0.00106954304600798
0.00106954304600798
0.00106954304600798
0.00106954304600798
0.00106954304600798
0.00106954304600798
0.00106954304600798
0.00106954304600798
0.00106954304600798
0.00106954304600798
0.00106954304600798
0.00106954304600798
0.00106954304600798
0.00106954304600798
0.00106954304600798
0.00106954304600798
0.00106954304600798
0.00106954304600798
0.00106954304600798
0.00106954304600798
0.00106954304600798
0.00106954304600798
0.00106954304600798
0.00106954304600798
0.00106954304600798
0.00106954304600798
0.00106954304600798
0.00106954304600798
0.00106954304600798
0.00106954304600798
0.00106954304600798
0.00106954304600798
0.00106954304600798
0.00106954304600798
0.00106954304600798
0.00106954304600798
0.00106954304600798
0.00106954304600798
0.00106954304600798
0.00106954304600798
0.00106954304600798
0.00106954304600798
0.00106954304600798
0.00106954304600798
0.00106954304600798
0.00106954304600798
0.00106954304600798
0.00106954304600798
0.00106954304600798
0.00106954304600798
0.00106954304600798
0.00106954304600798
0.00106954304600798
0.00106954304600798
0.00106954304600798
0.00106954304600798
0.00106954304600798
0.00106954304600798
0.00106954304600798
0.00106954304600798
0.00106954304600798
0.00106954304600798
0.00106954304600798
0.00106954304600798
0.00106954304600798
0.00106954304600798
0.00106954304600798
0.00106954304600798
0.00106954304600798
0.00106954304600798
0.00106954304600798
0.00106954304600798
0.00106954304600798
0.00106954304600798
0.00106954304600798
0.00106954304600798
0.00106954304600798
0.00106954304600798
0.00106954304600798
0.00106954304600798
0.00106954304600798
0.00106954304600798
0.00106954304600798
0.00106954304600798
0.00106954304600798
0.00106954304600798
0.00106954304600798
0.00106954304600798
0.00106954304600798
0.00106954304600798
0.00106954304600798
0.00106954304600798
0.00106954304600798
0.00106954304600798
0.00106954304600798
0.00106954304600798
0.00106954304600798
0.00106954304600798
0.00106954304600798
0.00106954304600798
0.00106954304600798
0.00106954304600798
0.00106954304600798
0.00106954304600798
0.00106954304600798
0.00106954304600798
0.00106954304600798
0.00106954304600798
0.00106954304600798
0.00106954304600798
0.00106954304600798
0.00106954304600798
0.00106954304600798
0.00106954304600798
0.00106954304600798
0.00106954304600798
0.00106954304600798
0.00106954304600798
0.00106954304600798
0.00106954304600798
0.00106954304600798
0.00106954304600798
0.00106954304600798
0.00106954304600798
0.00106954304600798
0.00106954304600798
0.00106954304600798
0.00106954304600798
0.00106954304600798
0.00106954304600798
0.00106954304600798
0.00106954304600798
0.00106954304600798
0.00106954304600798
0.00106954304600798
0.00106954304600798
0.00106954304600798
0.00106954304600798
0.00106954304600798
0.00106954304600798
0.00106954304600798
0.00106954304600798
0.00106954304600798
0.00106954304600798
0.00106954304600798
0.00106954304600798
0.00106954304600798
0.00106954304600798
0.00106954304600798
0.00106954304600798
0.00106954304600798
0.00106954304600798
0.00106954304600798
0.00106954304600798
0.00106954304600798
0.00106954304600798
0.00106954304600798
0.00106954304600798
0.00106954304600798
0.00106954304600798
0.00106954304600798
0.00106954304600798
0.00106954304600798
0.00106954304600798
0.00106954304600798
0.00106954304600798
0.00106954304600798
0.00106954304600798
0.00106954304600798
0.00106954304600798
0.00106954304600798
0.00106954304600798
0.00106954304600798
0.00106954304600798
0.00106954304600798
0.00106954304600798
0.00106954304600798
0.00106954304600798
0.00106954304600798
0.00106954304600798
0.00106954304600798
0.00106954304600798
0.00106954304600798
0.00106954304600798
0.00106954304600798
0.00106954304600798
0.00106954304600798
0.00106954304600798
0.00106954304600798
0.00106954304600798
0.00106954304600798
0.00106954304600798
0.00106954304600798
0.00106954304600798
0.00106954304600798
0.00106954304600798
0.00106954304600798
0.00106954304600798
0.00106954304600798
0.00106954304600798
0.00106954304600798
0.00106954304600798
0.00106954304600798
0.00106954304600798
0.00106954304600798
0.00106954304600798
0.00106954304600798
0.00106954304600798
0.00106954304600798
0.00106954304600798
0.00106954304600798
0.00106954304600798
0.00106954304600798
0.00106954304600798
0.00106954304600798
0.00106954304600798
0.00106954304600798
0.00106954304600798
0.00106954304600798
0.00106954304600798
0.00106954304600798
0.00106954304600798
0.00106954304600798
0.00106954304600798
0.00106954304600798
0.00106954304600798
0.00106954304600798
0.00106954304600798
0.00106954304600798
0.00106954304600798
0.00106954304600798
0.00106954304600798
0.00106954304600798
0.00106954304600798
0.00106954304600798
0.00106954304600798
