0.0804847693135356
0.0852731027829977
0.0364780058274477
0.0414557239702631
0.00730991364837296
0.0386314566625596
0.0937784681380852
0.121929139296854
0.0880440891299745
0.0631734221414667
0.12432151183515
0.14507067884791
0.074674432523889
0.0247301493655879
0.0326942296825862
0.0309752236209255
0.186547523471082
0.0129975630568187
0.0216339245450845
0.0253490642681932
0.0769797828866413
0.0599428183471793
0.104891089814059
0.0334871005299227
0.016059792402957
0.159639646998976
0.114972342038148
0.104214630060352
0.0810752003433469
0.0953205454226633
0.00436727164111267
0.0419184504613882
0.0705523972129879
0.12512455716953
0.0232636304456746
0.0765129883766368
0.0454055954228433
0.0845108652923055
0.0328453665324643
0.0828737049741765
0
0.0129797526960832
0.0641700359217847
0.125296867710108
0.0920040910815598
0.0682482589925702
0.0723266570764608
0.050250228101888
0.0683309184403597
0.0455421675367481
0.0521051964673647
0.0449687114296866
0.0811769155467415
0.0896081477587157
0.0366566332956665
0.0445018678535012
0.0833184614860412
0.0389713192574263
0.083456922651599
0.0847323670256568
0.0750968052343346
0.0775195704897976
0.0478051260000194
0.0265432920203531
0.0144390643008941
0.0271815232791828
0.0470896342505692
0.075174708519548
0.0132416871693698
0.0707777002353306
0.0795006113869308
0.0553105146900405
0.103106604082608
0.0385783466490646
0.11255625240507
0.0920988683523051
0.164993807285469
0.040704569847766
0.0474107869477517
0.0427326610691305
0.0196196383257123
0.0792918404868697
0.0535986161004316
0.101126180562072
0.0957884863437749
0.0279638168686304
0.0608817035163551
0.0637248236931947
0.0211510535767066
0.0736289994017357
0.0580319784766746
0.00765007371863275
0.0231329177544278
0.0996709048045137
0.0119945988599173
0.10439113245839
0.0338969826822782
0.0535191690945332
0.052894273907696
0.121137594480227
0.0706274749655305
0.0124101763234111
0.0539132154506038
0.00688975958204766
0.0593333885532418
0.0539877403509743
0.0695183854245161
0.0447562358754112
0.0803336196046666
0.0358630838512798
0.0660000483661227
0.0605512203710944
0.0610599365300495
0.0195382908112205
0.0720385202561424
0.0523794944863996
0.0240967055455866
0.0595154882946494
0.0103833994480063
0.0515968956875429
0.064338266469189
0.0241742427912282
0.0685851287188072
0.0611392461562076
0.0087822636561479
0.0316358633186086
0.0501934965816255
0.0766607335859731
0.0225763491805749
0.0857983028845648
0.0510603933828463
0.0809440658353164
0.0677820704752108
0.0550715716996337
0.04037346699956
0.184816210928558
0.0451149799294675
0.0453541710287431
0.0383839966529518
0.0643380515168493
0.0734205189798009
0.0520205316050716
0.0442165215526942
0.126958419197995
0.00836099055227986
0.0282646198624269
0.0394366045554608
0.0123120900687768
0.0553764940658086
0.0384597398407373
0.0225407988017227
0.0564150187558617
0.100359174706602
0.0627220631536162
0.0554484960308794
0.113212582930653
0.0136162936712676
0.0763453246765739
0.0478692495924916
0.0126313738367648
0.0609411228513807
0.0477187683891632
0.128912525342668
0.0581628498549361
0.0557450771905028
0.0356627777211257
0.0913050821016343
0.0371686362708066
0.0409556302165451
0.0462774209476639
0.0769142525255318
0.109679111920322
0.0898069713177912
0.0253244962019818
0.1299792011616
0.0355649014196531
0.0697356327713751
0.11589957989699
0.0106002332802506
0.0672589525934408
0.0472220597949519
0.0647729836432409
0.0539958150766587
0.0710879202834316
0.006321150429984
0.0578058456074241
0.0189871389164612
0.0192447948578146
0.0567842306704514
0.0602189274041929
0.0684707298112926
0.028832243041695
0.134389352660793
0.0507625369923833
0.079087961375114
0.0541979304867892
0.00198547395793027
0.0374915468836247
0.0425313572851072
0.0622188103812351
0.116944378977795
0.0115173784571493
0.0478302247709911
0.0513709138612673
0.0471854465467582
0.0105901792419305
0.0643996814313976
0.0448459423850014
0.0678829118041793
0.0689094044499892
0.097942203814808
0.0591502866578285
0.139646252816085
0.0462690647376225
0.0430198370298123
0.0469125043382523
0.0439440284300442
0.0559319073989453
0.0877358130944891
0.12583846117389
0.0465682010511346
0.0327125381016628
0.0343901134059058
0.0469287924363585
0.0798227784313292
0.0458360954260168
0.0184012058924367
0.122236962369964
0.0279919248532891
0.0550605433434348
0.069844267888642
0.106268600525788
0.0544690817326846
0.0362697670199347
0.00797068532184052
0.113215714640365
0.0653928964511059
0.0898852523207438
0.068069282650754
0.0860843236022891
0.101544534605664
0.0896011594051968
0.0266755597442702
0.0566994038208491
0.0748936183190393
0.0167129744062873
0.0747769916743018
0.0826603015186281
0.0551536520777801
0.0364508399452683
0.0844483055908493
0.0243934724776326
0.0290303287789964
0.0352429073257258
0.0304588872643412
0.131291794210404
0.0660475324498264
0.0722204986058459
0.0839563868969704
0.0914040739619846
0.0671586901650372
0.0259817048693323
0.0309769450262285
0.059555882813626
0.0572445473687431
0.0478263770721758
0.0507696520807082
0.036855889437505
0.0942269754961122
0.101456833871018
0.115270047086264
0.0249074420680729
0.10127498497695
0.11657595908214
0.0028523263809182
0.0582239639532959
0.0998613893357195
0.0485896659133695
0.0438589381403603
0.0695001587575793
0.057164705622631
0.027034286056724
0.0439247897033474
0.0291570314351629
0.0592420258231169
0.0709203878182029
0.0529264298224183
0.117122396882137
0.113907764442811
0.0570894174500841
0.0204192817294162
0.0456968521218231
0.0407076238253088
0.0185502915702202
0.0520316248551321
0.10593345218642
0.063434959767085
0.0678208455504524
0.00594699243860444
0.0660815149831405
0.0653470981073644
0.0186993836548086
0.0655913778274675
0.0751296024680556
0.0512971857963162
0.0707169873986418
0.0375809126738531
0.0550815483024582
0.0420986535134965
0.0879669844793572
0.0700194289055087
0.045351318234115
0.0970037471056755
0.053499875475751
0.154939954518948
0.0737474690242647
0.0327347837126477
0.0252342348532775
0.0566695397168244
0.0750196622417407
0
0.104489675954194
0.077538778060287
0.0280905054795989
0.10668621366689
0.0881727520755598
0.0685383773651654
0.0379864249810729
0.0869245916910711
0.0501809718777611
0.0416259110131612
0.0901038649860985
0.048239091060385
0.0762715344109029
0.0779857632871897
0.0635552923547776
0.150095361643167
0.0685887044327662
0.163190060049326
0.042463834646582
0.08875769990854
0.0902470265973374
0.0389684259185395
0.0664536702480145
0.0309251713344607
0.038135237591322
0.000531594074546476
0.0256157557057199
0.0665923877572241
0.0434786653288976
0.0252970526243358
0.0398305921317161
0.210646842631095
0.0290528046566277
0.0704615873701118
0.0443522261964321
0.116174235153596
0.00421515009643231
0.024562322945215
0.110818787141243
0.0983215411061056
0.0613496779104514
0.0644616961168094
0.0443831160901747
0.0574172786920904
0.100882192516456
0.067651905414992
2.28510071240982e-33
0.0618094206644677
0.031224419681869
0.0680641812026728
2.3531634109375e-06
0.0752859171439991
0.0227628931526938
0.0989272248845728
0.0285848628801673
0.0508771240789316
0.0683529245520643
0.00051306310332654
0.00923756681630278
0.0698986821501392
0.0406642542824736
0.0153478196356303
0.0707145179148086
0.0921467676764223
0.043351859192081
0.0579919277382779
0.0683089936297263
0.0503971707900487
0.0494923757837683
0.0875719236335262
0
0.0449726716230003
0.000247393523945379
0.0462379867437591
0.0443626870347248
0.0508690190039212
0.066960846682982
0.0748647714297243
0.0408542690130232
0.103156127669335
0.0766320478606627
0.0591887580178883
0.130812767284328
0.0119355395777195
0.0616864640082721
0.0646932242372167
0.0490532439957864
0.11772922107225
0.0774370474308829
0.164985501498043
0.0530450947201925
0.145075302175959
0.0395199567589499
0.0626233677818356
0.0661439731833715
0.0429276655858992
0.129655973795211
0.120850306830358
0.0998303803578126
0.0228935889837043
0.0933619069676751
0.0899584790484961
0.0337118018356616
0.0886496293510692
0.0617932426246529
0.0975606389279667
0.0773386273676921
0.0735143506437885
0.116262683556812
0.0436645778645369
0.141332855803546
0.0312562151701809
0.0652785318210254
0.0973798910215763
0.0133940347763461
0.129950276268566
0.0567527186372879
0.0460284000514481
0.077287027844525
0.0860194943138802
0.122570977296011
0.0275384674284228
0.0384807799556535
0.0305833385018412
0.0520363779502771
0.088213942504269
0.0563046281643047
0.134781341006485
0.00783184518824678
0.00960504702919967
0.0929105967961733
0.0949121725063534
0.141355746209548
0.029951127415901
0.0985760213387094
0.108808340267017
0.0459798514419057
0.0627850550667591
0.0825908787474158
0.0444296522200433
0.00945207318551372
0.004181111036216
0.0424584998974276
0.108383627786088
0.0625894360795892
0.0573703495859828
0.0619576100501946
0.0571707552979482
0.0373630727827406
0.0432307130049576
0.0842810053867089
0.0856820745208564
0.102062060915399
0.00997451701930411
0.00748540604568293
0.120659827817289
0.0102104781815106
0.0876845793684372
0.0542968839005526
0.0477349782221713
0.049897617369393
0.0361514478324751
0.119372696106166
0.0723664992571907
0.0742172283038743
0.111175906435011
0.036307697669938
0.0787573755203163
0.0384878044252752
0.0404397799365716
0.0859074790765412
0.12679027237544
0.118393129956941
0.0434483908600529
0.00263477390993159
0.12839240454964
0.0372129088297062
0.0432395848188217
0.0247542560641069
0.0169081730929798
0.0936984886481968
0.111570464047432
0.0779265729916776
0.0803598183658535
0.076631966487479
0.0501331017177383
0.0612344162466454
0.146355604587866
0
0.0290583846833167
0.00244371363053765
0.0418272167466704
0.0683825789967181
0.0346823539851258
0.0452228817019044
0.0255667348009297
0.04431770877824
0.0715021493424135
0.0614601625006583
0.155195778317647
0.0335485181082584
0.0849796121109414
0.0622418935108589
0.00915834355601686
0.0688495373639707
0.0129258178389269
0.14256071447459
0.0318665922712818
0.037659142859297
0.0969073474672986
0.0170426802272782
0.0166433534116279
0.0158482247481404
0.0632275631576796
0.0682432697226633
0.0580454517587945
0.0363708855347412
0.0123792371735876
0.0802586445296356
0.0545834295892794
0.0570040217234127
0.0644764482435109
0.0505743168827781
0.0533107547553819
0.118834833346875
0.0740265779228937
0.0899497174594229
0.00815166809891424
0.0751843169720967
0.0750841804583052
0.0603713283408409
0.105296194134065
0.0518558015959006
0.0289408802652013
0.0112513437920016
0.0508800539151949
0.0945312469162471
0.020246413238245
0.106904377212715
0.0365645252958009
0.0351834293888135
0.0917922947817013
0.0118321384496053
0.00738128407131464
0.150043754704663
0.0182058996949555
0.100447615255759
0.0360402261643947
0.13224319150002
0.0591417864703353
0.0433992637703362
0.0370493224352006
0.0544676277247005
0.0363077208662106
0.0980946732673947
0.0253557146127268
0.0383972272752438
0.0518936094515836
0.0495291015272817
0.0316196780692098
0.13249871370983
0.0543722420731085
0.0947338385722497
0.121766321267021
0.0675757646457707
0.127409443507966
0.0399654094975581
0.12801345660848
0.064928904544149
0.0490609234146401
0.0655366578287331
0.0827626466163994
0.0124696459430732
0.114433633853419
0.187364084658495
0.112136693851664
0.106296641011726
0.0352446527468126
0.0150750377424352
0.0283731870177567
0.0591326542721352
0.0187089482045692
0.108534487684709
0.091860234311736
0.0306086025346215
0.0615844166905476
0.0479586291311121
0.0778796757091501
0.0720168987838407
0.0281184404070219
0.123247140210078
0.0105191046047792
0.0624683862072127
0.223852486978371
0.0708965190144983
0.0707480202692255
0.0689742598806727
0.0265514965779122
0.0295216868246182
0.0667318564043178
0.0407434122390894
0.0782838790470407
0.103086558782687
0.0235243133262415
0.117768984712705
0.0907799896578511
0.0434391497762797
0.0278448158801165
0.0591372150953607
0.0283622521882518
0.0748326902430735
0.0726034879094257
0.0329706306677334
0.0789366379769223
0.0461213656764711
0.0435313833433515
0.105960892627234
0.0474003482842006
0.049387128672778
0.0489240541009696
0.0306209934801741
0.0714795423328694
0.0626724801932936
0.153894868651883
0.0577618570927179
0.102228444407262
0.0486633929954856
0.0784407227566232
0.0663332609227261
0.110927563599556
0.0625154672152981
0.0267478983003072
0.0103064439091111
0.056089569625071
0.0307740422490635
0.0613132105309734
0.0812942318837786
0.0670439327343312
0.0728269608256265
0.0780701461027971
0.0546115794258446
0.00763069156252366
0.0523835683088318
0.0839875134769647
0.0293281750052372
0.0518884675883913
0.0896499858237315
0.0918201612922308
0.0306570735610502
0.148319412922839
0.13032042882434
0.0754989887734486
0.0163759124530204
0.0704643706352746
0.0863131043338836
0.0853915156569388
0.0408785429071922
0.0983836705194276
0.032754180985874
0.0221018414799643
0.0448598788321463
0.0247094102175146
0.0806826590264526
0.0509452568241147
0.0855706692082731
0.0956402056169663
0.0217536360027763
0.0694049395786367
0.102544329518632
0.050021969018943
0.0797862048925294
0.0141096188086079
0.0429158664479405
0.0600296872499398
0.0970411966430614
0.0955025160688711
0.011545885218472
0.0214577475311545
0.0808858315954599
0.031552724467231
0.0761887529104092
0.0901673569585992
0.0250610293955579
0.0357862779854265
0.0432717867140011
0.05836781562606
0.0741326802365531
0.0541614875435814
0.0231484015847538
0.0515905037699191
0.0817043535008009
0.0907724356566431
0.0469815798460298
0.0304155102064188
0.0351777639033612
0.0593040746282607
0.0840958637486014
0.0641975081835096
0.0668735733960841
0.0263046161921835
0.0114765149909571
0.132357661786773
0.07596650224181
0.075196530091595
0.0076964076164205
0.0272305115799602
0.0163069207907686
0.0976869609418823
0.0971060311842423
0.0536342537246258
0.0432676531417408
0.0328295827493978
0.0783622948913374
0.0803628310629492
0.0692419295457609
0.104857654838008
0.0131915643675084
0.102876644995395
0.0436168989307255
0.105949898423777
0.135019189319926
0.0965344247830124
0.0373292490734977
0.0278851055221466
0.0643051895354032
0.0913732257220242
0.0636766602019111
0.0307116729202396
0.0206232069022014
0.041387832512028
0.125479306846429
0.0604032064269075
0.0454666774646268
0.10954750974441
0.0966136877222495
0.0846036537465854
0.0206600271736924
0.0825912729122021
0.0910690521574216
0.0853090655102298
0.0394353431740247
0.0244786930983849
0.127170400698559
0.0627370513571092
0.0155944939638612
0.0923529947394503
0.0100890416799964
0.05618089852853
0.0814590802072733
0.0235202590560265
0.0226335630211757
0.0664909348643875
0.0681479218951725
0.0458632665771156
0.0642435930360473
0.0470049939841145
0.14826829566131
0.060192032749142
0.0987342805854293
0.0233459426303763
0.102990359466485
0.0210685948096899
0.0145889214794464
0.0367534894875045
0.0462677087096304
0.0680639548295292
0.122886443817724
0.0652676264234131
0.111603821101254
0.080729375337731
0.110181515306716
0.101810056874406
0.0584584295600216
0.0902795531539608
0.0185366679477981
0.0477817036575058
0.0625917338746739
0.0734703917358115
0.0415245623417404
0.0317730738566786
0.052281556421906
0.02043902280624
0.0801525124111257
0.0915379388247509
0.0416442093324933
0.0394458610419942
0.0607209378311232
0.0721796790575053
0.0745838436315097
0.0490878399017276
0.0640408676593545
0.0914076130939011
0.112160360388991
0.0769328829878486
0.0715540365844607
0.0216301200825176
0.099055282798654
0.0352622360893841
0.0148918324669216
0.0761949902232456
0.0607359647383907
0.0757331599814308
0.0412303949395588
0.113534330734703
0.029039163180434
0.0644033368078938
0.109941668064778
0.0439873495661859
0.0517977277070407
0.0462072222639719
0.0821924463557794
0.146990168864119
0.0345743043731331
0.107511746439484
0.00317709256679664
0
0.0333060281715881
0.0857163891162325
0.0273836153994628
0.0704619968112153
0.0567175310881966
0.0796920797397116
0.0191844933556982
0.123944986826476
0.123037699560738
0.0729944548790438
0.0934902879932601
0.115746194524718
0.0869145972581219
0.0875910189997916
0.160739680404018
0.085859762540689
0.0361954356738395
0.0200510944439855
0.066740754379943
0.0168771754636531
0.0673370787368854
0.0599994390607586
0.088275952661453
0.0415376547750482
0.0921942851234374
0.0584500559921102
0.117460103948032
0.0530621620675131
0.035577433745936
0.0854680803331485
0.0868614886318535
0.0527207475032906
0.0401237592300604
0.0541531637832628
0.0677837542896361
0.0734890831475587
0.0777305227319084
0.105362165402488
0.0272584317161789
0.119669210988426
0.107379253256458
0.0532665123426322
0.0142498132712527
0.0668689187418705
0.0603632615142564
0.0617194279969753
0.0581831551993702
0.0751331601548567
0.0818462270805961
0.0618674282943385
0.111562112170234
0.0276269007041708
0.0884525303428985
0.0817272975708359
0.0533493278393558
0.0739004218384088
0.0123559011350556
0.00921695510327423
0.0527119429589888
0.160599377166398
0.073341518040884
0.0756548085426445
0.0269424926752444
0.0433739294227448
0.0671856127598987
0.0315487077604316
0.092340692555605
0.0262977257719626
0.05557923185273
0.0494039465788093
0.0617360471794574
0.0306857647870893
0.0807339827112338
0.0635086797479294
0.0239203973727062
0.0561363030552255
0.0951596463743964
0.0326512036109782
0.0997780800093362
0.0653231999674853
0.0581912978590616
0.0704437023216469
0.042562316193645
0.0282264227890987
0.0417005851391283
0.0660892463026293
0.0259121541516049
0.0518624745691912
0.085693104757231
0.0754222676434027
0.0449747773627933
0.0413867541318512
0.039868293365998
0.104891270131301
0.0221761460703689
0.0851377312425171
0.0163927594399174
0.139427585265199
0.0724125567608341
0.125471407967275
0.0359563912541965
0.018825174183456
0.0705032952835005
0.0649102661764865
0.0490785132920023
0.0287009874141126
0.117522121711332
0.161192026016758
0.0821904529654262
0.0964221426103844
0.0446198989114086
0.0799452936762189
0.0473352978956997
0.0665784336889676
0.0335340253285498
0.0512778532857801
0.096776146105307
0.0438599171417895
0.0385218908745094
0.159698729342802
0.0307056203181315
0.170759337991809
0.113430490076591
0.0525795032140926
0.182359817791432
0.0757612062363242
0.0693820993559349
0.0918565558825046
0.0391806318040419
0.065786861414308
0.116568327411773
0.0107927252028098
0.0649773985507242
0.0557649109578198
0.0824681145145889
0.0845591159333432
0.0921652304836005
0.118379918892093
0.0216171593801355
0.137839538329275
0.0685961887834498
0.0281006535473639
0.0440842295430551
0.0760903229458583
0.100194780790789
0.118387100229489
0.0688300128918578
0.0114025330126913
0.085574896847942
0.0649922459375643
0.046588199217318
0.0519933867808221
0.157604379092202
0.062586077761362
0.0623445869363479
0.0611432586964663
0.0309230243222677
0.0809759162181746
0.0738763961790492
0.0501804943161051
0.00681131311591056
0.0901277432360905
0.0327478999419362
