0.098440928632953
0.666666668666478
0.130473519888226
1
0.23410677011539
0.217576627043724
NA
0.571428571428571
0.324950474173044
0.418796888934359
1
0.287769080772224
0.333319480726379
0.24183520679058
0.253761533182269
NA
0.0525893530062344
0.20580462905266
0.663830117263643
0.466639134252963
0.378415013883672
0.0591701094129698
0.748381370261126
0.201566486033395
0.781879493221011
1
1
NA
0.27642355715893
1
0.48053151489236
0.259166933278693
0.666581847879389
0.197725631507329
0.304463835859769
0.120215487104762
0.0714480703559707
0.289332911810237
0.167197542162247
NA
0.163573519425072
0.356059859574327
1
0.078612445447485
0.571428571428571
0.176739345213516
NA
NA
0.302339180234656
NA
0.129578565106029
NA
0.074092118734613
0.391189508273067
1
0.0971103884510089
1
0.490376835378258
NA
1
0.124482029051032
NA
0.130481387060479
1
0.106559586351649
1
0.370761315290786
0.200008414531079
0.280647919285222
1
0.0775591828977046
0.0501658986676226
0.143417737440292
1
1
1
0.121893648352167
0.214153458772826
NA
0.457007773626259
NA
0.44109872567099
0.114484498658483
0.140792984208447
0.75
0.392556454579707
0.154747851407548
0.191194583579123
0.749999999999956
0.45786934777322
0.111754204084487
0.284440370833706
0.178350493143268
NA
0.696709472985337
0.0663579039829521
0.0792247349058633
0.0695560631920996
0.277906979279019
0.310355522749064
0.376179587833566
0.312193166410773
0.0725085125917329
NA
0.226914124714863
1
0.294590395196401
0.599999999368885
0.571461433673343
0.496664329734508
0.749901113475499
1
0.118830501038269
0.600000030427343
1
0.165182117536732
1
0.206747824012231
0.712471532806961
0.0787630074584738
1
0.0909560074419189
0.494205326239674
1
NA
0.425268472765857
0.156383045601335
0.416486824442701
0.381010322699737
0.299313486640227
0.100563707610542
0.75
0.188099900779603
0.509091332403848
0.245017084182961
NA
0.325844509740329
0.666666666666667
0
0.856096621326658
0.0837979958356083
0.404611379042824
0.0619125716242864
0.119160423132439
0.12285033453161
0.298727808994409
0.356983868773514
NA
0.342418682380306
NA
0.575165372655548
0.462318795056328
0.104986094830189
0
NA
0.344423606918961
0.245593023933362
0.790862362299839
0.141453945245563
1
NA
0.624144638156415
0
0.151946395054478
0.0549325269858697
0.465120127000925
0.0935905909127155
0.555555441185266
0.285079500075052
NA
0.273165613113715
0.128468822566605
NA
0.176732376017421
0.361437450451915
0.401203312039468
NA
0.118311205917557
0.12423274597088
1
0.318504888037995
NA
0.244284345509069
NA
0.527081926915561
0.665954498655195
0.156824648444165
1
NA
0.160772437298792
0.75
0.754211747955347
0.247675231707415
0
0.20395014691973
NA
0.589126664649674
0
1
1
NA
0.183961056716228
0.314191648225103
0.520640032083744
1
0.0649941002374077
NA
0.427932091201481
0.410248351566061
0.152051363039625
NA
0.210765543420427
NA
0.520690471667553
0.0561572602981682
NA
NA
NA
1
NA
0.422316778664606
0.0633020849527356
0.170928949256204
0.372816150879634
0.129461828421822
0.112829826723705
1
0.325762523343703
NA
0.299150092960124
1
0.402933463534644
NA
0.083532284097118
0
0.526695231598723
0.518504125073247
NA
0.832066153020617
0.34193059702321
0.244481274332935
0.295733089813037
0.169760625903547
0.0722596757582938
0.21902774142623
NA
0.609314196010813
0.164350228390453
0.13485704449192
0.385948053885101
0.195198296941433
0.289819143935038
NA
0.215317465968893
0.191674643385985
NA
0.135938642350088
0.143935295956708
NA
0.405487427021611
NA
0.302113617043187
0.212084638803933
0.488058011304566
0.0742991450335917
0.191996433870939
0.237471076319467
0.135779736950225
0.193680434452679
0.513404234109058
0.152971978244706
0.499999999994669
0.309577458081922
NA
NA
0.216186130207175
0.0860934242228542
0.599999945202721
0.317416150585604
0.292342602035903
0.4075626051222
0.206896461496361
0.422521044251497
0.168452652259618
NA
0.281009915669712
0.100358277004233
0.125513848202161
1
0.707444159218016
0.25397913663182
0.383479333885042
0.0884740046807194
1
0.391961484374042
0.341257655337889
1
NA
0.219138061213924
0.261837177702848
0.325207180040303
NA
NA
0
0.749999999999757
0.0955944427378148
0.343681249999639
1
0.138949056720982
0.240766453373251
NA
0.334119661432155
0.0333129160743771
NA
0.399989982027854
0.624236127243997
0.686980732299439
0.595207839043605
0.5
0.260459510635051
0.245303026842007
0.542413798555016
0.370345321202472
0.242859591843665
NA
0.640135800351706
0.0932663762103061
0.597155044674911
NA
0.316887078586684
NA
NA
0.610898090473355
0.492031639795116
NA
0.161737856315027
0.356588678831111
0
0.666666666666667
1
0.163131475025911
0.621775708278132
0.749999998537662
0.749999999997675
0.0518548240023938
NA
0.0635744710110186
0.167611879781421
NA
0.056348597390699
0.244631795689164
NA
1
0.399997947612154
0.147387720733236
0.42731060394895
0.348143739390314
0.0899213482503835
1
0.108152165826757
0.75
0.484766574548731
0.0648150365215897
NA
0.397870526578376
NA
NA
0.128072679580105
0.152054450056077
0.275906057786477
0.0975208378206129
0
NA
0.207414316257285
0.352377011528787
0.508866310163561
0.232474813154081
0.8
0.169557415684371
0.0689005172470449
0.17614188282185
0.399771483976216
0.24555894537003
0.211338457124113
0.199574610692004
NA
0.28205617295521
0.186719466723955
NA
0.37935755594707
0.244047871232845
0.256065954980361
0.0715576591787188
0.330342195469315
NA
0.201325705758964
0.203507926126782
0.144221770316232
NA
NA
1
0.198258362047233
0.500187365721194
0.399526908857307
0.377270764510021
1
0.133178461506596
0.360162947180151
0.333333333333333
NA
NA
NA
0.365205774361008
0.291437786788075
0.6
0.483355832639963
0.517721444494706
0.618098158162387
NA
NA
0.235667541193535
NA
0.33775804432551
0.247642405602761
NA
0.305547937292156
NA
0.362146648854573
1
0.168787896860963
1
0.384141270315725
0.216162350830259
NA
0.4910815662025
1
0
1
0.655990675093089
NA
0.604648935004392
0.378127175924376
0
0.392835980855288
0.3743293925666
0.0329540380148093
NA
0.5
0.565203146299302
0.079925301450202
NA
NA
0.422046046982264
0.398964218076401
NA
NA
NA
0.799999999912453
0.146901920099492
0.156472177985167
0.235849634267509
0.0438673604521652
0.296858186219262
0.360474011290716
0.491490119194033
0.333326485208274
0.190848886774255
NA
0.165365430184315
1
0.599991260796019
0.714285302221144
0
0.5
0.287608918403216
NA
0.22221838569132
NA
0.363052811019841
0.309760348658847
0.224735582107595
0.0948196890142053
0.75
0.447364308934105
0.666666036651655
1
0.107804802533884
0.2713565513181
0.666666666379397
0.49991834649845
0.666666666645997
NA
0.341804782533298
NA
0.386392664234595
0.118578204866957
1
NA
1
0.351894251282681
0.272241897861322
1
1
NA
0.257582028765988
0.122944539404297
0.212857007591575
0.276375786443823
NA
0.0609849192323397
0.37113051238851
0.500370036586732
0.409756119893324
0
0.749998473956181
0.49981422876748
0
0.54152572201987
0.525154238447251
NA
0.0531367766727288
0.7
1
1
0.167901031588538
0.104042837624012
0.0399702886047861
0.833333333301664
1
0.666666665674969
NA
NA
1
0.308016216335819
NA
NA
NA
0.109784762647446
0.129980024480726
0.141574593786623
NA
0.401835419054309
0.656800155487294
0.24472182916533
0.448623801012271
0.0588845802346582
1
0.274393191672269
NA
NA
0.131139652398499
NA
NA
NA
0.218264194301826
0.387346625249063
1
1
NA
0.282866434412475
0.0636588982070772
0.198818782278086
0.272683015846163
0.292299266759524
NA
0.198913928921311
0.300708759823796
0.635667827713426
0.110999518088169
1
NA
1
NA
0.749999959313421
0.33800492861684
0.435990578400464
1
NA
0.0467759255934777
0.269050384646337
0.58868082797693
0.140109614927876
0.31936041341093
NA
0.434699277940399
0.543298208280332
NA
0.777777765023197
0.0419046724198841
0.177147619574491
1
0.349296928228352
0.0489431037515723
1
0.709696821123913
0.0436720771130202
0.663803422244943
0.112303755594754
NA
0.0878081163243327
0.666666666666667
0.499999999999153
1
NA
NA
0.719062015794702
NA
0.489774169333702
0.399561897518145
1
NA
0.0833970628159351
NA
0.207060775291146
0.308951983197784
NA
NA
0.118384285205262
NA
0.205180120236848
0.510235397755384
NA
0.749999999963189
0.179543068343273
0.457938949021701
1.44309945412517e-05
0.8
NA
0.118855951223494
0
0.428869550435898
1
0.055382083248412
0.155811454869027
0.227876129062562
1
0.0410133583453839
0.239640294579873
0.358117976979124
0.311013995866266
1
NA
0.366459198281708
NA
0.666666666666667
NA
0.100561216628312
0.118097222129953
0.416618964135514
0.312834684595894
0.0997667270891718
1
NA
0.0700755290799121
0.160068003348161
1
0.0602397513482184
NA
0.200602556106344
0.440280188133022
NA
0.213033104409392
0.440088263625595
NA
NA
0.14329043381379
1
0.217937549304827
0.588618722317838
1
0.333350290890856
0.873072665741746
0.083462259230482
0.597506021547698
0.613298935484426
0.280212473857
1
0.253132771210121
0.508456455388888
0.520900916407338
0.8
0.318618893005246
NA
0.399932968713536
0.180747110612291
0.6
0.0839835321016311
0.256287921665361
0.399695963899702
0.286539654278337
0.316133010900793
0.166934226987285
0.666512588239846
0.269488593577446
1
0.491350184018517
0.451161469062542
0.55726732790861
0.423782814933058
0.248880945255473
NA
0.23866529601123
0
0.545454545454546
0.462853004427533
0.123696534036438
0.469829870815867
0.431797215627479
NA
0.50161054818449
0.417984239464685
NA
0.300192702774507
0.0880975616225344
1
0.209544279886331
0.483800338545389
0.206314521654746
0.0923560989296751
0.0603383847427387
0.0809766206054057
0.5
0.666666666666667
1
1
0
0.100853675360171
0.357121975105402
0.139770882772056
NA
0.419041998959976
0.397337742480612
0.161596957001177
1
NA
0.0614298483356787
NA
NA
1
0.443473272749517
0.115656789446288
NA
0.447519186228596
NA
0.468653100836499
NA
0
0.561179456800108
0
0.416272310351071
NA
0.409958257201382
0.362792240970925
0.066307023299121
0.327187377367106
0.157225613230335
0.512069505725631
0.135671214104722
NA
0.372229636020829
0.678336900875476
NA
0.367701390834354
0.593454987941561
0.0318749061006504
0.121916470954102
0.8
0.0581758109266806
0.147949107760246
0.184576916281121
1
NA
0.443765415450338
0.714285714285714
NA
0.0759078977549479
NA
NA
1
0.0613004840171078
0.666666666666667
NA
0
0.091473085875043
0.499999999998319
0.107077054274943
0.467737535364481
0.172132083773798
0.614158640891791
0.689507864681324
0.75
0.289015855730776
0.3395277455252
0.283906264942819
0.150827556389568
0.135020022627115
0.666666664327235
0.749999999996914
0.127046303827314
0.303308950427006
NA
0.561778603726994
0.103890910088808
NA
0.169835240978742
0.42433096649722
0.0752273833408079
0.222732828421169
0.172899495158923
0.187818029501816
0.606844620693589
0.255967312938347
1
0.165531630650323
NA
0.197261004495384
0.194223921437386
NA
0.583333333333333
0.166647724464205
0.243790234842114
0.226057984262879
NA
0.158918650804646
0.0882667548488628
0.120809163818317
0.201244564893117
1
0.0961345471104805
0.505708959839732
0.857142857142857
0.714285714285713
1
0.496238182600159
0.146588641771774
0.286404677698144
0.5
0.411563915488827
0.810368160088644
0.205890898702266
0.336244991495276
1
0.266241868002691
1
0.799999999997052
0.342932673572081
0.727272727272455
0.141585618031943
1
0.0803271112637352
NA
1
1
0.0895818339482412
0.245154788491831
1
NA
0.143438700277947
0.136020206593484
0.318186777054008
NA
0.120418230895853
0.145793575900934
0.20654840640059
0
0.360547941008259
1
0.255097132828643
0.201737053682966
0.156171385740015
0.270651396059527
0.125313564520626
0.148696218404801
NA
NA
0.361818740723288
NA
0.290744950531085
0.291927977223007
0.20738122008766
NA
0.229504379591924
0.132658509595365
0.433881823775095
0.0789913254203401
0.347466526767919
NA
0.488138896954152
1
0.140168527320501
0.578405973813316
0.268758053509196
0.247326150642172
0.5
0.744444703414472
1
0.407018168762933
NA
NA
0.0571615590521141
0.145201638466299
0.0516508376116325
0.650933233787521
0.334061308929509
0.153845673430063
0.624755837879147
0.104768221121164
0.187136255032718
1
0.118910332949238
NA
NA
0.0265281992050412
NA
0.638165865622139
0.35837935566307
0
0.114792461102916
1
0.538824062101966
NA
0.314394851456161
NA
0.284464571754038
0.666666043567539
1
0.4
0.4999973295323
0.0935486450131924
0.386343941036741
NA
0.601547252581612
0.412846701857723
1
NA
0.66666579235983
0.0608691029626854
0.235659679776261
NA
0.117091602557555
0.402831743962543
0.102416821005165
0.127383998421737
0.666666666666379
0.163583770679748
0.0702537877456892
NA
1
1
0.249999997232092
0.0846680765210602
NA
1
NA
1
0.37746014285639
0.165417872909121
0.14486839783417
0.412105125509728
NA
0.138923594505886
0.223747228380311
NA
0.038311939494658
0.650357250868862
NA
1
0.333333333184763
NA
0.218195887355244
0.215436461813728
0.172259435704224
0.181835749839052
0.428931001662482
0.170433239022387
0.252069605149205
0.0716255644916166
0.331515005818787
NA
0.169480109112129
NA
1
0.530557096768866
NA
NA
0.309604168170033
0.447744802152994
0.168015799976089
1
NA
NA
1
0.30314249127019
0.137935407519586
0.123204444294438
NA
0.666484584241163
0.295498217767914
0.30398727217852
0.465996610368098
