0.0255852775016521
0.0274359445495741
0.0209137966578103
0.0300788932090739
0.0363896044749271
0.0154449277750871
0.0219688070920255
0.0268373684338993
0.0378316390332229
0.0257750400264361
0.0240554263809374
0.0315507067439672
0.0347921754748114
0.0243767997346706
0.0207861669918539
0.013318807301989
0.0297036014258905
0.0126549648206068
0.0199898665979806
0.0263445606730615
0.0453315843943554
0.0244841534730856
0.0252223859596055
0.0214332186131033
0.040741087696069
0.0273749305741939
0.0206174066863174
0.0367662282410646
0.0216641763257076
0.0237921035406055
0.01783353134478
0.0237730740300802
0.0250551964220156
0.0371208787655623
0.0155636175491759
0.0405744528689727
0.0214388892472122
0.0278850716563911
0.017466150470521
0.022262130652229
0.0310432642063711
0.0268100066621787
0.0226657745672871
0.015978931090701
0.0271165164954719
0.0210114571851075
0.0216507169737658
0.0202977275806755
0.0275273727364544
0.0361133720444758
0.0261969323239939
0.0306505330975849
0.0264213624888166
0.0263852439097669
0.0196157570100914
0.0169083349962387
0.0197619628055186
0.0193079171437364
0.0184628811219437
0.0259372708990249
0.0286981117218609
0.0217803902086432
0.025868284030422
0.0236685798672522
0.0439405335225285
0.0249843731290139
0.0193023775833973
0.0184194763739015
0.0294396647781853
0.0226056788374222
0.0259549578548424
0.0175003464970362
0.0316934259037205
0.0154488705357921
0.0207673414247485
0.0297502968459443
0.0300328428603695
0.0189250815932145
0.0509778341725216
0.0239500192488033
0.0388501956611587
0.0208985827346597
0.0285174454697279
0.0246412758779856
0.0288717158441071
0.0235816637209489
0.0265505187383288
0.0266980301000101
0.0272266623471687
0.0315568740364366
0.0190810016749066
0.0212239558210514
0.0187418976186808
0.0201285110068169
0.0222530492517795
0.0236345746239662
0.0290021956003952
0.0401048716834056
0.0204231666953322
0.0195849992593568
0.0194395041839915
0.0255645764919336
0.0346092091925331
0.0223840925644705
0.0409581725613378
0.0309406178873146
0.0143570718330833
0.0208026943471225
0.0267371134847656
0.0276166778910955
0.0278373631206686
0.0342428949286876
0.0252760879668446
0.0195130802648687
0.0189093370900341
0.0302374892087234
0.0318350890446745
0.0231101024596831
0.0203420154577457
0.0234897460226835
0.0236315563506704
0.0309619979898838
0.0277299421609316
0.0251123925212469
0.0179095477080064
0.0295828535344376
0.0177364401565579
0.0396285590637186
0.0222129689894604
0.0284423144908538
0.0212001250142804
0.0215086324118772
0.0201076301353026
0.0267363459283727
0.0168545192879058
0.0335358145567328
0.0361463134088277
0.0399550677161493
0.0148235609644075
0.0325591331900369
0.0163784308371048
0.0168344132854083
0.0305932419562384
0.0273402391288151
0.0234518597912908
0.0280380132186438
0.0204199832247566
0.0270869689189143
0.0224970858034867
0.0379189497805161
0.0261221978230918
0.0201348863468082
0.0216405397485035
0.0212585749748338
0.024655728101301
0.0287066116627797
0.0354994137587453
0.0263588715720945
0.0166834244369852
0.0250489775663984
0.0198325506121672
0.0335374796434283
0.0324526087788343
0.0180343672499336
0.0317932003083694
0.0275097605551449
0.0291794032136276
0.0281548712217895
0.0237984131823459
0.0313674073577938
0.0147181551294613
0.0284517764423014
0.035967170768941
0.0222257907383622
0.0215667744902983
0.0266137123592857
0.027460502773275
0.0235703404934578
0.0186535578272368
0.029234172792718
0.0177600994730253
0.0261022663464328
0.0350247050681856
0.0308303652515195
0.0199324824266301
0.0212274395404142
0.0113970905822805
0.0259979601147949
0.0236320673568267
0.0339565365899478
0.0241864755273116
0.0287617872930694
0.019717342372183
0.0235046343671695
0.0255132789864428
0.0296888055503481
0.0119269702538238
0.0302966385360041
0.0239846573886884
0.0152789351420218
0.0531859508091594
0.0227502395483824
0.0182057317433711
0.0305447869116807
0.0405584585088807
0.0285160243433929
0.018434470548972
0.0240234366146201
0.019123417984959
0.0276113384662241
0.0221878891729679
0.0213322638794498
0.0279221381069087
0.0167868750813747
0.0235194236254658
0.0202820440319353
0.0260578826001839
0.0178964430492315
0.0246303489485456
0.0228817051615809
0.0339877007598527
0.024184038941417
0.0204384534227275
0.0129902386117206
0.029791869819708
0.0285080481898894
0.0218011116530701
0.0216040510153896
0.037785279221491
0.0234930785715081
0.0252879022380418
0.0271896553154014
0.0366800457782799
0.0251342683807463
0.025362949532155
0.0229904209579428
0.0222809633735837
0.0221367084920237
0.026648691144073
0.0285299910448254
0.0406394123928101
0.0181932141290699
0.023912228300008
0.0236890972483178
0.035438451545227
0.0320556429121086
0.0197004146556376
0.0301854636297544
0.0431441332236843
0.0213617420191655
0.020525308836433
0.0308942230352916
0.0197550599034932
0.0170119914933564
0.0194814567396628
0.0296254887096393
0.0187734989650956
0.0263053725904689
0.0273133712649956
0.0263637293530437
0.0157212081693024
0.0360794978987817
0.0283743965257766
0.0224863563751173
0.0503323638627738
0.0182754289785637
0.033287866014358
0.0249392915275101
0.0194460971783686
0.0181279675718043
0.0188124818679537
0.0292440583563756
0.0218951176314838
0.0306173046786638
0.0300486538943608
0.0199666532561399
0.0208870321844776
0.0189739976703902
0.0189197276966079
0.0197094508532041
0.0253025673427539
0.0350904779991778
0.0359805775505737
0.0306170637618894
0.022735318129253
0.0196923987224282
0.0239965913189038
0.0216635852674584
0.0249658051609453
0.0206249447704715
0.0438335686648589
0.0218074173241459
0.0238337816082295
0.0171578409918258
0.0205150893627203
0.0215829770940355
0.0238420326023529
0.0269762309002266
0.0338712840340322
0.0240432925578827
0.0225345042207825
0.0335151507620143
0.027230927910968
0.0251859346722937
0.0254841394038537
0.0245688113643546
0.0205306190804905
0.0239686856430875
0.0202992267296547
0.0167112136273085
0.0224345271776445
0.0288651455123436
0.0218388516221328
0.0325538913920513
0.0314549379243163
0.0318521488291833
0.0270329228409235
0.0226656005275825
0.0221518408177702
0.0153732701310753
0.0285422238909758
0.0181106640250078
0.0258608271038822
0.0167410007890114
0.0224667935040596
0.0295324376475184
0.013267935488236
0.0158934404095747
0.0276481305344641
0.0236897719748359
0.0224432294718993
0.0241476733226907
0.0193955020167359
0.028247658688297
0.0259446367860541
0.026332479725988
0.0341925748798174
0.0117423531607925
0.0328805153388844
0.0323199924745088
0.0282701622755324
0.028600705239906
0.0220456238111462
0.0177919284289479
0.0285478884787348
0.0251666266074605
0.0271909819043694
0.0236858028437464
0.0249563550309485
0.0186914612786881
0.0205394941303614
0.0236709347724996
0.0236666646980813
0.0378245416436469
0.0364919484909951
0.0402273345256997
0.0259517426923724
0.02477029720548
0.0231074588374031
0.0141407842493248
0.0318780212135513
0.0200957083039391
0.0235846723606526
0.0158653580602944
0.020890672384049
0.0294340908989366
0.0236688493735029
0.019703681841973
0.023543294091336
0.0231335806246478
0.0299387849041082
0.0239939950885613
0.0391340350518742
0.0257613573554774
0.0147587381631148
0.0255681936412444
0.0228717022612181
0.0244467958327842
0.0255848515619586
0.0213728701384729
0.0301570742437718
0.0329032999721985
0.0151197288056396
0.0268726474743267
0.0207362542072122
0.0301158111615079
0.0265542273830725
0.0254875422077359
0.0372839522605346
0.0221973975467053
0.0225518193079157
0.0212914446385308
0.0227646967822274
0.0206469875891817
0.0137029473289827
0.0265056300000152
0.0219804571082116
0.0216859107722145
0.0277650887436401
0.0268438884541666
0.0330005946386319
0.0144263618768733
0.0173452735761351
0.0186022265756479
0.0119102122240413
0.0206861196495137
0.0255815266954405
0.0273141177669338
0.0402380099968814
0.0246063371049917
0.0255354197800155
0.0250204213290673
0.0308904973076359
0.0272168973781931
0.0268396131951113
0.0335811916675932
0.0227164949396145
0.0206928194952502
0.0384362589616514
0.0178465755979547
0.022071510456686
0.0259394391355584
0.0355443299392039
0.0185302327605697
0.0236918770764055
0.0231312904653229
0.0191496175744885
0.0377135463730301
0.0190004643865158
0.032398226433911
0.0237537726761078
0.0281670166496553
0.024022630080355
0.0233953106005245
0.0243190493967947
0.0216830267606123
0.0281945860529275
0.0284235760737966
0.0245303509043459
0.0403028897012276
0.0341688196305913
0.02074041815728
0.0338197812943914
0.0282465850080797
0.0259908870174258
0.0239132838709523
0.0154865970431356
0.0155793758485836
0.0198302865682176
0.0262849881608105
0.0233138318557805
0.0261266452179468
0.0208269387364268
0.0211822342166363
0.0211749982797657
0.0183899701980231
0.0241510421444457
0.0385054928605994
0.0245975508157442
0.0235581004822539
0.0275953098355649
0.023916270542935
0.0264802246347717
0.0293824780339064
0.0246700927582423
0.0311803360307873
0.0210940802406007
0.0445635506146765
0.0194825245194109
0.021979127216769
0.0258946934715723
0.0327642051801687
0.0232622851432183
0.0230318303096371
0.0236770438137502
0.0177236303272006
0.0371553299727696
0.0291228932251292
0.0266516939963382
0.0238029810539354
0.016048057046164
0.0164948346111578
0.0206747941674752
0.0295190195235178
0.0247557232616921
0.0178143598200133
0.02752672494355
0.0266791322407822
0.0222452188342171
0.0358857373943286
0.0355998398920085
0.0208613366126506
0.0183975882896545
0.0284200351101231
0.0183485140300703
0.0185188809965755
0.0369672029879944
0.0383540688696554
0.0154586286731735
0.0296957089867748
0.023339165469394
0.023710677142205
0.028504713221865
0.0224647227120439
0.0186253550541431
0.0229953633135248
0.0344788574240302
0.0311980650449339
0.0312791019213427
0.0196757260305082
0.022608426465402
0.031221854966764
0.0320050260515656
0.0205103363345517
0.0259484428061912
0.0240505212817691
0.0328865221473153
0.0269575640153119
0.0360001220360017
0.027110216733795
0.0215167357425211
0.0224940909083204
0.0321645543561404
0.0225049143423319
0.0195118623803347
0.0381825622866089
0.0293475442042716
0.0253088616194694
0.0391465741828144
0.0209961878691298
0.0325838968220208
0.0178940270385157
0.0227706424641747
0.0187662552568098
0.0183118247456254
0.0320251752385082
0.014182045282301
0.029927074280249
0.0215471293061631
0.0261606965102866
0.0185113665154374
0.0221518628355008
0.0162497383717403
0.0263645882780583
0.0249817367187053
0.0264272171761317
0.0373732434590495
0.0268517870396381
0.0370039993259582
0.0232566094103268
0.026179006559463
0.0279820417165796
0.0128531844171045
0.0199403289933331
0.0250559809687459
0.03715989352733
0.0269492047153749
0.0264821443527032
0.0221146210585923
0.0279202399527425
0.032246557178583
0.0334494294627144
0.0207018106218603
0.0131698356646108
0.0169820547866897
0.0203271179509818
0.0239986233891554
0.0214975020372315
0.0142205156303039
0.0176887539810918
0.029274217337203
0.0320657326611607
0.0196642673789594
0.0276094398046125
0.0169787887708091
0.0177814625195512
0.037601274755206
0.0169652711777614
0.0260091747144931
0.0189999971823959
0.0151464768712112
0.0456865776129662
0.0171791986079829
0.0263735088240722
0.022804981301051
0.0243799367318898
0.0201508521857136
0.0177820202782099
0.0203573644191914
0.0250854823902122
0.020094210724338
0.034187552548242
0.0181260609180191
0.0123501045204387
0.0139497910801701
0.0300055877075156
0.0284466642563017
0.0203693821863927
0.0231877100042546
0.016709125726819
0.0244977585188611
0.0358975651704457
0.0280745298857401
0.0316128449798424
0.0317925697789839
0.0252975632808711
0.0298573662450386
0.0270429915482764
0.0276679577257036
0.0217622441778521
0.0282241170739023
0.0184100042552875
0.0242705385681592
0.0211362173816252
0.0267514399030597
0.0218692713631647
0.0405037349568526
0.020500965087175
0.019476844840657
0.0265447347814776
0.0224369657861121
0.0273042223127003
0.0215181328369135
0.0167840045672235
0.0188895748608706
0.0217017554499926
0.0370506289595621
0.0185161219052134
0.0405616502954604
0.0353493035307875
0.0281507359786289
0.0255846774150642
0.0243234737887647
0.0368027717011862
0.0380867892947793
0.0191958217277777
0.0224091472426817
0.0208863833374902
0.0195275655903341
0.0310986246343148
0.0322397550033141
0.0181368210651051
0.0252835395716504
0.0213710218408678
0.0314747482052992
0.0243291191765384
0.0231522728391192
0.020483438347069
0.0168569858147029
0.0215990035518396
0.0308960529652185
0.0363336543095941
0.0225876097654162
0.0365658999890413
0.0256428297919606
0.0335611049502698
0.0221124975936619
0.0159506508162757
0.0177543417012848
0.0287400644271209
0.0249838022005741
0.046662148211629
0.0216593214543369
0.0252831254597321
0.0182289283954508
0.0327895292388489
0.031202604943207
0.0232304519123897
0.0285680381010758
0.0277135236378239
0.0220690524733334
0.0143323455889307
0.0226560201825982
0.0216573872746924
0.0258147151359178
0.0308964371998589
0.0360629401153373
0.0292201189887697
0.0206924279362366
0.0247937182557259
0.02652309076056
0.024367622114728
0.0187475697725041
0.0305155381797176
0.0190503643871363
0.027349990785857
0.033305628657041
0.020569494749478
0.0210853069675958
0.0139007915666452
0.0285519963013968
0.0280304383723334
0.0274452965656406
0.024001805606001
0.0200006545288543
0.0265564011462345
0.0223198196777796
0.0263718982087849
0.0293585089333965
0.0318435965011229
0.0216723225453944
0.0233791507430005
0.03248974018741
0.0256849137573977
0.0170546667422302
0.0310866863906622
0.0200440924922307
0.0203719508539502
0.0226092144831816
0.0197236764457696
0.0279183414246416
0.0181858320645021
0.0182282927035274
0.0275601945203239
0.0334011068755407
0.0144118361039118
0.0232431416501253
0.0304914360195546
0.0133493252246572
0.0183891166324623
0.0229680557133855
0.0150840949187368
0.0245391775235825
0.0204278066524576
0.0354665935430901
0.0234143666598841
0.015609877678736
0.015786113902502
0.032588596378982
0.0184857958521605
0.038639040020822
0.0277085901951818
0.0211622384849494
0.0204225408664676
0.0249511973991808
0.0263077639897787
0.0331917041043381
0.0183864647399948
0.0277176620480709
0.0314689941284152
0.0193094110628918
0.0302600460806648
0.0179974581946211
0.0293826471880998
0.034779954767659
0.0433707537246356
0.0206526837173421
0.0323198042541661
0.0240603801010661
0.0228562551736092
0.029962085852096
0.0241686014308915
0.0316238907255202
0.0227435518237844
0.0372934030800977
0.0222869426808139
0.022696320771911
0.0305894030814934
0.0238427519465454
0.0197570442330412
0.0197881776972818
0.0230813114168342
0.0200756332476954
0.0239114929421638
0.0209738874162193
0.0238514765753906
0.0327036845833616
0.0298055339440768
0.029860256645724
0.0211361676719735
0.0282370669212829
0.0245038206874487
0.0235763644486124
0.0223299748816552
0.02431701431819
0.0319153981201324
0.0316289703028157
0.0189144858322013
0.021380286126235
0.0303360368006229
0.0228337415511207
0.0257873101522953
0.0218524887103964
0.0204139254140438
0.0228668597517607
0.0243321374665501
0.032648013708526
0.0140257516146063
0.0222441486992809
0.0313695193075779
0.0201172620602593
0.0148092053882889
0.0233027842176643
0.0195441239368504
0.0275125775906254
0.0311236074200952
0.0252570494236317
0.0217145310567529
0.0205200871370916
0.0232843311547621
0.0286377842396861
0.0284905563080963
0.0396740476930391
0.0212063567945487
0.0378256229233961
0.0152875304286053
0.0344089878670949
0.0342449993162929
0.0162035880173208
0.0341214407880902
0.0198560819664382
0.0263005724907728
0.0318477385893673
0.0271373416886839
0.0347563528088729
0.0296189568527459
0.0157872957749225
0.0219921201765576
0.0198922702795129
0.0234026430821964
0.0349365033498497
0.0215785471136242
0.0364516080119686
0.0276083428553925
0.0223040062139835
0.0211181167852186
0.0252561594883454
0.0359064729487434
0.0162855760506096
0.0350178558315042
0.0242075011147111
0.0178255091777216
0.0227660942164435
0.0238999097980751
0.0160509819521182
0.0221969938946086
0.0280806023399727
0.0399811162076525
0.0279941162565939
0.0150388027415287
0.026945622541808
0.025989166233526
0.0250482016506888
0.0232034696019314
0.0234882077340257
0.0201121959744013
0.020331864160779
0.0236741676306014
0.0254801893449055
0.0286226251020768
0.0247819916711436
0.0451960229654539
0.0212804838697804
0.0149701170088894
0.0385763159984561
0.0203568393499528
0.0193096434901801
0.0224310478688894
0.019274146138801
0.0546849360444268
0.0278835386700228
0.0230089481488136
0.0259861076684996
0.0246382873173705
0.0494970307965741
0.0346856280597248
0.0190858567239442
0.0236455955898924
0.0354413250220273
0.0259730473149911
0.0229157699525053
0.0165432107998978
0.0352471160948932
0.0287937313094994
0.0184579592244445
0.0369690440626802
0.0178208412954302
0.0190142643190059
0.0279589477785327
0.0176957847693673
0.0342878656462362
0.0324085050102776
0.0281539303945073
0.0308039862304342
0.0238619415220981
0.0279568315118773
0.0225303711929421
0.0178358343681834
0.0191817869106886
0.0160164211938226
0.027178111815111
0.0254074744049549
0.0232953893735195
0.0271868131324461
0.0352678107288265
0.027457268919673
0.035962803371009
0.0319131964397629
0.0234328993562593
0.0265120253140291
0.0223134241280132
0.0152169938191546
0.0368480564030515
0.0192498806987043
0.0325619587414477
0.0218459602952869
0.0220103369641468
0.0227453456457098
0.0279438810525279
0.0269328865669145
0.0179817194765957
0.0252013530155097
0.0309966576448233
0.0170641654835318
0.0187526463391799
0.0224513715697102
0.0329842150075647
0.030575439692426
0.0188363674920345
0.0477221667442613
0.0280844541845427
0.0289669068968794
0.028151642544455
0.0438119873712649
0.029547270761509
0.0202403968916889
0.0196971862929928
0.0380375112225434
0.0172019933991534
0.0241529540482529
0.0232253077964654
0.0272663594135817
0.0219667541955874
0.0204796934068112
0.0233063852229618
0.0169528170087147
0.0297174179343119
0.0209293888521523
0.0308440560650224
0.0185633703491066
0.0232920738944355
0.0308337484595024
0.0226294182241527
0.026879825413367
0.020296113230534
0.0342076122307586
0.037025768318951
0.027129520933633
0.0200921001794502
0.0276826307393599
0.0440527206733696
0.022011369817423
0.0209402154757295
0.0224956774030609
0.0203094457026623
0.0287818506860457
0.0281930902318408
0.02120997954463
0.0306256980269795
0.0261951635496373
0.0195517856957537
0.0299284171602265
0.0260830518194893
0.0239225554058131
0.0432216850518814
0.0262597464144426
0.0226061665655384
0.0259378541499117
0.015628360581535
0.036934915708853
0.0283810494550405
0.0191822308951475
0.0222166256349439
0.028684687614993
0.0294138345255775
0.0301477990703833
0.0322696470068458
0.0271117078180115
0.0240343042091806
0.0298386504580527
0.0233481170951088
0.0176513807753224
0.0212176711726389
0.0310107614364443
0.0222481570188758
0.0276150122325154
0.031513934988865
0.0282662459006937
0.0291472380102964
0.0157547351495636
0.0172552578859962
0.0195825831017267
0.0225277986303998
0.0201993969176089
0.0231254854218935
0.0250226495674148
0.0207994298221318
0.0393193787169568
0.0259272859746381
0.0227984093238628
