0.57741935483871 0.545161290322581 0.0274776217067389
0.550632911392405 0.534810126582278 0.0344498948071643
0.574912891986063 0.501742160278746 0.0233732561936135
0.550218340611354 0.48471615720524 0.0280441328187413
0.539370078740158 0.511811023622047 0.0359826756827629
0.571815718157182 0.5420054200542 0.0207617692427345
0.510121457489879 0.481781376518219 0.0254520204038779
0.489082969432314 0.432314410480349 0.0327659791076365
0.552123552123552 0.528957528957529 0.0378493789795731
0.572368421052632 0.5625 0.0288908299344896
0.51685393258427 0.468164794007491 0.0271377741033515
0.543726235741445 0.520912547528517 0.0319689351174751
0.502415458937198 0.468599033816425 0.0326142181841785
0.53030303030303 0.515151515151515 0.0248098650338683
0.545454545454545 0.520376175548589 0.0274937569719052
0.568238213399504 0.54590570719603 0.0207999977121346
0.511111111111111 0.474074074074074 0.0346994538068562
0.559459459459459 0.52972972972973 0.0227107303853229
0.590123456790123 0.57283950617284 0.0265960468509731
0.566455696202532 0.541139240506329 0.0314497904386354
0.541284403669725 0.541284403669725 0.0379995485855295
0.536666666666667 0.513333333333333 0.0272206012328734
0.547892720306513 0.494252873563218 0.0265193575569319
0.512280701754386 0.473684210526316 0.0273815798435935
0.545454545454545 0.495454545454545 0.0396891366127714
0.535836177474403 0.535836177474403 0.0292666401550629
0.5 0.518382352941177 0.0263571054159904
0.566433566433566 0.527972027972028 0.0373379049868334
0.507692307692308 0.469230769230769 0.0267148972294582
0.529197080291971 0.507299270072993 0.0289733600599459
0.546296296296296 0.518518518518518 0.0227748167322084
0.523131672597865 0.512455516014235 0.0285871458488672
0.542662116040956 0.508532423208191 0.0310876348634783
0.488789237668161 0.488789237668161 0.0402949532263216
0.535211267605634 0.52112676056338 0.0221451104606936
0.534562211981567 0.497695852534562 0.034292068338379
0.562857142857143 0.54 0.0273250135257525
0.537953795379538 0.518151815181518 0.0332472452880365
0.536585365853659 0.518292682926829 0.0215310233824841
0.545741324921136 0.536277602523659 0.0267736248368048
0.503597122302158 0.496402877697842 0.0342302396440156
0.568027210884354 0.547619047619048 0.0283510875576525
0.50936329588015 0.48689138576779 0.0255149467063073
0.554913294797688 0.554913294797688 0.020114341848103
0.525 0.496428571428571 0.0298025941833354
0.55 0.515625 0.0268222149278951
0.516014234875445 0.480427046263345 0.0276955798311321
0.549520766773163 0.488817891373802 0.0247482080376733
0.562962962962963 0.488888888888889 0.0300287463108168
0.524017467248908 0.458515283842795 0.0408278485869588
0.522556390977444 0.492481203007519 0.0300981833531054
0.567375886524823 0.50709219858156 0.0308637449893574
0.502040816326531 0.457142857142857 0.0311059589407601
0.54858934169279 0.504702194357367 0.0323645810432129
0.533557046979866 0.5 0.0264831016516008
0.512280701754386 0.480701754385965 0.0255626133124287
0.597101449275362 0.571014492753623 0.0240416721624419
0.506944444444444 0.486111111111111 0.0269917845991808
0.525477707006369 0.5 0.0264098630898252
0.569078947368421 0.546052631578947 0.0266143478882338
0.519650655021834 0.480349344978166 0.028019180042189
0.548172757475083 0.501661129568106 0.0249013242228836
0.560260586319218 0.530944625407166 0.0289953545484874
0.527777777777778 0.448412698412698 0.0246351212668879
0.582706766917293 0.578947368421053 0.0411063848334264
0.562913907284768 0.526490066225166 0.0292541441910482
0.511194029850746 0.451492537313433 0.0231806058894975
0.546979865771812 0.479865771812081 0.0222436919340818
0.531120331950207 0.510373443983402 0.0343624146601787
0.538181818181818 0.490909090909091 0.0263668011460977
0.52 0.505454545454545 0.0292801702114763
0.512422360248447 0.506211180124224 0.0250427547575045
0.504464285714286 0.450892857142857 0.0366535045717712
0.487889273356401 0.456747404844291 0.022690104624506
0.565349544072948 0.534954407294833 0.024724580138269
0.535211267605634 0.528169014084507 0.0322095498466649
0.590747330960854 0.537366548042705 0.0308586254227444
0.553125 0.553125 0.0237417920532281
0.520710059171598 0.467455621301775 0.0447589964151741
0.521008403361345 0.470588235294118 0.0237554298209064
0.573943661971831 0.549295774647887 0.040799939262993
0.523510971786834 0.495297805642633 0.0261339707143308
0.515151515151515 0.488636363636364 0.0319944985312705
0.567656765676568 0.504950495049505 0.0286329272936528
0.50390625 0.47265625 0.0320637377263797
0.539855072463768 0.518115942028985 0.0299958901169102
0.532818532818533 0.494208494208494 0.028755431294503
0.56832298136646 0.555900621118012 0.031618331331028
0.559859154929577 0.591549295774648 0.0294370011681227
0.550387596899225 0.503875968992248 0.0313620194521613
0.53015873015873 0.504761904761905 0.0271364359365001
0.496376811594203 0.463768115942029 0.0277274342897392
0.56782334384858 0.523659305993691 0.0246919449216105
0.595567867036011 0.56786703601108 0.0249040644290672
0.576086956521739 0.559782608695652 0.0266505165010062
0.551971326164875 0.526881720430108 0.0251714523877508
0.534615384615385 0.507692307692308 0.0296811685741127
0.572519083969466 0.522900763358779 0.0383330579233552
0.485074626865672 0.477611940298507 0.0244318718982163
0.570149253731343 0.555223880597015 0.0237463999602114
0.527972027972028 0.496503496503497 0.0233305950650915
0.539518900343643 0.553264604810997 0.0274518488506621
0.535087719298246 0.495614035087719 0.0355798759588896
0.585365853658537 0.542682926829268 0.0266199722263329
0.518348623853211 0.467889908256881 0.0416398373423448
0.502222222222222 0.466666666666667 0.0319223085711511
0.578947368421053 0.536842105263158 0.0214078787638883
0.55 0.503333333333333 0.023443643430043
0.604026845637584 0.563758389261745 0.0268854205478197
0.562937062937063 0.527972027972028 0.0300591024547881
0.475982532751092 0.462882096069869 0.0339481194373623
0.522448979591837 0.514285714285714 0.0353197587756006
0.558394160583942 0.492700729927007 0.0264327221927471
0.539923954372624 0.494296577946768 0.0221211065120312
0.526690391459075 0.498220640569395 0.0235026477777142
0.484496124031008 0.484496124031008 0.0341426874070916
0.501901140684411 0.505703422053232 0.0320311994190074
0.543859649122807 0.515789473684211 0.0240576012507276
0.534534534534535 0.516516516516517 0.0253266887450856
0.529616724738676 0.51219512195122 0.0290413654945876
0.537162162162162 0.510135135135135 0.028851604796718
0.557377049180328 0.483606557377049 0.0300388969452047
0.51394422310757 0.50597609561753 0.0321866632562844
0.555555555555556 0.538194444444444 0.0266143182699688
0.548484848484848 0.493939393939394 0.020819562732496
0.548148148148148 0.5 0.0317471482718644
0.505703422053232 0.47148288973384 0.0227953874004676
0.57258064516129 0.536290322580645 0.0408727911327159
0.509505703422053 0.47148288973384 0.0267567744197812
0.532846715328467 0.489051094890511 0.033522801925768
0.56268221574344 0.556851311953353 0.0266301779963099
0.543165467625899 0.517985611510791 0.0280346828298669
0.523131672597865 0.480427046263345 0.0247148831963293
0.570093457943925 0.560747663551402 0.0317314972708268
0.575842696629214 0.530898876404494 0.0214997661818179
0.532710280373832 0.481308411214953 0.0343706114524098
0.590277777777778 0.559027777777778 0.0381028253929341
0.54978354978355 0.541125541125541 0.0392167947654245
0.553719008264463 0.542699724517906 0.0202715928453933
0.555555555555556 0.543650793650794 0.0333978883048628
0.529761904761905 0.511904761904762 0.0219100501101331
0.546742209631728 0.546742209631728 0.023090959645936
0.54275092936803 0.546468401486989 0.0342752486167341
0.573863636363636 0.548295454545455 0.0322351333635719
0.550173010380623 0.529411764705882 0.0274195681997115
0.570909090909091 0.512727272727273 0.0298512978988021
0.557228915662651 0.509036144578313 0.0260806423994627
0.558490566037736 0.516981132075472 0.028507365242045
0.515358361774744 0.488054607508532 0.0251841241952113
0.604166666666667 0.590277777777778 0.0365854433011607
0.5 0.503184713375796 0.0336281033189339
0.473684210526316 0.454887218045113 0.0284821098031245
0.58600583090379 0.548104956268222 0.027864851271406
0.543396226415094 0.494339622641509 0.0242085644587083
0.495283018867925 0.438679245283019 0.0228307723737878
0.557692307692308 0.519230769230769 0.0295007447673356
0.541666666666667 0.503787878787879 0.0366362738505791
0.528225806451613 0.455645161290323 0.0267793231907989
0.586309523809524 0.505952380952381 0.0223861360968744
0.527210884353742 0.493197278911565 0.0291903145058254
0.515503875968992 0.476744186046512 0.0215001684889845
0.519480519480519 0.467532467532468 0.0350206868384519
0.570909090909091 0.505454545454545 0.0328183571194279
0.505119453924915 0.498293515358362 0.0245228006820093
0.544354838709677 0.508064516129032 0.0311129723733559
0.544444444444444 0.525925925925926 0.0268986516803248
0.563573883161512 0.501718213058419 0.0297338273524428
0.558823529411765 0.529411764705882 0.03017457663118
0.555921052631579 0.549342105263158 0.028908053653999
0.575289575289575 0.544401544401544 0.0312919132347192
0.557228915662651 0.52710843373494 0.022751768984972
0.547892720306513 0.501915708812261 0.0311352399426517
0.529680365296804 0.515981735159817 0.0324614346088686
0.555555555555556 0.552188552188552 0.0269855608761071
0.489270386266094 0.472103004291845 0.0245341444627709
0.575645756457565 0.549815498154982 0.0262641593512832
0.545454545454545 0.472027972027972 0.0297319328737078
0.516806722689076 0.453781512605042 0.0273802612770027
0.563583815028902 0.554913294797688 0.0258912238700307
0.539370078740158 0.484251968503937 0.0330439180804533
0.486792452830189 0.449056603773585 0.0251202947995917
0.542553191489362 0.524822695035461 0.0294474373782388
0.556818181818182 0.507575757575758 0.0360860397661925
0.537878787878788 0.526515151515151 0.0315438408856589
0.520446096654275 0.45724907063197 0.0261502266603341
0.512987012987013 0.493506493506494 0.0289936513431978
0.525885558583106 0.509536784741144 0.0194572201512321
0.56957928802589 0.524271844660194 0.0305885909787746
0.50763358778626 0.446564885496183 0.0256454044732576
0.576208178438662 0.516728624535316 0.0344394361169851
0.544303797468354 0.537974683544304 0.0294489676112053
0.511538461538461 0.511538461538461 0.0328260920456898
0.55 0.528125 0.0245600730440965
0.547703180212014 0.515901060070671 0.0266714584282721
0.588957055214724 0.549079754601227 0.0269618286234546
0.515021459227468 0.493562231759657 0.0338622780185261
0.564903846153846 0.536057692307692 0.0194048785137358
0.569288389513109 0.49438202247191 0.0298017380195548
0.566225165562914 0.526490066225166 0.0272844928402558
0.578212290502793 0.516759776536313 0.0214360356746619
0.573333333333333 0.546666666666667 0.0445820426154866
0.527075812274368 0.494584837545126 0.0278002409569896
0.511705685618729 0.481605351170569 0.0259269763339111
0.506024096385542 0.465863453815261 0.0349924416924914
0.592307692307692 0.538461538461538 0.0372307801489852
0.526970954356846 0.518672199170125 0.0283423062148423
0.548701298701299 0.493506493506494 0.0225075428619641
0.578073089700997 0.538205980066445 0.0266543558427495
0.552631578947368 0.5 0.0262882744076702
0.518072289156627 0.465863453815261 0.0277206378545858
0.518518518518518 0.493827160493827 0.0273764344001857
0.580441640378549 0.539432176656151 0.0235264626960712
0.554878048780488 0.539634146341463 0.0306815652955611
0.528662420382166 0.480891719745223 0.0235001965464545
0.536764705882353 0.529411764705882 0.0285289081126498
0.542662116040956 0.542662116040956 0.0273252944339197
0.575342465753425 0.513698630136986 0.028693642310558
0.536585365853659 0.496951219512195 0.0233735023920585
0.568493150684932 0.51027397260274 0.0288424168818102
0.54140127388535 0.554140127388535 0.025381002389769
0.536170212765957 0.502127659574468 0.0313099430008612
0.492063492063492 0.488095238095238 0.031143905271035
0.50179211469534 0.46594982078853 0.0254174471919881
0.505780346820809 0.485549132947977 0.0221696218509957
0.546875 0.4765625 0.031416056738839
0.497907949790795 0.464435146443515 0.032463096976991
0.604651162790698 0.552325581395349 0.0243322588697978
0.529801324503311 0.509933774834437 0.0268091377257758
0.552941176470588 0.549019607843137 0.0352007404984722
0.552795031055901 0.531055900621118 0.0284463922233614
0.503649635036496 0.474452554744526 0.0295915163131865
0.575187969924812 0.56015037593985 0.0285964238307393
0.521739130434783 0.517391304347826 0.033134549503926
0.557894736842105 0.505263157894737 0.0289767453533456
0.550185873605948 0.531598513011152 0.0276435923311507
0.524344569288389 0.48314606741573 0.0288749797775489
0.57910447761194 0.53134328358209 0.0258313466177647
0.529182879377432 0.494163424124514 0.0266702102787461
0.455399061032864 0.422535211267606 0.0303339159621252
0.564625850340136 0.537414965986395 0.0333607852780467
0.474576271186441 0.423728813559322 0.0415339312236902
0.503623188405797 0.467391304347826 0.024032906834127
0.539735099337748 0.549668874172185 0.0269323681125464
0.551724137931034 0.503448275862069 0.0240621280273208
0.570247933884298 0.516528925619835 0.0324151376728939
0.544354838709677 0.504032258064516 0.0325434596134189
0.569277108433735 0.533132530120482 0.0234570870642272
0.538461538461538 0.488461538461538 0.033940926474799
0.51953125 0.5 0.0428578638008601
0.54635761589404 0.526490066225166 0.0250697840629539
0.559105431309904 0.517571884984026 0.0263781963855223
0.453658536585366 0.468292682926829 0.032268728829201
0.538732394366197 0.475352112676056 0.0231703842841131
0.52442996742671 0.501628664495114 0.0215813777697667
0.568627450980392 0.535014005602241 0.0237313505854811
0.53356890459364 0.512367491166078 0.0343072305701043
0.529605263157895 0.490131578947368 0.0240027518644561
0.526717557251908 0.515267175572519 0.0299905134191026
0.57 0.556666666666667 0.0307504946657033
0.537366548042705 0.526690391459075 0.0313476628367629
0.486301369863014 0.417808219178082 0.0208430799948217
0.504424778761062 0.504424778761062 0.0384500177680359
0.553719008264463 0.508264462809917 0.0293697623444959
0.53356890459364 0.522968197879859 0.0286028036295015
0.573839662447257 0.548523206751055 0.0446785934252023
0.536585365853659 0.515243902439024 0.0259621135563091
0.549090909090909 0.501818181818182 0.0359300504856732
0.540350877192982 0.494736842105263 0.0290582651516965
0.524647887323944 0.47887323943662 0.0251418316821389
0.52 0.544615384615385 0.0250015159315053
0.534653465346535 0.524752475247525 0.0233640990697571
0.546610169491525 0.470338983050847 0.0275096804367256
0.50814332247557 0.498371335504886 0.0288206530225473
0.541832669322709 0.529880478087649 0.0297065016119662
0.539622641509434 0.516981132075472 0.0311771154430614
0.587570621468927 0.553672316384181 0.0239335404328002
0.577844311377245 0.529940119760479 0.0264503437338911
0.517110266159696 0.448669201520913 0.0237848914057523
0.543352601156069 0.511560693641618 0.0260603551303689
0.564102564102564 0.506410256410256 0.0240659379151033
0.557093425605536 0.519031141868512 0.0267415496652365
0.502283105022831 0.452054794520548 0.0363212669118086
0.527777777777778 0.476851851851852 0.0379689590204477
0.552123552123552 0.548262548262548 0.0320034979350172
0.543408360128617 0.517684887459807 0.026336272471079
0.5 0.458064516129032 0.0262860129480225
0.489177489177489 0.484848484848485 0.0290717777772374
0.557471264367816 0.540229885057471 0.0284794082341308
0.552980132450331 0.493377483443709 0.0290366193749377
0.539735099337748 0.503311258278146 0.0257949177907048
0.508928571428571 0.513392857142857 0.045326645220141
0.540350877192982 0.501754385964912 0.0259936233209036
0.521072796934866 0.505747126436782 0.0265474771556012
0.518394648829431 0.478260869565217 0.0246926216974838
0.533582089552239 0.466417910447761 0.0231188462729426
0.551236749116608 0.519434628975265 0.0234937726142591
0.552380952380952 0.546031746031746 0.0274716507912136
0.551839464882943 0.521739130434783 0.0304934776394056
0.484444444444444 0.488888888888889 0.0322712596245246
0.523131672597865 0.491103202846975 0.0285865459121732
0.505535055350554 0.44280442804428 0.0277054291126819
0.486725663716814 0.491150442477876 0.0302516060278855
0.542857142857143 0.514285714285714 0.0266969336695996
0.537671232876712 0.506849315068493 0.0263328374253378
0.564784053156146 0.528239202657807 0.0299974426892823
0.539285714285714 0.510714285714286 0.028442237045933
0.592814371257485 0.553892215568862 0.0272137391673921
0.534883720930233 0.476744186046512 0.0253595823912572
0.513333333333333 0.486666666666667 0.0253892532418007
0.536507936507936 0.476190476190476 0.0202922816760905
0.521172638436482 0.521172638436482 0.0311866231271673
0.544715447154472 0.491869918699187 0.0292334880503813
0.511111111111111 0.503703703703704 0.0231933896289878
0.528688524590164 0.536885245901639 0.0350383815044369
0.502164502164502 0.480519480519481 0.033535512380887
0.556818181818182 0.553030303030303 0.0312053287275793
0.529411764705882 0.478991596638655 0.0283475793575002
0.546762589928058 0.5 0.0293810657556142
0.552542372881356 0.542372881355932 0.026192521865301
0.532679738562091 0.493464052287582 0.020358954456416
0.560885608856089 0.520295202952029 0.0275510292534827
0.556574923547401 0.525993883792049 0.0259108832745095
0.553191489361702 0.531914893617021 0.0314620964904922
0.513677811550152 0.486322188449848 0.0227992053775937
0.521929824561403 0.434210526315789 0.0228133617091669
0.547169811320755 0.539622641509434 0.030919500675838
0.539509536784741 0.514986376021798 0.0205741598905301
0.542772861356932 0.510324483775811 0.0203009535890711
0.524193548387097 0.491935483870968 0.0282695805989685
0.5 0.47265625 0.0278750822275395
0.553516819571865 0.529051987767584 0.0280211545608421
0.510548523206751 0.455696202531646 0.0293338977612264
0.584527220630373 0.541547277936963 0.0221356730614158
0.555555555555556 0.563218390804598 0.0275038302430397
0.53405017921147 0.473118279569892 0.0308378471755888
0.54006968641115 0.515679442508711 0.0297661476792101
0.528925619834711 0.483471074380165 0.0332656135925659
0.542857142857143 0.490909090909091 0.0192868427123903
0.585209003215434 0.559485530546624 0.0364895550032981
0.445945945945946 0.385135135135135 0.0316259849226408
0.481818181818182 0.459090909090909 0.0312282919400268
0.544354838709677 0.487903225806452 0.0297561600475198
0.552552552552553 0.561561561561562 0.0277260181756812
0.564564564564565 0.54954954954955 0.0209610188133834
0.548507462686567 0.485074626865672 0.0312089574140333
0.56794425087108 0.533101045296167 0.0256757215494066
0.533073929961089 0.517509727626459 0.0281364468842129
0.513207547169811 0.483018867924528 0.0278676905730883
0.491452991452991 0.461538461538462 0.0275961331719224
0.52442996742671 0.530944625407166 0.0245568482766059
0.525951557093426 0.494809688581315 0.0265915903689524
0.591194968553459 0.540880503144654 0.0263111818020185
0.541218637992832 0.50179211469534 0.025671700236053
0.497674418604651 0.465116279069767 0.0435891703076693
0.595238095238095 0.534013605442177 0.0374203447668132
0.577777777777778 0.540740740740741 0.0391148198049231
0.532608695652174 0.492753623188406 0.0302451712108612
0.484615384615385 0.484615384615385 0.0287262003267756
0.561688311688312 0.503246753246753 0.0250374906787287
0.55425219941349 0.516129032258065 0.0183074418349971
0.559726962457338 0.546075085324232 0.0346209658935875
0.525525525525526 0.498498498498498 0.0275570054340253
0.560810810810811 0.530405405405405 0.0265918417915309
0.542613636363636 0.53125 0.0226177201891277
0.593659942363112 0.559077809798271 0.0258273070181056
0.589830508474576 0.566101694915254 0.0314541471344905
0.535714285714286 0.50974025974026 0.0262404947323611
0.555183946488294 0.545150501672241 0.0238262485468879
0.554006968641115 0.477351916376307 0.0254947386232983
0.483606557377049 0.467213114754098 0.0279863744672921
0.535055350553506 0.512915129151292 0.031358683408484
0.508064516129032 0.495967741935484 0.0281591230338471
0.533980582524272 0.475728155339806 0.0384179197177662
0.557894736842105 0.519298245614035 0.0277353409894714
0.572151898734177 0.556962025316456 0.0226814542333992
0.565068493150685 0.530821917808219 0.0289994397481714
0.542124542124542 0.498168498168498 0.0253971008108727
0.52191235059761 0.474103585657371 0.0307455630519223
0.525597269624573 0.522184300341297 0.0307830273649831
0.541935483870968 0.529032258064516 0.0258022075250129
0.504761904761905 0.457142857142857 0.0316735348058229
0.509433962264151 0.452830188679245 0.0340920797420145
0.503496503496504 0.472027972027972 0.0204470710008458
0.541935483870968 0.496774193548387 0.0284478490180082
0.566371681415929 0.507374631268437 0.0287526252478887
0.514285714285714 0.485714285714286 0.0323159844581217
0.569182389937107 0.531446540880503 0.0287551301472315
0.526530612244898 0.469387755102041 0.0282892036653076
0.564 0.544 0.0313904332633909
0.561594202898551 0.543478260869565 0.0235468424877738
0.512903225806452 0.519354838709677 0.0292181358940175
0.544554455445545 0.511551155115512 0.0252040533764288
0.56140350877193 0.498245614035088 0.026308101335848
0.531914893617021 0.539007092198582 0.0267085427545479
0.473484848484849 0.446969696969697 0.0228153449109351
0.4875 0.475 0.0305353970166883
0.56957928802589 0.527508090614887 0.025977606911618
0.557692307692308 0.522435897435897 0.0256920949495291
0.525735294117647 0.463235294117647 0.0327633311554291
0.524528301886792 0.49811320754717 0.0340337545027364
0.514056224899598 0.493975903614458 0.0346944733505767
0.533101045296167 0.484320557491289 0.0180633997626381
0.50974025974026 0.428571428571429 0.0244969755392377
0.53156146179402 0.495016611295681 0.0275591283903135
0.528571428571429 0.488571428571429 0.0174365894957863
0.555555555555556 0.546783625730994 0.0286808821557861
0.501718213058419 0.494845360824742 0.0328726567752727
0.545454545454545 0.488636363636364 0.0270806591691281
0.540540540540541 0.509009009009009 0.0396163987974551
0.527868852459016 0.472131147540984 0.0314711886416752
0.524137931034483 0.5 0.0274118297661333
0.543396226415094 0.49811320754717 0.0282578016599454
0.531746031746032 0.476190476190476 0.0350634798668112
0.58252427184466 0.563106796116505 0.0310129061697291
0.544802867383513 0.530465949820789 0.0312662374280176
0.52212389380531 0.5 0.0334221660653448
0.511904761904762 0.496031746031746 0.0284532602783214
0.545961002785515 0.554317548746518 0.0258832555594807
0.526548672566372 0.473451327433628 0.0372432732761393
0.571428571428571 0.535714285714286 0.0229625998098917
0.585209003215434 0.533762057877814 0.0247151584083402
0.564748201438849 0.535971223021583 0.0263203183596541
0.586466165413534 0.541353383458647 0.0332406120504501
0.539877300613497 0.539877300613497 0.0259109026892544
0.558359621451104 0.511041009463722 0.0273137232424158
0.517857142857143 0.471428571428571 0.0302333540641757
0.529595015576324 0.485981308411215 0.0260372681783967
0.532 0.492 0.0363754587270731
0.531034482758621 0.506896551724138 0.0262218259209295
0.542635658914729 0.51937984496124 0.0311506555079518
0.509225092250922 0.501845018450184 0.0289025262887904
0.537037037037037 0.530864197530864 0.0334765408243588
0.564189189189189 0.560810810810811 0.0285360342901315
0.561904761904762 0.536507936507936 0.0295813283229841
0.58695652173913 0.565217391304348 0.0273080105121969
0.577777777777778 0.555555555555556 0.0261671118902325
0.558718861209964 0.526690391459075 0.0289856127403496
0.590604026845638 0.526845637583893 0.0275532901460747
0.549645390070922 0.514184397163121 0.0310598097733477
0.539370078740158 0.519685039370079 0.039789566072007
0.535315985130111 0.513011152416357 0.0323959557703478
0.501818181818182 0.447272727272727 0.0277008958068697
0.516393442622951 0.528688524590164 0.0362120879609088
0.531135531135531 0.516483516483517 0.0314665195308223
0.505882352941176 0.458823529411765 0.0289437937092553
0.584097859327217 0.541284403669725 0.0273045479662854
0.566473988439306 0.53757225433526 0.0229424480468217
0.554089709762533 0.54353562005277 0.0206642692198494
0.573333333333333 0.543333333333333 0.0241016447382839
0.502092050209205 0.472803347280335 0.0332485733911131
0.533333333333333 0.486274509803922 0.0263800702582281
0.513513513513513 0.482625482625483 0.029948873225796
0.563829787234043 0.50709219858156 0.0216697183517327
0.534090909090909 0.496212121212121 0.0249095615245724
0.511326860841424 0.482200647249191 0.0280943467644444
0.565349544072948 0.531914893617021 0.0255237162072917
0.579268292682927 0.554878048780488 0.0305733122489617
0.579591836734694 0.555102040816327 0.0334767059008911
0.55 0.546875 0.0287735465167937
0.512096774193548 0.483870967741935 0.0258651450072377
0.530685920577617 0.494584837545126 0.0304190955978871
0.505454545454545 0.498181818181818 0.0298383732566793
0.545064377682403 0.506437768240343 0.0251900349384978
0.601910828025478 0.56687898089172 0.0307937536573744
0.505454545454545 0.465454545454545 0.03123139955095
0.551601423487544 0.519572953736655 0.0350268143710027
0.587601078167116 0.576819407008086 0.0252354855342904
0.534562211981567 0.497695852534562 0.0384053134853271
0.585889570552147 0.533742331288344 0.025715083905391
0.525083612040134 0.508361204013378 0.0258725078768538
0.53125 0.513888888888889 0.0269039835659223
0.54863813229572 0.544747081712062 0.0318864898628382
0.555183946488294 0.525083612040134 0.0262784357798936
0.505535055350554 0.498154981549816 0.0244043362196634
0.546925566343042 0.511326860841424 0.0274358910062912
0.513793103448276 0.496551724137931 0.025022162738819
0.567685589519651 0.537117903930131 0.0369936533529864
0.574257425742574 0.554455445544555 0.0293705015100988
0.557692307692308 0.525641025641026 0.0320010474408411
0.554794520547945 0.534246575342466 0.0251127797422953
0.57258064516129 0.532258064516129 0.0219774318802677
0.536873156342183 0.533923303834808 0.021627412157103
0.566037735849057 0.528301886792453 0.0249715038269022
0.538983050847458 0.51864406779661 0.0352254983865227
0.546979865771812 0.526845637583893 0.0292324328532429
0.518248175182482 0.474452554744526 0.0234769597703698
0.54 0.484 0.0305047446049859
0.510714285714286 0.492857142857143 0.0326564010041222
0.579881656804734 0.535502958579882 0.0252661599720553
0.534782608695652 0.478260869565217 0.0338541831718522
0.528888888888889 0.506666666666667 0.0327943550649243
0.508833922261484 0.515901060070671 0.0243993450811123
0.5 0.506369426751592 0.0282421178567121
0.532608695652174 0.518115942028985 0.0303569898152941
0.538194444444444 0.479166666666667 0.0232225424091685
0.524475524475524 0.48951048951049 0.023578468518603
0.538152610441767 0.493975903614458 0.0381482669633445
0.48876404494382 0.426966292134831 0.0337563162035705
0.49802371541502 0.434782608695652 0.0205888788831448
0.565693430656934 0.518248175182482 0.0320339154853089
0.553571428571429 0.538690476190476 0.0282756312236988
0.551495016611296 0.53156146179402 0.0274924412369471
0.538745387453875 0.509225092250922 0.0322347669751732
0.609550561797753 0.573033707865168 0.0249692246465791
0.540785498489426 0.507552870090634 0.0250170403135208
0.557377049180328 0.524590163934426 0.0271782625831421
0.527196652719665 0.497907949790795 0.0355261325679318
0.489130434782609 0.445652173913043 0.0344221742472824
0.551020408163265 0.53469387755102 0.0304335934557938
0.564327485380117 0.514619883040936 0.0260151007771997
0.57396449704142 0.517751479289941 0.0278685131947659
0.571428571428571 0.549206349206349 0.0355964030430792
0.564393939393939 0.511363636363636 0.0305467937658711
0.557046979865772 0.5 0.0251870413050145
0.554744525547445 0.532846715328467 0.0312143950016306
0.512367491166078 0.491166077738516 0.0316904843036698
0.545454545454545 0.534965034965035 0.0376792739655161
0.530249110320285 0.530249110320285 0.0317687756852552
0.594795539033457 0.535315985130111 0.0341341658228804
0.566225165562914 0.533112582781457 0.0315355938569027
0.54275092936803 0.475836431226766 0.0239855329341837
0.515873015873016 0.48015873015873 0.0260233796273875
0.518828451882845 0.510460251046025 0.0355305945056287
0.548951048951049 0.472027972027972 0.0272829739947109
0.527397260273973 0.458904109589041 0.023845506454483
0.573643410852713 0.531007751937985 0.0374216993251414
0.554263565891473 0.527131782945736 0.0302789827610653
0.533333333333333 0.506666666666667 0.0260795814964929
0.532467532467532 0.510822510822511 0.0401343324565008
0.485507246376812 0.478260869565217 0.0285844932021393
0.530434782608696 0.478260869565217 0.0323493169627207
0.544378698224852 0.532544378698225 0.0220709000182218
0.58843537414966 0.534013605442177 0.0253428014110348
0.555223880597015 0.522388059701492 0.0240491860303099
0.542763157894737 0.5 0.0238328856560934
0.49792531120332 0.477178423236515 0.0343047062130101
0.552631578947368 0.508771929824561 0.0183002841041243
0.504 0.468 0.0355738422772151
0.542586750788643 0.520504731861199 0.0257363149941993
0.546979865771812 0.523489932885906 0.0277638829525481
0.542056074766355 0.514018691588785 0.0242097633632427
0.537313432835821 0.516417910447761 0.0271114874057811
0.557632398753894 0.473520249221184 0.0212686048793066
0.501901140684411 0.452471482889734 0.0318137755734604
0.495726495726496 0.448717948717949 0.027835388743523
0.558064516129032 0.535483870967742 0.0323448788555446
0.514056224899598 0.485943775100402 0.0398816961863283
0.588447653429603 0.530685920577617 0.0281678997740843
0.551587301587302 0.523809523809524 0.0355112668334653
0.544262295081967 0.508196721311475 0.0271073987881591
0.581939799331104 0.548494983277592 0.0285084684850074
0.561594202898551 0.518115942028985 0.028184278942642
0.526946107784431 0.476047904191617 0.0194976326933919
0.524163568773234 0.490706319702602 0.0252496906456409
0.491071428571429 0.482142857142857 0.0291657744463496
0.528925619834711 0.508264462809917 0.038489781774401
0.585209003215434 0.553054662379421 0.0301601099114942
0.569620253164557 0.55379746835443 0.0327461938028543
0.560126582278481 0.525316455696203 0.0232890999138495
0.587786259541985 0.568702290076336 0.0266155210223312
0.589285714285714 0.546428571428571 0.0331749346530042
0.506024096385542 0.485943775100402 0.0364098084287224
0.517110266159696 0.486692015209125 0.0263205876075501
0.521994134897361 0.50733137829912 0.0189856723350913
0.513605442176871 0.482993197278912 0.0206764122810124
0.569832402234637 0.544692737430168 0.0255715449531661
0.549242424242424 0.484848484848485 0.0271755120946794
0.571428571428571 0.522727272727273 0.0261456836422745
0.568571428571429 0.531428571428571 0.0199922516363377
0.528700906344411 0.507552870090634 0.0244457792998717
0.545138888888889 0.534722222222222 0.0322210045452785
0.529411764705882 0.490196078431373 0.0333733836755137
0.531976744186046 0.51453488372093 0.0258757867729821
0.533333333333333 0.509803921568627 0.0321714671285805
0.538922155688623 0.523952095808383 0.0219909216159701
0.566666666666667 0.512121212121212 0.0231468412433384
0.548387096774194 0.512096774193548 0.0363753264820051
0.526813880126183 0.49211356466877 0.0221412008986513
0.520161290322581 0.491935483870968 0.0281674735571496
0.574123989218329 0.549865229110512 0.0242598118290032
0.555873925501433 0.527220630372493 0.0217399771612525
0.568807339449541 0.532110091743119 0.0439216055014732
0.56989247311828 0.553763440860215 0.0225402970885197
0.581993569131833 0.559485530546624 0.0274393705845899
0.529605263157895 0.536184210526316 0.0274077743802328
0.554794520547945 0.537671232876712 0.0280585526752492
0.517482517482518 0.496503496503497 0.0260589364733278
0.550847457627119 0.548022598870056 0.0220302271420046
0.562913907284768 0.503311258278146 0.0244615628374191
0.531914893617021 0.531914893617021 0.0267031734367075
0.536277602523659 0.523659305993691 0.0280009986545977
0.495689655172414 0.461206896551724 0.0348358653420483
0.512738853503185 0.484076433121019 0.0247212709861913
0.558823529411765 0.502941176470588 0.0185675365357605
0.530674846625767 0.50920245398773 0.0218758306014055
0.508 0.476 0.0315692561821124
0.561290322580645 0.548387096774194 0.0317587804822633
0.548192771084337 0.524096385542169 0.0284764838127206
0.573717948717949 0.525641025641026 0.0307952141134941
0.552407932011331 0.492917847025496 0.0238066574864702
0.534965034965035 0.503496503496504 0.0272783012994259
0.558232931726908 0.542168674698795 0.0382355565352367
0.567114093959732 0.526845637583893 0.0312297588575588
0.567656765676568 0.577557755775578 0.034871122558728
0.521186440677966 0.491525423728814 0.0293712128973528
0.594771241830065 0.558823529411765 0.0282365184078729
0.510948905109489 0.518248175182482 0.0367055918846516
0.533101045296167 0.515679442508711 0.0305885682063556
0.489878542510121 0.48582995951417 0.0324499434248892
0.529880478087649 0.49003984063745 0.0241659658198896
0.515873015873016 0.496031746031746 0.0320286844208936
0.539634146341463 0.521341463414634 0.0261702779532086
0.543859649122807 0.526315789473684 0.0314101806475733
0.532818532818533 0.482625482625483 0.0255911036153415
0.53515625 0.5 0.030531526357643
0.543408360128617 0.491961414790997 0.0287473545658759
0.535714285714286 0.540178571428571 0.0362329081819585
0.497959183673469 0.457142857142857 0.0259152831503155
0.531034482758621 0.503448275862069 0.0232957773018186
0.567567567567568 0.523648648648649 0.0295675662940923
0.527272727272727 0.516363636363636 0.0301507825068959
0.570491803278689 0.547540983606557 0.0294345103565977
0.578767123287671 0.520547945205479 0.0245794315506397
0.578534031413613 0.531413612565445 0.0217783198245579
0.517006802721088 0.472789115646259 0.0252710571164358
0.563758389261745 0.543624161073825 0.0230116446840331
0.556034482758621 0.521551724137931 0.0335134062114912
0.522058823529412 0.492647058823529 0.0223488971641478
0.578181818181818 0.545454545454545 0.0404102321179361
0.547717842323652 0.50207468879668 0.0330497131252474
0.555932203389831 0.51864406779661 0.0300087536090304
0.516666666666667 0.483333333333333 0.0317161837137658
0.533333333333333 0.56 0.0300012942536755
0.533039647577093 0.45374449339207 0.0345527658767613
0.585551330798479 0.55893536121673 0.0369977037049878
0.556962025316456 0.528481012658228 0.0256745660979645
0.511111111111111 0.475555555555556 0.0239885658336098
0.536496350364963 0.514598540145985 0.0267359052372006
0.557993730407524 0.526645768025078 0.0244236903721309
0.557620817843866 0.513011152416357 0.0312195356959057
0.582142857142857 0.542857142857143 0.0313143683716423
0.555263157894737 0.534210526315789 0.0236512667203966
0.554421768707483 0.540816326530612 0.028794499158104
0.555232558139535 0.555232558139535 0.0258624544664115
0.56140350877193 0.536842105263158 0.0323006809505163
0.54485049833887 0.521594684385382 0.0326080707464043
0.554140127388535 0.522292993630573 0.026873823095127
0.5 0.496478873239437 0.0265878020738868
0.530434782608696 0.518840579710145 0.0211547165135269
0.528776978417266 0.453237410071942 0.0236750031606458
0.550387596899225 0.531007751937985 0.0301891966192776
0.561797752808989 0.543071161048689 0.0375849610258734
0.53822629969419 0.495412844036697 0.025316699071921
0.549407114624506 0.513833992094862 0.036573912934261
0.557894736842105 0.529824561403509 0.027620872607684
0.547169811320755 0.543396226415094 0.033010041540623
0.529411764705882 0.507352941176471 0.0271833133543394
0.559782608695652 0.510869565217391 0.0209254293206844
0.508960573476703 0.491039426523298 0.0234949278310705
0.508896797153025 0.508896797153025 0.032582753967967
0.523131672597865 0.526690391459075 0.0315581985790538
0.571955719557196 0.549815498154982 0.0418406773002454
0.490566037735849 0.483018867924528 0.0268429343335801
0.547368421052632 0.508771929824561 0.0277763685452023
0.532646048109966 0.460481099656357 0.0245579538232261
0.544061302681992 0.528735632183908 0.0367737758940292
0.57089552238806 0.544776119402985 0.0310873418339661
0.528776978417266 0.471223021582734 0.0278508338376544
0.557142857142857 0.525 0.0294163185904873
0.476190476190476 0.463203463203463 0.0326827592039877
0.533132530120482 0.515060240963855 0.0282509011416782
0.541284403669725 0.510703363914373 0.0198118922077538
0.53 0.52 0.0288512903436084
0.560655737704918 0.550819672131148 0.0253016799264637
0.5234375 0.51953125 0.0278540138729288
0.547794117647059 0.507352941176471 0.0339720627754026
0.526970954356846 0.468879668049793 0.0392770993364097
0.539007092198582 0.517730496453901 0.0338629778317462
0.525641025641026 0.487179487179487 0.0282564455391986
0.525735294117647 0.496323529411765 0.0283170462920636
0.547619047619048 0.507936507936508 0.0273779446171318
0.583892617449664 0.543624161073825 0.0266957027597778
0.537993920972644 0.483282674772036 0.0256132281625068
0.526490066225166 0.513245033112583 0.0359942032006592
0.552469135802469 0.524691358024691 0.021622745295324
0.538793103448276 0.491379310344828 0.026920885059247
0.549019607843137 0.505882352941176 0.036521615449011
0.513307984790874 0.460076045627376 0.0246861108355854
0.551020408163265 0.53935860058309 0.0290222215975537
0.521472392638037 0.493865030674847 0.0232891937098914
0.559139784946237 0.530465949820789 0.032306207948279
0.529850746268657 0.503731343283582 0.0321174529719951
0.547101449275362 0.510869565217391 0.0310437764387765
0.52962962962963 0.514814814814815 0.0262737516492275
0.584097859327217 0.541284403669725 0.0219115441189992
0.588757396449704 0.529585798816568 0.029047407436842
0.579617834394904 0.538216560509554 0.0278508534633771
0.568421052631579 0.540350877192982 0.0287477411424292
0.544802867383513 0.530465949820789 0.032456014591485
0.616393442622951 0.573770491803279 0.0320832010607211
0.566101694915254 0.505084745762712 0.0243170309117417
0.542857142857143 0.496428571428571 0.0267081553057654
0.553505535055351 0.520295202952029 0.033437678540915
0.545816733067729 0.48605577689243 0.0245226575473345
0.566750629722922 0.546599496221662 0.0237934673250992
0.533596837944664 0.505928853754941 0.0352437241497641
0.555240793201133 0.529745042492918 0.0260644891927067
0.573573573573574 0.558558558558559 0.0246759633695803
0.56687898089172 0.531847133757962 0.029016413111747
0.540453074433657 0.533980582524272 0.0261084324262533
0.51937984496124 0.468992248062016 0.0321723037933961
0.553516819571865 0.541284403669725 0.0229499465155579
0.560830860534125 0.534124629080119 0.0231057066291573
0.536121673003802 0.498098859315589 0.0282547934838398
0.515748031496063 0.484251968503937 0.0361262359005614
0.564738292011019 0.553719008264463 0.0202012747614647
0.562068965517241 0.503448275862069 0.0252806015098907
0.550200803212851 0.473895582329317 0.0305952568853795
0.527210884353742 0.476190476190476 0.0183128968394807
0.585635359116022 0.574585635359116 0.0226331141949705
0.557755775577558 0.528052805280528 0.0260228213805994
0.552407932011331 0.509915014164306 0.0203245510364694
0.558912386706949 0.540785498489426 0.0283341875283615
0.571428571428571 0.556231003039514 0.0210913094061868
0.507109004739337 0.454976303317536 0.0372812006911179
0.548286604361371 0.560747663551402 0.0263324464858148
0.546546546546547 0.513513513513513 0.0208152571595747
0.554376657824934 0.541114058355438 0.0206960390644632
0.549815498154982 0.527675276752767 0.0335635034661504
0.556179775280899 0.528089887640449 0.0220849086026891
0.568 0.568 0.034843734210988
0.580204778156997 0.549488054607508 0.0321934318648926
0.552795031055901 0.503105590062112 0.0271421342477944
0.517460317460318 0.501587301587302 0.0268413796578874
0.568181818181818 0.538961038961039 0.032409265232247
0.565916398713826 0.540192926045016 0.0295906923041901
0.543726235741445 0.517110266159696 0.0324494905678277
0.534375 0.5375 0.0237318536363603
0.561688311688312 0.496753246753247 0.0287263912444849
0.575342465753425 0.547945205479452 0.0325187346857285
0.595375722543353 0.560693641618497 0.0241616086636277
0.562015503875969 0.5 0.0316362559034787
0.579945799457995 0.531165311653117 0.022210461992526
0.541832669322709 0.50996015936255 0.0310029898880187
0.556 0.52 0.0358806932685963
0.476683937823834 0.450777202072539 0.0429427377144571
0.534883720930233 0.478405315614618 0.0257073118869824
0.594855305466238 0.57556270096463 0.0333168065649367
0.517094017094017 0.478632478632479 0.0264756912120899
0.581395348837209 0.54485049833887 0.0261351148756131
0.515151515151515 0.458874458874459 0.0352303048724669
0.530909090909091 0.476363636363636 0.0267317163415564
0.589531680440771 0.564738292011019 0.0355372171200041
0.548701298701299 0.506493506493506 0.0283415907884865
0.541044776119403 0.537313432835821 0.03364846512997
0.552870090634441 0.54380664652568 0.0275618621507636
0.506172839506173 0.469135802469136 0.0274825204814024
0.539007092198582 0.528368794326241 0.0311231334580919
0.573825503355705 0.560402684563758 0.0272909958945796
0.523636363636364 0.469090909090909 0.0246268467727764
0.51864406779661 0.494915254237288 0.0240716207273443
0.567567567567568 0.54954954954955 0.0279942691182003
0.539106145251397 0.519553072625698 0.0258811536130718
0.573487031700288 0.561959654178674 0.0277090651320525
0.570570570570571 0.516516516516517 0.0271703768911189
0.536977491961415 0.491961414790997 0.0284134089015412
0.530364372469636 0.481781376518219 0.0330126713922539
0.527196652719665 0.493723849372385 0.0330965308325018
0.542168674698795 0.51004016064257 0.0282417183830472
0.526315789473684 0.5 0.0273731591401923
0.529880478087649 0.48207171314741 0.0280513939869466
0.547231270358306 0.517915309446254 0.0290644010163949
0.532871972318339 0.512110726643599 0.0265397426881089
0.545161290322581 0.525806451612903 0.0278480195210002
0.501805054151625 0.483754512635379 0.0284776351810466
0.537366548042705 0.537366548042705 0.0345085864784057
0.529166666666667 0.491666666666667 0.0340084772195594
0.557184750733138 0.542521994134897 0.0240868014086001
0.523972602739726 0.5 0.0269496400957803
0.544354838709677 0.504032258064516 0.0295957358523682
0.55 0.492857142857143 0.0256234063390947
0.561068702290076 0.549618320610687 0.0254820492570082
0.464912280701754 0.43859649122807 0.0230924595720238
0.555555555555556 0.523809523809524 0.0231422489812021
0.552980132450331 0.533112582781457 0.0286884675594108
0.577617328519856 0.51985559566787 0.0260011342500439
0.547297297297297 0.510135135135135 0.0366618978130283
0.568123393316195 0.547557840616967 0.0190308966509663
0.51219512195122 0.5 0.0267631395377843
0.548245614035088 0.521929824561403 0.0326448433576234
0.536842105263158 0.470175438596491 0.0245913807770118
0.559278350515464 0.515463917525773 0.0214478166402769
0.524647887323944 0.48943661971831 0.0309755366734157
0.586402266288952 0.558073654390935 0.0276148158000617
0.530465949820789 0.491039426523298 0.0335331690831845
0.564459930313589 0.557491289198606 0.030373266330703
0.510917030567686 0.471615720524017 0.0318349655971623
0.487603305785124 0.450413223140496 0.0236400986997741
0.523809523809524 0.511111111111111 0.027893309862799
0.543165467625899 0.496402877697842 0.026420489599246
0.569078947368421 0.5625 0.0302895170182356
0.560137457044674 0.515463917525773 0.0303626916057648
0.56078431372549 0.529411764705882 0.0379510850447911
0.557228915662651 0.533132530120482 0.0241310155677707
0.529411764705882 0.475113122171946 0.0375275053900082
0.53185595567867 0.512465373961219 0.0240343138388976
0.525 0.47 0.0295866691844624
0.544303797468354 0.493670886075949 0.0337405676351834
0.596816976127321 0.557029177718833 0.0200333156506979
0.565789473684211 0.552631578947368 0.035466857113636
0.507407407407407 0.496296296296296 0.0240807063135456
0.617571059431525 0.565891472868217 0.0304971394741922
0.533018867924528 0.471698113207547 0.0296267501342733
0.541254125412541 0.544554455445545 0.0290823711243514
0.555066079295154 0.533039647577093 0.0360710840344348
0.572847682119205 0.543046357615894 0.030772263891045
0.547337278106509 0.544378698224852 0.0222749922355045
0.558718861209964 0.530249110320285 0.0238221280257135
0.562874251497006 0.541916167664671 0.0271218312350161
0.515151515151515 0.521885521885522 0.0271754052001711
0.529880478087649 0.49402390438247 0.040168596031552
0.584615384615385 0.550769230769231 0.0234727318554831
0.548951048951049 0.506993006993007 0.0376855018573592
0.527896995708155 0.484978540772532 0.0305426320749421
0.537190082644628 0.520661157024793 0.0321705038628277
0.600609756097561 0.557926829268293 0.0248372904569018
0.524528301886792 0.50188679245283 0.0274635504965536
0.568702290076336 0.561068702290076 0.0357079509722581
0.520900321543408 0.488745980707395 0.0237794770482591
0.585526315789474 0.592105263157895 0.0364576732569707
0.56832298136646 0.515527950310559 0.0286915619265561
0.518939393939394 0.492424242424242 0.0238985745261643
0.535211267605634 0.492957746478873 0.0258783117743711
0.536082474226804 0.518900343642612 0.0282254081305093
0.514851485148515 0.504950495049505 0.0220856651315443
0.5 0.454198473282443 0.0246246963202366
0.601190476190476 0.586309523809524 0.0310561030578893
0.550660792951542 0.511013215859031 0.0365453438070105
0.568904593639576 0.487632508833922 0.0312443258428476
0.56047197640118 0.539823008849557 0.022192495470357
0.570446735395189 0.553264604810997 0.030469711070491
0.571884984025559 0.539936102236422 0.0302411293688719
0.553691275167785 0.520134228187919 0.0278053505288393
0.529411764705882 0.482352941176471 0.0274501291490306
0.571428571428571 0.524916943521595 0.0272640043797739
0.57183908045977 0.554597701149425 0.0241710064695007
0.543650793650794 0.472222222222222 0.0230786666783117
0.555891238670695 0.534743202416918 0.0264415761046506
0.575757575757576 0.562289562289562 0.0287783036945043
0.59047619047619 0.555555555555556 0.0325253623068434
0.517985611510791 0.489208633093525 0.0292926659175983
0.56 0.5 0.0430415576446912
0.557926829268293 0.530487804878049 0.0264408231188004
0.510703363914373 0.495412844036697 0.0216925482610865
0.574912891986063 0.547038327526132 0.0416916909734515
0.588859416445623 0.557029177718833 0.0261722802729193
0.556923076923077 0.52 0.0254424751296215
0.577507598784195 0.565349544072948 0.0284723144966981
0.514084507042254 0.485915492957746 0.026164980140374
0.555023923444976 0.535885167464115 0.0470356906908306
0.551020408163265 0.485714285714286 0.0328974530508744
0.55425219941349 0.513196480938416 0.028547366073465
0.577922077922078 0.577922077922078 0.0286475911515427
0.519713261648746 0.516129032258065 0.0308917019862694
0.530973451327434 0.526548672566372 0.0464137326517517
0.568093385214008 0.525291828793774 0.036190586909951
0.559077809798271 0.504322766570605 0.0251830834789778
0.545454545454545 0.517241379310345 0.0316331312833236
0.481632653061224 0.453061224489796 0.0396289336298166
0.545454545454545 0.496753246753247 0.0310145194315632
0.517647058823529 0.466666666666667 0.0242519495796633
0.496296296296296 0.455555555555556 0.0234905881813485
0.542986425339366 0.506787330316742 0.034412188425862
0.598591549295775 0.573943661971831 0.0277620303438146
0.581967213114754 0.551912568306011 0.0249058545967951
0.536036036036036 0.527027027027027 0.037150242049516
0.481327800829876 0.398340248962656 0.023431388931815
0.542207792207792 0.50974025974026 0.0239749720048939
0.572327044025157 0.540880503144654 0.0335850532146362
0.535714285714286 0.519230769230769 0.0255122512225685
0.553359683794466 0.513833992094862 0.0348465775989924
0.515555555555556 0.493333333333333 0.0300902085533031
0.514522821576763 0.473029045643154 0.0295672417914891
0.528688524590164 0.504098360655738 0.0346346992374499
0.563517915309446 0.514657980456026 0.0286222398626464
0.560606060606061 0.507575757575758 0.0294066179939033
0.572237960339943 0.543909348441926 0.0273830162594963
0.507194244604317 0.438848920863309 0.0246944103293407
0.570200573065903 0.558739255014327 0.0259571907337027
0.541420118343195 0.523668639053254 0.0204596901044041
0.553505535055351 0.516605166051661 0.030883496807056
0.559485530546624 0.52411575562701 0.0288512534224926
0.575949367088608 0.544303797468354 0.0246864837402039
0.532646048109966 0.505154639175258 0.0327998726243099
0.544776119402985 0.507462686567164 0.0359472153493538
0.56657223796034 0.543909348441926 0.0328720893858361
0.548780487804878 0.536585365853659 0.0340020439553084
0.526717557251908 0.526717557251908 0.0353355291732087
0.532608695652174 0.478260869565217 0.0280277041620495
0.56043956043956 0.501831501831502 0.0279860584727569
0.536741214057508 0.536741214057508 0.0264205407512117
0.524137931034483 0.479310344827586 0.0228592523153888
0.546511627906977 0.488372093023256 0.03863715660663
0.588921282798834 0.527696793002915 0.0229773282113704
0.490566037735849 0.443396226415094 0.0338538685463208
0.481481481481481 0.45679012345679 0.0284086611445953
0.5 0.467625899280576 0.0267578593819748
0.538732394366197 0.5 0.0270123551215888
0.515748031496063 0.484251968503937 0.0339638701441382
0.516129032258065 0.508960573476703 0.0337301983698063
0.553691275167785 0.483221476510067 0.0205275757980022
0.532374100719424 0.489208633093525 0.0289796888296837
0.519685039370079 0.503937007874016 0.0359312028122628
0.540616246498599 0.518207282913165 0.0236420278837664
0.53781512605042 0.49859943977591 0.0256322606991818
0.513333333333333 0.496666666666667 0.0259864314533916
0.526530612244898 0.506122448979592 0.0336069406891621
0.55241935483871 0.512096774193548 0.03228793073373
0.53314121037464 0.53314121037464 0.0260280430595223
0.524324324324324 0.486486486486487 0.0410023713790544
0.573122529644269 0.50197628458498 0.0290124641731309
0.540925266903915 0.519572953736655 0.0333858521805104
0.537162162162162 0.523648648648649 0.0312625386842247
0.547826086956522 0.547826086956522 0.0378253938104714
0.553435114503817 0.49618320610687 0.0286469566129318
0.51027397260274 0.476027397260274 0.0278352466976059
0.48207171314741 0.454183266932271 0.0247492041007673
0.55984555984556 0.517374517374517 0.0346089738312546
0.563131313131313 0.54040404040404 0.0226698258607275
0.537848605577689 0.48207171314741 0.0269098743010305
0.573487031700288 0.573487031700288 0.0276524836046316
0.542253521126761 0.507042253521127 0.029977642361165
0.56 0.513333333333333 0.0257038414280051
0.541516245487365 0.490974729241877 0.0222679775272182
0.522267206477733 0.453441295546559 0.0280568536469636
0.541935483870968 0.493548387096774 0.0223508397973907
0.539735099337748 0.526490066225166 0.0318624400768502
0.51394422310757 0.454183266932271 0.025894826229602
0.490990990990991 0.459459459459459 0.0344980646953563
0.561959654178674 0.527377521613833 0.023918863565655
0.522968197879859 0.50530035335689 0.0263789551547146
0.556701030927835 0.539518900343643 0.033686152268071
0.543252595155709 0.501730103806228 0.0298219343991285
0.520179372197309 0.488789237668161 0.029063231893993
0.559027777777778 0.524305555555556 0.0240154623016022
0.579545454545455 0.534090909090909 0.0372517292716909
0.542600896860987 0.475336322869955 0.0368519598235639
0.565068493150685 0.527397260273973 0.031821650547655
0.55026455026455 0.542328042328042 0.0280104503417573
0.52901023890785 0.484641638225256 0.0295396883809708
0.532710280373832 0.485981308411215 0.0434096084198156
0.584848484848485 0.521212121212121 0.0253907470342735
0.513207547169811 0.441509433962264 0.0226214187902307
0.56140350877193 0.47953216374269 0.0268847864351131
0.558823529411765 0.513071895424837 0.0241559108104255
0.529850746268657 0.507462686567164 0.0325320471694093
0.516393442622951 0.508196721311475 0.03241508772969
0.537366548042705 0.516014234875445 0.0245103659972471
0.555160142348754 0.519572953736655 0.0343838136737149
0.515570934256055 0.494809688581315 0.0312176787028203
0.547058823529412 0.505882352941176 0.0243824595200892
0.455026455026455 0.423280423280423 0.0401990696397194
0.577287066246057 0.545741324921136 0.0309164235015635
0.54014598540146 0.529197080291971 0.029328850780294
0.522727272727273 0.513636363636364 0.0409842306951396
0.530120481927711 0.465863453815261 0.0266268660434264
0.608142493638677 0.585241730279898 0.0281605174721295
0.548042704626335 0.519572953736655 0.0287116681964817
0.53735632183908 0.505747126436782 0.0218923903558477
0.592885375494071 0.573122529644269 0.0352877816020804
0.586666666666667 0.536666666666667 0.0307344573236254
0.530546623794212 0.498392282958199 0.0230539376505685
0.553571428571429 0.535714285714286 0.0257200693837893
0.578947368421053 0.56140350877193 0.0310978847741133
0.573667711598746 0.5141065830721 0.0328279016204542
0.548736462093863 0.541516245487365 0.0305317203790129
0.535564853556485 0.485355648535565 0.0336561717813338
0.521235521235521 0.505791505791506 0.0315601366063631
0.560553633217993 0.519031141868512 0.0281347211911305
0.54275092936803 0.539033457249071 0.0326718793239532
0.539792387543253 0.525951557093426 0.0295570530012561
0.533950617283951 0.506172839506173 0.0245260384801519
0.492307692307692 0.480769230769231 0.0250017311218454
0.586538461538462 0.564102564102564 0.0306647402826226
0.527777777777778 0.517361111111111 0.0278695322694401
0.605095541401274 0.56687898089172 0.0284678032732994
0.531598513011152 0.505576208178439 0.031758455376189
0.569620253164557 0.541139240506329 0.0295816156882295
0.570934256055363 0.519031141868512 0.0327567472954691
0.526143790849673 0.493464052287582 0.0212271897731549
0.49236641221374 0.435114503816794 0.0213943388098157
0.541310541310541 0.532763532763533 0.0237771644130127
0.527210884353742 0.523809523809524 0.026488178768251
0.61340206185567 0.577319587628866 0.0255003444592061
0.553505535055351 0.516605166051661 0.0265488209982373
0.546712802768166 0.501730103806228 0.0298450280719728
0.530612244897959 0.493197278911565 0.0276068725618264
0.559183673469388 0.546938775510204 0.0362594535387368
0.555555555555556 0.534722222222222 0.0302459094847906
0.5 0.472868217054264 0.0248112674153547
