8.46066767017177
8.46066767017177
8.40117909617644
8.40117909617644
7.16281602799618
7.16281602799618
6.5011954444288
10.0211054392261
9.13282281786976
6.83825542769862
9.3111078515563
9.3111078515563
10.2684331524281
10.2684331524281
10.2684331524281
9.49407687330669
9.49407687330669
9.49407687330669
9.49407687330669
9.49407687330669
9.85716758704992
9.85716758704992
9.85716758704992
9.85716758704992
9.85716758704992
9.85716758704992
9.85716758704992
7.04662815765854
8.25205932673767
9.91433107618681
9.91433107618681
9.91433107618681
9.91433107618681
9.91433107618681
9.91433107618681
9.91433107618681
9.91433107618681
7.84391051459859
8.51799199616836
8.51799199616836
8.4968374002893
8.4968374002893
8.68651545373369
8.68651545373369
8.68651545373369
8.50399701976888
8.50399701976888
8.87022472549265
8.87022472549265
9.59996667742565
9.11333608665311
9.11333608665311
9.11333608665311
9.11333608665311
10.0466353583174
6.67368425658279
7.4676448602562
7.4676448602562
7.10570011158997
6.70039756220814
5.87676216785351
6.82313737947107
8.91760798646945
8.08420311283753
8.08420311283753
8.59752184403722
8.59752184403722
7.85444867990353
9.06698028253053
9.06698028253053
9.06698028253053
9.06698028253053
9.06698028253053
10.6803281059296
9.11358499062653
8.45404685687222
8.45404685687222
8.45404685687222
10.2015012159491
10.2015012159491
10.2015012159491
10.2015012159491
11.2772502207328
11.2772502207328
11.2772502207328
11.2772502207328
11.2772502207328
11.2772502207328
11.2772502207328
11.2772502207328
7.70349548199783
8.4278655645752
8.4278655645752
8.56826280371064
11.8733948656881
11.8733948656881
11.8733948656881
11.8733948656881
11.8733948656881
11.8733948656881
11.8733948656881
11.8733948656881
11.8733948656881
11.8733948656881
11.8733948656881
7.63968895393206
9.14851456124376
9.14851456124376
9.14851456124376
9.14851456124376
9.14851456124376
10.0171188105989
10.0171188105989
10.0171188105989
10.0171188105989
10.0171188105989
8.72740986367891
8.00217085614735
9.52368872230053
10.5134280489899
10.5134280489899
10.5134280489899
10.5134280489899
10.5134280489899
10.5134280489899
10.5134280489899
10.5134280489899
10.5134280489899
10.5134280489899
9.47746508200109
9.47746508200109
9.47746508200109
9.47746508200109
8.02834143158948
8.02834143158948
7.65174873996222
7.65174873996222
7.41182291063991
7.92536128027576
7.67013789631162
7.67013789631162
8.29523197252803
8.29523197252803
8.29523197252803
9.2539960669798
9.31092168473544
9.31092168473544
9.31092168473544
9.31092168473544
8.29125416304167
8.29125416304167
8.29125416304167
8.29125416304167
6.81461646074429
6.81461646074429
6.81461646074429
6.84987923519505
6.84987923519505
6.44532472401453
6.11804629018147
5.33298001902011
5.65919197997447
5.65919197997447
5.69705676786035
5.54973080169124
5.70745019525111
5.36579394438813
5.21989551357169
4.54950042365765
5.24173768057925
5.16939558711952
5.42636815690288
7.27675056574405
5.26897742206794
5.60261666305256
5.7555712342437
5.7555712342437
7.22372579531697
7.22372579531697
8.80236706983084
8.80236706983084
8.68767926062391
7.57007389939758
7.57007389939758
8.03228346168257
8.6311626340675
9.01823174479878
8.56598921984976
8.84913839190025
8.84913839190025
7.66344594345504
7.0475866718948
7.16757117681163
6.66187304059041
6.87254992217274
7.25239357236755
7.25239357236755
6.90667700091488
6.74417507815125
6.74417507815125
7.86454005599486
8.40657830924619
7.10516119037366
7.12890651363508
7.42290458320612
7.42290458320612
7.42290458320612
6.68938420897221
6.82416353772477
6.62668121332057
6.62668121332057
6.51630472609409
6.15895248936372
6.15895248936372
5.7593043489871
5.7593043489871
5.70744890031629
5.60441643390329
5.40834726877354
5.57422398749182
5.05320022308958
5.88090741854481
6.12453883557497
5.50881354809051
6.11598686345846
5.81257783054034
5.81257783054034
5.60105472685226
5.62906580573657
6.16125732922955
6.01060745944829
5.70357012655391
6.28222217751793
6.28222217751793
6.28222217751793
5.73972396005082
5.73972396005082
5.73972396005082
5.58153341895763
6.22982000223252
5.56936985197906
4.92997260199433
5.02728804364272
4.85941590440053
5.03136324531989
5.27444882328208
5.09219748277105
5.09219748277105
5.32613666663609
5.80467919143474
6.92209797722321
6.44967944539104
6.26727620606243
6.43513026363484
6.07427234819261
7.27075267293761
6.81376420505085
6.82249394324208
6.33792405634304
5.96763690572918
6.03927317138928
6.54921082702627
6.45492953426484
6.95703323213377
6.95703323213377
7.33455864586634
7.99738214587225
7.99738214587225
NA
NA
NA
NA
NA
NA
NA
NA
NA
NA
NA
NA
NA
NA
NA
NA
NA
NA
NA
NA
NA
NA
NA
NA
NA
NA
NA
NA
NA
NA
NA
NA
NA
NA
NA
NA
NA
NA
NA
NA
NA
NA
NA
NA
NA
NA
NA
NA
NA
NA
NA
NA
NA
NA
NA
NA
NA
NA
NA
NA
NA
NA
NA
NA
NA
NA
NA
NA
NA
NA
NA
NA
NA
NA
NA
NA
NA
NA
NA
NA
NA
NA
NA
NA
NA
NA
NA
NA
NA
NA
NA
NA
NA
NA
NA
NA
NA
NA
NA
NA
NA
NA
NA
NA
NA
NA
NA
NA
NA
NA
NA
NA
NA
NA
NA
NA
NA
NA
NA
NA
NA
NA
NA
NA
NA
NA
NA
NA
NA
NA
NA
NA
NA
NA
NA
NA
NA
NA
NA
NA
NA
NA
NA
NA
NA
NA
NA
NA
NA
NA
NA
NA
NA
NA
NA
NA
NA
NA
NA
NA
NA
NA
NA
NA
NA
NA
NA
NA
NA
NA
NA
NA
NA
NA
NA
NA
NA
NA
NA
NA
NA
NA
NA
NA
NA
NA
NA
NA
NA
NA
NA
NA
NA
NA
NA
NA
NA
NA
NA
NA
NA
NA
NA
NA
NA
NA
NA
NA
NA
NA
NA
NA
NA
NA
NA
NA
NA
NA
NA
NA
NA
NA
NA
NA
NA
NA
NA
NA
NA
NA
NA
NA
NA
NA
NA
NA
NA
NA
NA
NA
NA
NA
NA
NA
NA
NA
NA
NA
NA
NA
NA
NA
NA
NA
NA
NA
NA
NA
NA
NA
NA
NA
NA
NA
NA
NA
NA
NA
NA
NA
NA
NA
NA
NA
NA
NA
NA
NA
NA
NA
NA
NA
NA
NA
NA
NA
NA
NA
NA
NA
NA
NA
NA
NA
NA
NA
NA
NA
NA
NA
NA
NA
NA
NA
NA
NA
NA
NA
NA
NA
NA
NA
NA
NA
NA
NA
NA
NA
NA
NA
NA
NA
NA
NA
NA
NA
NA
NA
NA
NA
NA
NA
NA
NA
NA
NA
NA
NA
NA
NA
NA
NA
NA
NA
NA
NA
NA
NA
NA
NA
NA
NA
NA
NA
NA
NA
NA
NA
NA
NA
NA
NA
NA
NA
NA
NA
NA
NA
NA
NA
NA
NA
NA
NA
NA
NA
NA
NA
NA
NA
NA
NA
NA
NA
NA
NA
NA
NA
NA
NA
NA
NA
NA
NA
NA
NA
NA
NA
NA
NA
NA
NA
NA
NA
NA
NA
NA
NA
NA
NA
NA
NA
NA
NA
NA
NA
NA
NA
NA
NA
NA
NA
NA
NA
NA
NA
NA
NA
NA
NA
NA
NA
NA
NA
NA
NA
NA
NA
NA
NA
NA
NA
NA
NA
NA
NA
NA
NA
NA
NA
NA
NA
NA
NA
NA
NA
NA
NA
NA
NA
NA
NA
NA
NA
NA
NA
NA
NA
NA
NA
NA
NA
NA
NA
NA
NA
NA
NA
NA
NA
NA
NA
NA
NA
NA
NA
NA
NA
NA
NA
NA
NA
NA
NA
NA
NA
NA
NA
NA
NA
NA
NA
NA
NA
NA
NA
NA
NA
NA
NA
NA
NA
NA
NA
NA
NA
NA
NA
NA
NA
NA
NA
NA
NA
NA
NA
NA
NA
NA
NA
NA
NA
NA
NA
NA
NA
NA
NA
NA
NA
NA
NA
NA
NA
NA
NA
NA
NA
NA
NA
NA
NA
NA
NA
NA
NA
NA
NA
NA
NA
NA
NA
NA
NA
NA
NA
NA
NA
NA
NA
NA
NA
NA
NA
NA
NA
NA
NA
NA
NA
NA
NA
NA
NA
NA
NA
NA
NA
NA
NA
NA
NA
NA
NA
NA
NA
NA
NA
NA
NA
NA
NA
NA
NA
NA
NA
NA
NA
NA
NA
NA
NA
NA
NA
NA
NA
NA
NA
NA
NA
NA
NA
NA
NA
NA
NA
NA
NA
NA
NA
NA
NA
NA
NA
NA
NA
NA
NA
NA
NA
NA
NA
NA
NA
NA
NA
NA
NA
NA
NA
NA
NA
NA
NA
NA
NA
NA
NA
NA
NA
NA
NA
NA
NA
NA
NA
NA
NA
NA
NA
NA
NA
NA
NA
NA
NA
NA
NA
NA
NA
NA
NA
NA
NA
NA
NA
NA
NA
NA
NA
NA
NA
NA
NA
NA
NA
NA
NA
NA
NA
NA
NA
NA
NA
NA
NA
NA
NA
NA
NA
NA
NA
NA
NA
NA
NA
NA
NA
NA
NA
NA
NA
NA
NA
NA
NA
NA
NA
NA
NA
NA
NA
NA
