56.1012661805613 0.0854055992250984
56.1012661805613 0.0854055992250984
56.6603166683249 0.083130688174718
56.6603166683249 0.083130688174718
56.431615411096 0.0771721815309373
56.431615411096 0.0771721815309373
56.6305752996876 0.0738983049147215
55.6884487128504 0.0833071911293035
55.0741154438425 0.0862566065005254
55.7187130556059 0.0925782822277916
54.943592751881 0.0845589858681466
54.943592751881 0.0845589858681466
54.4369434082782 0.0864724337904485
54.4369434082782 0.0864724337904485
54.4369434082782 0.0864724337904485
55.6543742027859 0.0869195277534816
55.6543742027859 0.0869195277534816
55.6543742027859 0.0869195277534816
55.6543742027859 0.0869195277534816
55.6543742027859 0.0869195277534816
55.1156022355715 0.0861820750573536
55.1156022355715 0.0861820750573536
55.1156022355715 0.0861820750573536
55.1156022355715 0.0861820750573536
55.1156022355715 0.0861820750573536
55.1156022355715 0.0861820750573536
55.1156022355715 0.0861820750573536
54.7103031378397 0.0814165568200265
54.6028226993371 0.0865443602471098
54.7735555000169 0.0862534610980025
54.7735555000169 0.0862534610980025
54.7735555000169 0.0862534610980025
54.7735555000169 0.0862534610980025
54.7735555000169 0.0862534610980025
54.7735555000169 0.0862534610980025
54.7735555000169 0.0862534610980025
54.7735555000169 0.0862534610980025
55.5375711770366 0.0902583258439399
55.4179112577525 0.087974745002064
55.4179112577525 0.087974745002064
55.539094827806 0.0870218780508076
55.539094827806 0.0870218780508076
54.9510693816565 0.0875284927277087
54.9510693816565 0.0875284927277087
54.9510693816565 0.0875284927277087
54.7779245536844 0.0875937366769431
54.7779245536844 0.0875937366769431
55.2339057966385 0.0821220700948365
55.2339057966385 0.0821220700948365
54.841126700518 0.0878903221092861
54.792947263476 0.0833024262435265
54.792947263476 0.0833024262435265
54.792947263476 0.0833024262435265
54.792947263476 0.0833024262435265
54.8284076877473 0.0830360829433369
54.2902325707871 0.0903556780188684
54.605190147166 0.0889944458446675
54.605190147166 0.0889944458446675
54.4848124520738 0.0757923064726777
54.6416595042636 0.0742707426890468
54.4858187294814 0.0713506935170995
54.3785173741396 0.0758299925081925
54.4104700390524 0.0834976254237439
53.6618836145938 0.0864199203745744
53.6618836145938 0.0864199203745744
53.4058055949553 0.0844003030168825
53.4058055949553 0.0844003030168825
54.0851535444256 0.0815617124787268
53.9715811103634 0.0847607907722118
53.9715811103634 0.0847607907722118
53.9715811103634 0.0847607907722118
53.9715811103634 0.0847607907722118
53.9715811103634 0.0847607907722118
53.7926071066544 0.0862307626573316
54.4635191787476 0.0867444293752935
54.041275960063 0.0885200919662476
54.041275960063 0.0885200919662476
54.041275960063 0.0885200919662476
53.2055281448773 0.0882352321376519
53.2055281448773 0.0882352321376519
53.2055281448773 0.0882352321376519
53.2055281448773 0.0882352321376519
52.9607097695254 0.0873114680627313
52.9607097695254 0.0873114680627313
52.9607097695254 0.0873114680627313
52.9607097695254 0.0873114680627313
52.9607097695254 0.0873114680627313
52.9607097695254 0.0873114680627313
52.9607097695254 0.0873114680627313
52.9607097695254 0.0873114680627313
52.4712798966094 0.0817629672608071
52.9736779757229 0.0899865526205024
52.9736779757229 0.0899865526205024
53.055609719896 0.0887610376647642
53.2151712710697 0.0861778399605129
53.2151712710697 0.0861778399605129
53.2151712710697 0.0861778399605129
53.2151712710697 0.0861778399605129
53.2151712710697 0.0861778399605129
53.2151712710697 0.0861778399605129
53.2151712710697 0.0861778399605129
53.2151712710697 0.0861778399605129
53.2151712710697 0.0861778399605129
53.2151712710697 0.0861778399605129
53.2151712710697 0.0861778399605129
52.5573142859652 0.0903720185305597
52.8254980692275 0.086053218439651
52.8254980692275 0.086053218439651
52.8254980692275 0.086053218439651
52.8254980692275 0.086053218439651
52.8254980692275 0.086053218439651
53.9789451593533 0.0866083511842423
53.9789451593533 0.0866083511842423
53.9789451593533 0.0866083511842423
53.9789451593533 0.0866083511842423
53.9789451593533 0.0866083511842423
54.3255250357963 0.0851475750677175
53.6152047677964 0.0870239614373889
53.7673003317006 0.0856830902976111
53.030542915106 0.0897334153750537
53.030542915106 0.0897334153750537
53.030542915106 0.0897334153750537
53.030542915106 0.0897334153750537
53.030542915106 0.0897334153750537
53.030542915106 0.0897334153750537
53.030542915106 0.0897334153750537
53.030542915106 0.0897334153750537
53.030542915106 0.0897334153750537
53.030542915106 0.0897334153750537
53.5007580840555 0.0891365383423813
53.5007580840555 0.0891365383423813
53.5007580840555 0.0891365383423813
53.5007580840555 0.0891365383423813
53.0164846045899 0.0840664995533868
53.0164846045899 0.0840664995533868
52.4852158173498 0.0807924581370986
52.4852158173498 0.0807924581370986
51.8728897346488 0.0834787999639584
52.1226664219359 0.0838995523123682
52.9291430608527 0.0831271173131764
52.9291430608527 0.0831271173131764
53.1301006024197 0.0820478014830732
53.1301006024197 0.0820478014830732
53.1301006024197 0.0820478014830732
54.0848692443456 0.0841260609470268
54.7085878568717 0.086558684665705
54.7085878568717 0.086558684665705
54.7085878568717 0.086558684665705
54.7085878568717 0.086558684665705
55.9304055100637 0.0887193065222359
55.9304055100637 0.0887193065222359
55.9304055100637 0.0887193065222359
55.9304055100637 0.0887193065222359
56.0054362482977 0.0900648926364131
56.0054362482977 0.0900648926364131
56.0054362482977 0.0900648926364131
55.8380142281358 0.0892792329428256
55.8380142281358 0.0892792329428256
55.904335228493 0.0934101687862407
57.2044651641233 0.0947854221867726
56.9653968938738 0.0968186079490478
57.3004146508676 0.0940507561501224
57.3004146508676 0.0940507561501224
56.4515877673068 0.095277741862883
56.0951760534191 0.0977033835529949
55.8730533656613 0.0947050740604707
55.7987990034283 0.0998493503255592
55.7743121765029 0.0993213974345315
55.6251476003209 0.102912169563211
55.9276710823577 0.0992564664616591
56.603110079347 0.0997792200264739
57.0601950624213 0.0953143604259525
57.0948802653553 0.0896418019108238
56.7927833920727 0.0987698852551316
56.3438922569617 0.0978644401281859
56.5650508708742 0.0954240875953358
56.5650508708742 0.0954240875953358
56.2245782144078 0.0913364487243555
56.2245782144078 0.0913364487243555
56.4828713949502 0.087206000004591
56.4828713949502 0.087206000004591
55.6497366565103 0.0834971416282285
55.099819061172 0.090733505346318
55.099819061172 0.090733505346318
54.8982050803614 0.0880981506190595
55.2318487420605 0.08806585343351
54.4699701082604 0.0846502748128074
54.1332624369647 0.0896547754359178
53.4910414264934 0.0887004130258634
53.4910414264934 0.0887004130258634
53.149520164836 0.0914174506407601
51.9658881117574 0.0872407219024715
51.4038825945521 0.0825234382086448
51.0001825047868 0.0876020344462343
50.6418225549341 0.0845818070561192
50.0163463430347 0.0883566082451223
50.0163463430347 0.0883566082451223
50.3315182641792 0.0886438113592266
50.0586640204196 0.094430529556159
50.0586640204196 0.094430529556159
50.6954375350527 0.088239140624545
51.6682402791864 0.0878228626090519
51.2311868830605 0.0911971905556148
50.4571451523676 0.0875036277128673
50.4296487733209 0.0942490202251151
50.4296487733209 0.0942490202251151
50.4296487733209 0.0942490202251151
49.4028886509262 0.0969738340535372
49.3438471774209 0.0922413260034373
48.1907314084364 0.0894821121339367
48.1907314084364 0.0894821121339367
48.0681330075965 0.088378153247042
47.3741079064864 0.0835242600966854
47.3741079064864 0.0835242600966854
47.5647533354103 0.0755277699075342
47.5647533354103 0.0755277699075342
47.3497584038734 0.0785211449903224
46.8125977587631 0.0845486492903088
45.7372379988741 0.0860532006499979
44.9665761072187 0.0838352054130111
44.1470119543574 0.085189451262317
44.5564735715987 0.0917292653214246
44.6633090091146 0.0964203471665517
44.2410593394716 0.092389361054216
44.8171863105298 0.0925574331558898
44.1643613735589 0.0913773190477135
44.1643613735589 0.0913773190477135
44.384135882089 0.0864408487756318
44.6390657227694 0.0885532238531569
44.9891595950139 0.0949024490962329
44.8135137180581 0.0951741704663587
45.1250817037851 0.0874189208556971
45.5711866155417 0.0998449237102403
45.5711866155417 0.0998449237102403
45.5711866155417 0.0998449237102403
45.2836334904146 0.10490752967261
45.2836334904146 0.10490752967261
45.2836334904146 0.10490752967261
45.406340949379 0.104592254916802
45.7727818664786 0.101129513943563
45.0560928152927 0.104961426747932
44.8724259189555 0.110329989047812
45.4600466483209 0.112015270029504
45.0811885752629 0.113205194746732
45.6686298346218 0.11148001311864
46.5601035233332 0.108918848547477
46.8438146885119 0.108963943383412
46.8438146885119 0.108963943383412
47.9028499346894 0.1061872520805
47.498505507406 0.102609556295727
47.7550350980249 0.096658526750026
47.619931266479 0.0971848907820587
47.8163403769582 0.0995009139091412
47.9791453601387 0.0930361403526336
47.6381742110718 0.0847130306748966
47.9030049115245 0.0863893917363132
47.5951712830822 0.0893249211342396
48.2349311116237 0.0911560050551386
47.7281481496853 0.0958550363791145
47.919243909424 0.0860843522335901
48.5056744245807 0.0862132134427505
49.1898658702826 0.0841596022281713
49.9633010274267 0.0794844561206054
49.9337135177182 0.0859538957658877
49.9337135177182 0.0859538957658877
49.7176863409288 0.0926815986350223
49.7948851293504 0.086609677708892
49.7948851293504 0.086609677708892
NA NA
NA NA
NA NA
NA NA
NA NA
NA NA
NA NA
NA NA
NA NA
NA NA
NA NA
NA NA
NA NA
NA NA
NA NA
NA NA
NA NA
NA NA
NA NA
NA NA
NA NA
NA NA
NA NA
NA NA
NA NA
NA NA
NA NA
NA NA
NA NA
NA NA
NA NA
NA NA
NA NA
NA NA
NA NA
NA NA
NA NA
NA NA
NA NA
NA NA
NA NA
NA NA
NA NA
NA NA
NA NA
NA NA
NA NA
NA NA
NA NA
NA NA
NA NA
NA NA
NA NA
NA NA
NA NA
NA NA
NA NA
NA NA
NA NA
NA NA
NA NA
NA NA
NA NA
NA NA
NA NA
NA NA
NA NA
NA NA
NA NA
NA NA
NA NA
NA NA
NA NA
NA NA
NA NA
NA NA
NA NA
NA NA
NA NA
NA NA
NA NA
NA NA
NA NA
NA NA
NA NA
NA NA
NA NA
NA NA
NA NA
NA NA
NA NA
NA NA
NA NA
NA NA
NA NA
NA NA
NA NA
NA NA
NA NA
NA NA
NA NA
NA NA
NA NA
NA NA
NA NA
NA NA
NA NA
NA NA
NA NA
NA NA
NA NA
NA NA
NA NA
NA NA
NA NA
NA NA
NA NA
NA NA
NA NA
NA NA
NA NA
NA NA
NA NA
NA NA
NA NA
NA NA
NA NA
NA NA
NA NA
NA NA
NA NA
NA NA
NA NA
NA NA
NA NA
NA NA
NA NA
NA NA
NA NA
NA NA
NA NA
NA NA
NA NA
NA NA
NA NA
NA NA
NA NA
NA NA
NA NA
NA NA
NA NA
NA NA
NA NA
NA NA
NA NA
NA NA
NA NA
NA NA
NA NA
NA NA
NA NA
NA NA
NA NA
NA NA
NA NA
NA NA
NA NA
NA NA
NA NA
NA NA
NA NA
NA NA
NA NA
NA NA
NA NA
NA NA
NA NA
NA NA
NA NA
NA NA
NA NA
NA NA
NA NA
NA NA
NA NA
NA NA
NA NA
NA NA
NA NA
NA NA
NA NA
NA NA
NA NA
NA NA
NA NA
NA NA
NA NA
NA NA
NA NA
NA NA
NA NA
NA NA
NA NA
NA NA
NA NA
NA NA
NA NA
NA NA
NA NA
NA NA
NA NA
NA NA
NA NA
NA NA
NA NA
NA NA
NA NA
NA NA
NA NA
NA NA
NA NA
NA NA
NA NA
NA NA
NA NA
NA NA
NA NA
NA NA
NA NA
NA NA
NA NA
NA NA
NA NA
NA NA
NA NA
NA NA
NA NA
NA NA
NA NA
NA NA
NA NA
NA NA
NA NA
NA NA
NA NA
NA NA
NA NA
NA NA
NA NA
NA NA
NA NA
NA NA
NA NA
NA NA
NA NA
NA NA
NA NA
NA NA
NA NA
NA NA
NA NA
NA NA
NA NA
NA NA
NA NA
NA NA
NA NA
NA NA
NA NA
NA NA
NA NA
NA NA
NA NA
NA NA
NA NA
NA NA
NA NA
NA NA
NA NA
NA NA
NA NA
NA NA
NA NA
NA NA
NA NA
NA NA
NA NA
NA NA
NA NA
NA NA
NA NA
NA NA
NA NA
NA NA
NA NA
NA NA
NA NA
NA NA
NA NA
NA NA
NA NA
NA NA
NA NA
NA NA
NA NA
NA NA
NA NA
NA NA
NA NA
NA NA
NA NA
NA NA
NA NA
NA NA
NA NA
NA NA
NA NA
NA NA
NA NA
NA NA
NA NA
NA NA
NA NA
NA NA
NA NA
NA NA
NA NA
NA NA
NA NA
NA NA
NA NA
NA NA
NA NA
NA NA
NA NA
NA NA
NA NA
NA NA
NA NA
NA NA
NA NA
NA NA
NA NA
NA NA
NA NA
NA NA
NA NA
NA NA
NA NA
NA NA
NA NA
NA NA
NA NA
NA NA
NA NA
NA NA
NA NA
NA NA
NA NA
NA NA
NA NA
NA NA
NA NA
NA NA
NA NA
NA NA
NA NA
NA NA
NA NA
NA NA
NA NA
NA NA
NA NA
NA NA
NA NA
NA NA
NA NA
NA NA
NA NA
NA NA
NA NA
NA NA
NA NA
NA NA
NA NA
NA NA
NA NA
NA NA
NA NA
NA NA
NA NA
NA NA
NA NA
NA NA
NA NA
NA NA
NA NA
NA NA
NA NA
NA NA
NA NA
NA NA
NA NA
NA NA
NA NA
NA NA
NA NA
NA NA
NA NA
NA NA
NA NA
NA NA
NA NA
NA NA
NA NA
NA NA
NA NA
NA NA
NA NA
NA NA
NA NA
NA NA
NA NA
NA NA
NA NA
NA NA
NA NA
NA NA
NA NA
NA NA
NA NA
NA NA
NA NA
NA NA
NA NA
NA NA
NA NA
NA NA
NA NA
NA NA
NA NA
NA NA
NA NA
NA NA
NA NA
NA NA
NA NA
NA NA
NA NA
NA NA
NA NA
NA NA
NA NA
NA NA
NA NA
NA NA
NA NA
NA NA
NA NA
NA NA
NA NA
NA NA
NA NA
NA NA
NA NA
NA NA
NA NA
NA NA
NA NA
NA NA
NA NA
NA NA
NA NA
NA NA
NA NA
NA NA
NA NA
NA NA
NA NA
NA NA
NA NA
NA NA
NA NA
NA NA
NA NA
NA NA
NA NA
NA NA
NA NA
NA NA
NA NA
NA NA
NA NA
NA NA
NA NA
NA NA
NA NA
NA NA
NA NA
NA NA
NA NA
NA NA
NA NA
NA NA
NA NA
NA NA
NA NA
NA NA
NA NA
NA NA
NA NA
NA NA
NA NA
NA NA
NA NA
NA NA
NA NA
NA NA
NA NA
NA NA
NA NA
NA NA
NA NA
NA NA
NA NA
NA NA
NA NA
NA NA
NA NA
NA NA
NA NA
NA NA
NA NA
NA NA
NA NA
NA NA
NA NA
NA NA
NA NA
NA NA
NA NA
NA NA
NA NA
NA NA
NA NA
NA NA
NA NA
NA NA
NA NA
NA NA
NA NA
NA NA
NA NA
NA NA
NA NA
NA NA
NA NA
NA NA
NA NA
NA NA
NA NA
NA NA
NA NA
NA NA
NA NA
NA NA
NA NA
NA NA
NA NA
NA NA
NA NA
NA NA
NA NA
NA NA
NA NA
NA NA
NA NA
NA NA
NA NA
NA NA
NA NA
NA NA
NA NA
NA NA
NA NA
NA NA
NA NA
NA NA
NA NA
NA NA
NA NA
NA NA
NA NA
NA NA
NA NA
NA NA
NA NA
NA NA
NA NA
NA NA
NA NA
NA NA
NA NA
NA NA
NA NA
NA NA
NA NA
NA NA
NA NA
NA NA
NA NA
NA NA
NA NA
NA NA
NA NA
NA NA
NA NA
NA NA
NA NA
NA NA
NA NA
NA NA
NA NA
NA NA
NA NA
NA NA
NA NA
NA NA
NA NA
NA NA
NA NA
NA NA
NA NA
NA NA
NA NA
NA NA
NA NA
NA NA
NA NA
NA NA
NA NA
NA NA
NA NA
NA NA
NA NA
NA NA
NA NA
NA NA
NA NA
NA NA
NA NA
NA NA
NA NA
NA NA
NA NA
NA NA
NA NA
NA NA
NA NA
NA NA
NA NA
NA NA
NA NA
NA NA
NA NA
NA NA
NA NA
NA NA
NA NA
NA NA
NA NA
NA NA
NA NA
NA NA
NA NA
NA NA
NA NA
NA NA
NA NA
NA NA
NA NA
NA NA
NA NA
NA NA
NA NA
NA NA
NA NA
NA NA
NA NA
NA NA
NA NA
NA NA
NA NA
NA NA
NA NA
NA NA
NA NA
NA NA
NA NA
NA NA
NA NA
NA NA
NA NA
NA NA
NA NA
NA NA
NA NA
NA NA
NA NA
NA NA
NA NA
NA NA
NA NA
NA NA
NA NA
NA NA
NA NA
NA NA
NA NA
NA NA
NA NA
NA NA
NA NA
NA NA
NA NA
NA NA
NA NA
NA NA
NA NA
NA NA
NA NA
NA NA
NA NA
