0.319516425916576
0.275930781395127
0.284566200236844
0.445439187918478
0.124594407507045
0.324327735433854
0.183384574048212
0.390154195211171
0.184584290497051
0.291448729477987
0.191400786717119
0.154168032954424
0.245533522981866
0.266981443128998
0.206123982591581
0.267488241807814
0.114602109001803
0.22090217401157
0.200108325120794
0.175227406433763
0.217959327821285
0.479815582411659
0.145457997810756
0.202709120048989
0.240928881781018
0.363190219533782
0.20442104163299
0.19846097847334
0.177998427919806
0.301669766232602
0.190724098799783
0.129659784883763
0.217740069902708
0.264529132107433
0.172954382145318
0.136206420247408
0.263673744228455
0.225297268189273
0.230559621317761
0.23833590668745
0.140556987318937
0.192892022090024
0.305762204040268
0.190688190992968
0.170122333021606
0.194279724860158
0.2936312583323
0.207659694674779
0.26777033630905
0.293028037316366
0.341125325175575
0.289954827922489
0.232437209544048
0.140930379777034
0.241091569995558
0.279898305252281
0.313182991614796
0.188321871109618
0.488189490238493
0.22800516931938
0.143272969745034
0.161844128811694
0.269582862424655
0.158045847014062
0.233223583997926
0.205193055748757
0.245075541771987
0.146255229121172
0.305226269390848
0.152869165687127
0.16267473763838
0.183026816581623
0.25269965553274
0.266225640081698
0.200287661750865
0.137089706652354
0.234799011605004
0.165113302671131
0.165727329052535
0.132500292038806
0.166078919464899
0.173864457384329
0.269563352943961
0.227949262982205
0.221620144093853
0.207990762743694
0.156075100870542
0.176754265304568
0.160884424073909
0.170987459954747
0.241744184666816
0.153748193820786
0.208310817053186
0.115248981468376
0.150061972044151
0.28443436343045
0.376627270616863
0.131535856463063
0.173575894707317
0.349262818036435
0.210193621730018
0.180013813792602
0.229322831870541
0.363290718507038
0.297281293296649
0.218980740082232
0.30360161584957
0.28222479114558
0.225939628711005
0.225609840427443
0.252851697550856
0.321367409910992
0.20248622435013
0.192991095564815
0.145755005169289
0.150992319942733
0.191457915547402
0.367819016911563
0.257993581748492
0.0920890335638859
0.28142624389379
0.138516964371829
0.205069036012574
0.207413537132413
0.234912420933667
0.177541101973452
0.30244808014145
0.144597599310767
0.215742399223301
0.214174998988886
0.199363406089349
0.352392152353285
0.274261660941643
0.227810094988078
0.206521995009603
0.218382432531099
0.240732397123644
0.202939959896357
0.291364680200723
0.25757440767287
0.229961045584023
0.0941774387951565
0.129689259795215
0.152038023128243
0.285190543811036
0.187236197147021
0.160035290588179
0.298096067992546
0.34212315538638
0.149211509533503
0.161480384754397
0.223150546285364
0.271844889797813
0.158370683424391
0.189316676618186
0.192897793675871
0.232122808079226
0.199529625992129
0.216028744022575
0.110366956759675
0.193729461618697
0.266217241364695
0.241753810025208
0.197430697058363
0.284703613932301
0.221533369122699
0.365434217351403
0.302638053172621
0.362365380100124
0.217613964036805
0.19159578516158
0.292869765904036
0.231525920727025
0.148504156301836
0.273501218442229
0.320810389855107
0.165349174423717
0.272378543840403
0.207789020256228
0.259727677958196
0.271321678826344
0.233376677766888
0.204758480026561
0.364135314958603
0.294556784031255
0.411418744243382
0.180373572390405
0.258269679376025
0.323101870079333
0.207043976086231
0.342749081617639
0.179335190344071
0.222502922716461
0.111704547905333
0.112796631880313
0.176186774014637
0.207962265252788
0.18654606186232
0.299361423553459
0.219798431237425
0.256864934258782
0.308678689516375
0.125325218502463
0.22761558107114
0.196885997542073
0.247856029229001
0.155337402467798
0.277203701617218
0.171893649927093
0.215838526848861
0.144626997096135
0.266235262546928
0.289960598335645
0.232468810894946
0.200754070827981
0.186981236085607
0.247837050105435
0.198260757200403
0.219128704723004
0.287136755008753
0.177934136027928
0.143649180698754
0.137481071231633
0.220915089348185
0.146829829155802
0.188425522167248
0.128597612299285
0.300550976108059
0.241197688098922
0.146781329097698
0.368257381737755
0.176022970631082
0.131860661438737
0.160363023637054
0.320102119080069
0.19897581740637
0.278746217698826
0.179356723350778
0.288168206318391
0.301357523277764
0.270157127200637
0.382531176468425
0.168767010239077
0.238467596780609
0.146703315770016
0.218411211434408
0.151095909903899
0.169592703029022
0.304147968495871
0.222692603424582
0.216299213791765
0.20905093195112
0.135941037554579
0.168895758352867
0.302160524901066
0.202116599956524
0.233555199369097
0.248487342134788
0.194520105698235
0.142026157481465
0.245135906084719
0.121416392098354
0.185763514545587
0.356891203568229
0.213318305708249
0.131995024875545
0.142249005166291
0.352955888744474
0.202763541363233
0.358756586135589
0.253446671990678
0.230048150664561
0.22999014662153
0.203131729944099
0.209538515995683
0.217875206845555
0.230757613427792
0.191001762405456
0.216188791366071
0.188961473144653
0.147871699475108
0.268040148178703
0.275525970806436
0.19450467740173
0.198150750458592
0.217567366779955
0.25163109868174
0.30954458860908
0.175556546888915
0.183514721074025
0.23631412957405
0.3204883918377
0.305996438745593
0.173671065760463
0.335937780926323
0.171483278846481
0.221220899516717
0.275349676610317
0.302074761820281
0.182243453989774
0.186819713918612
0.188694537975855
0.181151675004263
0.244012068308725
0.204390590722795
0.24619709201251
0.237379431559792
0.283292719714748
0.170767126861732
0.176250005858923
0.232025212019188
0.272788358704766
0.270740270281366
0.218625974234726
0.184753152021141
0.241596591842965
0.195294633478076
0.126704698188816
0.254463329423457
0.108538895355351
0.275549546175655
0.214576731206089
0.202742257609374
0.234610651590195
0.148390961200757
0.174630122650677
0.367572603210003
0.139601116900804
0.236726703009602
0.283880976663918
0.179097803249053
0.335071297581128
0.18570995694141
0.200031805635543
0.188661942137416
0.165695536323026
0.284963821648882
0.161994071148791
0.238964211022262
0.214581283504408
0.282701000705604
0.147840225608038
0.277010990101571
0.19276693371373
0.0931471842215707
0.186267479446378
0.136549723347308
0.17630516783298
0.173752377348723
0.272899255838444
0.214245501312172
0.283433362108321
0.194633439057344
0.21665577325363
0.269452180004393
0.224689900263294
0.162328663516075
0.116110089099847
0.137181248493888
0.172906086034306
0.208455598548269
0.285714688341878
0.192139272652171
0.573901612202104
0.318473747971282
0.255627619177415
0.186025057999056
0.218378231221836
0.205056185972832
0.110108409762993
0.237974773123485
0.204260264024881
0.233714760045245
0.186387912378062
0.21931299690592
0.272240003755005
0.21393869076707
0.12149076466536
0.216206273259375
0.208429039684996
0.19701940306486
0.274653760391015
0.259513131532212
0.392816421313809
0.266853247795085
0.125994635453664
0.183194926286239
0.20863274856608
0.332552617491787
0.272083044611177
0.194420426300797
0.209579084631407
0.0773122203572951
0.22065115961009
0.191374453168971
0.32857552213156
0.232005069799671
0.146862326466807
0.2454626275098
0.179153368459827
0.202853674571132
0.268008086695604
0.248694199602659
0.163941205580307
0.228021499131026
0.157520972701932
0.210534772105739
0.419629040451729
0.185402272264638
0.166925127517448
0.432435065792042
0.206593502860847
0.201918366523543
0.190715106890702
0.206743064613708
0.231482293830873
0.194435536368146
0.257193091728387
0.179862371347654
0.14947814062624
0.145527777847498
0.294158363483597
0.226219504863913
0.307336620718498
0.171555744076616
0.137853725791438
0.208584967483999
0.210219886168784
0.223261750145769
0.294910792291168
0.18382234461055
0.214202123573354
0.236311855693545
0.28834751695326
0.276313495593173
0.233641224969538
0.220169811187898
0.212333880480672
0.15859834309715
0.181552259687941
0.24115196723409
0.176362367820317
0.24629088802095
0.2619142315221
0.229305578181825
0.237179692016589
0.275722411941972
0.21570956772179
0.182334301201682
0.23747563518363
0.293882307633236
0.246694241962025
0.214171811717936
0.318360587473461
0.255093882414046
0.115381426091434
0.156468988542232
0.207268335390873
0.295350288967033
0.195792039053889
0.168697096484594
0.1731677592778
0.25117851079584
0.154563088228844
0.264247323820982
0.300333377091997
0.22511035931621
0.599501956915975
0.377930141792741
0.190258464548442
0.300534586009534
0.309850717882163
0.191152620080565
0.102301948958454
0.210071105145221
0.309577276559117
0.401267282312821
0.0992102419829209
0.177266914729643
0.164444092104316
0.291107771361424
0.24272624962894
0.349099614242666
0.25153011647479
0.51145068281431
0.283033605687079
0.188910265641174
0.14643388185433
0.217779204979272
0.180990416357638
0.187167564451877
0.23989663293718
0.233458488414
0.25760537654269
0.221133519743405
0.219187065405504
0.146854913113326
0.173563398910824
0.228438329986191
0.344054540022542
0.144728685085054
0.0987704175478913
0.207892267375555
0.190050242813527
0.215458796120027
0.203452090098469
0.159842905198623
0.221289845889258
0.201739312632508
0.157368029700483
0.1373206169243
0.0869092921909296
0.2477372045482
0.197772375448053
0.420363045659225
0.292263622618564
0.171451793299491
0.183055222609155
0.316368466495861
0.197427924159317
0.170306161507369
0.329543341195904
0.222129190562416
0.450412935897543
0.296218023948222
0.200989070752159
0.159090235977932
0.182597817794003
0.391519169626804
0.217635064001209
0.207050903183179
0.397953929743941
0.247028535870612
0.172414675704133
0.264103123661824
0.23058048786252
0.273563956802474
0.250089838413654
0.360698442653725
0.350404298452738
0.252164799595266
0.222423190208677
0.127607014098441
0.114115882785236
0.125816213427402
0.240185331283162
0.298197017102905
0.175527945232654
0.304428501470066
0.284408752023633
0.199843443504426
0.172658499502513
0.221220825656077
0.11940636046688
0.202859175385324
0.116288144216138
0.226562072993459
0.320591946307099
0.277620060356116
0.179954815518687
0.385689062581843
0.200426695384734
0.202191084272959
0.248882151117227
0.185816238972478
0.241026131522197
0.18636899893518
0.147834761273659
0.2680088626838
0.170358033983918
0.195657691029071
0.228036437685582
0.166355183661455
0.137414233857958
0.180737808383293
0.26959748530975
0.213236362808231
0.152329115059081
0.262364636191082
0.446435180936914
0.237025230716785
0.18781497750211
0.254421243573828
0.454656291068024
0.229908897074869
0.158258701260545
0.25582882180409
0.196810423446059
0.164649348851886
0.230952499882145
0.175798881786098
0.205428925004292
0.242036476663021
0.325674783417926
0.372790967569731
0.126339039553212
0.122430257081166
0.13860495888588
0.337127477327225
0.278593087795894
0.157889067547852
0.2144946757789
0.260025626838718
0.424880725384837
0.236715387153084
0.221317734220329
0.36278550757617
0.285392543706354
0.227799829673335
0.214183327871281
0.199786212432838
0.196143466410536
0.232131458764789
0.161628669672493
0.241214709653507
0.189149908208899
0.281865474711336
0.273854929236183
0.315486606565789
0.221530608249971
0.423553628094918
0.208640158109906
0.274344513235423
0.259650196281279
0.282413528525121
0.218108525035057
0.274418960661975
0.201996770648054
0.248963391023441
0.181706755752285
0.202150375370197
0.205660528314322
0.123052454650943
0.172824215459488
0.225050532724526
0.139643501960561
0.263233445103557
0.212144336084383
0.236485349771556
0.1220365738953
0.113285108103514
0.36247908059375
0.131047704951638
0.177379517150776
0.208731650340099
0.231035262018589
0.248107361178789
0.31609529687398
0.245025745897171
0.190345691749853
0.176669523202258
0.11343895481088
0.204624780047466
0.157921484697246
0.128889176777477
0.27285643149158
0.257061673779759
0.266506986974837
0.22925138374325
0.366550308900709
0.179081150624606
0.160557335823456
0.130785581141698
0.237672433159976
0.194209654945827
0.226547334517972
0.232825304931933
0.279310579184288
0.320096695236098
0.264486745141323
0.182746254372158
0.145062326793367
0.149692296873574
0.134874868641099
0.268098813521627
0.211406174346508
0.248059693556742
0.261453965366308
0.306145425240664
0.159383136091038
0.137425032190564
0.23093371829112
0.172076498234251
0.146972550033965
0.206712271811737
0.303911142742652
0.227389702200805
0.213685256941521
0.219290094787754
0.117104161805294
0.199589617462663
0.117555497253288
0.255785360289187
0.140336133087613
0.178898884783561
0.27112264857078
0.169318497169087
0.260498208004155
0.178508611478844
0.192737178936132
0.371422815613849
0.12732434982903
0.221625265808103
0.18249000543701
0.185566908842888
0.272298181531404
0.236928903638861
0.305778866533867
0.298059778850393
0.286689977225726
0.205816640232072
0.210497783792784
0.170431675630049
0.313592649448462
0.412352918526461
0.174549272848179
0.18726075750369
0.273382328941263
0.173042832207173
0.154172508436341
0.220254983597175
0.213708012258325
0.186900009261929
0.18895715308836
0.198557318123651
0.14178507527872
0.388575309754551
0.216918730535802
0.301995435583891
0.185256002913752
0.260370305994251
0.23711379829045
0.21647288436617
0.148039901911936
0.254581665066995
0.169912852377967
0.217930816014812
0.189398545888025
0.143466875212493
0.165240433052203
0.279180403503082
0.169064572420497
0.36602540344318
0.29207717135093
0.286021057396226
0.30273320586302
0.278277711837752
0.207867877835487
0.314311003213492
0.228233542443999
0.209868644019434
0.353036959275656
0.268278424204106
0.198790734325103
0.309106630373303
0.385319945317358
0.207918634750672
0.296135186473019
0.21409889810036
0.143255371775142
0.307622336453631
0.152590799460164
0.287802282648341
0.211432981330075
0.210021822576157
0.143432441084191
0.270564120391633
0.293436131732286
0.167897563834795
0.276620457157447
0.281899038806073
0.222684851255441
0.337995340154067
0.166478760817034
0.177509239995941
0.308101319145539
0.253194160759974
0.258785663449974
0.260030823525484
0.15744119017855
0.22217868301849
0.265886994777419
0.197792367761274
0.198956532642648
0.255437630949345
0.189042100825476
0.167089438892433
0.137185190046274
0.139704254022077
0.252413226578285
0.238467929712275
0.282091434584851
0.248978650346427
0.166761272302384
0.241827561279107
0.185128388342413
0.304606878862473
0.226527649871975
0.249973267060501
0.231213174830841
0.45641375395819
0.2138097005978
0.271929766691612
0.18223359962279
0.198661831897586
0.153553147955211
0.236962338953685
0.255505612328727
0.271901092208861
0.195189465165905
0.294790018687492
0.338856965297483
0.300789694112067
0.15798283134779
0.156315364394734
0.297357513996843
0.19256556721171
0.307050922938286
0.198306503508603
0.229421322195483
0.269476534123076
0.159145773464864
0.260454478596956
0.249933439715415
0.2919492141727
0.181111867892483
0.301164964810678
0.182563761534722
0.177283900260664
0.118364886835274
0.164552723224221
0.202357289099002
0.197678525538925
0.193510611848761
0.131521772730864
0.133335200443703
0.284324216221521
0.346813466462943
0.154656089903845
0.151045071588621
0.243531421471027
0.187497623209007
0.237191058521277
0.352240524919499
0.202951830485241
0.325479007251715
0.224961684591546
0.270794418786428
0.25117002991788
0.305626627179283
0.20588334520636
0.378576284583115
0.119450099225837
0.194786795188683
0.35702138615962
0.134698236194692
0.3877301545097
0.219831315461321
0.312828769265287
0.298965269573131
0.216267815679704
0.119431267959833
0.17189866145519
0.12311013316198
0.212098701585957
0.116662130590179
0.172195761808467
0.224524881018269
0.121956490637337
0.16849665028099
0.194514691899078
0.218266566394575
0.141915549717175
0.438451032386213
0.200984107989769
0.482322870699468
0.164269090839097
0.191850226682341
0.203672114182419
0.150324024480886
0.237361560865481
0.302395809809566
0.365297234709583
0.155843900536116
0.169393056116328
0.291404132967271
0.19545722851777
0.22831398430127
0.14333415689361
0.248957300977923
0.275449673762556
0.329473614676711
0.196333484960667
0.12898241701002
0.146822482420186
0.167610027616145
0.25370669753088
0.226199199623198
0.230966230546218
0.225635724638946
0.187345009982593
0.232889775480923
0.179349572039892
0.413859086127124
0.213822962553743
0.108965526669825
0.134445452218156
0.212105901315991
0.202545977860909
0.173842763634258
0.204276524379622
0.139315101708021
0.175345032793169
0.228616295567363
0.2246318985818
0.35765537994984
0.285995104865396
0.20541979460501
0.180267286290609
0.276776337530778
0.172357135048115
0.126553513856923
0.219205375553298
0.225770332122766
0.161930257634723
0.213417092554047
0.219595563163027
0.130355128908864
0.15906978783647
0.159094818998979
0.135491997128076
0.279022027807959
0.244751681618601
0.158094149508024
0.281016617493903
0.196267734303928
0.239218468377958
0.183544919021862
0.190241264968131
0.159041576661617
0.165829002924374
0.148097115330208
0.314739905999836
0.237332003754627
0.163434877318515
0.132115188058473
0.147107865231669
0.19331357647307
0.220035599914825
0.341518681364971
0.161756766874055
0.0836205856498864
0.307698955136811
0.19244184970923
0.168957627047163
0.338062649650288
0.244588636823704
0.300676019132555
0.21100155624269
0.248955539997151
0.183985490788431
0.179433840137227
0.292137038736331
0.269493438288803
0.306591852671202
0.265674885019483
0.161604851046697
0.202588024920816
0.198704981934752
0.170177868299319
0.341709594774359
0.197181257726502
0.114749688159898
0.17342787753646
0.189273575680314
0.324060265234398
0.237030024933391
0.122915796726322
0.214193076469992
0.25628544336215
0.227628762841656
0.199708513145345
0.19193173289462
0.32681742675278
0.390730231717397
0.14999812927257
0.229542009188025
0.228562423729529
0.219875906225816
0.267554732485878
0.245569807641536
0.185936689101954
0.25715593492263
0.216487218487376
0.207178351428066
0.235561051679204
0.205831650944692
0.240455179170829
0.205247551593514
0.291490188664997
