0.0316713270453854
0.0224285696755528
0.0274522006819302
0.0251016515250668
0.024296103592836
0.0263844051069057
0.0246666122569858
0.0289541584120028
0.0255152924533695
0.0323576545726273
0.0267011627405955
0.0312929983206321
0.0259354133694998
0.0224441037090557
0.023848782908312
0.0290318041080991
0.0267484252903067
0.0288514360367477
0.027578546368991
0.0274613240199519
0.0310048647146313
0.0244496423570741
0.0292887206824636
0.0258289724140875
0.0249264481520986
0.0243131538116323
0.0249351103069818
0.0275396325186863
0.0378935080916366
0.0289998124484074
0.0229919457225179
0.0347607769040483
0.0294971288838367
0.0237690819372337
0.0240394720577949
0.0273576519315469
0.0249598879647471
0.0282573865861461
0.0249579223270911
0.0224960284058987
0.0348411853959434
0.028932596833907
0.0249432440394794
0.0307122475616339
0.0269015090060127
0.0280800517519889
0.0267998670875095
0.0351679498066476
0.0296337698831862
0.0303548493880389
0.0227866190276212
0.0262267523829167
0.0244564104396337
0.02640966678027
0.0260171250198028
0.0192406720960669
0.0292476531869242
0.026992800397326
0.0232976708180948
0.0258616010615601
0.02819470578577
0.0215544339003608
0.0268268392500057
0.0304980410545482
0.0224314478686244
0.0250990599970121
0.0238621988300704
0.0253479018624764
0.0246456331323795
0.0257468788646315
0.0411572365543372
0.0198446839633398
0.0249630657110817
0.0207803691505669
0.0292414254201845
0.0315195994444505
0.0229984105653756
0.0287061045873164
0.0260308009938323
0.0348372966220152
0.0241368007636484
0.0277745872209735
0.0352746028495798
0.022757835976141
0.0215561978856966
0.0261980068580149
0.0198011402511134
0.0221514809098519
0.0240320741753246
0.0368171575987131
0.0245541936245947
0.0301527608507293
0.0276480887636076
0.0249836571906662
0.0294120427415127
0.0285785197907768
0.0255521717006509
0.0227968448190325
0.0281305035523567
0.0271172830402615
0.0317806442473704
0.0232884378429004
0.0288612697425424
0.0231721480461815
0.0264076858863349
0.03058143909924
0.0285125915912475
0.0344521150966375
0.0325945772753141
0.0280436344621277
0.0288299948337267
0.0216227836178704
0.0255565736428293
0.0253719383072934
0.0317717288330264
0.0247465196614141
0.0225754549810634
0.0256810390329788
0.0238991445605989
0.0256026528654097
0.0271939464213902
0.0271545859177686
0.0230954849677241
0.0247982507611408
0.0270527078997218
0.0268747859198732
0.019086815500193
0.0257462589444782
0.0259803492560732
0.023110364401168
0.0238276564243261
0.0219568428768623
0.0233631692225638
0.0239244422328274
0.0294072385878128
0.0251596578821312
0.0358729720435565
0.0297488943317078
0.0319396680002249
0.0245635349422483
0.0255515678259335
0.0251619878972394
0.0221175711094745
0.0271013042760029
0.0277210494414875
0.0273175683021794
0.0308121422447507
0.0301749815558118
0.0281646860326685
0.040175238930576
0.0219013504842518
0.0290141411317846
0.0263791991813017
0.0284929058248507
0.0306202668619355
0.0268826084960695
0.0265942201527621
0.0262606812351289
0.0275651559625958
0.0250693909624339
0.0241037046430716
0.0286583506358455
0.0239719091371845
0.0277841346683466
0.0263557622796276
0.030107281990838
0.033094210346253
0.0363392618665793
0.0256444628821229
0.0293952016504714
0.0272482254939241
0.0247532924025201
0.0301517242600959
0.0297700593637388
0.0256084360127557
0.0240050682098544
0.0280694940394942
0.0303248873227118
0.0289598049477399
0.0247012519057042
0.0270401423290093
0.0258312109021045
0.0332585595401453
0.0241708273222168
0.0260542935589021
0.0280134031568387
0.0256236214550366
0.0230293216892809
0.0229050725343666
0.0272763814875015
0.0254608338225781
0.0264535513073395
0.0228867420656005
0.0255540581208184
0.022970078996853
0.0243547417594932
0.0315233678193101
0.0236409092078755
0.027392178844922
0.0214632798837662
0.0266089306721976
0.0237009815911144
0.0323973885755241
0.024884180664305
0.0235631082498707
0.0263990183973787
0.023904905593837
0.0313256073789338
0.0227063044241972
0.0266605938224192
0.0254221346558628
0.0278644911136427
0.0241433222734124
0.0270689304226254
0.0333679907426838
0.0263171024606627
0.0301358330602646
0.0225146671616365
0.0265078511781364
0.0312632638516726
0.0211756377812786
0.0277510316880877
0.0259620753041965
0.027150637543888
0.030002133022937
0.0238210035662607
0.0273745421670656
0.0266724269631416
0.0220391194743688
0.0378346369704638
0.0267729562352279
0.0282741300923114
0.0297978032134788
0.0387134390074406
0.0311844385148858
0.029308992550574
0.0276791707694396
0.0242911236836496
0.0264010181687556
0.0303500172070207
0.0292247703708053
0.0281712281179901
0.0218066448262077
0.0258081502418805
0.0295664181360667
0.0267332602313709
0.0291625556690201
0.0281538168993362
0.025687472770196
0.0228144867309189
0.0255683691824745
0.0236925998458905
0.0317018437793049
0.0267051908370704
0.031715165735197
0.0306474684991839
0.0223492207060925
0.0260078975799619
0.0273423011825498
0.0281225899346635
0.0221516008719086
0.0283757618877597
0.0288887330385937
0.0331817540559925
0.0297894166110247
0.0259274239646434
0.0289676665272059
0.021521881905475
0.0315063837297107
0.0270292797183591
0.02791739945537
0.0263464052984964
0.0236555570573792
0.0258852651879142
0.0237814423121052
0.023067952892408
0.0301667149656078
0.0328856903774885
0.0298941432434558
0.025118331119706
0.0243314230850072
0.0280268152845312
0.0229895093374154
0.0337954003375494
0.0266158011932732
0.0294594354376274
0.0284042230833032
0.0274341508793973
0.0285104455919855
0.0337942186378297
0.0308821317357175
0.0283227431131082
0.0229986157309457
0.0264663279243088
0.029579886024221
0.0247482994152841
0.0245298103847536
0.0255233327771971
0.0245021919623531
0.0269113645596604
0.0296885386578795
0.0362027245243768
0.0252605743383604
0.0243252992474062
0.0283002541023614
0.0303812394915197
0.0264928513528445
0.0333513692122893
0.0303026474755117
0.0309398735051491
0.0285419247531526
0.0288707694770132
0.0258745411432238
0.0313516342865568
0.0217334512980951
0.0271429003484794
0.0260778584198236
0.0299347710300453
0.0235462876991273
0.030529515792717
0.0402321975103563
0.0252885428959128
0.0253863694017724
0.0275239043205858
0.0240253187651013
0.0263517229957777
0.0269299335248606
0.0329339814436878
0.0322793132802995
0.0260406696781777
0.0195909346512962
0.0231747237553574
0.0213143173466938
0.0266788571222938
0.0277614288691093
0.0226442638119671
0.027542935502286
0.0270129849448408
0.0256518312364578
0.027990619110515
0.0272117093875103
0.0297067851844369
0.0230356390642039
0.0227776694028298
0.0283157305886891
0.0254661660927199
0.0309469158474908
0.0284696328788081
0.0246397986570563
0.0228654112293902
0.030137194084356
0.0272124835197111
0.0244402350594417
0.0293074413636094
0.027349903206741
0.0272908620404158
0.0275540726074127
0.028340607643141
0.0242775121601629
0.0328973321185954
0.0265547703447049
0.0294147649225243
0.0264577399830055
0.0295665687124086
0.033597424846255
0.0303768025671421
0.025872021193148
0.0303567748768684
0.0269076876639261
0.0264496724604458
0.0216997638432345
0.0234573847944222
0.0247705798338713
0.0302375997249716
0.0315464183841173
0.0249595638825178
0.0280631289967446
0.0304462636869645
0.0309898086500728
0.0235907536564138
0.0276794902266934
0.02689484710627
0.0279722943696792
0.0281079180860717
0.0292161747029329
0.0291484953543314
0.0279366878365807
0.021020282463993
0.0300585104670872
0.0312093094132063
0.0315310421865688
0.0324015244765408
0.0253433008377523
0.0192127646526881
0.0247375819425622
0.0246839763583629
0.0362376820412717
0.0360635683231039
0.0278542281108435
0.0291143659897425
0.0258464377097159
0.032106560391411
0.0229156680733632
0.0299919449797772
0.0294710270006767
0.025904453711297
0.0300012405571989
0.0259819354578168
0.0224454750140445
0.0316843908930027
0.0237261744228611
0.0328770952845434
0.0240451702586147
0.0319901775389206
0.0261556912243055
0.026369358032786
0.0306261895996853
0.0319109782349589
0.0235871319509187
0.0238613143825826
0.0245944308902956
0.0251793485880651
0.0279424243696923
0.0258928898102437
0.0266630778332159
0.0212888840181833
0.0232347421626569
0.0311378116060199
0.0193391904743157
0.030116953364217
0.0312488072807037
0.0318841061657095
0.0283527945632391
0.0255981184355098
0.0226775935886226
0.0286129599104202
0.0419767072964327
0.0243016818107181
0.0281742186118801
0.0268110757321381
0.0297944421339986
0.0293728625836569
0.0302969606483552
0.0236016503768549
0.0271460308581021
0.0236810624181963
0.0259334992466814
0.029571158199871
0.0237298228424685
0.032177964047344
0.0227571097795703
0.0275382339069404
0.0325665669789194
0.021545198114709
0.0314093514062744
0.0265809575551386
0.0247099740859524
0.0291430409493213
0.0264253172043506
0.0245387804984803
0.0229100332389581
0.0244681468130776
0.0211792758819539
0.0241035402395589
0.0334100901001154
0.0273244146502872
0.0284202306680234
0.0216078071080794
0.0289148380997644
0.0254349969433633
0.0181929257763471
0.0261035987479486
0.02577372428229
0.0247026118709152
0.0244590034816186
0.0291103376752956
0.0239637006390376
0.0269389677095054
0.0295430912426149
0.0214393144628109
0.021261175876114
0.0250150937780452
0.0300433239691087
0.027976225375216
0.0304697365969426
0.0274302700713273
0.0272360274833063
0.0306912610685505
0.0272652273897
0.0313489548793033
0.0319582305667689
0.0292539929487261
0.0284946529896607
0.027522943541406
0.0243758693321217
0.0302941820409229
0.0238289236741174
0.0275551188116196
0.0276272494917202
0.0240122350032223
0.0226577406894761
0.0232892921932921
0.0306553034696406
0.0253986881056088
0.0311974649603577
0.022889415424848
0.0275195262278527
0.0266271170012622
0.0247327203913759
0.0259188822393937
0.0286331223800952
0.0250250698031012
0.0292188597497016
0.0241264028531169
0.0298853709554459
0.0266396686936563
0.0251397553207493
0.0241762055269472
0.0286715821670284
0.0274840862543822
0.0272772288011494
0.0211792206943389
0.0229602916709181
0.0269026296539182
0.0275649278113121
0.0251308040345234
0.0273239638369692
0.0265436538597699
0.0220045657001238
0.0220326416036478
0.0265865735880725
0.0249748956630651
0.0236508960927532
0.0344255381802994
0.0206999384412568
0.0327280262998442
0.0310471358922014
0.0284574221875553
0.0367030699274019
0.0295459914105174
0.0239193054208554
0.028152918175664
0.0315448355055347
0.0268108325615426
0.0234330161901727
0.028278563823776
0.0252623991904462
0.0296600706459011
0.0265538707022806
0.0238740505727039
0.0225045236003981
0.0257212041533359
0.032077097767787
0.0272929877237279
0.0241952128135879
0.028784521836045
0.0335915810775216
0.0274277664313306
0.0209631823745586
0.0255338448373572
0.0270330675706471
0.0233321595019766
0.037360547312915
0.0224530498601067
0.0295431255025591
0.0208704390392652
0.0272781259144508
0.0205783914486404
0.0304019131556905
0.0304792914715299
0.0297937441634854
0.0315046916734616
0.0234079742457408
0.0287720275444987
0.0301998160265827
0.0300784893313772
0.0388501866861698
0.0241552062425792
0.0272000574471472
0.0228019875408174
0.0339127928010443
0.0260660776033472
0.027129524967828
0.0219273560365101
0.0277052786814338
0.0284178552691154
0.0290569171858094
0.0265270041857794
0.0233132089614086
0.024557459297328
0.02561063782806
0.0250676738725559
0.025932228414906
0.0295352567994331
0.0283470292454522
0.0312729625754079
0.0240156247952867
0.0205805275867404
0.0329112191506655
0.0231639550502956
0.0217688104688661
0.0314339367992514
0.0259162483583118
0.0240105223662432
0.0252558886382124
0.0241335386254401
0.0247402761877646
0.0278606423733218
0.030262582839618
0.0254466364004934
0.0248696983323643
0.0305570577709517
0.0237887406513121
0.0292569947089621
0.0278212012229938
0.0260015510199234
0.0239941126588585
0.0257625741894492
0.0254176463796973
0.0278246435542467
0.031172014719218
0.0228874180599175
0.0250458191957554
0.0260098946539202
0.0332829086281187
0.029904575883442
0.0330117952901834
0.0216829501273636
0.0256900447944378
0.0255520827250609
0.0234635252976446
0.0295727784499316
0.0242461614773807
0.0224521822282793
0.028061008561395
0.0340821191098175
0.0244052393701311
0.0245638055040481
0.0279442884091116
0.0291432785216041
0.027483811289619
0.0245629029412581
0.0249141555675329
0.0232788222471294
0.0211354461933079
0.0271806571213731
0.0248762547398168
0.0246632479135216
0.0246979804487988
0.0257438966247412
0.0264806231673185
0.0233395015841011
0.0231195352116618
0.0296429844278582
0.0287738379290688
0.0292364671843412
0.0278687529937981
0.0208471039808599
0.0217520617481798
0.0252049562166664
0.0245343011433288
0.029980470518644
0.0274117958275406
0.0293048293353355
0.0223996966725398
0.0237918974357439
0.0254055281669495
0.0270206876579491
0.0260935149870446
0.0266111795560872
0.0249191328795494
0.0328363173847235
0.0354860642064998
0.0245640455424008
0.02804785691708
0.0245775688759454
0.0250184332627747
0.0273526557586535
0.0244805012323686
0.0248627263174665
0.0292833135882867
0.0263131188910285
0.0258485367632396
0.0323401480674734
0.0295219524917352
0.0222808395490178
0.0292997300185033
0.0254623866412628
0.0294857893366884
0.0221832583279297
0.0320038686581072
0.0231971152137874
0.0309403633015436
0.0308515282316168
0.0248510524099681
0.0250152221578066
0.028026397225352
0.0251813265924208
0.0275376472232916
0.0266069010714079
0.0325247028257941
0.0304624574758032
0.0252907456662736
0.0294841592195115
0.0254652292505472
0.0241374812458614
0.0319501480869111
0.0254008232930654
0.0291627443993122
0.0264141833845094
0.0229753422013203
0.0228900954257436
0.0328733887519334
0.0322827169360248
0.0216184926158983
0.0262189152249838
0.023064060061046
0.0277291028321466
0.0290742444793569
0.0276629764302622
0.0241129260512555
0.0223040239630171
0.0293844067021122
0.0254017905754971
0.0329892932681693
0.0282056833204575
0.0316566099126193
0.0286722767896665
0.0278295025379571
0.0279457042234295
0.027779641591925
0.027462660650824
0.0247096996960678
0.0263474541472674
0.0235786299973585
0.0288563459870691
0.0312623707006236
0.0279025659347906
0.0242524807794609
0.0229149508650009
0.0250525708788333
0.028513470201154
0.0220923368282291
0.0246367749325252
0.0256373166085188
0.0294963818294981
0.0273722201388977
0.0251170251293825
0.0271027908892507
0.0312046176270646
0.0286597314156291
0.0341058816314387
0.0270906520452922
0.0232351297841004
0.0261211185446258
0.0240560279674289
0.0291314289431017
0.0228466459185623
0.02727278066132
0.0315960190776835
0.0248163442139121
0.0271506007526281
0.0292784964207446
0.0198327354225347
0.0241239573259139
0.0252158643000728
0.0247773068904275
0.0269720539132228
0.031246504214504
0.024595544189822
0.034633971192592
0.0264192700417362
0.0215685019156267
0.0232920927570765
0.030957261193932
0.0263524058813153
0.0266807435829555
0.022785642060603
0.0289913884809174
0.0257419818554789
0.0296050866824435
0.0273096335048945
0.0285196118832457
0.0314023642325641
0.0253026808171318
0.0214236288229852
0.0312558461971876
0.0219016320582751
0.0284765624033991
0.0228459750551289
0.0279845815555084
0.0250630817211454
0.0305253225648056
0.021826729507662
0.0275202830199738
0.0311373287912084
0.0268383634086273
0.0319983927749158
0.0271182403494422
0.03313457897713
0.0226724711132831
0.0256906082618575
0.0238363779260321
0.0259588285629984
0.0203753040390513
0.0277617442217171
0.0251481259733089
0.0234413844550833
0.0312771464530395
0.03436275361076
0.0217992214478166
0.0246163857919424
0.0222160949733893
0.0291795894370829
0.018043666845887
0.0269921294490083
0.0304034753344604
0.0277664759026029
0.0253473801756182
0.0267604244519234
0.0256041082910556
0.0225405569685836
0.0267848367726988
0.0275792497442016
0.0367746550275889
0.0286128735620241
0.0326538691243714
0.0290080216554378
0.0262346056913016
0.019497528958962
0.0231415428315163
0.0309709418525245
0.0274537367091541
0.0225777538436388
0.0244479788566423
0.0222182832764916
0.0245682315622606
0.0302516909876677
0.0224023114929359
0.0303887493297007
0.0254226918242174
0.0274634415386668
0.0259724043297227
0.0253674458867825
0.0288080697044924
0.0307345106360655
0.0258352940646013
0.0313033292008234
0.0272256118370611
0.020758832501973
0.0231348482677193
0.0271938537842456
0.0229968369602984
0.0289665965299562
0.0295850860059858
0.0294121320205884
0.0265021882206981
0.0246824803871699
0.0375380951388793
0.0316913046110984
0.027926481255398
0.0295330640403894
0.0216857991635172
0.0235073419810196
0.0286716062728414
0.0275205239563133
0.0266358877755615
0.0241096221979758
0.0265183274464611
0.0291931885960696
0.0254957064608485
0.0255972913006049
0.0290459642904646
0.0189752912613673
0.027164641594559
0.0275065259543309
0.0266662737887308
0.0262591020539991
0.0340860287050846
0.0255685795786513
0.0339559294712688
0.0265278914472935
0.0263888098370855
0.0318585441371123
0.0226749534304348
0.0216901094303926
0.0285458947044913
0.0269287842746159
0.0258577167115658
0.0329939059049176
0.0300166764946667
0.0292089805341201
0.0223616440394463
0.0199709790188805
0.029479709019874
0.0245012391157929
0.0247954350010011
0.0268612079419942
0.032498645757221
0.029701178510054
0.030091075177828
0.027946924080013
0.0262351536780191
0.0305013372071305
0.0222773719838025
0.0294606289102501
0.0221889496036186
0.0230393813253944
0.0255687064497356
0.0237661694760082
0.0303352664914579
0.0233431422409479
0.0233056581428773
0.0265407908791262
0.0253616920841046
0.0278996409012267
0.0329189584126895
0.0189035851796746
0.0325874811839723
0.0278483324225201
0.0359103395752561
0.036608864826233
0.0278569274541178
0.0295784680643096
0.0226710154408138
0.0270851850054605
0.0316542280923144
0.0285573276918229
0.0247843342825064
0.0270943198174872
0.0255320627242684
0.0298167663648983
0.0282467110885175
0.0284933800640895
0.0257822920063675
0.0213408802805179
0.0223086723678273
0.0263147027895385
0.027681748315342
0.028091674632597
0.0318873470058169
0.0283897364768302
0.0275783678020886
0.0260367206042001
0.028306616057133
0.021827540212498
0.0266463178661363
0.0273420902308636
0.0234618379294295
0.0292582077129823
0.0288273202592322
0.0315841002803978
0.0250357865309323
0.025083100342379
0.0239500130185033
0.0235030125480138
0.0279392930630076
0.0236948891251689
0.0230505889913951
0.0236627067591648
0.0312391428252084
0.0240521367576289
0.0287334196770166
0.0219491955589464
0.0329286432870511
0.0319653289241473
0.0352789633523343
0.0274429788412851
0.0210434389968255
0.0252635764644532
0.0254541327574706
0.0250259054746589
0.0246006524870422
0.0204200118102336
0.0229840191740619
0.0250957016207987
0.0248374403636135
0.0282801225045703
0.0342033509531405
0.0231288572353085
0.0267520545572348
0.028569030683585
0.0314381625113953
0.0243135179069704
0.0255803197681832
0.0239232344802217
0.0209516240554223
0.0252233750285242
0.0325420876681701
0.0241797637553915
0.0252683012498298
0.0239698673168155
0.0315982558572076
0.0276595612007802
0.0279654632407819
0.0290234170604894
0.0237543758176317
0.0274503402898409
0.0319376563415089
0.0194884983762951
0.0257939323687203
0.0238916785091868
0.0297266145228629
0.0282135674649459
0.0322803884685491
0.0313048790946874
0.0315318723311232
0.0245933169087455
0.0262427215199695
0.0205923115372631
0.032081911121759
0.0237691792559668
0.0284722491956521
0.0242787971324716
0.0328625385735688
0.0253590272278298
0.0242774105881607
0.01923206358251
0.0304430089794622
0.0296927214288775
0.0256284955125239
0.0252945094935576
0.0341701433388403
0.0274315890736449
0.0260487974470147
0.0251259860572673
0.0306655664443008
0.0257448633224913
0.0250270070306205
0.0289581497654357
0.0315802107298239
0.0306788532350633
0.0269070739474316
0.0371495148302748
0.0209173030646414
0.0272166448429536
0.0283479850365015
0.0290198959499373
0.0243315457482443
0.0302913313966006
0.0229590321391437
0.0299195861833465
0.0317782593953057
0.026421590513105
0.0287815847323736
0.0303912221175797
0.0349788917085606
0.0259860039809485
0.0276424862139763
0.0253509086159991
0.022224533659953
0.0253889802664711
0.0298365400841294
0.0330139358401678
0.0256171287107219
0.0308258739326318
0.0210272348516621
0.0244885139870297
0.0263912872787133
0.0216713080976321
0.0249488577458359
0.0302626705427737
0.0273076532439469
0.0260310831122386
0.0236475960928711
0.0256434800980342
0.0341285903105055
0.0285883178495889
0.0199151112200255
0.0265559385042261
0.023991710519658
0.0266659220100594
0.0246346616256669
0.027000550773535
0.0267743420773268
0.0296919963427847
0.0270895705866494
0.0252400481551809
0.0260551781641246
0.0267127445521066
0.0301776001157113
0.0361315818458712
0.0251610240570492
0.0283511954310831
0.0248426101725572
0.0344486474819146
0.0320456785561638
0.0243346520100455
0.0273429229844003
0.0260254250722069
0.0247219408509791
0.028327518981546
0.0280891561561724
0.0289198156473947
0.0301549277470833
0.0296350721792745
0.0259446812443507
0.0312599855158064
0.0211849469786569
0.0244477392912577
0.0307247675480567
0.018763775793008
0.023067445827816
0.0232710331139333
0.0255995760211076
0.0244224482906804
0.0284797366325218
0.0374160478906289
0.034099325801508
0.0292840210723485
0.0245654859114262
0.0241450946005521
0.0305737653902799
0.0267178293713935
0.0230372769731648
0.0250684640916508
0.0305605794190154
0.0260044336670728
0.0286587017748104
0.0255863314564107
0.0300848999687923
0.0287101156309915
0.0267432379758582
0.0332829868566304
0.0295606606274189
0.030581749546389
0.0252083625127749
0.0267019785807284
0.0215629022245623
0.0301153568731562
0.0249670503247913
0.0254504029441969
0.0258125067119236
0.0265390906708603
0.0203352726406917
0.0231381902159429
0.0236032414607505
0.0285970918733914
0.0228064991968854
0.0285229666859892
0.0250818833475089
0.0287013138614696
0.0237069367514841
0.024963677207048
0.0252792817711369
0.025017752006959
0.0264349881412942
0.0234099191537761
0.0284224354220694
0.0210447596733284
0.0274226129210952
0.0325209516171582
0.027438494747234
0.0255368670941034
0.0265344043912128
0.0257930008205217
0.0262784329231422
0.0237893754997787
0.0276235716040101
0.0221527912489037
0.0214041376601353
0.0212934160590346
0.0257005178943406
0.0320224870151228
0.0263569923607562
0.0214598327378094
0.0295251054238744
0.0275477322308359
0.0308028951765659
0.0234154790538252
0.0292941526968027
0.030372558681976
0.0315813988940136
0.0276671340142966
0.0284552474863171
0.0272758733378414
0.02516830634196
0.0212226996428041
0.0243678963519282
0.0356328063087564
0.030293559945485
0.0245107591043612
0.0294081521442562
0.0250699266206825
0.0218324413003067
0.0294401335268494
0.0279074219926508
0.0258860454729476
0.0361860060646414
0.0218126510534895
0.0259979066958743
0.0270310313949738
0.0267962867892823
0.0252201806560863
0.0305105737572752
0.0215869196094652
0.0273865707652295
0.0266581816799353
0.0249643161299175
0.0217188129597664
0.0251225079824042
0.0295132011018573
0.0285954841051541
0.0276586004803656
0.0269947235212837
0.0315707293321553
0.0257805090635918
0.0253675779921955
0.0284418682601984
0.026930199169637
0.0197620439370119
0.0229651121988286
0.026242995981489
0.0254888533921587
0.0270252700840662
0.0237290287373749
0.0298145969147278
0.0307773145317036
0.0305313032394361
0.0326653115402151
0.0252442048521782
0.0204420190021476
0.0248019691835178
0.018707361608398
0.0223925365904384
0.0241877749226585
0.0270341757989341
0.0244920380385775
0.0307281580154344
0.0228222815432843
0.0208455446372669
0.0239063642072412
0.0283908564792405
0.0367868002643783
0.0289106084197881
0.0271785979894799
0.0273361356036495
0.0240723026521194
0.0247194378440304
0.0272597039673282
0.0306682796310679
0.0235401796763584
0.0259752539100835
0.0335236772785052
0.0256158386441512
0.0238610478285118
0.02511982585438
0.0269344640043765
0.0293512677785863
0.0301855248658562
0.0339238178886637
0.0234031766195398
0.0267697013699693
0.024762984397822
0.0224113505097288
0.0305805170967693
0.0255267771589969
0.0232605847234639
0.0292737628619723
0.0248667198061598
0.0230952761137646
0.03199192690317
0.0321783457122251
0.0252155224166592
0.0258615607798664
0.0264340756136481
0.0281299112441532
0.0291111656633906
0.0234802850296435
0.0309426269909746
0.0257902116878984
0.0235466338761255
0.0268134364894489
0.0222025807848375
0.030034299791473
0.0283684484894475
0.0239479600474428
0.0293138678784784
0.0268470563938404
0.0248663431637458
0.0251044091941881
0.0261341179935356
0.028134506578242
0.0288940497747073
0.0282616704780662
0.0301881832748378
0.0245848416849869
0.0341065635956161
0.0340969980391675
0.034222624266661
0.0346523706718691
0.0297668189220211
0.0246817730684023
0.030505484063852
0.0244808795719601
0.0262769151965891
0.0333630870825984
0.0243682215649056
0.0272511661351662
0.0249057126791152
0.0299630085512048
0.0250301313653673
0.0225952471355466
0.0260728045230075
0.0294442478936274
0.0329920050756411
0.0283479996175159
0.0218570437629077
0.0283362285216902
0.0312221908608983
0.0312713246972821
0.0322488297342486
0.0252929823679994
0.0285866920151989
0.0259027813880444
0.0241619636129318
0.0217286475989459
0.02480289361025
0.0270178425658028
0.0222789310291926
0.0238059942676848
0.0254420875900592
0.0178293439204504
0.0237836416589928
0.0318815529869768
0.0286100237076498
0.0229515707940416
0.0263303454383072
0.0267692388082303
0.0276139584701137
0.0315318114259897
0.0324976702210086
0.0247811137960463
0.0261309594950399
0.0278322456039535
0.024798009734296
0.0282965078213068
0.0339513616957388
0.024112909779067
0.0319251645766357
0.0316530562067317
0.0280777766228828
0.0262180879288559
0.0252508779405751
0.0244767110576839
0.023975531180061
0.0276667860153482
0.0239206026136123
0.0277225599494682
0.0232725292033379
0.0254022035010591
0.0349473538750796
0.0244908809577344
0.0293322971622261
0.0218942919579453
0.0286334263988503
0.0324507654116688
0.0309273677310638
0.0215669778981721
0.0220011414350246
0.0203187436384254
0.0236317819882236
0.0246737431809145
0.0239439693531297
0.0232555248208373
0.0369879300236848
0.0281056944679221
0.0267682854817277
0.0274201205547192
0.027886547591244
0.026670079935727
0.0294941664620176
0.0274288015076966
0.0262995634918324
0.0306453608847731
0.0298976766771921
0.0255066873696114
0.0310610280807873
0.0274845772535481
0.0338711806582374
0.0297906367332205
0.0255756519801873
0.0224383807061419
0.0351810010458288
0.0300561610865509
0.022006981938708
0.0269516254673794
0.0299914094729457
0.0272337560633161
0.0232201469633326
0.0250192102533909
0.0284269985027658
0.0252798760807446
0.0251899467286084
0.0256687305297492
0.0251143162051175
0.0332393932513903
0.0245514276324454
0.0260968012293611
0.0317665433830985
0.026270062085365
0.022353893045919
0.0248269584817206
0.0224835882574818
0.0226113370466712
0.0252687598689898
0.0249771354978371
0.029394628444311
0.0297924131522428
0.0238249356085151
0.0284662007705399
0.0283411339788029
0.0199411896560227
0.0223275490765448
0.0325020772463505
0.0270364484356779
0.024333922699328
0.0320889528386004
0.0211939481172934
0.0252398545286854
0.035266942560942
0.0237821231491128
0.0234179896810355
0.0276185566589923
0.0360062133353289
0.0250344986142169
0.0248528799029473
0.0335730871481988
0.0279325979376678
0.0296027243052212
0.0247051852273344
0.0239109854236902
0.0307505346175332
0.0291974952915696
0.0280929401623904
0.0294694983746055
0.0339146396243058
0.0219531807821361
0.0240663842185865
0.025358278957798
0.0251953287679582
0.0235530344408226
0.0275309101020786
0.028131633478332
0.0272817522364508
0.0294016690817634
0.025116554016291
0.027105087142383
0.0265535705990576
0.0258103219289229
0.0231501057167161
0.0267673596456412
0.0263711987671808
0.0263448281674169
0.024596084957617
0.0352383200640783
0.0326492185378645
0.0266699263738918
0.0270156789040806
0.0264731876977357
0.0308261180099964
0.0327289469800693
0.0219494325765254
0.029752287336592
0.0288068356430115
0.027027243493925
0.0271573972998229
0.0219744863616673
0.0240211025537743
0.0261083989104979
0.0250331577050304
0.028010268764723
0.0271766465379959
0.0243034983795354
0.0291570760229035
0.0276148359663591
0.0268559420314602
0.0307357981869974
0.0360943857262219
0.027153749116786
0.0227852770293907
0.0260378413209618
0.0302508836283609
0.025617558517671
0.0209455444336553
0.0265113666111862
0.0267305714527172
0.0321637417177016
0.0352297254807782
0.0264408763039321
0.0286954041654656
0.0247884113331873
0.0264109945590874
0.0259819390919529
0.0245184273371789
0.0316471285859593
0.028682015630615
0.0301070688823782
0.0266567953721507
0.020997598511831
0.0290220140579592
0.028089468870043
0.0288847053652425
0.0248720774799668
0.0337627866275446
0.0246835650016715
0.0278660611336996
0.0272953449091814
0.028669784938031
0.0254314090496307
0.0261294608965136
0.0338113489363384
0.0260036020761381
0.0240350115908751
0.0299857272838302
0.022865032934657
0.0259565611694085
0.0326552418575895
0.0286446724449095
0.0293302458251282
0.024845620016657
0.0240474124234851
0.0257058759978922
0.0297061915741751
0.0245440890393935
0.0255724045293192
0.0222225799196953
0.0303148172057891
0.0293385777847692
0.0210638570923057
0.0313065274691427
0.0257433816639021
0.027369723291276
0.0243081045286633
0.0307817917354605
0.022747219756139
0.0249768715313012
0.036079272229415
0.0240052629805083
0.0284386788027924
0.0246640338146621
0.0237890539185849
0.0190849142257045
0.0260785960097393
0.0236453206738845
0.0227395677337524
0.031337409365714
0.0217677796356522
0.0248792835033089
0.0288973866864293
0.0266299521463243
0.0215693893010361
0.0357771431371708
0.0280507133046523
0.0280922801036297
0.0285882735006955
0.0254197309093342
0.0229276179601039
0.0314669858597182
0.0254654873454853
0.0290685912592984
0.0296802159693106
0.0252381030427594
0.0281123909669443
0.0273234027755522
0.0385883432333748
0.0231755863721712
0.0198982498066813
0.0226537528847465
0.0236506273516905
0.0217856986320012
0.030701970483461
0.0224521099312369
0.0303724978470009
0.0316485227881783
0.0252775382166285
0.0213393945656055
0.0266712916793416
0.0283004814484301
0.0298419246409566
0.022296729561782
0.0322562470712067
0.0257073569681697
0.024744625803023
0.0245233497767456
0.022785416349607
0.0230389352753082
0.0273365230776074
0.024619389995457
0.0302101942996404
0.030672047822541
0.028108473278924
0.0251112047109515
0.0271945828846373
0.0300509709216938
0.0261161334489734
0.0306755565040224
0.0272787943047566
0.0258501033933717
0.0239035411166765
0.0237443695615291
0.0269719226176002
0.026918671952845
0.0231502820844269
0.0277514822725394
0.0262936736164829
0.0269918178826445
0.0245982322097667
0.0319063784469326
0.0271291559088234
0.0232415006703359
0.0273055328815075
0.0321982693732732
0.0313599514713372
0.0248713304108089
0.0373988330763228
0.0231224884188235
0.031688831952302
0.0263420354412836
0.0303361458195332
0.0298816361593849
0.0235469132379617
0.0312958304848609
0.0284325287680439
0.023872756899689
0.027862156715731
0.0248411025334695
0.0281593395380395
0.024004656773836
0.0265383265120304
0.0223172851257703
0.0290274976430556
0.0270736251898968
0.0342078003977696
0.0310515471246838
0.0307741876488266
0.0309951368537765
0.0228689658809173
0.0237055950087528
0.0223541583185743
0.0319856126301144
0.0304523778143613
0.0207401027226758
0.0287856994443626
0.0288742798236724
0.0272711076738746
0.0384521506838483
0.0302142060036634
0.0303279181432675
0.0369990631085906
0.023305905169221
0.0274135097985463
0.0285623011572414
0.0234489515253064
0.0287380771439768
0.0273260983321877
0.0255863119623548
0.0299382095662746
0.0320413574726947
0.0196360473462068
0.0250548164276722
0.0312719975426043
0.0243759840576612
0.0287269923223092
0.027596117459136
0.0320190914926809
0.0297809408018298
0.027062022215834
0.0266064388950205
0.0306980628301936
0.0274402743197329
0.0267883746593314
0.0219902151608948
0.0231189042146391
0.0218654735000231
0.026683218497016
0.0259496514639807
0.0242491477310613
0.0254648372294887
0.0269384476675258
0.0275034129342181
0.0293824684729361
0.026788526234806
0.0214764386797887
0.0277106485668928
0.0233137362187795
0.0337214403287319
0.0273588716280923
0.0289117921502125
0.0223309355978658
0.0229113136323442
0.0225120170187991
0.0266030279562339
0.0241611123089162
0.0231169724320845
0.027148990053871
0.0332497816196894
0.028487032651094
0.0332946935969685
0.0261625606181595
0.0252414740736918
0.0272176775557624
0.0330567165723876
0.0289361325420924
0.0290610105349617
0.0283188062653984
0.0286439259674235
0.0251967225574899
0.0249039639113012
0.0243312754965137
0.0246380384319594
0.0319854349969638
0.028278820255472
0.0209054808714163
0.0320318533419284
0.0328390975240214
0.028307829234461
0.0239672349588368
0.028819578181673
0.024431511017419
0.0298190004487985
0.0236137070731812
0.0274611299604498
0.0277828524777691
0.0305421061304845
0.0264992949677144
0.0319425558269919
0.0228582433196296
0.0240508139129926
0.0320969865883781
0.0299039148723478
0.0284270971610166
0.0285029768188675
0.0281855670174923
0.0276611048917244
0.0279188823908947
0.0258734149712861
0.0241236520439711
0.0317227532956426
0.0286677956075633
0.0253389296535512
0.0290933458596608
0.0255282164003414
0.029435172177444
0.0271163793977091
0.0327667335980679
0.0274490036552637
0.0312088735889437
0.0308648641287201
0.0243337658189091
0.0236401574378329
0.025737214300756
0.0247329296209261
0.0307800001549848
0.0311386506205629
0.0242474090082613
0.0319906621212022
0.0243218784851846
0.0250217559826364
0.0340702144246271
0.0286904356383499
0.0257153944431879
0.0217820643904363
0.029913578895251
0.0279230122646675
0.0261942134672046
0.0253340504287798
0.0304200033223281
0.0241003499723277
0.0277781347894099
0.0275981919842364
0.0234149499597434
0.0321163867291146
0.0312862636884467
0.0287358178573289
0.0292727195297268
0.0259090073219165
0.0281824564783026
0.0281037038919402
0.026708499879687
0.02401614193755
0.0264148207740647
0.0246321962017218
0.0248353426888191
0.0263315161895849
0.0268426962284441
0.0222073251305217
0.0227150089259968
0.0282014384464056
0.0252942704621796
0.0250412416012134
0.0257099953014145
0.0320149962582741
0.0235327863076632
0.0322637609996092
0.0327761806186506
0.0224052695834766
0.0249862914929746
0.028311393620433
0.0266500226761187
0.0298315664809776
0.0240070861266054
0.0246629045442523
0.0264097445513015
0.0270789700450107
0.0313931381894176
0.0297150873894643
0.0335099624251642
0.0303549955153894
0.0338159042330443
0.0308282783803785
0.0256338761808239
0.0293991136309255
0.026770343086918
0.0338267871851945
0.0311656878324035
0.0287952756808946
0.0281064083169033
0.0258819252325193
0.0251011199943509
0.0223139801900987
0.0232098733096945
0.0203515718050551
0.0334174927094661
0.0294773327601863
0.0236565850726744
0.0308920148627366
0.0240414528362537
0.0246585836430842
0.0283035869448725
0.028538084816353
0.0303020527644629
0.0290969676175185
0.0291046699680008
0.0248438710819701
0.0319991973380224
0.0196563552028294
0.0230709329323757
0.0272211211835254
0.0272178080980177
0.027655694986201
0.0275602397885513
0.0282899931938997
0.0255379309101496
0.0245243634187822
0.0266329409591173
0.0230563491053586
0.0232794729851197
0.0293953122139747
0.0276998901181935
0.0250962296225695
0.0267485181989986
0.0280758421008952
0.0245617833490321
0.0239707973663501
0.0268282293960398
0.0203006745489337
0.0244065664106788
0.0324983814017454
0.0223087097877274
0.0233066688984193
0.0223789711543611
0.0285416525476906
0.0250559429358873
0.0314317841600618
0.0348907839605671
0.0223743099678009
0.026515056286549
0.024538725646957
0.0254288180755254
0.0257631323901155
0.0260324504344017
0.0285190162154897
0.0312707946615208
0.0218847912534912
0.025482637348695
0.0295916788956702
0.0258136162695546
0.0261139230704014
0.020361226911381
0.026564880077991
0.0264385066157624
0.0281798460486005
0.0253023041545609
0.024940547054469
0.0239004800134694
0.0333255817831939
0.0269220171485433
0.0211548036075966
0.0299702007413817
0.0241359840298247
0.0331894014572698
0.0258304746673215
0.0277052743477532
0.0234528822535798
0.0292344976512563
0.0276308942685764
0.0272174649966514
0.0281805867605896
0.0206818907791107
0.0242675032979841
0.0264727207035788
0.024976929162845
0.026635928434077
0.0274834755083348
0.0288702230142298
0.0225141488384647
0.0234772427114554
0.0241991974849181
0.026137867736049
0.0322612067311556
0.0220134990462949
0.030306228869181
0.0236947626206646
0.0266423518005192
0.0263760234218299
0.0317700732214996
0.0283189911521392
0.0269640677621014
0.0320709087764713
0.033809068023588
0.0209327695031066
0.0277675402875319
0.0302601343899139
0.0289129705499167
0.0293518954729748
0.0278729433823327
0.0226643763430113
0.0255557456726928
0.0279838595290339
0.0296805369972752
0.0285625370003461
0.0294367469661104
0.0236304442482846
0.0235378536252994
0.0318847274114996
0.0232396090276065
0.027552364737175
0.0224429076796462
0.0228424893154324
0.0251608150922038
0.0311901017739518
0.027782998714637
0.0350844428502115
0.0275279162670669
0.0291362718995134
0.0282885422872703
0.028151372559429
0.025328127135429
0.0255754991772463
0.0255736990218096
0.0291421177872509
0.0241678916556782
0.024045442728123
0.0333649143276798
0.0223111822810272
0.0246715286440415
0.0237292628229948
0.028133491479158
0.0276426540607862
0.0216832131912013
0.0242589386027602
0.0225347253400629
0.0225877549466355
0.02653517987213
0.0292364290518149
0.0250782259368422
0.0250100411397599
0.027201277522206
0.0335490528742282
0.02430718938974
0.0246068737827251
0.0290346739940135
0.0234032647047441
0.0282060266696036
0.0266191592898469
0.0264453680853275
0.0210731327615215
0.0289414796751603
0.0280241535333319
0.0247993171169099
0.0280886517416212
0.0231754508052778
0.0305465529338723
0.0288848701722074
0.0232148388735075
0.0295331311370358
0.0239778032953267
0.0279306150961665
0.0282092166562316
0.0278607979596075
0.021984613082689
0.0228075934388202
0.0289252301761848
0.0287379405700403
0.0286283922841531
0.0275941918519268
0.0269512663474003
0.0297370917027441
0.0290284668198669
0.0217085973035338
0.0322991361002212
0.0234367027631339
0.0235532771173571
0.0253595524050713
0.0289566550829823
0.0232886112675761
0.0241441947978016
0.0245613264469186
0.024848340148002
0.0261814133057827
0.0229942571544704
0.0247198956278508
0.0214744355736698
0.0280102197280243
0.0277363749380783
0.0279222746596006
0.0265437971538042
0.0299599525033952
0.0232146201793772
0.0258098670332258
0.0187152215750322
0.0241542369389771
0.021802755707923
0.0281725474387157
0.0204283327520746
0.031072125918671
0.0249712960901906
0.0359014744142975
0.0225034196805174
0.0269364034533386
0.0275990046797893
0.0245337611651315
0.0302064655505292
0.0228669258246947
0.0319106080123047
0.0260076006648238
0.0250687860998949
0.0214961170344537
0.0258659545797838
0.0253507109782398
0.0275127448706236
0.0253803244515103
0.0238759888036797
0.023873855478446
0.0238228921717496
0.0227620829428007
0.0278333729404849
0.0263837216029807
0.0248575804891458
0.0215082210705026
0.0287819289574722
0.0244691743759938
0.024169232620363
0.0279612459900891
0.0249222401074662
0.0236460697494116
0.0299192528595894
0.0268652063420711
0.0250728466760479
0.0247253749001926
0.0254728599654782
0.027375567960203
0.0287486454834974
0.031831514184235
0.0299890228351475
0.0277787464219467
0.0252415314355606
0.0279250165383999
0.0289434698851571
0.0231138030023766
0.0325688730000695
0.0291838615711169
0.0326072562693572
0.023084464736765
0.0224356324682103
0.020466065828046
0.0255962331639419
0.0299850678117124
0.0272594527776607
0.0295455709974554
0.0313047672381499
0.0292909661705673
0.0332253901844575
0.0264672445904599
0.0231932337732735
0.0291275825465284
0.0264482130611389
0.0331670821785892
0.0252801084978531
0.0384741302894862
0.0369295286504739
0.0255054178233049
0.032025548274272
0.0275832412747855
0.0289351471489394
0.026116326500753
0.0252326893974551
0.0212571759157851
0.0200756388541981
0.0272629490570045
0.0223229866850195
0.0273200081305817
0.0291795681503308
0.0278352100256604
0.0288133576362014
0.024014890618007
0.0253547973054188
0.0240224519296854
0.0322310868513305
0.0290890521631471
0.0235497801031477
0.0271289633095539
0.0278039431451564
0.0262399695714629
0.0313518636891055
0.026375466123008
0.0280023187409547
0.0276644567058959
0.0248498885612544
0.0238351283110016
0.0256595017041909
0.0261262520230349
0.0250433554006799
0.0233855876996098
0.0243414732774864
0.0231369605183758
0.030377344712303
0.023979242647958
0.0353981688455523
0.0230749494249363
0.0286212462212031
0.0274143243325767
0.0224997928955559
0.0295450270601455
0.0257388985238471
0.027492933673707
0.0232630237197738
0.0235667992394826
0.0330208550937426
0.0318515250511801
0.0222762847279657
0.0311470603871934
0.022418665548414
0.0195882844359247
0.0304797079190972
0.0280343389015817
0.0274421393855234
0.0298763940038107
0.026441955930588
0.0271746827219194
0.0290074214542373
0.0316694785973185
0.0268245895302578
0.0254944411407851
0.0268534206317081
0.0228177907647845
0.0343591875280544
0.0240362585983798
0.025154047182901
0.0288657716208834
0.0264969055042391
0.0338168763606039
0.0261979380765809
0.0233634639375102
0.0292432717859164
0.03594229375998
0.0243032654841693
0.0285754192241824
0.026707901494115
0.0316773166998717
0.0298671644231002
0.0273277713679634
0.0208543495662119
0.0279955078828545
0.026666432919418
0.0285964966130065
0.0228054504907394
0.0289525811514135
0.0355468918695865
0.0224124887147163
0.0365138007472753
0.0267327310393011
0.0286853959922124
0.0255185292080368
0.0292948769236711
0.0259867754798374
0.0289274180523208
0.0184220937579762
0.0221414319879471
0.0284941926095998
0.0255077625127367
0.0283302828276369
0.0291822834167136
0.0220708769502993
0.0260966046976242
0.0269473921706088
0.0238801297149026
0.0195426921806518
0.0350363707425961
0.0293646591165857
0.0350068516358268
0.0248184877330563
0.0311369608520139
0.0243274453280101
0.0213103145630131
0.027465343912675
0.0280810349558617
0.0240085478881711
0.0308805682631266
0.0272717438816978
0.0260676964050566
0.0267938371783045
0.0238155522283966
0.029657249483874
0.0299277231199836
0.0231997685558548
0.0278637802258277
0.0241981031421451
0.032786845085145
0.0226001305887761
0.0250492236860959
0.0240983512044358
0.0243405470983499
0.0231992388240001
0.0309247587756412
0.0222628660895092
0.0322883106813849
0.0294281600873929
0.0250941314687691
0.0326417790429011
0.0305307166842846
0.0242567627014066
0.0233246126747922
0.028150814224987
0.0377389932846475
0.0235350643189791
0.0374583706567292
0.0270688665478701
0.0216717068932166
0.0275574752871217
0.0318657169432575
0.0316036418780283
0.0313127055824173
0.0263534922463977
0.0259962225027937
0.0272540271059271
0.0281220909908908
0.0217563003033022
0.0271739286332999
0.0321410421139948
0.0273915215628218
0.0270813572740959
0.0299915083746706
0.0278888499708889
0.028245128511274
0.0280511266351406
0.0241507469622303
0.0255438098216487
0.0232617919672835
0.0234028389351041
0.0278818919585474
0.0288012695774687
0.0269964281413906
0.0280162160718974
0.0238938731957469
0.0284078604330554
0.0236975327969471
0.0240747390604382
0.0321074425803642
0.0246830547509075
0.0303976209018811
0.0217758536395658
0.0224048959272815
0.0302899864717252
0.0241669091495051
0.0258918211602201
0.0284456509607043
0.0314950322540057
0.0255689977045554
0.0264372603675668
0.0240172606968311
0.0267345480694224
0.0243208571947863
0.0269787197374664
0.0337677430350353
0.0304830110734991
0.0257482571002678
0.0257723632523751
0.0325954944644758
0.0247740671921292
0.0221594983397242
0.0252453003488861
0.0275285806214079
0.029942085941963
0.0300257094957773
0.0263616493829339
0.0219022068688085
0.0244849158965937
0.022236686184702
0.0243482052964393
0.0265686104563666
0.0297421408511326
0.0211549713953172
0.0344660197318463
0.0287284836034317
0.0268497105756474
0.026749974636804
0.0231173729816714
0.0267116627639672
0.0276655028245698
0.0261766667982811
0.028600176729544
0.0231649726791947
0.0326677676440304
0.0272460692939672
0.0313185403481159
0.0270427369836634
0.0284009725708675
0.030991950316738
0.033921232224416
0.0283862083209532
0.0234505019321348
0.0283019920414146
0.0236371452942195
0.023655721502711
0.0333208997400915
0.0254950699520399
0.0306147353648334
0.027182152050146
0.0260023384606736
0.024923318288579
0.0275496278535118
0.0243369874276255
0.0294447663715918
0.0258042685418046
0.0284799522970313
0.0240610507274374
0.0336671407146494
0.026282729447806
0.0259585872640228
0.0274788098642941
0.0246155815749355
0.0241993619534188
0.0305000061372603
0.0217992071437206
0.0277285153896233
0.0255306150093996
0.0214965438872522
0.0222142455885191
0.030584161611228
0.0306033048393513
0.0311139387212871
0.0307006467556465
0.0234250581527767
0.0274962981204917
0.0310297920209744
0.0266522045933003
0.0335199419347797
0.0272372929713805
0.0249069762053751
0.0264718877953566
0.0215626376611426
0.02782478663282
0.0276113425381521
0.0282334452507347
0.0264019935884471
0.0238222425841498
0.0295397140424076
0.0366512515280584
0.0229718763457327
0.0254029612671803
0.0222189499384399
0.0264432164870016
0.025228084706174
0.0233299579741277
0.0277131760939837
0.0279476398125673
0.0268785364991754
0.0265168389718474
0.0287380321862978
0.0269983493746293
0.0245890995398549
0.0251993566559898
0.0241302624257303
0.0275367059580778
0.0280986118280442
0.0252590162474248
0.0262838684671068
0.0247872172487812
0.0273501112944711
0.0282227589060468
0.0268157355203731
0.0252891906627935
0.0317055290900932
0.0196793156752263
0.0215749572398553
0.0260703867585839
0.0309352791881566
0.0329011759843201
0.0303155039486762
0.0252468291036127
0.031646159935498
0.0265515593529536
0.0272373936725359
0.0308905341789822
0.0210264085488861
0.0314358893098275
0.0305019046408145
0.0279405780556083
0.0317525632566346
0.0285956417023477
0.031319512369058
0.0203479198523585
0.0280239711535463
0.0235381776155842
0.0245118416263173
0.0289764746470474
0.0216241778696025
0.0338008568997695
0.024339716704169
0.0297522023301764
0.0310335951644817
0.0326459961167179
0.0291083642818804
0.0349742490385175
0.0236154388115967
0.0232725167603299
0.0329150397776179
0.0249861445494001
0.0229306483060886
0.0270137823060782
0.0249015911965987
0.0217499064170191
0.0191521598087524
0.028919721865923
0.0223225819697819
0.0214351064492425
0.0248976912690474
0.0288946061681528
0.0234833933208408
0.0224972963118311
0.0271707624157149
0.0262054887919573
0.024778906646893
0.0224721001392079
0.0267690710540399
0.0294130450308839
0.0258252045043667
0.0224344967063379
0.0290106077018887
0.0221361071046056
0.0235449602270713
0.0291631222976116
0.030482127196464
0.0262072499733454
0.0205075903663596
0.0238744802242327
0.0199588941528878
0.0309752746185305
0.0304937686238205
0.0290895442740489
0.0249597749224591
0.0291945845975366
0.0206065910459497
0.029603324133521
0.0240048355586243
0.0289236433983712
0.0292155210956177
0.0313077362109003
0.0218426638108088
0.0298467272449772
0.0310722308573257
0.0207509395012243
0.0257365010453176
0.0297043106924361
0.0238634598148643
0.0263720201441615
0.0283623862225237
0.0260025979353749
0.0243714772133069
0.0215226370173909
0.0266318495565463
0.0262811686337823
0.0242854136963626
0.0307200956584935
0.0267184992830528
0.0246654358672291
0.0225540078685621
0.0388586669936896
0.0253199347679742
0.0276726312500841
0.0315796879352503
0.0209763446408998
0.0257469279934455
0.0239745142181569
0.030890531777571
0.0245388032916741
0.0329961236285376
0.0266832901066201
