0.15448494214233
0.138790640496086
0.123049653273843
0.189417375372295
0.123380673121773
0.215097068327087
0.158197590478557
0.114436924231727
0.191231713362682
0.172424164324123
0.169520384916413
0.137521303142239
0.16818842986891
0.213904152457431
0.170958093683686
0.163182738013935
0.157647388213353
0.131835615931651
0.175292098535008
0.0926431982451421
0.148526333617141
0.173836374255036
0.157165414476069
0.142595730342052
0.107262247758754
0.175068555971262
0.108811687124899
0.193990310828062
0.145341142806197
0.133598091239597
0.157334796301029
0.131215037931465
0.118456014873619
0.195494877319874
0.139756221200844
0.0841597337940715
0.185117381286959
0.191142385896988
0.129678451236593
0.151527231975897
0.15089758662927
0.131229851453097
0.0926603209350194
0.124328120773783
0.154653015776694
0.160838892250219
0.101897979913952
0.127101356999357
0.214696038151631
0.264943752045771
0.133975854137103
0.155972205659317
0.117620617390672
0.164771484876226
0.240197776684954
0.161116658770991
0.156453889015595
0.172205687270639
0.13963531727284
0.186470068973463
0.0824309638955192
0.125690028384776
0.0653695227648807
0.185414127276549
0.141549712244952
0.154492894947792
0.165108369891817
0.162315144480027
0.159579864545578
0.14720629328757
0.0985617308664488
0.129860472360494
0.153463655716035
0.167358665604463
0.109644638244018
0.222074875438973
0.177129253257445
0.100272112790357
0.129107759389276
0.267169605141094
0.149874510001078
0.0867126930666444
0.155539705463898
0.125989922794534
0.125276161181197
0.144255745684005
0.106127369741147
0.125265639255686
0.201828329643462
0.134702485994758
0.210834638062061
0.175238156873679
0.249417464825312
0.104884782189848
0.0915035065212903
0.0624277019823426
0.146729950756188
0.150738493987625
0.141772421955773
0.0739924136969617
0.131472504610935
0.248525679841122
0.147102167327284
0.124934948953739
0.227209341707483
0.153582266246702
0.230594488515687
0.146350268558707
0.204184701915472
0.154069147440612
0.0835180516100764
0.191392262583713
0.125144625543675
0.102944554155673
0.143944031007627
0.0808290863236277
0.171414035413347
0.168767586678142
0.0895747145898818
0.118795333331489
0.172777966401949
0.114371960950702
0.124428025934594
0.0846062100791759
0.110168264968544
0.18137217140923
0.177172227326391
0.206492733687996
0.14278335352362
0.127470177291231
0.201576846596053
0.137854888848228
0.139878752813728
0.0848842844943466
0.168457936266981
0.169242151433635
0.133512521026826
0.167886047606387
0.21636597938429
0.131308255384632
0.193504666255081
0.127353434462836
0.143943753391388
0.0946729793447151
0.264490867181118
0.114179470112098
0.178599953153588
0.216434552578879
0.119178672226473
0.106585867155557
0.110736059513168
0.179731003549025
0.167735649481833
0.119965290358967
0.120593899890204
0.13835193537958
0.145043083210483
0.147530555753285
0.165966142717125
0.178385981775555
0.163275273154788
0.153168194093045
0.0999641816223743
0.127545049994039
0.0840166500579596
0.209616256340087
0.169044440438091
0.11766241531561
0.139637476955266
0.242050952292635
0.176657487726292
0.198295250543764
0.120894666015926
0.161237462670184
0.246910465034217
0.128717337167767
0.110993015886992
0.140028996264192
0.163721754796399
0.0983517043511211
0.151913615232377
0.153805868569731
0.188372103723502
0.147279033846964
0.164032091242691
0.166211343031632
0.153942157001666
0.121350384963907
0.202869967705742
0.135045199555274
0.143049430228551
0.121590535339186
0.184280492417084
0.103006279550968
0.132873775004985
0.205101360962825
0.105614775213389
0.193740138370268
0.121867473642065
0.134265021228784
0.261152502798482
0.121389461602055
0.139910735716617
0.108504266481333
0.148216000015228
0.104275083445399
0.16432670601896
0.135302358193254
0.148399856822371
0.0868303709160531
0.122255077668527
0.181711321793532
0.139296284140128
0.141995215479056
0.24558141241503
0.102066057131926
0.155076705874798
0.165872390344316
0.0836454296646696
0.171977579767453
0.194846831537093
0.152101395763792
0.187146839885118
0.105476358529059
0.15395465008806
0.068592968651233
0.131379734326683
0.13451428749662
0.0881242460830337
0.111005690316136
0.152734315848103
0.182474548365477
0.140822843236291
0.0783968782287275
0.129108205011473
0.163712085079682
0.206615238083839
0.10157761685025
0.158608355175832
0.161518787900449
0.159134116518867
0.108062557506901
0.112269149984219
0.151490524689197
0.135840991831171
0.273914652851975
0.135105482166159
0.199081191008976
0.167263586934843
0.195400671288568
0.14713176958395
0.18773735629483
0.203662865536295
0.17036687293013
0.137752401999136
0.124476265376348
0.0946428354732045
0.14628503979136
0.124457911389667
0.174921807198833
0.267329102024748
0.1781999360677
0.106635617173697
0.0885390881518631
0.192429958303995
0.134285783622373
0.172796070130198
0.181405956023737
0.120001917570615
0.0967193965230337
0.0910919131844948
0.114436188457942
0.156999605059808
0.172045020177252
0.168321722166702
0.18322948844234
0.157058143220208
0.185439558778817
0.17617979589151
0.1035233462913
0.218061619808321
0.164637459521248
0.118378171655019
0.131924681454302
0.130731320875607
0.157841990594629
0.172565323196482
0.160125609385433
0.227710532983141
0.208579590636524
0.157147840114499
0.180392226956188
0.262160809990009
0.128724100367641
0.175388143761629
0.12516942704725
0.14010268894308
0.0965360118804821
0.0785216482266597
0.204494664120843
0.147067487123334
0.162038866530957
0.13277661497596
0.12022903438653
0.149965980719155
0.167442326898939
0.154804743259271
0.159676278281248
0.208339896567481
0.199423115554337
0.103738487962409
0.140146637140076
0.140551557775209
0.0744458050214998
0.104082905739957
0.142121218437086
0.160310421618434
0.128633640854593
0.153063511096682
0.263163463762297
0.159335933291265
0.129153287344937
0.163198516819003
0.134002791875107
0.182089921331882
0.0704213869141219
0.149737488702423
0.112843771252257
0.0957894811606334
0.169334704753986
0.131731862525741
0.158043693085068
0.221057326425511
0.150877847498541
0.090805584599598
0.118899258636179
0.151767406648696
0.138886984115001
0.0579445422861694
0.164132479378202
0.213555206322092
0.239081660901086
0.212322825606998
0.192274817623731
0.0929991370856795
0.177490926517902
0.16327450187581
0.109966101147876
0.202499279445776
0.131798254391893
0.226159320105551
0.116004455897509
0.137525303609671
0.159733943530695
0.128809687836905
0.159063057407595
0.152415941718609
0.189140914483013
0.121868418222795
0.155788796691231
0.114767620258934
0.161381455368674
0.151632694183142
0.147673643299731
0.101815140909997
0.173753546655893
0.0722284412289729
0.164701717574024
0.15544133897811
0.165340001799949
0.204172349753928
0.1930249456596
0.183425118861081
0.223388771253652
0.147374436905214
0.163755428080444
0.15092372076811
0.0865897303734848
0.18869694774808
0.140829977399235
0.193821209157443
0.140381179489468
0.160177266210906
0.165115066564324
0.192549472694733
0.222353437025657
0.15928516508982
0.125273628190208
0.207012150924399
0.145187563166563
0.201596384427452
0.131088150403989
0.117630503253258
0.0979766575429638
0.243385864667906
0.211340305589307
0.172467055649701
0.238668993536228
0.227533865721564
0.129147950625819
0.188725861905132
0.1078726325647
0.146145691318124
0.111815177808281
0.247317318842134
0.131967976061166
0.0735793934150696
0.143726303173167
0.167878322000385
0.126977314418509
0.209265138550179
0.194076109257401
0.165717129823653
0.141903455022108
0.189047639766776
0.121646700495156
0.144527408623494
0.189842179669802
0.203386532697231
0.100882271531707
0.134701286429339
0.11788747275665
0.202870761805757
0.0958027687263504
0.140787252960697
0.210481163132583
0.145733999339915
0.115601625346
0.164418086701633
0.178061396075659
0.20577937083885
0.183714651658869
0.129599251901252
0.133947079590601
0.12012524739642
0.170825455580335
0.112652759720267
0.0886239446324343
0.166375399982315
0.183355039889355
0.173668574036823
0.198023938639982
0.118731767781386
0.201857568463739
0.130023633102944
0.0995061827409794
0.133636346225555
0.214497537691996
0.156964273082173
0.136317806807308
0.0838090231807651
0.206082932525347
0.148036923366911
0.166797428698275
0.133947802123361
0.146027930425158
0.208906426154461
0.14311430342508
0.213174068990904
0.121968915053306
0.093334793947737
0.0717361012918775
0.156765167775255
0.243145647611118
0.149900726170053
0.129676296091832
0.121236610764355
0.090707675499005
0.109094653281897
0.13711206253762
0.182944463032897
0.104243871565663
0.227908538212786
0.160660573150866
0.172829226523153
0.185514522833006
0.105451801110426
0.198350239331123
0.112732091071799
0.204237709427763
0.217990367463208
0.175985818515906
0.143307532680716
0.12549843550254
0.191905563306707
0.158331772224958
0.138757395253982
0.200284405132219
0.182429994562126
0.164178903714953
0.102200582078924
0.239916179020544
0.154109518252297
0.104937035374951
0.148758308260486
0.175224279321465
0.185547200085136
0.157351929242046
0.218066351609249
0.216743500141166
0.0961225017536268
0.223023175908278
0.203997920931698
0.155261194786318
0.135796425517094
0.208501503495824
0.084663457569993
0.112890619182055
0.152803724361522
0.194937465023728
0.171269747233396
0.164461808562327
0.084439421603432
0.155247880491573
0.0782992810134273
0.144230209461242
0.105840354252988
0.172892339520543
0.0769864454205434
0.171073927890698
0.157600770405746
0.135874948615547
0.199634321869029
0.155635324008299
0.167842272658445
0.204759157274264
0.109190522945659
0.178074251543506
0.114043847345882
0.20263090436615
0.183603541619038
0.104732076043805
0.275436412074125
0.146522319533045
0.181026330314745
0.16450248536097
0.133849606597653
0.186286990078384
0.107540591545861
0.166647330578409
0.163167487322192
0.24632476074765
0.0796591612547711
0.16965996573434
0.170416073543446
0.173207564320029
0.200876034047875
0.102190309554237
0.155509687047175
0.192667740932502
0.145681814544446
0.0722200095115624
0.14826737627495
0.209574557952487
0.123262261914887
0.160570846967265
0.19231910912472
0.183428508795263
0.115997734442654
0.132791677047255
0.186743564602601
0.0891417691483562
0.136950787222536
0.172693447403858
0.117209365565629
0.145164299811142
0.0992165610930486
0.220748495007035
0.174236818778933
0.244576269807857
0.177309214109714
0.175139869659427
0.148100277992202
0.11587376369406
0.166343557823874
0.164826178342624
0.146269972765802
0.118257227919176
0.185416210958224
0.217007406961906
0.143785195227919
0.11772653797233
0.127012887258097
0.147206932638059
0.135843938375013
0.0985887653004913
0.154821075767954
0.130822561792941
0.160915059971365
0.167388436418262
0.1053280366047
0.106456473587009
0.163963058249632
0.190408254215557
0.0778916370373885
0.121870193639676
0.163040216183336
0.0801679302194249
0.228090242703435
0.0961404208533363
0.135218571162433
0.227526889972091
0.131585911214854
0.174793042674186
0.136903440696829
0.171749361192044
0.111059969940829
0.134886664112566
0.127824367225737
0.155844562781443
0.147060015318302
0.172415264508797
0.134925501631434
0.23275331941322
0.107189072514897
0.225245140083629
0.191611058832082
0.144056695919285
0.115052415590823
0.0643621902963989
0.257835719513973
0.205025867434067
0.0987554259226164
0.188983180653631
0.260850756096788
0.120530070241889
0.194282500040685
0.153791113039741
0.130046142244486
0.167310819592716
0.187661185423134
0.162474493305949
0.175419662611582
0.156259013946998
0.156050982242249
0.185117244478533
0.132229387228647
0.227730519976613
0.191177137248875
0.136171235020151
0.177134621207849
0.056626292781036
0.167694628046655
0.150770404459713
0.100169645703219
0.158398998656517
0.247766516124215
0.106104126515822
0.162706206249825
0.0805238685071889
0.112920112405517
0.163646104308364
0.188817747342337
0.187975832935088
0.17025136286592
0.198050662738457
0.156219882187885
0.108164443943833
0.146270970824587
0.159663137314598
0.183243726014877
0.121334463268856
0.092762748124792
0.128467912092391
0.168852096322198
0.119708425526044
0.114152434530541
0.112078679196573
0.161612387674684
0.168770280246902
0.152009724789926
0.285812339475553
0.137006893356321
0.176613555011659
0.215176659396577
0.148954480372606
0.232806496028924
0.0937175849902454
0.171742145666635
0.117402582861104
0.20445251447678
0.213096926806249
0.0954909713740425
0.11180096618971
0.187035338640826
0.131251901802162
0.133738549491572
0.142431642702282
0.120597256512917
0.127667978098324
0.15363203599007
0.177843931143786
0.209305031592828
0.157023798115708
0.176076042152328
0.129515637872912
0.111819031729586
0.228652686910812
0.191835630543923
0.118304266023664
0.12336452707265
0.126389590132867
0.109982544846962
0.148098436342112
0.0771010165181771
0.154689287918487
0.13784377274265
0.100303151290043
0.112850302223635
0.170694527914732
0.155191670327595
0.155043524601427
0.169644714692882
0.180548116199646
0.183361218454042
0.119661954328673
0.167701552879409
0.169676826903403
0.231981318680529
0.200918690315398
0.102864839497562
0.200398473701624
0.162002402584163
0.18123989641713
0.200248771754617
0.178357187211305
0.174466932035992
0.173219744906542
0.0934536558024474
0.123121754569019
0.13408448765223
0.173591611865941
0.233663360519896
0.186039158387495
0.179566167047601
0.145185667173778
0.154671734196363
0.188535669862069
0.217462220651525
0.136949783060697
0.16985442080047
0.144433381911459
0.110053517367322
0.181243720422798
0.121546212405198
0.187555039311806
0.15165501425953
0.20349293363791
0.192494392216177
0.198365875563627
0.14894494310328
0.112219070814301
0.239969066352339
0.180486654751102
0.117996887685178
0.150061289518059
0.127985754553007
0.204914517654825
0.164720469019887
0.166971060071056
0.167848689322208
0.113268239924934
0.190034503031323
0.117885262143116
0.142926407396847
0.156516486766837
0.133987156370198
0.152974959832544
0.150608314134652
0.194172948451
0.213517629342812
0.137066518126794
0.170554494143499
0.244532148077699
0.126228997826551
0.143607894251756
0.182396404515926
0.140362778720214
0.177135242041784
0.145847874857592
0.168941982838309
0.201556665043656
0.1246566834117
0.193103452596115
0.126811036450993
0.211718993380053
0.13664491802261
0.162483907604499
0.156228737146144
0.137391753163756
0.135103680877329
0.133651782188591
0.0880107583580874
0.139027037724285
0.148070242747312
0.13738097120519
0.149128738710205
0.269098689455276
0.136959397250248
0.103917789851098
0.123588229799936
0.136415333384581
0.117464749815319
0.199988067330713
0.1626994076937
0.185361182316724
0.18449332742694
0.103612329371227
0.171909421343632
0.147106569725902
0.130862899715919
0.130593758228119
0.108148316040673
0.173859021854553
0.163607505803941
0.169903100867374
0.197250449054263
0.145104243710244
0.138644723174222
0.17545647269739
0.220337715879671
0.155555149094954
0.235667536342746
0.157886403686584
0.142592105765555
0.22738870417008
0.175038082836565
0.14765892267588
0.132824553053463
0.203308102539472
0.130566602448679
0.203338857429914
0.166458582175809
0.221536214282423
0.100306134128839
0.107634791956046
0.113249942289612
0.147017670480404
0.1560498916036
0.136819440136296
0.276274330107875
0.217316965962069
0.182469635893084
0.109336169078528
0.119517614284288
0.0737566014199411
0.139519098121406
0.146988957394402
0.0858810810856801
0.0990486892598259
0.172431042335946
0.164619242746726
0.218149129351104
0.124030140243327
0.199512855812978
0.093439573584584
0.216085359733619
0.110798120620234
0.100548102740684
0.168739788768268
0.128496484288013
0.0945030129296844
0.213555297793193
0.228883636972029
0.169571119666621
0.313961639009347
0.132179899643183
0.198428036704545
0.228501106342697
0.206193482823722
0.148997599088748
0.186079913919056
0.108031790877323
0.142674103920017
0.0941766401750756
0.17057346347097
0.101589879935353
0.154614122726553
0.138968317498053
0.128753933770267
0.167247014103239
0.158832064853501
0.146069811796121
0.176612042464855
0.145624230168418
0.129780217646256
0.152139447615608
0.173894510380869
0.170296023832682
0.226241726237293
0.130044806187689
0.122505789854136
0.163324295947173
0.0953645717922051
0.200819460172558
0.147429534622512
0.192689133803876
0.105708225746278
0.099942405751429
0.0942125840161496
0.187400993374878
0.179442679408945
0.158521246829028
0.160370831369615
0.105849097754709
0.122420693630259
0.174359249735405
0.163192805105124
0.194253536199408
0.135805696239192
0.157570986113072
0.215485883371596
0.258269535569102
0.104922090050999
0.129047113481303
0.123039081494682
0.190429420809286
0.200768785234355
0.0852771849428998
0.203290073354719
0.142246750167324
0.123307923492526
0.259395030612492
0.14857637436215
0.177980663314955
0.125289163709468
0.12367644943119
0.146956682289414
0.0930109393360525
0.207861633069591
0.138360646080513
0.172670603011976
0.115611564801711
0.160883006559457
0.160549182857077
0.294502022116313
0.126803193684659
0.183782563405731
0.128748557408305
0.108818660317522
0.10401181122268
0.131396871210171
0.138457245459925
0.10818636925545
0.127003312605366
0.129846815146102
0.201290323376748
0.0783621100820538
0.12925180547604
0.223444185178292
0.173388071259959
0.194240963178834
0.112674993804302
0.0895355866999394
0.0883253016049892
0.177451508771784
0.128512621545136
0.134284867175762
0.165677325539665
0.144212222975954
0.127682118050239
0.221556033470972
0.168591435853479
0.125973204811186
0.164482748760447
0.076270849728113
0.188113959603478
0.21033695299285
0.179596562560367
0.20049253959473
0.133605013734909
0.111984658941559
0.120798283666911
0.213476733406133
0.12264390127983
0.151750834525378
0.127732077909948
0.202507201256342
0.137032772709965
0.124559243102336
0.153314159358444
0.102004082026876
0.174335468542966
0.172520827786603
0.209506492714486
0.125207226089728
0.0848198637939188
0.149591054553875
0.197508205725818
0.116828486907937
0.168295667935061
0.162951806219147
0.134563255909631
0.172664410313287
0.099454724105768
0.080620431111563
0.152350848410128
0.0769080866102992
0.141938765540915
0.10521377395039
0.221085842454211
0.174088443259286
0.152427565950309
0.145313657007701
0.300588999153096
0.139699150410768
0.159083614208455
0.133168909603364
0.162174003254464
0.154586510362028
0.148792769440463
0.123895706861317
0.165565966359387
0.157671625901954
0.159374121783596
0.179391136460588
0.133562664471076
0.192123351939731
0.163529532594903
0.159728614274376
0.0994665678355278
0.174752625517907
0.107956245749434
0.0862106550411833
0.132557876456798
0.197306250897122
0.246845015882354
0.118894775377928
0.229992851027583
0.17008034511785
0.144274944618121
0.161327486210736
0.170527285210781
0.15442555584832
0.224615983535776
0.10378855122729
0.0926115848494654
0.0954818159091557
0.0785089289359235
0.138045590038614
0.176359432427358
0.173581819607435
0.208944005402834
0.141261485810428
0.13350315331793
0.14808741596694
0.172141550790478
0.108255394303558
0.146260912985437
0.148109688717103
0.121555293543555
0.144365272284112
0.106447084571824
0.0918431471351066
0.212361782484469
0.168292047023002
0.238656659021971
0.160738512016018
0.242569725034986
0.110549735509878
0.143640865831666
0.166056381772852
0.136899219205953
0.151493998129051
0.17524399515482
0.130755834179658
0.148825509534102
0.166859107384505
0.077784355282635
0.105555306278781
0.111622749882411
0.146067787501098
0.160300754153636
0.131313789773022
0.163223481044103
0.124680734409599
0.166165546806955
0.137613325278518
0.132969527323671
0.146690990110032
0.162208618807213
0.0582703091376374
0.126844511048268
0.144328441964399
0.127960270518735
0.159705388305227
0.227633641881596
0.126153945921087
0.127923412194953
0.185785031992429
0.154167608876384
0.140116328024344
0.162841143909791
0.209290862606116
0.191471943372539
0.164812619239872
0.107686273508055
0.150315536917042
0.181808596067492
0.133097633062515
0.178521011699117
0.13453625096307
0.0836112290123769
0.145355750737756
0.16114843054655
0.248153171637093
0.159449618635834
0.205734668689748
0.19824999922446
0.122309216459784
0.117499717637879
0.14923156035523
0.13879763015643
0.138376260382896
0.168965953832565
0.167390670127728
0.157745025828094
0.0913524970558168
0.114911759693002
0.135302346914865
0.141073319926806
0.197270083506226
0.191800156895709
0.118709805348113
0.125874758203278
0.171877874753843
0.117974846367121
0.149630710947352
0.286645829628715
0.108396740305325
0.0814086092101643
0.171955722878236
0.120115767089793
0.179721911457034
0.161029148949714
0.146760225001512
0.129923957968576
0.153279716920163
0.0732197853417213
0.19585050979428
0.129478010575626
0.201065130351167
0.145451761494384
0.174694564793251
0.120129796399825
0.141202027653185
0.178696335439279
0.185867819184374
0.136975814469679
0.134261229609647
0.161803591725316
0.154852778832485
0.156747365104436
0.193775139957063
0.179540667336789
0.227192899019154
0.134433410945104
0.224238126532885
0.190769615673493
0.155560313161217
0.179778451791558
0.128633794242886
0.159259873448795
0.131005861713087
0.18778968217495
0.186249298861171
0.222490021048578
0.24166117013039
0.0783733807178374
0.152061203816179
0.223233940436368
0.127657153926701
0.205357528677147
0.154239599848899
0.181306543429963
0.164891566274814
0.112967224045313
0.127156129770482
0.13971654319989
0.169994513048733
0.188876080784241
0.0981301244350859
0.192323018555974
0.123598785162993
0.144829901843862
0.116617981049092
0.142235404987182
0.168693486769102
0.153565424742949
0.144683468131
0.087830384001729
0.166628301538279
0.153476977706168
0.17528999737398
0.174442486746694
0.153499669704163
0.13612595383485
0.0855801094410689
0.109270128389005
0.176186940495871
0.177197188514975
0.107468837736105
0.15130114555163
0.12712595186872
0.162119839532151
0.210845350749881
0.094088963009969
0.228103539517853
0.116595581471657
0.117423900989353
0.133001604077854
0.138555160158849
0.0996769229144458
0.179459338776128
0.150486192191615
0.187896358726266
0.145549104897264
0.140762229323854
0.11301369359672
0.136545661035783
0.14653697881899
0.182668597102983
0.158295132730945
0.149820842988702
0.18979761142794
0.184907832003116
0.127434001414418
0.124298696527356
0.187522682808592
0.194127824457679
0.194415745303346
0.191866759768308
0.134408316390818
0.116220782141125
0.152576288423044
0.221621920699762
0.125007710359301
0.129618758020065
0.0833821563365558
0.139314146865922
0.140931131871115
0.230550887550233
0.21459970998327
0.0894721514365893
0.178271958976865
0.163035479809646
0.174247802829764
0.241154558626465
0.246182609454638
0.176230257114988
0.167881445611844
0.158601186027979
0.182341223120564
0.182797583197716
0.177270389971707
0.123138506313829
0.110326511079627
0.133964426642864
0.0892561324531737
0.129123880161775
0.120924788528547
0.0999651645945663
0.202126514218438
0.109607565018104
0.126580863266547
0.154988417774414
0.198520093201982
0.184959748767386
0.223934372485026
0.174932505728945
0.101088282479488
0.13660302967301
0.170153486191073
0.148254317549623
0.172619369669049
0.147442377869585
0.140688902480828
0.151225386126786
0.0938456187261782
0.0850331077476213
0.177514044719878
0.137826765570364
0.116575196517188
0.130833248802837
0.108530368685354
0.109827892528641
0.0647143306566982
0.12091500695026
0.171954791004467
0.0837173254931797
0.180946063319527
0.104268996104125
0.150117630614339
0.156572763333257
0.279787483726017
0.100166203839322
0.148695447613161
0.180771876815672
0.208846330596567
0.157825692747024
0.129252674179657
0.157149369745604
0.199172825730151
0.123444855070235
0.20603028824397
0.143715124596469
0.179503635818931
0.209926059716735
0.146561242855546
0.153280543534924
0.218822760463801
0.124847861377
0.206764669378003
0.166432110560439
0.0864538162024159
0.141747085518564
0.192081260243014
0.08179188513991
0.241642558983693
0.171556415082443
0.108290070952469
0.13014405967421
0.145045271202031
0.183577367591134
0.111904357694126
0.159365787294168
0.0901513025416505
0.195669315006589
0.143267317401219
0.124129675796996
0.137949253531934
0.173363553331173
0.17747731952109
0.125978185130903
0.184755554675665
0.168534625718151
0.150522777158097
0.155234131922045
0.112188099265511
0.087437122995006
0.142553650155298
0.0915906058532503
0.14104525807648
0.133235934736312
0.135871244239057
0.206095130035723
0.17495309920943
0.190151209069586
0.178219720822095
0.133462362042028
0.16851896221489
0.188429563373404
0.142149386986983
0.0951379949367272
0.142678856617
0.126607838201065
0.127902659922648
0.127274769425617
0.240233098604886
0.154448364394245
0.0843947721495518
0.182373242348832
0.236148776715717
0.139310134730467
0.232448905753762
0.160157635297583
0.203080005096191
0.114740536683148
0.115191591572325
0.154743008606537
0.0990952452624441
0.0944334701591342
0.145134806586497
0.153108159074054
0.123228832498529
0.162512951383902
0.0783430586269848
0.117070023975142
0.162212246723581
0.154227574576056
0.216056383524203
0.140198049677062
0.180434692307658
0.126736562797059
0.1148688133
0.13492716715625
0.191417987037029
0.157116181996299
0.234799567505632
0.131171714639522
0.146045898739593
0.0833658119664915
0.0654241772669827
0.153314350001661
0.0736633744682982
0.109299199289547
0.123215671955791
0.151314932137262
0.15273068674811
0.102725695224979
0.215388713218797
0.191830528684827
0.16695858572752
0.173530029531879
0.137909859503181
0.137589158625002
0.146297544213513
0.131769041887969
0.0599039368848589
0.143159501673196
0.155423217206403
0.15411847940735
0.239741512021218
0.130026053249619
0.13431168518985
0.144020990175879
0.194152701563734
0.107604939798041
0.203301777856603
0.129109147195778
0.182072214116722
0.125605465779654
0.197007095235616
0.145589914092157
0.125997566049825
0.172794743308216
0.122193593416793
0.0993268793627389
0.137458068114639
0.0937114212329281
0.12087246011141
0.137258889682304
0.157721319026103
0.133442800485682
0.108536448160421
0.213262625581458
0.196326361989547
0.103623355552512
0.178984143313949
0.176571502424453
0.150029532150974
0.155211236115847
0.192251755678606
0.0759343579611059
0.0981827959980204
0.206514514337234
0.141825108340442
0.138240921800273
0.169013196927303
0.133961923205664
0.149465988052945
0.12440071876195
0.139114358310955
0.167620494709413
0.186364456378688
0.0979210919197286
0.185906435304178
0.143027461390973
0.17922472578184
0.0852203170598405
0.177722669217538
0.144558848807953
0.174233417822387
0.126583486056025
0.0984563331138445
0.155456109788115
0.139626627183181
0.251737898310982
0.182387768754682
0.112531341866065
0.109746571761793
0.169373046373792
0.197312603321632
0.187072347603104
0.148068391474133
0.188363841638284
0.14944798958244
0.157290575034308
0.128290137165638
0.152643901354902
0.17725484166559
0.128846078873013
0.176453834979464
0.16873916084102
0.149851233315746
0.110048379825998
0.1663839911622
0.109169184667764
0.187283586283601
0.178705059827762
0.175093813685007
0.126537176307312
0.131691706936472
0.155133324193276
0.17422133713484
0.148853940985207
0.236116504269022
0.161285119107667
0.156284798931679
0.100692097884225
0.125790893042662
0.129360855551657
0.100783008292662
0.18783092551001
0.182246788950237
0.152196963635549
0.207888881169513
0.186824182625709
0.228064747155731
0.151209051026156
0.180655882277238
0.114908763999552
0.148619042254236
0.121550368008059
0.14874928493999
0.178157069967844
0.0959809381483385
0.132384574640948
0.140837103999853
0.140869333839499
0.124732241361652
0.172897591528764
0.135793163723154
0.297519409339373
0.077503239359652
0.172940176434771
0.172849492441152
0.150504241232651
0.134515552881508
0.171637240335631
0.268512553012093
0.0820726074233603
0.101626852703853
0.134325325971368
0.196409536928587
0.133870859462224
0.156455965851293
0.204609896089199
0.175572341588366
0.159407699036282
0.117176251970951
0.161427127575879
0.194668196121727
0.109246350921471
0.189645298475116
0.174410611106139
0.141112832833626
0.138243613086231
0.146183090618524
0.149451106868586
0.108635974987601
0.134187418002908
0.172013077316963
0.100225573439404
0.10152144270008
0.156067804610314
0.138083756728331
0.0559889707681516
0.152473716666849
0.155645773946815
0.168333517335887
0.161092771123365
0.163954480514925
0.185021429740291
0.237744229784019
0.134774223236877
0.0966752852806242
0.129041393918887
0.185001648119592
0.199444448594591
0.114814236449453
0.100323133373916
0.159775759550111
0.183406488341328
0.170906744256779
0.136376738819605
0.161732303489858
0.0938900945421331
0.170957476526247
0.190314084470191
0.142297052691004
0.207129603282768
0.151161772045367
0.111635547474539
0.170434045613596
0.172867869760943
0.182190700374258
0.13903722942062
0.132262445557931
0.104550640586681
0.173642201437751
0.165486707579386
0.0451209842537898
0.246867971576135
0.158417265753512
0.157804022039379
0.221068920071046
0.227130892270414
0.163718512867273
0.125780056928159
0.0646415240718128
0.1560814395197
0.137615760373407
0.134084677411705
0.13826054626222
0.0955152373324237
0.086107627858
0.135357224426322
0.119704611354005
0.122810996085193
0.191934582664124
0.153297450210143
0.167590786379122
0.114910364775799
0.130902985910493
0.121810801787209
0.16865226704489
0.145346314584579
0.134339926158642
0.126497262717913
0.183115394412185
0.141200361139742
0.112990993740356
0.127437861669866
0.151544109929506
0.0726686238765965
0.206459699940778
0.140115566651216
0.144443889102939
0.184172334377474
0.129270479498765
0.160299582633239
0.231030156961644
0.0767426813432825
0.160177824622237
0.181621263514681
0.139563293881362
0.145254038752293
0.093049575156787
0.179165019400972
0.14795392470649
0.158749699096423
0.205836555318672
0.140068041238708
0.142619519522179
0.150685527550207
0.0719670233719761
0.100405092785295
0.152937065905474
0.176037719029143
0.188257634491446
0.190779831230941
0.137654540321871
0.183325627258229
0.177106398094391
0.149922462812161
0.153015808536719
0.139097405863431
0.109108961612371
0.121944959994113
0.138509130718327
0.124570018211986
0.115799701469569
0.125218108954753
0.120220903723972
0.217064668682358
0.139935135962326
0.105730949681357
0.143477469565317
0.165872562376911
0.113083328819099
0.219718196391383
0.137657821771702
0.179876504855502
0.154974836680624
0.119123894926976
0.160786258016602
0.144656029807041
0.180551173780719
0.0979577834325465
0.0956312264408175
0.154849091146223
0.220252233321968
0.239677914118523
0.152211553123274
0.129872201259849
0.132728937598219
0.224115379082565
0.097439655271099
0.142465151358135
0.0870888444929935
0.0969985557998437
0.203164953902217
0.105278571051601
0.177572490714065
0.155519087483517
0.153771439082355
0.0976401409009818
0.129260778171009
0.187054477061321
0.282564691708926
0.182139451717395
0.177900382012497
0.107343838668452
0.177125358792182
0.163428869282056
0.186632577994744
0.125850035044006
0.1106010674542
0.214805478856997
0.192347416151354
0.133170355605582
0.0917047847017985
0.117844721113317
0.162776791595861
0.164457479369952
0.220712781687373
0.156794494129565
0.110450263010181
0.0942590054041064
0.133725210402791
0.157896490674099
0.0882537498822644
0.149361437609388
0.12195414133201
0.207492637981472
0.123293537656842
0.167066493536582
0.187187024857468
0.164645328719241
0.141540353669272
0.185009743623834
0.137901272004887
0.244655902867286
0.163569083399823
0.193699183187953
0.21496565971754
0.148237371613742
0.167109404246921
0.19491082306793
0.16391490087695
0.108376891913309
0.147251222138436
0.174581274520123
0.105516809420945
0.19990397522458
0.204152757907013
0.131867982726291
0.194029381841346
0.166980472223098
0.0992405574144811
0.135947892416455
0.160013984069626
0.134650979890056
0.163293720161141
0.193743129593039
0.143929798457664
0.122780127530779
0.216062990740551
0.125508139611933
0.0886499013907024
0.090316607056823
0.159046705996403
0.114863643968364
0.193098343894733
0.187363634724253
0.178569081445464
0.120005733187006
0.201589811560348
0.175661587106
0.179435905831565
0.205647130658083
0.167331388961189
0.122493411663413
0.174240965377658
0.126654050186569
0.106022268141123
0.101887190711606
0.180810686889358
0.142335283544691
0.157592145689628
0.127071264657461
0.15230998856879
0.11866776569138
0.155519074907903
0.0998394250490677
0.111642161693417
0.165514365715795
0.11263432694433
0.153031079764586
0.13898828318901
0.124138995071741
0.11487924400004
0.179944592046182
0.193317068142829
0.182440669308815
0.17424330725437
0.138330755023492
0.132242020131323
0.149246467482484
0.123291392958597
0.249305817458741
0.0680991307857983
0.176312217857155
0.161968855277498
0.134126968690299
0.135667807750825
0.178397392757264
0.137410220158478
0.103812614579975
0.152791968189187
0.137552127209266
0.167549414876137
0.0697258182775467
0.150577762858171
0.203344589355915
0.118660050189846
0.111113825816776
0.203819002229097
0.148196295103382
0.181571665834786
0.168664490410203
0.171082006046493
0.159277412636276
0.121329330036963
0.147778771379989
0.165704809136292
0.177613104770314
0.186410607157416
0.112661359525528
0.163991962888137
0.154363511245133
0.171093208510079
0.148475607826965
0.150789018540383
0.142230949495473
0.155765811336916
0.174513379061299
0.200918830338891
0.0941196260711271
0.0915088817252404
0.170940606832937
0.200934695576043
0.174494102757055
0.124565770122759
0.153848974605228
0.128598337113626
0.207231186534891
0.180357976299331
0.239157898412551
0.142502988583497
0.123978722255948
0.147843279678546
0.1021183689951
0.12217758632771
0.138813967755694
0.157780801378345
0.106925230450285
0.125604433577008
0.177964606448747
0.148977743825184
0.0886201577138187
0.24634941753304
0.166424568290073
0.208343990194987
0.218670698625326
0.170604007030797
0.20443624426318
0.110198060336747
0.167187640904141
0.0805493291221453
0.171899068293699
0.090739216158813
0.198898833949439
0.321165847480884
0.19373252899805
0.124783801159784
0.166605355173947
0.215102234181671
0.0888076308347079
0.181430534231983
0.173602992465944
0.0915714003522669
0.159021449249864
0.19268315861435
0.153543331401143
0.151849368873165
0.134761653161329
0.16155763470644
0.185641538726167
0.110547348437394
0.113061734748178
0.177249313753342
0.1460839576778
0.210797154541823
0.107811707075219
0.115453764742497
0.144817723509478
0.174031319518141
0.137273895536736
0.135458084283549
0.213197428918673
0.148549447024355
0.224505668155611
0.162402038589438
0.146952986484662
0.135709024010509
0.135777419318664
0.153152564785268
0.187535039563767
0.181375440448041
0.146328728590919
0.121275938242987
0.169135351556534
0.194360542646263
0.267068120402173
0.086704358969692
0.0777356457421135
0.188790369602812
0.14268304366927
0.161145839013663
0.172708728254729
0.113278132631756
0.126407982578555
0.154345305605545
0.260630959075834
0.129136527736395
0.161061392455064
0.186364754245408
0.141935546973099
0.146049968748284
0.158145144880825
0.182982964193518
0.153052866107539
0.130747436081109
0.126426913394831
0.125253846336989
0.18178199370937
0.153077224508772
0.171482631609695
0.16219429568721
0.148845460829811
0.161933728457275
0.138042066799398
0.169512322209323
0.170207708711833
0.150528129703446
0.182591890467942
0.159525639886041
0.0873115361360979
0.156811606809149
0.137649369678422
0.149388375713845
0.10184289959296
0.116730883145829
0.145292358357808
0.137209807351582
0.130881088180332
0.19506514931767
0.170782852310122
0.150116477889365
0.124285272879478
0.132866013173653
0.143277509386191
0.153017837545784
0.124543848917457
0.17291524887996
0.263881650125003
0.13626682813818
0.130641935351542
0.139509619418362
0.148464922517249
0.13858494252
0.226987536576696
0.0801992865401291
0.138907851042679
0.0883248364786159
0.208820400545241
0.186269398437026
0.0811488740352637
0.146618609340619
0.139866477628487
0.126174289745436
0.204649860649525
0.152422591004005
0.214449269655217
0.127385372195761
0.139131967247605
0.244043276666347
0.0924993652108534
0.179184055676362
0.198319195279586
0.145619201373645
0.142323730635909
0.166679508701563
0.1512350883547
0.137799792811207
0.0638858078389861
0.156444987029985
0.171941490881647
0.108855605193535
0.0985943399543543
0.235345031490474
0.13799950932791
0.142438621690074
0.184372976966655
0.07427529744913
0.0834214943690402
0.178405881056909
0.179405993570357
0.218903386824171
0.168490651657908
0.118247135418317
0.120948943440978
0.135314251473926
0.180239169142806
0.173975863901582
0.113702639581885
0.146828081191339
0.162941392831934
0.162313857024397
0.147761493429709
0.202649147079488
0.150399034088278
0.172002282798346
0.14421404071962
0.176197466108455
0.138362875150434
0.120687980801489
0.1938936743769
0.124053461487098
0.147359137047863
0.143553497825086
0.18889151351477
0.117932382462952
0.134384213000816
0.102918686256942
0.168056674126862
0.210243699007276
0.212751876638138
0.190932885987579
0.197310348112718
0.112329033703025
0.132526341555918
0.146484460990361
0.156191891571227
0.144908816021291
0.228139505103655
0.12997267662072
0.118347540881237
0.154866360150787
0.217334959978134
0.107830287418344
0.13141904340898
0.165291073886926
0.205198476275507
0.158281619241347
0.09829890958683
0.122679873781165
0.184993035503539
0.199418323009007
0.241774624816565
0.131514106380173
0.220742060096117
0.208397005263336
0.0996573267267124
0.151091458950918
0.169529963177747
0.150087769498109
0.126294355176291
0.0996826042897944
0.105805129492977
0.151903614303301
0.167009395342999
0.231046364810433
0.158384638721855
0.0897257410434712
0.111860966478765
0.188403888541798
0.143018441154176
0.185567509056341
0.109162418805465
0.126390578002659
0.0907048615251954
0.137868891807063
0.144684517558246
0.189976415623632
0.0847564064799879
0.119248523857505
0.126592235318679
0.126467297980712
0.173307976725167
0.132425155110575
0.135243656206808
0.141509907910703
0.169319378090044
0.175851200770076
0.115595604653168
0.1935925336046
0.178873641039468
0.158448496445078
0.0916660171521955
0.145194926342618
0.196762076740367
0.163952011168039
0.15372250830397
0.17612523454531
0.192453766548176
0.244789455023314
0.120528297792044
0.15691644178468
0.176641667020611
0.0985030977568517
0.188391023776216
0.188804631801961
0.115093834285235
0.195091114096499
0.147092946425681
0.118027399105444
0.182364623793429
0.178815078028041
0.168934464768592
0.144320884179228
0.121420704956913
0.304424751248877
0.214339076310965
0.142315204102161
0.217636774172788
0.118344290214124
0.118563340044009
0.175771284297794
0.112474187344622
0.181710635432947
0.142245254617538
0.193339105873401
0.0978184673991811
0.135102014038461
0.132068640259575
0.161562350964347
0.153057592079632
0.121304138964851
0.157446125827996
0.213933631412625
0.220145992501528
0.179850912235444
0.135807708604929
0.153393395001556
0.160687884367379
0.155106572246257
0.109038390469665
0.154831319633912
0.137351188112757
0.124834498593532
0.26954484267811
0.143225193541923
0.156201754794874
0.113064956613749
0.114422927024592
0.128887847556416
0.116687054047299
0.136021454465967
0.114472338383963
0.139813906483292
0.0992747625320261
0.100852362103521
0.163187224164673
0.142133582166689
0.129364434857038
0.155714666876025
0.16329429520902
0.201559437558255
0.15880569250654
0.149889790582679
0.110336706078781
0.0894040078751925
0.169197057927161
0.148838328388164
0.107430250431683
0.102238725272362
0.160258304571701
0.120885185374522
0.100234292954393
0.10700393540201
0.144476630472601
0.120064724351389
0.146410414689914
0.251721589437415
0.143592621655783
0.230239383755059
0.0929283611393499
0.108067744328934
0.164292870291959
0.121904065145939
0.142305458287077
0.165673177248242
0.101579979987555
0.139256307916598
0.155248745797372
0.106847216599196
0.0921717242775905
0.143869000823128
0.16503253383522
0.172577619295266
0.201933929349543
0.212108914016351
0.112331631841654
0.166321637838458
0.0905194606509054
0.108130310179395
0.169062440354185
0.152248576452129
0.167298624430431
0.166851698639094
0.192016826939749
0.179633821482066
0.1093869954655
0.151579578823993
0.177487991820563
0.127811482097431
0.14915039227114
0.12266479571586
0.125295259807005
0.0943703651639505
0.140088466002348
0.128228027328131
0.14256498234534
0.196925180285492
0.138360286957483
0.167650605263305
0.161884420657101
0.179623653214396
0.178696878757423
0.12842915957185
0.0665737414671815
0.134134519458882
0.140524163214952
0.121549939046844
0.149206674001378
0.149770250722516
0.157120170729701
0.167077631681464
0.112018210833867
0.192440307785565
0.0926805391536686
0.139723477804758
0.163931835658262
0.115001012792563
0.137769117337276
0.134655424372625
0.144204149963297
0.158553954899691
0.167191009396701
0.178848633210941
0.12964523180806
0.121240582825255
0.171151250329567
0.136161097360744
0.153062425958912
0.191167564786469
0.147180070429803
0.156557913333991
0.128596878653667
0.140438496026435
0.11623657402303
0.108442585340336
0.192297036116648
0.121317516181006
0.118945811451604
0.159680270256653
0.101684267502674
0.217564503124904
0.0914643986778398
0.205825708668162
0.15648204430729
0.101047395067498
0.172614866825263
0.0971516067295788
0.150708621199148
0.120493136837608
0.142990190939607
0.218969357903623
0.228062809679368
0.122762076778215
0.139030917967233
0.165983162427474
0.104240265473371
0.233124282052287
0.180740120879089
0.131321332251417
0.136183408798816
0.156631143403322
0.188670547042476
0.140083604762862
0.144757177761659
0.160404208198593
0.148084063655515
0.1651360533809
0.23486610791876
0.0847361845220426
0.155973218363769
0.161527826988097
0.151733273148295
0.134296582256255
0.15163856746666
0.130769497565622
0.150109438414724
0.176628240264383
0.188785330811546
0.192999270713557
0.137894963349066
0.0740230431712249
0.151808837948559
0.166362381577442
0.140140741471154
0.160014256663702
0.101379988823452
0.184567554048121
0.0697588964297994
0.177650953886572
0.11081590583295
0.155031045130727
0.117814229402346
0.106974138264142
0.12777113716775
0.155556956778609
0.147236103897832
0.219753177154008
0.208368721868775
0.162254705768956
0.168836529092569
0.188088516374772
0.181638584464053
0.189894616461696
0.20394436428594
0.129167550134665
0.158030953380177
0.151999216862849
0.142911978473849
0.112005874130828
0.186751917226264
0.164587390850255
0.103593426392121
0.125653271167637
0.242424020555337
0.152554035097756
0.240118620776477
0.200560603654274
0.129540528183676
0.190356733093014
0.209695958478222
0.159856070493343
0.205369530949842
0.161993451553459
0.198701395624931
0.132551690315627
0.171871331173702
0.131342807364271
0.188856923346013
0.181823265371639
0.187211249896883
0.18562451698824
0.114883261042701
0.177187396409141
0.129076844009436
0.204111220678572
0.143588018326204
0.124247730796917
0.142343577445203
0.159876190914509
0.15728452825724
0.139119407685977
0.134468599847351
0.144367125808737
0.0972984268932209
0.263522176121155
0.162941233580917
0.204563928676264
0.103976389467065
0.156918921859086
0.146522047762676
0.135899946410243
0.116366845670305
0.160882072403191
0.186094019547899
0.133306797179572
0.188531646377639
0.130700258762051
0.145461268879922
0.189898832011223
0.153681463801278
0.143944555246732
0.0968648886526755
0.192836882229198
0.0933630854975647
0.149467473555175
0.132575067194433
0.117816404168098
0.155722534175829
0.121536037720036
0.156051214486372
0.150780031375487
0.240499093722522
0.0802010589803461
0.133204211551336
0.138620980297525
0.233686128951779
0.168807029894006
0.12358717206061
0.188341408197084
0.105679172749209
0.168387333029306
0.147302138473712
0.154906247746128
0.207956855192993
0.12743623166249
0.185053275787493
0.133715235601865
0.163370148929436
0.207843415196511
0.142607221174651
0.0570501770036389
0.237565713172288
0.251514641228677
0.159372236780471
0.228545213411826
0.154108364329876
0.123706256693135
0.130759535807099
0.125920913829314
0.161695464015554
0.14200757082548
0.137986335049932
0.27165655131857
0.287836147634919
0.149518153045239
0.116322428217884
0.107592405538659
0.142514743353935
0.0857567117630197
0.103427130300461
0.165415990578305
0.165043635302735
0.167451921103419
0.129211146474449
0.14256983627341
0.165257971685698
0.157823824026046
0.177739766914628
0.142395355668879
0.107339993036012
0.172339599534165
0.213220030741718
0.140468845700525
0.0842108718051013
0.11389758774849
0.180206122577203
0.201937540359145
0.141831735693327
0.209822614590871
0.134152416667135
0.0895082962917478
0.181622427642219
0.180504822312754
0.180634021703428
0.259477089976672
0.0909120505248946
0.112256449497908
0.20441486900182
0.117454596483747
0.10632486022315
0.14472477834411
0.189944480328947
0.113648031395978
0.153982674680602
0.177671257114513
0.121727512198313
0.173712140460565
0.13362482852905
0.0983699105047231
0.147446936226755
0.160162033660143
0.156032348045323
0.179121306043883
0.175138523322261
0.196243080531922
0.107888566281189
0.15552604918101
0.141700549656407
0.148416070247773
0.110993221375344
0.0874540999057232
0.133511738277802
0.262050258383883
0.116147789297006
0.133664577778957
0.0773671370255667
0.225372087371973
0.123657316256644
0.209181755436279
0.202527279555354
