0.0890645869652108
0.0728751376754553
0.0555426607667832
0.073994118011163
0.0594722483666246
0.0795545676460742
0.0751827178136465
0.0643020919780142
0.0731199513626671
0.0964714114807856
0.102356581332811
0.0652751152302905
0.089409885123641
0.0944755568657463
0.0809144447992328
0.105449763846379
0.0892215613001356
0.0629978768755952
0.0769491634196083
0.0657254790154829
0.0819541754304056
0.0745131660191882
0.0730021493880046
0.071371261188182
0.0573728019197974
0.0635640338926119
0.0666365377089752
0.0838553332883696
0.0610023541650542
0.0514090537915152
0.0716550797161644
0.0899379940328356
0.0527371913380115
0.0694441637434826
0.0650528125788268
0.0640559859744636
0.0806209358460984
0.0832172601851734
0.0820158941994324
0.0694542292527763
0.0841153647568126
0.0721780652730801
0.0615258013711135
0.0882764905521745
0.0967202257901048
0.079196317707373
0.0961956805683239
0.0926093520457094
0.0894272083236875
0.0590108542278628
0.0720649178234651
0.0908976332430741
0.0766556986776777
0.0709028760591218
0.0848844017559159
0.0504512064855274
0.0616272517201755
0.0717102274638447
0.0759272060216822
0.0580192564068766
0.112399674098052
0.0634829745199833
0.066679412783706
0.0925985883687398
0.071257745241629
0.0617118152117498
0.073016472365676
0.0599488940265281
0.0565798320046733
0.0860691091203543
0.0796165827137372
0.09390054881033
0.0765684131039827
0.068827191359105
0.110922392864371
0.0729057887614187
0.0739875560881821
0.0911917129301024
0.0832038813102833
0.0717218753235132
0.0794267750704794
0.0904432942288343
0.0972724842405702
0.0728204247066906
0.0892369127832122
0.0789295091811863
0.0647422570633742
0.0989583728474211
0.0706620643785844
0.0612373004538801
0.0968502573990326
0.0937692288864668
0.065850562798589
0.107200058702598
0.0700436938982106
0.0521876662256249
0.102240566117117
0.093802921025551
0.0955268509556359
0.0812095331744369
0.0791027751918477
0.0990851631556317
0.0717759496133282
0.0851044837447061
0.0714415687450775
0.0716988010310982
0.0705261348930449
0.0832997501335743
0.0621416126239798
0.0897564071804969
0.100925952405946
0.0669982303361298
0.088947227246175
0.068418103811812
0.0845696845642085
0.0869295535430836
0.0637978302019043
0.0633407043737587
0.0698511147875084
0.0917715421854887
0.077967709884113
0.0980048959296649
0.10684870044729
0.0791094578999226
0.0782979078663972
0.108303927380439
0.0727511236031881
0.0788076179941852
0.0945431345068336
0.103784456938527
0.0629278859380149
0.0837655773826047
0.0989245633366575
0.0775182588664881
0.0695936146444945
0.0883344945125073
0.0887653350855733
0.0779976974267881
0.0774810502842852
0.0634983573396415
0.100493888438293
0.0710152655416727
0.0879305392470255
0.0816854743276057
0.0945484046164074
0.0744449007240106
0.0813850719153237
0.0641079899972372
0.0900614157425228
0.0785133787908458
0.0824459681048789
0.0715511069237844
0.0770970766452686
0.0729947024712706
0.0792630811355324
0.0797135333048116
0.0825191777424445
0.0623164754866944
0.0959708000125517
0.0864339980124363
0.0758012012519063
0.0648160101597045
0.0655641436174346
0.0671751868291319
0.0923746502360488
0.0461073070413573
0.100655224909953
0.0996779900694009
0.0582034242290251
0.0647511266186645
0.0958614649259634
0.0850733364746012
0.0822760400770492
0.0705377075788421
0.0513497779190583
0.0927854622772688
0.0932375043866011
0.0966459318291678
0.0738252014425561
0.0732619931462725
0.0923045815415793
0.0681301204495269
0.05246242111173
0.0970107208315436
0.0704413645664895
0.0599569025650762
0.0508058875191409
0.0906071502135348
0.0662886672525875
0.0724424011182795
0.0681115442193161
0.10244048851112
0.0599450198616176
0.0523484204321508
0.06136839244334
0.0918177548340708
0.0507124242352856
0.0902424589991691
0.0877010201178367
0.0836179879962597
0.0787373136153025
0.068202442546836
0.103614204874264
0.0577235542039334
0.0656459712840878
0.0555273745981435
0.0951986166944361
0.0618156807675818
0.101606704177355
0.0529813848237586
0.0849866320955172
0.0610192927821067
0.0714069936866598
0.0759326621482217
0.0863401538651688
0.0746646849529889
0.0804317650722198
0.0931966090520737
0.0676817338491325
0.0903093259371917
0.0654047656162378
0.0571092033958244
0.0833484225013685
0.0699421426250553
0.0639962251578726
0.0756523390385066
0.0766607784744481
0.0684872741650342
0.0781814325448696
0.0983017539580055
0.0715295061807237
0.057121347229953
0.084881666712995
0.0759929597164008
0.0875352765643674
0.0823422515885534
0.0833176535564339
0.0865988261719159
0.0816939346025845
0.0867254166535634
0.0798019665582608
0.0830620025622102
0.0865952529059056
0.0764952970337981
0.0862810456238371
0.0883756112243801
0.0836403575234765
0.0651841897009102
0.086898115472942
0.0667827909744086
0.0861373369850806
0.0793681081177126
0.0634906015424073
0.0477109925380928
0.0814116531229231
0.0889568031298782
0.0622628662875199
0.0590115390124687
0.0715090806387973
0.0825565870417266
0.0884704635535916
0.0729469729598964
0.0895797355214056
0.0636195637000818
0.079932452463326
0.0511886768555592
0.0744516668237691
0.0738261425819407
0.0950736764388927
0.0745499054196471
0.0771440153408493
0.068519711764647
0.053222919006903
0.0474188973855083
0.0801980752537405
0.0838749169123467
0.103298287843233
0.0864460615911517
0.0670726586633869
0.0609685953258059
0.072102447224576
0.112891035308153
0.0585675083808613
0.0524458021755614
0.101046823983203
0.0802253410093614
0.05941189808854
0.0585617140129611
0.103614825982899
0.0807373968533923
0.0725416790699753
0.0588933757171449
0.0823556556429862
0.0957751693887615
0.0880462085570699
0.0629354625427815
0.0627803031405298
0.0574641010108887
0.0976321841170358
0.117740996794561
0.0796451043239334
0.0678672932551002
0.0696549308874163
0.0872428001886946
0.0838517458667788
0.0779210418594019
0.0933894012906931
0.065887512374387
0.0779386084448419
0.0403879865058734
0.0928730302211398
0.0892708739803627
0.0769041629264082
0.0734254348016414
0.0577279783559501
0.0982944919773392
0.060640668437821
0.0692135045618787
0.091161939439328
0.0619873241656246
0.0696690450228402
0.0686148427765148
0.0987078072186409
0.0940881988826675
0.0514573418928171
0.0822107253096621
0.0778086529808968
0.0967017307559431
0.0700368537589622
0.0845043410807277
0.0897650458557705
0.0837931241486067
0.0753560000912323
0.0926991669863443
0.0974600704623388
0.0759710654361153
0.0597236398104267
0.0809507024523505
0.0956364881982558
0.0728019687530592
0.0898240690989838
0.0838781628710551
0.0718122776894533
0.104108039794853
0.0728389741112329
0.0819571869931939
0.0746290347709803
0.0793851270383932
0.08958424667644
0.0766002273618891
0.107577285837183
0.0936181870423718
0.0646414719995976
0.0729730485576685
0.139895752842263
0.068744830726532
0.0561376290062837
0.0527172189475285
0.087805830796333
0.0777060398131576
0.0509553984197457
0.0867350641997223
0.0483783500649011
0.111330976956407
0.081137501675026
0.0851997932239406
0.0699260296376788
0.0699926261548254
0.0766315733136697
0.0940707762409568
0.063272676627985
0.0943182432953773
0.0677969262237138
0.0813411331973268
0.091978455674579
0.0981990329375939
0.0824407952044444
0.0919429800266681
0.0650773416684661
0.0909723162263334
0.0648850697594097
0.0657712673645065
0.0924798095321089
0.0865873136865679
0.0824229406343519
0.0785940120951209
0.124363325851633
0.0567085052380082
0.0931016026347683
0.0708448066159849
0.054117718897759
0.0610495360504811
0.0896809839745296
0.0835232837437566
0.104721612172735
0.0712264161173172
0.11569682313686
0.0726102886610807
0.0668130287481546
0.0593827747170632
0.0746873746076071
0.10860790328886
0.0809868382837921
0.0827809483358832
0.0693055540368874
0.065281487568119
0.0659237562716066
0.07448761312343
0.102394456063928
0.0672955987640756
0.0677477386990035
0.0574021407283217
0.0920550511949514
0.0676656283691539
0.0928019816352461
0.0940527444619076
0.0868451825785422
0.0743758957292187
0.0767153294339164
0.0854963557176337
0.0666408967052832
0.0604646990415366
0.0800886436057408
0.103369251437735
0.0793019233011594
0.0950466858210302
0.0838159572429408
0.0988154904580437
0.0860849999942338
0.0768607921570347
0.0465552963566252
0.0770855387031209
0.0878033876662889
0.0988325212883835
0.0906191210842893
0.0929014267668333
0.0808268680265526
0.0894388746198718
0.0907985547585119
0.0761728105693075
0.100080436034845
0.083036192610238
0.0683204607143269
0.08448145919563
0.0893724151862219
0.0798004440557224
0.10652216716074
0.0651631903180703
0.059942854196302
0.0883033721735912
0.0821470519909623
0.0921032100467342
0.0654819174838094
0.100221548234138
0.0784197400505418
0.090408570480475
0.073790362481907
0.0605889802333963
0.0684756898188351
0.0719354554816544
0.0818810352283824
0.0558080014837042
0.0929924162815216
0.111430699490666
0.0712684889049471
0.0912387618348972
0.0829809005607048
0.0628609858657634
0.0684795611137225
0.0613072198906792
0.0848987917991864
0.0552788795771112
0.0746604575597359
0.0824536138645407
0.0782148994821809
0.106028628515604
0.0935917108480874
0.082773534064858
0.0757335013440544
0.0521979072327747
0.073529370224526
0.06388078553237
0.113972053050674
0.0645640816847577
0.102824364504511
0.080609106292477
0.0774212938749724
0.0883232986074372
0.0998758022127423
0.0757796250448868
0.0980174537501554
0.0447757430157481
0.0786203800960422
0.0834817074400818
0.072188067847369
0.0729642245242863
0.0707555632900099
0.0738510341179562
0.0595038443246782
0.0825488647332547
0.0971839587214873
0.0702241502336436
0.0769387785333732
0.0923069270497664
0.0760044595975272
0.066117131830276
0.084250192436336
0.0743320261672962
0.0672980934460293
0.0751946159607002
0.0819780307655785
0.0674352532639312
0.076693534011394
0.0605732601510045
0.0676834736913087
0.09833960843364
0.0705051406127737
0.107117864196687
0.0789737601659126
0.0686112319328022
0.067812607320448
0.0894580137874076
0.0793410177881566
0.0703690895457369
0.0515031163071441
0.0755073659233707
0.0577048467010033
0.0559138079968752
0.0906374259281419
0.0756153151752742
0.0682376383960102
0.0958526155280016
0.0737550724414219
0.0770858651971919
0.0761183527487492
0.0656578670730648
0.106362089840222
0.0864259868104344
0.0976697542660983
0.0823366189818219
0.100306841066544
0.0541078598501933
0.0827353556284788
0.0933736520547725
0.0999460276889475
0.0917518749441587
0.0967862084415519
0.0653108466783828
0.06001382482236
0.102592729525215
0.0656794771376136
0.0973831577619339
0.0664792041713924
0.0620362028267965
0.0900237913264457
0.0649751483468972
0.0946092779268845
0.0748173217149706
0.0720040751574646
0.0775270567222044
0.0758683498722292
0.0490683633844062
0.0694087261097144
0.0744568134069875
0.0618023208264716
0.0806378987333439
0.0874312296575919
0.0766708221274444
0.0775805957572083
0.072738533838045
0.0671714563955327
0.0851980313077789
0.0743139994582825
0.0921061452883866
0.0742259307413001
0.0594195448746195
0.0774854543100636
0.0669300185379692
0.0837440367962729
0.0903123737390812
0.0838262522458377
0.058495773084604
0.093935070328847
0.108901669672546
0.072325175532169
0.0871664099406818
0.0696209316921363
0.0806254005089513
0.0733334041915343
0.0908226583689342
0.0979772286184067
0.106658664027279
0.0597711062416736
0.0648653742603791
0.0749986633748729
0.0842923229054447
0.0847301363589963
0.0783710110238404
0.0554993476079199
0.0765135372601883
0.081367570771191
0.0549602751004581
0.0863204369717295
0.0553788315830219
0.0832804914631751
0.0604463055304916
0.099396970505359
0.0723331289407685
0.0721139513731294
0.0561442388711751
0.104406069410115
0.0808581507793787
0.0612532570969231
0.0804982642325318
0.0822242882414329
0.108958746428659
0.081763791407596
0.0931180322169652
0.0635803830218188
0.0898606558059451
0.0861561374064795
0.0969452543658638
0.0799062743068104
0.0771359859183563
0.101944702947556
0.0955509863647077
0.0686189346418627
0.0630655412697352
0.0896621711381561
0.078724063643517
0.0739276308913642
0.0985773732309098
0.0931264846407496
0.0835860509703822
0.102439501885744
0.0741472441916708
0.116986544762654
0.0886838473250287
0.0700837248693836
0.0622918149376369
0.0793686443790807
0.0748728370600649
0.0843661474098356
0.094120700099801
0.076655185066977
0.0873041009210519
0.108717206213862
0.0740486404015804
0.0602205693559864
0.11620485391107
0.0956444052438325
0.078668128243734
0.0588063339977941
0.0811986754669518
0.0853780691492638
0.0606717408172062
0.0590720583954389
0.0700245203504086
0.0859485803694864
0.0945238354644289
0.055516966431383
0.0906176024050444
0.0671977959869949
0.059665302993071
0.087173928444613
0.0768148135000389
0.0577457608289791
0.0521710500772292
0.0774384537852148
0.0689029004474025
0.0652412732073736
0.0569533291597719
0.0775650922772847
0.0523192820540187
0.0943680258432604
0.066224398078207
0.0783481494525694
0.0709104929520105
0.0439908062934745
0.059317062634116
0.0876100320023763
0.0849490391777763
0.0865922575537078
0.0905830513079917
0.0928846030000185
0.087639095538547
0.0948626909358089
0.0655878810524275
0.0843975844480992
0.0625889100576602
0.0834981132825635
0.108708198171072
0.0695002550126263
0.080551222019224
0.0826822617357465
0.0865264156908526
0.0664147305789427
0.0826130600730583
0.0726721864586166
0.0801357774256057
0.0569708115666792
0.0764687149621905
0.070255708059276
0.0549193299433979
0.0722693269074732
0.0855167879546107
0.0734382458240494
0.10451951807081
0.110428931120853
0.0873570867285303
0.0608683329634239
0.0713237100196275
0.0981665556635968
0.0896804237650466
0.0795946635021891
0.0695899319151999
0.103826513346622
0.0754468039853286
0.087344602824899
0.0718342167165884
0.0646972759568222
0.0913031064706242
0.105708076756085
0.0923033396949921
0.0756212012615626
0.0723386176911966
0.0730142531240736
0.122367031208296
0.0618670911750117
0.0697392842191269
0.0979287842248765
0.0787587805722685
0.0580208730041228
0.0810168159506508
0.101958592328324
0.0844107606090371
0.0723810249206256
0.0871712462210569
0.114374732494751
0.0609347861719817
0.0738618988162768
0.0702722906808055
0.0738827480842013
0.0737963209140241
0.0500816653671344
0.0999124378721529
0.0983823483681842
0.0823466946380081
0.0658779432233068
0.0812955697699298
0.068297779310366
0.0832027649442997
0.101817118830757
0.0813102533701693
0.0900571445201463
0.10616915233678
0.105608661336075
0.0661715231135937
0.1027815827141
0.0867318527429813
0.108375163181508
0.0854469002308961
0.068286967475188
0.0967512127813859
0.0604039554828831
0.0782817889666486
0.0802126779632631
0.0638363812243885
0.112425414313762
0.0861883003671084
0.0979498927120416
0.0833614098466499
0.108433622134969
0.0674731189255171
0.0598335625332626
0.0671528531829046
0.0758807341564205
0.0841159546178864
0.0619055552281887
0.0727649954313005
0.0785112220836591
0.0794898027607763
0.0846167561598633
0.07658885246759
0.0762117626050977
0.0785165449252162
0.0849422894050867
0.095309848548788
0.0980654451023536
0.0799323985746661
0.0746816322722608
0.0791587543359931
0.0870074771284292
0.0712641088523324
0.0944549032073433
0.0643825793975302
0.0767779392445316
0.057336023053747
0.0974362791756393
0.0900891249350278
0.0944956540909513
0.0571088503863366
0.0540698459650344
0.073240851013499
0.0893411376841246
0.0750914524707178
0.0881072427820094
0.0685519953526766
0.0980701987449901
0.106287557986612
0.0792968626347429
0.078521363533566
0.0968240498910341
0.0637246914702455
0.0729977650289581
0.0857418619225705
0.0895293877362985
0.0948449223050442
0.082635804553112
0.10178165716683
0.0559449434992417
0.0514899329721858
0.0776336201473614
0.071969312563746
0.0648673549030675
0.0733554927461509
0.0695464078957692
0.0836602918738691
0.0950343231848182
0.0857434299201897
0.0838351171837076
0.079654641299286
0.0695851537913965
0.0777116649850848
0.0809556287873111
0.0586620381673499
0.0857546582356619
0.0990710364067861
0.0845654683984075
0.0675319071822919
0.124614568976129
0.0717685406863039
0.0939038965850819
0.0749965606706831
0.0860745842030295
0.0950056397741208
0.0748091813802799
0.0684001437063437
0.0690856313988585
0.0579723477026182
0.118212424729822
0.0621362354358669
0.0679308525943954
0.072996576413496
0.088701205822532
0.07244999778116
0.0588221313995844
0.0885704580144799
0.0784382037706563
0.081422346560641
0.0634376032286401
0.109993984011848
0.0858175751726055
0.125072067334494
0.0702813681944622
0.101178604705227
0.071171928279693
0.0617197533752401
0.0809382496426283
0.0863392168388219
0.0791949126288187
0.0869116257370753
0.0811061994177978
0.0875801892445549
0.0899336567083791
0.0965285216847708
0.0700751111931691
0.0876087537877192
0.0598704542644194
0.0560213299943636
0.0715474542104993
0.0892809081026418
0.0623807340139842
0.10971467569579
0.0805854696070047
0.049526762148607
0.0736154339139446
0.0931124547450352
0.0911765268626738
0.084424497175088
0.0584528640378727
0.0810179070668789
0.0828610385342312
0.0804488509039457
0.0807269795047983
0.116827187009943
0.0786881437723896
0.0688914746920137
0.106507404041736
0.0535055560462239
0.0859283482220637
0.076692684129505
0.0843925435328352
0.0566416822853086
0.0770947811099377
0.0953920105685154
0.0760014774591195
0.0857987113409849
0.0821441573603075
0.0572841837802386
0.0652737083186679
0.0896132406816437
0.0817060261062781
0.0753326276394155
0.0861772038095584
0.0734582830783128
0.0846616442907408
0.0600047847627169
0.0935222696629468
0.0882713249209306
0.0954529106947171
0.073243226197164
0.0893316399722952
0.0691587754493367
0.0821421832647874
0.0775923638661621
0.0905602435164688
0.089619469352529
0.0602379815404274
0.0612874088113974
0.0749619437051518
0.0866520422377351
0.0443473616539531
0.0700550606849625
0.0912154611385498
0.0711074327143813
0.0952204134828783
0.0508969699421349
0.0848532045845754
0.0683710465837652
0.0678026422568699
0.0577215842082799
0.0963847839829283
0.0850417755783924
0.0865449309353989
0.0579274775164391
0.0547657678231519
0.0723116362126755
0.0842528168541826
0.0793153944072465
0.0634360011782565
0.071988881526004
0.0848728083291157
0.0799558387862313
0.0874273124973239
0.0697894168412118
0.0970441208880314
0.0656380412079335
0.0514806882695707
0.0790609425526562
0.0492292224852818
0.0711455725824568
0.055129452645513
0.0788702751001974
0.0837922165895035
0.0979220999210811
0.0747792765881043
0.0959211448608353
0.0532621679632946
0.0920727442589385
0.0916252707669513
0.0934774349807327
0.0851324263660287
0.0725737483817889
0.0716522319485526
0.0667864711765676
0.06514949770174
0.0954365521766191
0.0755698906372077
0.077826520669996
0.0639003909925187
0.0662830158952149
0.0746602040333247
0.0870415054522304
0.102218891272344
0.0790365259779747
0.0866446451241127
0.0797784930861941
0.0801420610565327
0.0877681196748923
0.0814820420801751
0.068164785815304
0.0856635247534729
0.0855611735308106
0.0650404722063761
0.0900763462173978
0.0867478805806656
0.0622356384379966
0.0898460604725092
0.0739598630818118
0.0607933505478912
0.0675930148845966
0.0871739243821528
0.101778800573022
0.0958574629428123
0.0800119205443474
0.111776881171906
0.0536758594717163
0.0786229968517122
0.0590293348390103
0.113243087711241
0.0816909275864967
0.0563419463463829
0.0780605188414995
0.0630416004174948
0.065746468303903
0.0687749357922095
0.101156098005939
0.0810359372544619
0.0789054639694463
0.0896462078314511
0.0735083063240227
0.0816122427625539
0.0534644489253543
0.101178893214767
0.0670929812276492
0.0840799238770277
0.0848878027860169
0.0759889721185511
0.0694766911429833
0.0838091396209469
0.0835543742096047
0.0749526136100397
0.0952372407615688
0.0771433650210358
0.0901516889574729
0.100851675586542
0.082701149310407
0.0717486540761506
0.0776948091332739
0.0593287596801339
0.0664029317410058
0.0765233299864912
0.0778470935199744
0.0939071388668062
0.0718537717031986
0.0742963659104383
0.0644809276441462
0.0926705354013282
0.0792002092910085
0.0720791128581477
0.0677768547536975
0.06114114621541
0.0685093400063821
0.0829540203209488
0.0513118693041018
0.0997464604730301
0.0719137388723633
0.0602067065512532
0.0863736463695323
0.0980655074024767
0.073935800336227
0.0651872181523679
0.0904250620611647
0.0894846739891899
0.0916573365322962
0.0785487294973301
0.06330860484127
0.113323809055753
0.079287885633157
0.089108092742532
0.0960730143825505
0.0560017964925774
0.0799759518295713
0.0820376750468769
0.0558485338899172
0.0969009208116623
0.103604215172743
0.0883062884832679
0.0914442220814729
0.0889015927876712
0.0943636558997635
0.0680621070110558
0.0745988430227657
0.081827551720076
0.0703459969568443
0.055893191987113
0.0859384732057654
0.0753041113907775
0.0650725740544288
0.0662696153751867
0.0763501434383438
0.0938631409980887
0.102652657822747
0.0581296721600353
0.0802368061863161
0.106074411617618
0.0830894121339093
0.103757374293304
0.0995118491618565
0.0995205063798454
0.0788756040796841
0.090092208194046
0.0766470819444782
0.0834637121351273
0.0760095789049453
0.0852262198994922
0.0770762459553649
0.0901186959557556
0.096412641357382
0.0750290280754338
0.0827709775634222
0.0803382121781102
0.077741295812646
0.075314626950276
0.0805267590475071
0.0694228423407889
0.0508981589607192
0.0783026268959962
0.0732475874153091
0.0781641827000562
0.0619969508952005
0.0788323208146622
0.0844318827699162
0.0639400603705354
0.0633536870523248
0.0743220318909909
0.0812039819493331
0.0644015246156031
0.06553551492172
0.0803885878223184
0.0684923855045396
0.0508139731369987
0.0779073718580238
0.10818429929021
0.0728690214084118
0.0571084785562949
0.0972709994125774
0.10226272602225
0.0842557469295976
0.0756733430210414
0.0752774335107997
0.0858092866698928
0.10173821032585
0.071674717821014
0.0719433032195921
0.0953862663330129
0.0731914647479119
0.0735241816497525
0.0571463161822815
0.0790231424902947
0.0990360202611765
0.0882822884543544
0.0617859824616552
0.0786297675802355
0.0828312980847327
0.0942166098853032
0.0769028228178666
0.0976607779001384
0.0660813495468857
0.0767417117878181
0.0922552443871353
0.0828423407180873
0.0817201104334693
0.072175056136908
0.0645320469276029
0.0781185953485775
0.0696293827259906
0.0893612568116168
0.0768060863935183
0.0828330310036774
0.0582472107316603
0.0651237843693351
0.0737680123288364
0.110318210149114
0.0726967957020842
0.103828027467355
0.0595427537728925
0.0624133307067726
0.0609219255402281
0.104607728292897
0.0908933278974
0.0630808806734624
0.101214170473614
0.128950636614233
0.0829363217586297
0.106380452465329
0.0773392045775508
0.0766219882975605
0.0595481288495926
0.0918404120997905
0.0683410748505429
0.0763603106707717
0.0530473855374592
0.0861018582920942
0.0724831104482883
0.0683139298086407
0.0819038556480667
0.0852485027286608
0.0906853092722451
0.042018533786976
0.0609478537223699
0.0859418144704399
0.0963894525659661
0.0451589598209691
0.0762861203386011
0.0867895239489603
0.0673469056998238
0.0892842537620563
0.0849244106331435
0.0625878045409766
0.0942304756892765
0.0974511478794776
0.0644486538846472
0.0694568072287189
0.0697690214312506
0.0650258191622915
0.0723575900260621
0.0699741169253115
0.0629452420614654
0.0907953244843793
0.0986306200129282
0.0633605673812572
0.0903427624705311
0.0711729459584947
0.072532536523234
0.0903310090270367
0.089518301447172
0.0638545966859613
0.0716121176612552
0.080336023675314
0.0643685552634377
0.0798160911417873
0.0792515779969846
0.0906317864043858
0.0665491316543805
0.108210201267111
0.0732957826439853
0.0472026766717041
0.0679378695632035
0.0740398363518014
0.0556564898861184
0.070827547801467
0.079524400310324
0.09643623697392
0.0571475332015867
0.0736528879660201
0.0668095270485341
0.0871435933193851
0.0487557089630579
0.100552299438436
0.0711999401409926
0.0730523519233815
0.0678878129655987
0.102844202763233
0.0883097636893234
0.0896040477827265
0.0651203466213043
0.0866732959880694
0.0530947008937615
0.0757779497229492
0.0882102734873786
0.0855712357827822
0.0596492165791495
0.0797074740483059
0.0774220862786673
0.0844709982085006
0.0717591553666393
0.0818403751616238
0.102989531343946
0.100984533761037
0.0726853499366376
0.108166587171196
0.0774671363702125
0.0950507932114967
0.0410979015482526
0.0837974225141821
0.0954119067624092
0.063066955365127
0.0586352686037052
0.0756449731306317
0.0839244357499148
0.0922200485073544
0.0983833256742037
0.092284814719738
0.0682209295895955
0.0752135561354472
0.0822535671684661
0.0363779366733125
0.0686638410444748
0.0800506228628573
0.0796642713499917
0.103265067657784
0.0594734036742826
0.11000558470956
0.0838249422094562
0.0573992989054597
0.0805784813786335
0.102473907320016
0.0674676639077804
0.100924551615193
0.0843011356302888
0.104755810845711
0.0770365202530795
0.0597698438196393
0.109622148224703
0.0640724438407926
0.100704313584957
0.0606698129068048
0.0875784088385329
0.0927082880944608
0.0646485935368081
0.0700645406831166
0.111089154794617
0.0660119163066055
0.0800002538113371
0.0898747694373531
0.0901579614478382
0.10524768408427
0.0820612818483065
0.102831926008801
0.0726201336019596
0.0760629626922575
0.0712755204908339
0.0602676601835679
0.115402266879672
0.0596594293191852
0.0504804652685287
0.071531498437842
0.0940985503256666
0.103764006950853
0.0897354884041659
0.0738730148640885
0.0684766405600024
0.0593007375922949
0.0838816082424999
0.0928038306298473
0.12185225997321
0.0615083220615544
0.0713364352908741
0.0802015227878614
0.0606839965409107
0.0768744634603002
0.0817465468650963
0.113558456063609
0.0755907670935622
0.0749134066339492
0.0881735208896115
0.0874677484890288
0.0651815563003749
0.0716622001049788
0.0755502419569921
0.0733693234783259
0.0795453278236641
0.105702629596873
0.0763682890512537
0.0841350965044353
0.0731023836873383
0.0965885619802375
0.0953225045891689
0.132688416591018
0.0792135750269735
0.0946395989003842
0.0601436253716025
0.0789397866335347
0.0665949643160297
0.0682869651654515
0.049754965612194
0.0586393639976629
0.0972418331423738
0.0944226053672888
0.0827132028250001
0.0963459097301297
0.0658745772120935
0.0599567730467938
0.0871252817527017
0.112918625477712
0.0584494412132672
0.098512998949509
0.0701486294008808
0.0950236891110233
0.0780333929021619
0.0918839025325263
0.0619512240369862
0.0857177116144989
0.0912703205907337
0.0974538818191888
0.0867574299442543
0.104843259188959
0.0669172515879988
0.0640141923495655
0.0606412954991141
0.0733541999641889
0.0695663911195418
0.0630856567669084
0.105753505698408
0.0643653408399431
0.0768394159882973
0.0713734882176798
0.0766986277771575
0.0606221213177221
0.0706785932075555
0.0645098568812774
0.0854758685224007
0.0789084244594607
0.0774140991242346
0.0716847617732806
0.0606144821905519
0.097334921354693
0.0771531558552012
0.0683083217044856
0.113178405575903
0.0780352698829084
0.0839438866924813
0.10057210456762
0.0891811286791587
0.0631843751286443
0.0925055706352078
0.0585747691214606
0.0642323108948643
0.0695889447026887
0.0839070140208648
0.0847742033977848
0.0598794083970668
0.0776126701680737
0.0591960791487756
0.0674468088034165
0.0656663446427531
0.0447156917044473
0.0734631162380334
0.0839165018195861
0.0769951964543248
0.0442777787202423
0.0783248223996097
0.057055848025552
0.0592619111953108
0.116529913341438
0.0658528579719868
0.0997116591358828
0.0667885134625523
0.0588495148093884
0.0655529853768039
0.0854570280215905
0.0859903118732241
0.0853671412554153
0.0594645527008421
0.0681207420962295
0.0702772498684415
0.102102268802624
0.0645399783173981
0.0795907793008402
0.0726392002303673
0.0742955908210038
0.0838596017349752
0.0930118299929766
0.0884071597053464
0.084925746473217
0.0824700130149011
0.088955964797739
0.0672502093929876
0.0747303352646026
0.102581361695908
0.0795269116708187
0.0991267568820418
0.0704718415921939
0.0716921374213472
0.0590509478496224
0.0754853175555843
0.109397119036268
0.0449329783992155
0.0777047408650211
0.0949916427471845
0.0898140144845094
0.0945269543506171
0.0739770042609646
0.0841232657610468
0.075460773461482
0.065758358779711
0.07461454653595
0.0526816227935024
0.0765510508488358
0.0845103332757037
0.0742627240567505
0.0780517996604106
0.064383227387415
0.0925002289626683
0.0787007386000242
0.0733738089268429
0.0598633855589369
0.0575015761628819
0.0831419210380841
0.100117085374342
0.0683836388063729
0.0857943620279067
0.0563382175378238
0.068898669755291
0.100256031136472
0.0510888075073816
0.090347519133182
0.0861925577291763
0.083021214662339
0.101313240126525
0.0664577038133207
0.0591348339838296
0.109257353228485
0.075456688645294
0.0453074043903643
0.0636489373943404
0.0737051684013083
0.0873653797594599
0.0499015625017884
0.0606613100820092
0.0728685499168137
0.0641517655848143
0.093927950802853
0.156796230976195
0.0662392553759555
0.0845757140987052
0.0636186134213524
0.0773596817468854
0.0872281807698961
0.0759829407571947
0.0892140985036357
0.0792762659712183
0.0609859693884418
0.0590276174774045
0.0488715168762905
0.0764792993240333
0.0592136809365053
0.0834507652309827
0.0862373188800705
0.090666167988172
0.0723913561102562
0.0712659135646864
0.0699830479984507
0.065370889390554
0.0766224614561988
0.0887111088426351
0.113064305739607
0.0715890706126217
0.111620503243514
0.0572011151501174
0.101820021298727
0.074637614683239
0.0869809575535389
0.0955336327478245
0.0874379510419297
0.0490453321139112
0.0917162369969801
0.113822784526126
0.0680503171573382
0.0686981887686329
0.117880596854005
0.0968756060714252
0.0492423674977137
0.0898465525605951
0.0895476364639003
0.0743868435612667
0.0619183419131573
0.0969593182500161
0.0524419736352501
0.0699856027454707
0.0896699745912231
0.0907611733327406
0.118022121749349
0.122303047620644
0.0751152388924391
0.0799637609494361
0.0748490186127835
0.0792091991412329
0.0798582735568063
0.0756300055743825
0.0797809742168525
0.085252514840747
0.0617992830981801
0.0458607321757624
0.0862621852516627
0.096913018167134
0.0985668025864944
0.0764953826391092
0.0882651383851851
0.0704190189396845
0.0552889557722393
0.0609662988914095
0.0803511040706375
0.0954135685947284
0.0639875815326919
0.0639214899484536
0.0813329506277874
0.0781736854608348
0.0675136649447826
0.0720701274254553
0.0902818201524092
0.0885647701016245
0.0642038361708851
0.0541448909898037
0.0757752535587701
0.0886301051718457
0.0871995474983236
0.0767684974309774
0.0887990490080841
0.0532832441514174
0.0678471348083732
0.0951386730941522
0.0953930243276941
0.0673852285149074
0.0674139953652999
0.052902408773853
0.0460008394059355
0.087949031573815
0.0782279451440065
0.0879877187432773
0.0919677983712653
0.0809317791404628
0.0943185084166774
0.0810341820528204
0.0787915486705768
0.0651538786626217
0.0586839122644388
0.0783005100970509
0.109513549071519
0.0873402937818553
0.0794116002365991
0.0670653795743954
0.0949805955343178
0.0634700432030839
0.0998146564540761
0.0745271690954099
0.0795155079258631
0.0774511506639568
0.0755935919720723
0.0864581342207648
0.0674702202221366
0.0426364455906653
0.076845908610353
0.0978287930888105
0.0792332563107821
0.0993041897575414
0.0535414891767062
0.0842812970100168
0.0951220575558737
0.0845672539690264
0.093372012754631
0.0989304989310748
0.0630086685491744
0.0646857196781822
0.0696336566990277
0.0692773895998927
0.0693397791894981
0.0632560252617679
0.0774628640996646
0.0650699788432941
0.0553233213271826
0.0803841158744685
0.0633783294740778
0.0736891506612914
0.0830202293817505
0.0760422840307096
0.0651813451876675
0.0636288036352498
0.0715438087188086
0.0864189371668018
0.0567145546953812
0.0559424923258106
0.0779007805961867
0.0752771996248065
0.0708746754667355
0.0768437033147363
0.0678990387416844
0.0902153120265388
0.0826531888381714
0.087728501444845
0.0848904933727714
0.0778119865264712
0.0650841245917174
0.0579023657085391
0.0613142959468539
0.075941926688355
0.0733449588468617
0.0777903373928945
0.0706611656011053
0.0570838195271674
0.0951070779505236
0.0822626482064366
0.0874397417974353
0.0540629006327143
0.0463659615925167
0.0646343157479837
0.0776099683680974
0.0794015968827083
0.0692553590651268
0.0702458408265775
0.126759373197105
0.0928758871262586
0.0713525249614725
0.080036778965418
0.0652187345821485
0.0476262246760983
0.0734161499879958
0.0867408566657934
0.082334829766483
0.0755486225074087
0.0769041796692126
0.0402512078012493
0.0919693709790829
0.0799463072245072
0.0644642667332217
0.120621498047921
0.0743585859966235
0.065658502245125
0.0953705068486674
0.0725726996316482
0.0789380962730169
0.06703401361186
0.0775873600903204
0.0534058420068353
0.0838601348924872
0.0779476294012095
0.0839162194737494
0.0647409619482226
0.0785380550870886
0.0731121599219225
0.09970082000054
0.0717966314335657
0.0683182248020313
0.0753671011258644
0.0902425874407513
0.101535517827705
0.0848924242826049
0.0711878694158838
0.0710245121257965
0.0839981011869015
0.0802203360897335
0.0679291234547327
0.105195970752116
0.075427733680662
0.0869455337130774
0.08628134915466
0.0642437009023143
0.0971887885771602
0.0795962363206797
0.0824285236614523
0.0726799520717328
0.0638705941251929
0.0870687522921775
0.0658769197544712
0.0698962897142587
0.092350470805913
0.0846133423075823
0.0711493831930834
0.0841496487682981
0.089648393438889
0.0847799263389744
0.0640928304675996
0.0895103351011312
0.0663269367743239
0.068684180457561
0.0802275341695214
0.0689390165438679
0.0981231699022692
0.0647747535663993
0.0718566456372325
0.0673023246888817
0.105339433377455
0.0800157343293101
0.0868017439041583
0.0675433573079483
0.0756596015862938
0.0593892810006996
0.0758332647139545
0.0687931891895647
0.0713250324261255
0.0692409891126387
0.0898051132780309
0.0787758138343372
0.064360373528981
0.0826753739596468
0.0906566388688344
0.0757516109680954
0.0638001249432351
0.0923237899549863
0.0925720212814129
0.118018179614278
0.0881635256633216
0.0728061424364114
0.0998287742116868
0.0862095271566165
0.106508378551578
0.0812101100395702
0.118055399935601
0.0776519254633855
0.0876814739146978
0.0799112226950036
0.0587279471772432
0.0755512385323334
0.0628117937871498
0.0799618187110884
0.0828711999552918
0.0576141820024719
0.0811723009884186
0.0549421401762093
0.0611302533181642
0.0810920944055073
0.0955029996950467
0.10605140704066
0.100079784283068
0.0841057132617392
0.056916661099368
0.0920063393161506
0.0905861648715975
0.0554221243896806
0.0913047717412557
0.115000041395635
0.0888275366410113
0.0641865911119371
0.0737599554343122
0.0628305386914325
0.10204066409645
0.0622182637502118
0.0656910694588095
0.0719887365118718
0.0645886027142569
0.0694207131807589
0.0914966019428465
0.0917345858982513
0.0724467709655276
0.0749350675467234
0.067427421697844
0.101935941238855
0.0798294879111741
0.0727670229197045
0.0882064200891364
0.0991367585797292
0.084086233822289
0.0850619178292957
0.0771066013335599
0.0995604054972069
0.0688169971960179
0.0790689540110054
0.0890036761279432
0.070113064613562
0.0876148975239973
0.0894603144685607
0.0873656282360803
0.0570250346738872
0.0857847904778147
0.0554553327139727
0.106688892804316
0.0884382230808321
0.0833474484696029
0.0623527324433352
0.0607583266474093
0.0911454615284008
0.0797507540935048
0.0808332574822096
0.059444929868232
0.0962704225263837
0.0703137991249361
0.062661740294955
0.0825489649064644
0.0603629938748922
0.0997046332789344
0.111901342651637
0.0668042660261292
0.114957039684988
0.0609423468269687
0.0781417299389852
0.0744094558169827
0.0663176962274175
0.0742559046144719
0.0600412009614246
0.0770889952186692
0.0896286186769809
0.0566499111525318
0.0966569183214286
0.0412304573281784
0.0494058524429192
0.0700314208263686
0.0674108236793514
0.0596979210640492
0.0782265864959917
0.0668846215821254
0.114071958023868
0.0750960001357453
0.0853862846100153
0.0911489554897
0.0646877464248259
0.0792517996658091
0.0931185948275702
0.0931642964526876
0.0803814606279522
0.0832025162177105
0.0615953336405568
0.0973258016775469
0.0708903235369855
0.05440327982911
0.0878577152106746
0.0693173705103985
0.0731143758678679
0.0957132748271982
0.0632169415940844
0.0741607651946273
0.0558081629984399
0.089960659835617
0.0495788670833182
0.061417826533473
0.0738818716645153
0.0948466517564005
0.0838475125076337
0.0710442193841291
0.0681661581592895
0.101584514878509
0.0849070482790965
0.0681099659951264
0.0759700355943144
0.0826076312836017
0.044917430458459
0.0504889293932524
0.0753720266638765
0.0796015290269149
0.089816019307838
0.0674817262677214
0.0862655035238431
0.0858979635524
0.0914755556387151
0.0979048665687387
0.082598476611684
0.077707873130181
0.0585464223371866
0.0527065878744932
0.0508355042086568
0.0679727297768256
0.106870342213577
0.0911490166341041
0.063698189203633
0.0551649876606158
0.0760570033268457
0.082560498517291
0.080539576327748
0.0745629221392555
0.0896919338230294
0.0630792284976919
0.0537037074215353
0.0765717035472596
0.0956534382033886
0.0821263865947671
0.083446008589647
0.0806403262370918
0.0811152447345481
0.0833440691148372
0.0987658852701808
0.0733857407207918
0.0945252405102615
0.0631313854442828
0.0905438076105382
0.0653964740611687
0.069275254553882
0.0804354680312132
0.0893630449179247
0.0833694648053336
0.107736829440577
0.0994076991322365
0.0811368142117879
0.0786128180351677
0.0424973825426518
0.0599060968046991
0.0694063001942193
0.0762116952991064
0.0901475140238188
0.0641557201113311
0.078487155795649
0.0515449459583563
0.0518260908918136
0.0969593841320488
0.0963408808180027
0.0757801958166933
0.0839453033814847
0.0469333815824953
0.069603721685088
0.0761451218683813
0.0701735156911241
0.0715979612318802
0.0661122655068413
0.0611980760821856
0.0828037745218915
0.0746293492947676
0.0750615438578301
0.090923798850762
0.0981745821872501
0.0884656124462924
0.0838358912330687
0.0737898704502014
0.0696177437481952
0.0472417237916338
0.0664676492674728
0.0631802122107507
0.0997179708025326
0.0658749718877969
0.0886459791856562
0.110549848853103
0.081699492807826
0.0765352531358325
0.0820974534324189
0.0656093245056546
0.0913187286918026
0.0516002362228304
0.0808033955936023
0.0598649236175967
0.0659735152841351
0.0944967327245244
0.088464498916844
0.049448338935142
0.111689932781778
0.0812299729234703
0.0678832184582027
0.127792882372168
0.0971041726048206
0.0717720879855363
0.0914356100928911
0.0789652854264514
0.0915543393028123
0.0910535571257823
0.103761527118897
0.0839671295510014
0.0586416044388676
0.0874526842912262
0.0838597482337316
0.0984204198359506
0.0617541971560787
0.0806196146721914
0.0441832185139029
0.0892768619716884
0.0906719734687202
0.0750379249334026
0.0654940053156646
0.107945927041632
0.0628076966524005
0.0525104613970249
0.0769145671387564
0.0819536483435606
0.0931542403847956
0.0943769455871671
0.0480112995761619
0.0797720225756458
0.100066984689093
0.100669784782624
0.0747233144393075
0.0672984516626002
0.055879620323403
0.0752821932676737
0.124858305193964
0.0923790408829357
0.0718219907630847
0.0758235150218335
0.0793502271640392
0.106948885958329
0.0819354244999053
0.0829359623227651
0.0818024933799755
0.0640479481527741
0.0647078823350893
0.0686385476945385
0.0709800014631593
0.104043828326339
0.054378026497801
0.100454621433385
0.073907140658671
0.049311239904981
0.0813933019831272
0.0609603472844984
0.069248229185993
0.116067394291175
0.054647491437674
0.0794007056611555
0.11022795602278
0.123836808324565
0.0833466651082931
0.0683192189769968
0.0974869786151432
0.0804856181185702
0.0609213207914901
0.0868723264755702
0.101934214993368
0.0788702584909642
0.065641196327868
0.0701534947273808
0.0746420865709053
0.0640125301446357
0.0743526669514371
0.100068238188126
0.0750938983456526
0.0626626494243755
0.103245875954088
0.0632442229620653
0.0656879102741463
0.0758145648267457
0.0611261441645681
0.0679531598278557
0.0591067028286026
0.10125260816919
0.050216074167848
0.0802395056936368
0.0683886458402499
0.057590925122475
0.0922066455448628
0.0582199658493528
0.0580743795157191
0.0628117910880862
0.0783616813366308
0.106956309743773
0.0511815700155011
0.0702070338244957
0.0923383551689387
0.0831208161162403
0.0816313199017148
0.0663205001860225
0.0571379583256549
0.0883747862742652
0.103717049690927
0.0792173553631481
0.0632779982740611
0.0889995125973999
0.0608060860642523
0.0753542635696829
0.0789319894793328
0.0696127436723527
0.0814258546377638
0.0824201376550882
0.0608599337868236
0.0827275599798886
0.0827523425609519
0.0590969450421844
0.10842360171746
0.0685048920362334
0.0928495050678009
0.0845509920542217
0.0633241191161675
0.108145670239201
0.0675161485848538
0.0541647366709089
0.0674951491843541
0.0839859923754444
0.0572748899384297
0.0745502417399295
0.062401580994004
0.0869396653641344
0.0723205771099323
0.0778701884589254
0.0650180039978872
0.0806339160328241
0.0969882910384489
0.0789316741643723
0.0905926682285247
0.0825471718334601
0.112724694718149
0.070651347022489
0.101793270517017
0.0927513139584553
0.0746478486243974
0.0654283931077092
0.0868328496304769
0.0780382737663696
0.0614735561582256
0.0994208872050454
0.0999242308861508
0.0729594854254742
0.0772943789653218
0.0980999684869032
0.109317497689693
0.0639861205055777
0.0707758441332475
0.0836260672683642
0.0852014453194777
0.0543466118654953
0.0743071125024522
0.0753085587649228
0.0932578780923131
0.0752769659157695
0.0707488344428634
0.0850790083470305
0.0809528153733554
0.0821814788112991
0.0630660858118984
0.0903210680945745
0.0629955730603895
0.0612373280972441
0.0762327269210498
0.095037951292473
0.0724894174715345
0.073590318277866
0.0852140978368199
0.0720935135399032
0.0669511375532008
0.0660798378680825
0.081364553715487
0.0770782505286458
0.0828628525867001
0.0783525348108989
0.0783537718872157
0.0690254738522693
0.09491110918672
0.0915060978190243
0.0829076449855611
0.0723914953962267
0.0761438186883414
0.0679209616665727
0.104443820156429
0.0754403256023459
0.102107618804955
0.0889783134842661
0.0653412680230452
0.102154849681225
0.0681461729953949
0.116535900276504
0.0815046909292369
0.0747730978392824
0.0913795888251192
0.0555884730155415
0.0748662250025327
0.129964359788504
0.0634747537970257
0.0733250601157865
0.0520164479925399
0.0798534701857214
0.0836922626207117
0.0938183565824379
0.056389653742816
0.069292982589117
0.0495555677678619
0.0995689083536442
0.054530751903986
0.0802275670668742
0.0986928805633638
0.0604729410540535
0.0708175258046878
0.082043356768232
0.0514382618163012
0.112428224996717
0.0955834476752204
0.0600564138249642
0.0836006231759725
0.0803082935256768
0.100544147244813
0.0515691953509981
0.083367200652502
0.0693289952941099
0.071628354971799
0.0942384374764668
0.0787073698318667
0.107778634792665
0.066806583949244
0.102863326079937
0.0598411505099623
0.0865613243279463
0.101580921209585
0.0749730061697692
0.0927594110120344
0.0718631816977707
0.0993306157819012
0.0792876638280094
0.061965370836645
0.0830845990528982
0.0644060999858301
0.0777392275273067
0.061183512163029
0.0918629886672071
0.0686421987739139
0.0929410621540741
0.0569199566718099
0.0883154468466373
0.0778388857335984
0.0957289055824353
0.0732830063113
0.107569407799921
0.0424608288160301
0.0949878774816946
0.0904871593262553
0.0828337356167854
0.0553004144982975
0.0809135753276956
0.0859201611352823
0.0598454546956926
0.0884353692601553
0.0718064837322687
0.0662198695325953
0.0834134356013872
0.104111876592687
0.0806239422924698
0.0900070982479404
0.0693709641704372
0.0826073200374001
0.0794569587641985
0.0609517862534656
0.0822625850800545
0.07579504421057
0.0709428722380301
0.0495407088379197
0.0712396561965847
0.081815357688924
0.0947163724981236
0.0720689436632767
0.12309422722407
0.0681879415887117
0.0929311413094331
0.085028810342157
0.0886039429087077
0.0859007586976553
0.0950167895635371
0.0683330600809076
0.086135456630973
0.0745320324251652
0.108350728074182
0.109253876099618
0.0901248185471977
0.0849160024349809
0.0920481301296992
0.0911810355839705
0.0785459519022067
0.109818281469691
0.074605000898639
0.126127231828213
0.0868760321155404
0.099297711183236
0.076942202345724
0.0707355718614871
0.0616248486096563
0.0739658469793825
0.0618068986488995
0.0762823801100204
0.100310458210163
0.0958646828663355
0.098124164548161
0.0881533740080498
0.0720767254789783
0.0694391445904465
0.0852131254008318
0.0669793843797768
0.0692396070647836
0.0517081983486915
0.0837126661564951
0.0590580188599064
0.107403485686525
0.0920890242330317
0.0956201770875784
0.0690203076434475
0.0921070312967524
0.0968607668857305
0.0921975506878625
0.0675092976889672
0.0863089498188454
0.0854291167233292
0.0791602682410791
0.111199901329124
0.0884227054666186
0.0730546489355782
0.110533529641135
0.073535805899668
0.0836347362495246
0.0859280689814916
0.0932675693250669
0.0629705394598851
0.0708227248497807
0.0552972266442311
0.10994119330724
0.0583160146525893
0.0911915422331482
0.0522830505985536
0.082094503385686
0.102807844678855
0.0852417596474915
0.0791904802226119
0.0611105986626056
0.0844321080358796
0.0575882165415769
0.095146023735958
0.0967918133164558
0.0571469616759203
0.0831735258599735
0.084015372350427
0.0709729873707994
0.081521419770855
0.0769825337970826
0.103512862907382
0.0789931893686134
0.113524357019204
0.059576543406706
0.0991850113427958
0.0807090028828037
0.0571964784931945
0.102184539282355
0.0940313786277893
0.0641249496294717
0.0737749975086485
0.0732646571199789
0.103592210926286
0.0832416379664688
0.06992645806597
0.0730285224111815
0.076467488700901
0.109094288182223
0.0814535106133061
0.0766380838329896
0.0692845844101764
0.0751240056908829
0.095623765785576
0.0786592493136859
0.085728646703091
0.0890178052388255
0.068163862098184
0.0597365865880625
0.0794308687549537
0.0590418567121059
0.0785553183596931
0.0801378723791691
0.0555923487309141
0.0848359416692984
0.0968368934867898
0.0949098314498638
0.0690826866645784
0.0733641537793545
0.0647080777567954
0.10203406745115
0.082258899868102
0.0716647038016656
0.0729925446006709
0.0895287766422072
0.0821431024438301
0.0781588154326004
0.0947487534333571
0.0735050602069523
0.0788318957248891
0.0916659607025621
0.069291450779953
0.0927325011497177
0.0743937917076979
0.0721471260829652
0.0854799704002855
0.104212888627138
0.058653316699196
0.0746959656869004
0.0491577222151169
0.0828000749309287
0.062915269322731
0.0552845400413789
0.0632690551856905
0.106516960705295
0.0777656578856857
0.0687165306649264
0.0782756512393375
0.0811829444291972
0.0518693935112653
0.0457982114249109
0.0836725453472277
0.0821922508764079
0.0717955632269185
0.0583360396462254
0.0723293465750634
0.0973942778959714
0.110676875551543
0.0700905388338441
0.0627377434967612
0.0714209675356417
0.109810533432148
0.0672967566571732
0.0682663471661687
0.098374328801733
0.0699625432813697
0.0899508518863385
0.0638385993329635
0.0683232942979412
0.105398302802661
0.0668492437484795
0.078703280112608
0.0821362917974924
0.0547813838812518
0.0565950914098407
0.07148200693431
0.07652057911128
0.0477429908136291
0.0714399487934044
0.0736014625951849
0.100081541177278
0.0638084909291319
0.0696558892227934
0.0739753905055524
0.0851729108390132
0.0781798603120399
0.0712577754714572
0.0656173577371815
0.0933632973466936
0.0718367878672173
0.0652982563782118
0.0877001906062677
0.0793755874157141
0.0619765322629278
0.0854963060320636
0.108889109995091
0.061498958713623
0.0541601930487468
0.104029112766491
