0.0774742589721446
0.0660217231983302
0.0592330683459335
0.0535012138070339
0.063527048161735
0.0581976128672846
0.0759984685012299
0.0580444314154219
0.0741844511113545
0.0710007396280407
0.100936215702659
0.0549160044385795
0.0589034832888647
0.0719477479513717
0.0717885737529266
0.0723803008983799
0.0721126990296874
0.0527027859425758
0.0777951604817747
0.0729181433172686
0.0738066307851253
0.0679417562125341
0.0624256750363277
0.0852568045529295
0.0594269164522057
0.0524842147870166
0.0581144739625113
0.0659009641304564
0.0548310951032602
0.0527971265220529
0.0666406049491043
0.0765815768269278
0.0434982235731084
0.0778122157785543
0.069122300948618
0.0665270126476545
0.0682397472045237
0.070555812696708
0.0835496138940629
0.0601452452361546
0.0743271063422245
0.0707295756178217
0.0585061795686
0.0798563764788346
0.0968769269246042
0.0559646048180046
0.0902324255432334
0.0964929857082809
0.0697557258392335
0.0588072858311478
0.0767885666347514
0.0721204331983854
0.0613440186363192
0.0613844096344989
0.0992945376197417
0.0500414978717114
0.0605360903925944
0.0700259381379951
0.0770393740129194
0.0567689116661248
0.0815338185868802
0.0522147504570278
0.0610326570807005
0.0765924274213359
0.0805415847786553
0.0584565450371899
0.064548275842495
0.0740855439002681
0.0499241012546066
0.0816425881004576
0.0890046388594913
0.0835439445976643
0.0640239918380752
0.0784961641396586
0.11123058545792
0.0686977221681452
0.0578587661915952
0.0714873798796375
0.0815425417847625
0.0707663894925143
0.0625503952972931
0.0740380707445948
0.0806902599485758
0.0593752453241063
0.0801666335695696
0.0814205619858017
0.0667316796777386
0.0734469905230949
0.0936751797583306
0.0653964100662959
0.0911585377536684
0.0936256956970287
0.0605868781782957
0.0934802004808977
0.0725426521697539
0.0593067389863024
0.0989715317638736
0.0854146640511878
0.0727666112748441
0.0853383234963762
0.0693962540894446
0.0778198080965456
0.0792551383512742
0.0612482112777477
0.0651094558973902
0.0632355188693702
0.0842479290891811
0.0502835929371903
0.0529315544397268
0.0866810010795657
0.0844205444749039
0.0670427602999258
0.0769060217639029
0.0715136843188863
0.0725108917807946
0.0641904382827725
0.0590200024003663
0.0673463602063423
0.056373633834865
0.0590536013184781
0.0606506307295824
0.0687780650276125
0.084770057009195
0.0642519999397327
0.0768860575469213
0.0746811050486924
0.072946915923948
0.0574331636643311
0.0714754151445731
0.0916007346937815
0.054722514951775
0.0752207698476334
0.0924292196812834
0.0701613094385607
0.0577172149090489
0.0866160024064674
0.0805503581694987
0.0750363389069506
0.0618817001969557
0.0677924448122118
0.0853883170591667
0.0665026845932346
0.0794440516707536
0.0715233434817893
0.0636877484559887
0.0664389642267324
0.076614248376715
0.0818547640000664
0.0968278013810414
0.0678796449002669
0.0746358361749939
0.073242057131004
0.0657347952404342
0.0688023165019049
0.07618082429963
0.0695074398996187
0.0883285738094608
0.0405252161900319
0.0959109142647618
0.0663164922574635
0.068571386748145
0.0653326098243359
0.0655423081974263
0.067778840241823
0.0627385044037918
0.0572181330206783
0.0767950725944846
0.0918303897732152
0.0470006990145497
0.0718757450690589
0.0991015156771603
0.0657237028735639
0.0672212274347575
0.0841784093662227
0.0629727347787813
0.0813978077802631
0.0896952763996204
0.0964577412187008
0.0811765724388421
0.0732773089818504
0.0913771949658833
0.0663782650241223
0.0631640158698513
0.102865800108045
0.0566254367995052
0.051181401704148
0.0698148628873614
0.066023597942482
0.0548745004773083
0.0623942607973524
0.0655403761300251
0.0753589474404753
0.0617164149068023
0.0592742268423799
0.0619718527737661
0.100155846938005
0.0548690457184445
0.0740244207189615
0.0724241773546802
0.0575056221527251
0.0705792002524958
0.0710618238190918
0.0824439034830038
0.0501255972103281
0.0637849964652532
0.0706132619295245
0.073775862686246
0.0612006627650819
0.0788494887636402
0.0606421422648647
0.0785510852963183
0.0591227035173699
0.0965461350871006
0.0614660248300079
0.0829385274155911
0.0657173658591991
0.0637430229971388
0.0741095425029764
0.078819780564562
0.0848925939834832
0.0643421930757754
0.0627616818737529
0.0648143607064807
0.0681003546565003
0.0571826013785289
0.0737065089234544
0.0768059512090197
0.0531087076959724
0.0755908271333081
0.076931773065535
0.0617643452166663
0.0581952206158968
0.0624963001297523
0.0696162900978651
0.0761970434567567
0.071937275814886
0.0694339011405826
0.0776917835686124
0.0845149218625049
0.0552199039900568
0.0682568274689222
0.0820838213879677
0.0644834674548156
0.0697233463868976
0.070724930932664
0.0790404369807768
0.0772343896978047
0.0475321056174956
0.0825290657349884
0.0580522033399286
0.072441606615886
0.0804890203108874
0.0662592194846852
0.065261721351972
0.0689089883686009
0.091692666299413
0.0604894846429098
0.0593965949922582
0.0781382955819259
0.0946460397411449
0.0748956526638851
0.0694675678476939
0.0741037144347148
0.0488578889642368
0.0745196100239103
0.0576524051605954
0.0525510280295558
0.0658489100475305
0.0801104939739092
0.0622449230406468
0.0805176020608014
0.0666759457675519
0.0605551288874557
0.0424913385672154
0.0780979677505693
0.0813006445286531
0.108506955354668
0.0797397588517391
0.0676954082966108
0.0608704707929902
0.0913832724176275
0.0907347364626513
0.0646003275203216
0.0450076101773112
0.085861464251069
0.0707136965607663
0.0528032126819547
0.065131991039669
0.0887642527189459
0.0721971131275971
0.0717846634046182
0.0590449817692316
0.0716546660197064
0.0865769577003293
0.0624657976508508
0.0620158058967032
0.067072875450616
0.0717510062226713
0.0808249253396452
0.0920422873809744
0.0740809004357713
0.0683597495189074
0.0608036668660615
0.0915822036360234
0.075108963793993
0.0787119481693288
0.0798264258581747
0.0661843410180581
0.0861462345003494
0.0594235372869504
0.0985960780498078
0.0774465655789072
0.076776786351039
0.0506059746778697
0.0500359409222121
0.0875659459853413
0.0602179425791478
0.0504487539392791
0.0876158217417182
0.063637562724965
0.05167382648484
0.0686729975080452
0.0623700548312939
0.0917414058598305
0.0451123121116792
0.072146211504739
0.0753997620012003
0.0598698087421909
0.0680659096882368
0.0794237023337143
0.0818927645141997
0.0686970952852791
0.0720820428307277
0.0927106917715381
0.0816384265476306
0.0743980706041436
0.0622071521693173
0.0618243410717674
0.112638417602603
0.0620003696560405
0.0715132167822732
0.0736578359224355
0.064955977502419
0.0811674434379963
0.0598761479943423
0.0703845425220277
0.0594007784120662
0.0710470082062448
0.0715600843286392
0.0566907643267229
0.0905898712935725
0.0953710017236038
0.0597656696948966
0.0556208493742508
0.110780063904381
0.0633782004799225
0.0532431074881439
0.0619300630148897
0.0855170239700409
0.067364158809032
0.0547673212652451
0.0601045433465219
0.0474402422630254
0.085057644004165
0.0806059888224633
0.0765137137722594
0.0649614728698369
0.0675850962529088
0.068229854812285
0.111810571726395
0.0538562797383258
0.0735700914355646
0.0659229454544203
0.0744625257729621
0.0617783408760484
0.0763775761456744
0.0793294272184765
0.0717368784109409
0.0700327798895233
0.0718053721731253
0.061234476811509
0.0799716037529181
0.086208672583939
0.072371702793698
0.0717074536629237
0.0694397365977348
0.112547021217089
0.059590255417247
0.0852669858955259
0.063401118980015
0.0581365533086927
0.0545403189471224
0.0720066069627775
0.0623077092111492
0.0847726946676208
0.0700352684987619
0.0928567916016596
0.0639665805566753
0.0599645326935676
0.056662474464609
0.0807965619949509
0.0950249540966714
0.0810041338598198
0.0797782925138898
0.06647187916773
0.0611978453969604
0.0688167203382661
0.0713795121562687
0.0838792622809217
0.0532554217071727
0.0687143664025744
0.0596210128117494
0.0678685495377797
0.0804093725054911
0.0874485759594197
0.103561600628407
0.0821443943534293
0.0629500604412204
0.0783267973616351
0.0845501558880478
0.0684625773663417
0.0556599090976536
0.0752180401697884
0.105711395727024
0.0653354865134233
0.085072485463042
0.0681871966116867
0.0831655234882971
0.0760194181441177
0.0563708136660229
0.0350157512602947
0.0729402945020146
0.0769795844546239
0.0815187147050891
0.0754272858227831
0.0773060809773825
0.0591130623635328
0.0778458526372217
0.0736734053777444
0.075442638603319
0.0918310707496274
0.0870597820144328
0.0626515853751186
0.0881195160954694
0.0760412429122232
0.0752564731475899
0.0971626353694788
0.0504537306798704
0.0621383977211933
0.0816114442774877
0.0881265001909751
0.091269094135867
0.0566439458688325
0.0820614674032458
0.0685810254082115
0.0727411809542265
0.0742885474423741
0.0565692797838021
0.0716553978832865
0.0587382579379224
0.073158476312041
0.0670042131501084
0.0755230649777543
0.100488687770133
0.0661618897699221
0.0780754035794899
0.0741661881583496
0.0547101559170184
0.0526272008590625
0.0684791791819474
0.083311320577356
0.0590149572018078
0.0653817400021998
0.0692569718078205
0.066904505805331
0.108534214029348
0.0903121768301336
0.0797730160279665
0.0632778630137036
0.069609441071167
0.0733752753678985
0.0639284759297187
0.108577257802269
0.0662254659825046
0.0938984006331466
0.0662825436236242
0.0580907753626655
0.0665175541086442
0.10405119293575
0.0654654479229743
0.0828963230990203
0.0430408321757889
0.0772337731361619
0.0824435726411565
0.0683271001859768
0.0635883335262449
0.0825799068174544
0.0597711849485934
0.0641656063219094
0.077043499790836
0.0741793526878656
0.0664591593288788
0.0700883937340626
0.0743393054896295
0.0761420142804384
0.0505800797006515
0.0733006081322078
0.0697981726511908
0.0588006965805977
0.0974363972096844
0.0719579980040143
0.0593409814485882
0.0802930488377031
0.0615997297788177
0.0656447544219829
0.0792014685180992
0.0558106881602837
0.0899937354516247
0.0597974575707726
0.0697417985429704
0.059752592446513
0.0852766481894136
0.0711028610798258
0.0723466204617125
0.0378160134165328
0.0689943068160902
0.0594934314102481
0.0574539451085063
0.0939854888895933
0.065529946155495
0.0778166241640245
0.102227232141778
0.0835730020612715
0.0593974540906347
0.0873664108851146
0.0452262788475072
0.098474254337697
0.0637175273046307
0.109350241579694
0.0831869828173939
0.0850249451604864
0.053921332799534
0.0733655030090108
0.0910698986913716
0.106230004367174
0.0993903901257019
0.0915822093951746
0.0627784342696995
0.0638063093217585
0.0879332309626315
0.0569883610108301
0.0747875522516607
0.0734271123710329
0.0629108339793694
0.0627355086436803
0.0612721709799127
0.0817487124643497
0.0645667079404694
0.0680241805409971
0.0598771658129537
0.0817143146645994
0.0453765004548169
0.0614443881580045
0.0687221977783332
0.057069397289951
0.0781101617315756
0.0671136040896396
0.0623520606659764
0.0652737472405764
0.0671345674555906
0.0557291356249412
0.0716114830324947
0.0653601034098959
0.0743601945403849
0.0771490599928151
0.0654040155156794
0.0805780152127652
0.0553727523729604
0.0716061818398242
0.0841780366951623
0.0647624196111667
0.0641650665708557
0.108092974752569
0.0923036790527284
0.0654070055946637
0.0706394798334144
0.0572920248746743
0.0785075214092563
0.0615822869034701
0.0980424317853206
0.100702231836847
0.0738738458095687
0.0658683693509382
0.0567779621839862
0.0557386194281472
0.0689603475967164
0.0729994001997577
0.0800386995405103
0.0569683023041537
0.0814018673688216
0.0776168956391761
0.0494092840605413
0.0779107033316616
0.057620822851727
0.0739688205429687
0.0619155767497326
0.0874322406910687
0.0549124573074628
0.0711781630292583
0.0523408223082487
0.0878817022686016
0.0925206421359703
0.0542454571545589
0.082709237282234
0.0907351195398999
0.0772824261306264
0.0625327957184319
0.0766428003443845
0.0820963109889898
0.0904488352885793
0.0772024682542895
0.0842802126041789
0.057736049010174
0.0670434366881284
0.0890762737459666
0.0856459866049677
0.0663389198167137
0.06977864762404
0.0848642512947878
0.0954752909080181
0.0710245478010476
0.0804616369233725
0.0796706262274042
0.0759367418610002
0.0841459648182003
0.0735921889022638
0.0844863932838469
0.0752348277430132
0.05979809618844
0.0657496449759223
0.0694064139801438
0.064174172662243
0.0857995454054679
0.0847552762545548
0.0666909682586263
0.062236466426029
0.108157133544212
0.0697558902512572
0.0535193877769634
0.0851493006032939
0.0914112670520862
0.0717017979422433
0.0568594163734067
0.0732770381999877
0.092356732453978
0.0755657763542318
0.0744420218514976
0.0697018425551099
0.0925954587259561
0.0800207498192939
0.0846066378187257
0.0686228297762888
0.0593993203978612
0.0671395117966461
0.0826511601242075
0.0703293535381596
0.0568580306941858
0.0592272038946076
0.0836273379010183
0.0690677576909369
0.0524601068179201
0.060888262332831
0.0753995320511158
0.0556522672732921
0.074845886977827
0.0586092660864256
0.067145732046771
0.0612102200624134
0.0439762778688346
0.0552425725146516
0.0693005381851275
0.0624819810740848
0.0770359331748083
0.086704900851011
0.0822879836647624
0.0733529339315625
0.0997587071556237
0.0558784465609035
0.0684678798433185
0.0515754397443269
0.070057013212814
0.0929180312472114
0.0592863928412891
0.0767840658664591
0.0727737790572298
0.0724448775353983
0.066988637860632
0.0755422474013224
0.0718808010348178
0.0719626294747737
0.0487451411161996
0.0688374806043075
0.0792137541223823
0.0519286008841809
0.0625553969311814
0.075604060217261
0.0699567450791177
0.109286381066196
0.0761130487913818
0.10126129809374
0.0731108244183404
0.0585066022087614
0.0830737173694388
0.0737553763606011
0.0769901871242925
0.0752205341261439
0.0834173680093338
0.0699067699127918
0.0879352130130898
0.0785534646466731
0.0627140619466798
0.0703427886713121
0.0902375511628056
0.0876735005660778
0.0775574469382046
0.0843597401785247
0.0677455493540217
0.0908345025650766
0.0514404885986967
0.0609712595765511
0.0737725819840319
0.0533462446603373
0.0557352969279424
0.0670068132880695
0.110913827142247
0.0780260766831238
0.0679724506087278
0.0886700002617372
0.0864843818208652
0.0584281379253711
0.067880506448445
0.0626368244430488
0.0726361150880333
0.0619268581827739
0.0383589322800274
0.0836993114894965
0.0892327544693817
0.0788451270108081
0.0475597966614749
0.0798438238561462
0.0623655797202814
0.0893080206910159
0.0858435181637108
0.0714006383535955
0.0945481769569576
0.0768270241889646
0.0765578668616313
0.0603504167999162
0.0991174217130299
0.0684162186258738
0.0832528339453477
0.0811237002259793
0.074051286720561
0.0776831418054963
0.0613917391787309
0.0659680404722438
0.0690172579108938
0.0571517430259685
0.0997924277481012
0.05572351747578
0.0703877865553592
0.0699187027213361
0.087020391746869
0.0560148172280571
0.0614067547595238
0.0717453280792152
0.0631179911848506
0.0705293724948756
0.0533473151191577
0.0633742281668035
0.0659297128172833
0.0708408800855447
0.0669742855498596
0.0715431275730279
0.0654049719517821
0.0702769416947644
0.0800902768941543
0.0889678455524888
0.108618606357913
0.0652592050169559
0.0698737022097551
0.0702086741390842
0.0789105532253691
0.0736241053098217
0.0821080779753644
0.0625205667782944
0.0791225898867618
0.064913108917078
0.0675111941361968
0.0810533148260559
0.0721331496138643
0.0786651198510584
0.0666359262426513
0.0635588087583397
0.0847454694858382
0.0664011930967469
0.0738132527365777
0.0610649932320836
0.0795512721875838
0.084244594716387
0.0659123740479197
0.0767386088592149
0.0825953980117081
0.0654980599701977
0.0590501768535434
0.0739239235492055
0.081101814241456
0.0834664019636311
0.0700156971572004
0.109886159963481
0.0540240679405121
0.0557949328982465
0.0678172543137928
0.0526666699975196
0.0558443998920799
0.0696298755268537
0.0625529888150424
0.0875933041211976
0.104473372703882
0.0831355546347059
0.0842367684033163
0.0789393448665109
0.0671494175668981
0.0692598030422752
0.0669956366232989
0.0520100253705892
0.081678598096041
0.0900770849925538
0.0655490572214033
0.0570083896936753
0.103213457211227
0.0715406559521273
0.088412188204443
0.070439911810699
0.0728702443139613
0.0843872910254148
0.0625803104029103
0.0777034099098976
0.0666431168986857
0.0642660259954139
0.11820718809781
0.0596903206726982
0.0717744370872238
0.0580403072936266
0.0705636061988624
0.0717539826822074
0.0559231138640279
0.0742936504212436
0.0732407683763467
0.0720484191935155
0.0511444498448548
0.0820058428176496
0.0702486286880838
0.0804410029946184
0.052565217799653
0.0790607223152976
0.0706948103922994
0.0681542914161061
0.085098654228543
0.0755315644407082
0.0755227769623317
0.0783664088396975
0.0623809540394564
0.0853161048755354
0.0732777881126981
0.0883845372089012
0.0622192732096327
0.0749822953189539
0.0669108756722241
0.0582425946322099
0.0871218880469035
0.0701496078876934
0.0555662709657387
0.0768259691653892
0.0702253710206047
0.045862310145338
0.0689841724252142
0.0795525699887553
0.0723311965455169
0.0622162360519837
0.0558285819192304
0.0967021861359681
0.0734128002483423
0.0634953228509627
0.0835399945485017
0.0986714195069793
0.0718823909988772
0.0671926164129483
0.0956237266150952
0.0522209414575006
0.0889028939344644
0.0717316378834414
0.0747427407326378
0.042722735746331
0.0756890703705764
0.0787998954227821
0.0818080186985409
0.0722869270602629
0.0707555452254369
0.0547738665509799
0.0558342925891927
0.0863284622215882
0.0753723902211667
0.0709346847121257
0.068070069626179
0.0618214667565531
0.0817904342608352
0.0727504741513562
0.0804287418107825
0.0954177910843427
0.0705842684048003
0.0626638571429589
0.0843097342590188
0.0622086108150191
0.07202657082215
0.0777241451584063
0.0869224306674169
0.0787636434518927
0.0754661164134623
0.0592432065564158
0.0702174029058831
0.0825310669356313
0.0490627416457453
0.073199682896223
0.0818562768428944
0.0576947781443678
0.0885479388264955
0.0426732855503351
0.0801046670332808
0.0529675975882751
0.0617340216071924
0.04493245336897
0.0859501906880911
0.0681166963996501
0.0775342741596438
0.0582612089134947
0.0517789156611487
0.0672187762199826
0.0761614438429824
0.0868816074606443
0.0652084326647104
0.0663144510346978
0.0810743836814515
0.0543008776752902
0.084223804422192
0.0858542785249635
0.0665080443943406
0.0600511755441678
0.0557759143111366
0.0708638450424117
0.0525477720585966
0.0909982622431383
0.0660960376079342
0.071756053246413
0.0827026819452362
0.0999156928146929
0.0825254436515124
0.0895933412465166
0.0578927532937274
0.0686333194939641
0.0725866010008211
0.0849473707566717
0.0705838489328632
0.0666232975966305
0.059495033057802
0.0588674629908546
0.052685365075251
0.0844380006880335
0.058992074470984
0.06543676316187
0.0667638584987497
0.0625878224929918
0.0559709135048897
0.0745641689168908
0.0841572823234279
0.0631192890594915
0.0945041930060573
0.0662529111449456
0.0654448856242071
0.0784761972232561
0.0656574563218593
0.0571413157590303
0.0755060172805066
0.0707022850267311
0.0648283297357597
0.0836402559672447
0.075070071199127
0.0552853713983244
0.0777779284777461
0.0843118227136512
0.0586824785317078
0.0612009356661469
0.0668063087020195
0.0856354514636133
0.0824102280107322
0.060287136022243
0.0933744329162423
0.0478857589371039
0.0730343232337891
0.0622599267340781
0.0880720788880074
0.0704395136169148
0.0555013461237111
0.0615050432134208
0.0682449115541524
0.0578998871267001
0.0713981438008246
0.0905309155839524
0.072753952521742
0.0772388148704415
0.0689495560630881
0.0645495957314387
0.0690655943677664
0.0530943921591179
0.101731903031408
0.0773983848734943
0.0696384492167908
0.0805151870425586
0.0754596688186154
0.0610854787685045
0.0947654288150198
0.0842777229517493
0.0688734382114345
0.093751517474558
0.0600317180340997
0.0904427806853474
0.0853140494578183
0.0760466988986715
0.0659178248299804
0.0754771397133581
0.084922908937415
0.0639085907370338
0.0700492659282478
0.0703633402571229
0.0845327375473279
0.0690048173210858
0.0808375654352779
0.0650856036433716
0.0782741575529629
0.0692180920971769
0.0682790818342459
0.0625577109917326
0.0594819191904369
0.0741733938903072
0.0762935700785974
0.0852178362585452
0.0687589972227094
0.0650219145136658
0.0547215701612065
0.077206783267786
0.110134180153087
0.0827568283728845
0.0809196991372813
0.0870158393337248
0.0758018175985752
0.0818233568979225
0.0599562344669414
0.0611067352016118
0.0896345401705563
0.0909509966732987
0.0748947356921697
0.0872011237916937
0.0574202213415984
0.0655855946228874
0.0874608632679263
0.0655068813632346
0.071599364269719
0.0975161232135942
0.0730170548497648
0.0681390846249895
0.0812298695053411
0.0722768186171762
0.079144014323038
0.0588036757640908
0.0894885973322533
0.0621384524283701
0.0534651878282863
0.0801503573944749
0.0643619268201845
0.0647706469169648
0.0502870340942742
0.0832704071357327
0.0802876032689385
0.0729798532669842
0.0644656489269066
0.0636867205860601
0.126498611703275
0.0698439463328062
0.0893993112834009
0.0865669424360862
0.088532251693258
0.0777086740450957
0.0745959168076871
0.0748765539495689
0.0756271758254306
0.068173250574491
0.0744638277122901
0.0658507134380643
0.0898684323985022
0.0835880443010263
0.0701352543178548
0.0724234433715192
0.0829984863671389
0.0566967373929065
0.0673215321565937
0.0694137325543857
0.0598046796783194
0.0728203709567844
0.0638448262827677
0.0570388003386232
0.0757206064737781
0.0562910747950061
0.0664792598589164
0.0705814824956951
0.0604696529204665
0.0747745285414983
0.0606180330968057
0.060529113417201
0.0595815836063247
0.0803585742524946
0.101162215262407
0.0683590604102377
0.0512352444594047
0.0768993346923917
0.109164387161656
0.0730671481768063
0.0568196214578552
0.0799140417818915
0.0885053008916624
0.0850026698196576
0.0716404460631609
0.07262321682551
0.0940321727788563
0.0909287999518767
0.0671652067023289
0.0728184979155605
0.0730651763548294
0.0604570957798975
0.0816887485216845
0.0521513126323611
0.0626824487206221
0.0723108193090044
0.0692413241492815
0.0692999829401686
0.0636103917675384
0.0694463385294843
0.0642309602039156
0.0756796481327729
0.0725470178123943
0.0642508492123907
0.0826110179695051
0.0848088157495946
0.0640147857143116
0.0766481350985443
0.058829671719796
0.0634449850349384
0.0804492569827646
0.0640017781661367
0.0846677413592205
0.0768979363666718
0.0699581309718305
0.0555780275668748
0.0585863751861232
0.0730061717887814
0.0973278688188656
0.0763113868395599
0.0746877504865343
0.0477310932676644
0.0608250002267342
0.0583263276644995
0.0790100194637528
0.0750562857700332
0.0676263285639038
0.0813420503968053
0.106308356979078
0.0737853041752955
0.0910807943952036
0.0670409047995977
0.070870074120272
0.0506258275213312
0.0856405926791948
0.0711239504863187
0.0578270260094054
0.0530217437101932
0.0800372145475383
0.06539616420329
0.0715210044370128
0.0771188206827269
0.0763858074978666
0.106584686352672
0.0522094779693753
0.0610012602443864
0.083560938161109
0.0878796070326871
0.0473275905030632
0.0613994123509304
0.0867402971522742
0.0910434365526607
0.0754676618786615
0.0763032739660171
0.0714686832831737
0.0786283065912341
0.0853714981438091
0.0625815566351761
0.0593609924786591
0.0671587861647069
0.0694974384668961
0.0731512195039214
0.086124021949969
0.056164292767201
0.0868590849601821
0.0821935483668933
0.0715928290233732
0.0588770545573466
0.0562508005691567
0.054373770646534
0.0859931929440264
0.0763699043926478
0.05749455449945
0.0595905423392711
0.0655513416705971
0.0679145723543062
0.0556284017854268
0.0684257449678941
0.0724191424024243
0.0854935467443471
0.076429086332594
0.0770398061646957
0.0628566991616181
0.0573171412535365
0.0842992861194374
0.066799091022913
0.0639992723835449
0.070937492370829
0.0767582751160012
0.0543366029296376
0.0683021494150354
0.0523697662653242
0.0739677461088886
0.0630618972045991
0.0883573129166737
0.0648637937269675
0.0656813788199881
0.0565102862258452
0.0776279517966944
0.0811013364622273
0.0825218139505925
0.0677559506700363
0.0653226016730173
0.0455380145003561
0.0706049279253274
0.0793392786005889
0.0618428547143065
0.0606200081701149
0.0750122161297007
0.0666342507520746
0.0654655264231585
0.059215499217859
0.0754510450923081
0.0970226623636273
0.0874599874302825
0.0697425877425062
0.0943173540417419
0.0765085828244427
0.088720232679402
0.0526902513664925
0.0778744836124035
0.0774150535150899
0.0622191887210841
0.0647253774653647
0.0643745662937376
0.0785163422884946
0.0998036905355739
0.0965367769853836
0.0810997895918472
0.056228526754438
0.0750527373797604
0.0940588323663777
0.0370900332014532
0.0695607055375817
0.0874763947821292
0.0696197404521447
0.0890493887078324
0.0676849613326201
0.0893474901691845
0.0717592389889738
0.0726501585404736
0.0744680957236378
0.0961763894819055
0.0604160188337624
0.0818367219788452
0.0697377927104901
0.0904167245615575
0.075297733757172
0.0622149447031076
0.080688326204207
0.0608535597812382
0.0774320275302757
0.0502006725879932
0.0803367229820665
0.0742044531666165
0.0566668881668454
0.0743250846940289
0.0875039795384302
0.0687629518289085
0.0765037640942463
0.0654698334550551
0.073001532657825
0.0810015534589263
0.0772444917913987
0.0752481337365015
0.0724060341439274
0.073826574540207
0.0656547630451903
0.0553743464105972
0.0885081280292659
0.0517541077533708
0.0556048114266584
0.0572259136564812
0.0813547154596535
0.0821981085618759
0.0708604305635286
0.0824597002746264
0.0640893719124744
0.0564275112466258
0.0821934740775055
0.0880144056844823
0.106489346326879
0.0725118011704543
0.0615263018354732
0.0696844488354885
0.0627700090405059
0.0779664844124608
0.0788018539569082
0.111403311604174
0.0795417237950165
0.0686056787706564
0.0812471086692561
0.0817248218695909
0.0596949097386975
0.0656146681618058
0.0665774744407432
0.0586778338310279
0.0762486945873848
0.0864027951285914
0.0651547327239488
0.0878175045634908
0.0665631052363818
0.0998435019655832
0.0712692618196039
0.0922631868154667
0.0742661821397625
0.101320693780675
0.0459790375950258
0.0672075376076125
0.0652364255456016
0.0456314540230161
0.0567156788418296
0.0528414369574064
0.0765499508921188
0.0869022040489477
0.0969174386284841
0.0835511179039342
0.0588724066474403
0.0514031268192777
0.0678261508203485
0.0907611163502762
0.0532935914607884
0.0848948420993726
0.0674187142180157
0.0776211359325422
0.078190845560034
0.0740063077530178
0.0723547665949526
0.070489027258575
0.0857180487091035
0.07779397783647
0.0607577680118689
0.0888470191654197
0.0704677139794424
0.0571773688572217
0.0617160361166702
0.0534599684419244
0.0654263985628655
0.0703321784176581
0.0732136265737448
0.0721029222441898
0.0669132906118564
0.0660435789151869
0.0617340576335095
0.0609530743397064
0.0657771382551957
0.0670736643039983
0.0985183659094149
0.0916437590265902
0.0639309628979398
0.0531298644383714
0.0500803281374383
0.0904011515593131
0.0606114197904825
0.0645053822067915
0.0824181678770348
0.0879475554834172
0.0743541887284342
0.0740193706759028
0.0984679664529953
0.0609435190608768
0.0661872841128309
0.0513227301567431
0.0669216958574067
0.0880001779774418
0.070774149748682
0.0592970081314514
0.0564532012407101
0.0714661075568351
0.06365346333243
0.0583692670387554
0.0569288251162024
0.049102479666083
0.0616135722853741
0.0693837243401804
0.0656728359366556
0.0620253573927304
0.072848275707278
0.0711850101442696
0.0551322588321577
0.0918030242678787
0.062051733955914
0.0753625527465025
0.0616675068924239
0.0619571106687447
0.052204852949046
0.0832723456368473
0.0709896472257407
0.0780631810433527
0.0662807655498867
0.0684025116784626
0.0677222073900218
0.0814254832809636
0.0746746956007601
0.0733613090687589
0.057532115156341
0.0588829512486593
0.0816364615045743
0.0916394708271871
0.0758980197983322
0.0705173563094261
0.0637798924236389
0.0761279698555441
0.0630571572193491
0.0597979015746909
0.0790718781934371
0.0728935672083793
0.0708799046068287
0.0577767754151036
0.0603807052449332
0.0523301582862994
0.0716248031122977
0.0809689923911087
0.0552524194918737
0.084714188995031
0.0784128006441253
0.068584150566818
0.0725877974829141
0.0612111115554096
0.0847887878088994
0.0636804429950642
0.0659281055783106
0.0713720448813505
0.0560026571400692
0.0773405188024417
0.0665343700724894
0.0709546349941829
0.0922274738065076
0.0696961637440238
0.0799205920269805
0.084550403182159
0.0645842582056837
0.0589048317363492
0.056492365964031
0.0746517966562074
0.0791284483218642
0.0761039344162283
0.0749977471906875
0.044831046321251
0.0652198637670337
0.0914680714283447
0.069111484157403
0.0771437424687832
0.0886415442576934
0.0631922590264772
0.0790199430894968
0.0768175214668812
0.0539531588040153
0.0907235800956216
0.0778452757477497
0.0535185149412482
0.0602497400386705
0.0717885882141888
0.0772065385845912
0.0546853453587965
0.0565818206568024
0.0746033956026062
0.0687644269812979
0.0830294807155543
0.103708966285832
0.0691542917425999
0.076478576790752
0.0530101905596308
0.0637709996060277
0.0703271737121748
0.0701999827680004
0.10340843840961
0.0894698935083737
0.0579480854512997
0.0513358787389024
0.0378910897558257
0.0687371976528894
0.0563558504451343
0.074751414616585
0.0755910901578784
0.0711453647820972
0.062647096479938
0.0684686760291176
0.0608462339600497
0.0644347548558026
0.068423794924767
0.0754311835166169
0.098387739163564
0.0535206374230393
0.0981838955880143
0.057378717146952
0.0737537749043741
0.0581681657450063
0.0780308048051837
0.082528863781471
0.0715389463757587
0.0583961492576947
0.0634061761503446
0.0922067101282972
0.0598538873762076
0.0519000036715691
0.0962977441617156
0.0663549468148164
0.0556686728348903
0.076401672787108
0.0666390782992529
0.0818927344054603
0.0723295432107599
0.0844850218027866
0.0459667927250114
0.0745578627509774
0.0685705671425926
0.0617094019471083
0.0849039449035454
0.105450006205812
0.0710324657426068
0.0692252112230348
0.0669253492788569
0.046688254934718
0.0894332663659666
0.0734537766846487
0.0640054887995936
0.0721685573327759
0.0595337581138804
0.0433529638743667
0.0823586509750019
0.101240250164068
0.0854751635992551
0.0483738958933395
0.0822256345973417
0.0698790241563051
0.0491650791515237
0.0564425335874848
0.0665414822758773
0.0765735187478334
0.0606643672237498
0.054707737663764
0.0678355123830768
0.0691037620999565
0.0701550131902251
0.0617085569511909
0.083695131865323
0.0787770192071837
0.0680346979117742
0.0525382688347392
0.0747801112353092
0.0839766986255995
0.0656017919914441
0.0653694651546702
0.0770548243954452
0.0540534678820435
0.0497345060284324
0.0800886992679099
0.0734592282182149
0.0657692165511673
0.0680497132443484
0.0450412879019608
0.0477288574135183
0.0742043115372867
0.0703777279977505
0.0754719516242139
0.0932490902780945
0.0628883225317367
0.0704803124149186
0.0870821891917186
0.074766736126388
0.0625343250200638
0.0480517906163378
0.063364997361274
0.0971100456971423
0.0674741490148345
0.0710986547093212
0.0506139707249595
0.0959475517901637
0.0585710540981863
0.0821492562365174
0.0682922195976407
0.0785237817823719
0.056589503644595
0.0641252157227697
0.0660670219806064
0.056071028603124
0.0470271202946608
0.0752576749213996
0.0795436078658185
0.066478039221457
0.120399596892197
0.0676557275195727
0.0657791530986336
0.0640574480661359
0.0904400968480076
0.0745388031293502
0.0722455547476707
0.0746359543027944
0.0680150753959791
0.0787367537065153
0.057265453530987
0.061150061878138
0.0701199393742045
0.0648587939189448
0.0637833808811371
0.0554909976436173
0.0718326891944108
0.0672752036672735
0.0649290094414455
0.066727334742431
0.07822780379889
0.0697285634781671
0.0509145217052095
0.0576091107420138
0.0804810765408733
0.0499779363558181
0.0535945099703001
0.0874357786798235
0.0668054646328391
0.0608917876276627
0.0684617428448969
0.0736424771691061
0.0845446505473539
0.0821857919798732
0.0768640685120227
0.0692617738878244
0.0726013316230099
0.0574606924585627
0.0657213063282761
0.0559039557496296
0.0526786201921141
0.0658442989254756
0.0741317785497683
0.0651303905020888
0.0593008188449789
0.0909271577792952
0.0715046478677273
0.0736621008280565
0.0440419895805256
0.0532462134198411
0.0639794975689483
0.0770353062815304
0.0736547869094234
0.0630557507755199
0.0560174519431501
0.101880190927321
0.0915479072566112
0.0644639528792832
0.0786311103939826
0.0718243393114613
0.0561893883982018
0.0679431022030289
0.0846113278717646
0.0709298173895851
0.0689268332736849
0.0688712560372659
0.0567526899942844
0.0854310198341686
0.0736214401984486
0.0650859265302318
0.0962400992567354
0.0706300424905518
0.0758188238769256
0.0636342277296503
0.0675608128323836
0.0697392962708634
0.0636751930074691
0.070816746192191
0.0566701046726254
0.0662729388531995
0.0746505896655866
0.0774097974247215
0.0790897881851311
0.0600696177508165
0.0728131584293198
0.0889820437072597
0.0712206538282662
0.0802404755329889
0.0689682842400903
0.0801824790121559
0.09547872276856
0.0768905220682367
0.0596247632191076
0.0580177406298347
0.0589007977084418
0.0911361432987573
0.0767533554425512
0.0944113707368041
0.0798484226529386
0.0895976621810026
0.0572732980422476
0.0564626146973701
0.0879863170649056
0.0609158536927079
0.0742334708064815
0.0628779698287916
0.0888889312550832
0.0714542646428602
0.0491467704511074
0.0696001751069835
0.076779437707111
0.0703338116716939
0.0788350851016711
0.0641489219605727
0.0761024680678858
0.0821532313673567
0.06305956617591
0.0676113272384233
0.0697453510280172
0.0861496739166801
0.0947385919211837
0.0562548038967764
0.0839017425653553
0.0788004259289994
0.0555791191441759
0.0517099622485273
0.0771025026735669
0.070271561218271
0.0723311977358457
0.0624727539261965
0.0753144936201942
0.0441976222896614
0.0751627296094009
0.0682893333779554
0.0761353142222711
0.0644756891058473
0.065642078708685
0.0716215149271581
0.0507450299324995
0.0670125879815925
0.0752060414487543
0.0571217551949292
0.0600145047096798
0.110732585916497
0.0942808234061876
0.0954713951646627
0.0788319509735897
0.0641398831800274
0.0817832427303571
0.0910680473447223
0.084920371020862
0.0705839483294078
0.114867342330376
0.0705920448425175
0.0776676331143301
0.0620061811234259
0.0562562461709245
0.0643419989351163
0.0689110919049373
0.0842347183921806
0.0708115044741817
0.0568845075758217
0.0735482041206901
0.0549776189923254
0.0731911034087435
0.0654526382723437
0.0810972410038296
0.09728480242425
0.0838962966218178
0.0837401523829774
0.0542408976836677
0.0790314878742605
0.0738300116789562
0.0499305921328765
0.0709030159668771
0.0926316346966327
0.0815034296202835
0.0675057616407943
0.0703835859236567
0.0706552320419596
0.106939734399264
0.0713025229271669
0.0574168417415272
0.0587728573606239
0.0578029696016713
0.0613286056171012
0.0887911289911319
0.0720023286071165
0.071729253629155
0.0781630148083331
0.0571904145445174
0.0879834132216623
0.0726449573148614
0.0672514562023467
0.067196958485851
0.0838033374438403
0.0819207543196694
0.0715044202257786
0.0866174880576907
0.101610449314185
0.0715437651892212
0.080830649501616
0.0890421316726964
0.0666845544507917
0.0714490524128699
0.0883724758902975
0.0912736555990332
0.0577100420268224
0.0819264492202413
0.0548632126086234
0.0883037711418563
0.0870724384050978
0.067306948547957
0.058378163939366
0.0554935895393758
0.0764361049467307
0.091270032125103
0.0799596779503991
0.0566687929312696
0.0839840747309794
0.067532768384798
0.0518859668500596
0.0650282482079534
0.0659113158860532
0.0932879715548692
0.0788715029992177
0.0667502146782899
0.112070345315538
0.0599136216217958
0.0856782507608159
0.0551529272052612
0.0644996336308255
0.0683163093853012
0.0574588620623087
0.0614613114153063
0.0772794936923765
0.0560241956998023
0.0757122718393458
0.0526175028240058
0.0468859379576152
0.0676668277264472
0.0638934269281268
0.0611663241656415
0.0741119564312799
0.0570150956405863
0.0812096036144646
0.079824081198323
0.0888291906266708
0.0889210669646239
0.0614800759849286
0.0766997146247082
0.0900688210655434
0.0807228506182545
0.0789220747289521
0.0708980334689276
0.0676632389943397
0.0731194215376607
0.0571954810794167
0.070193277205897
0.0752531914665335
0.0620988333301044
0.0571245085430692
0.0851044072117317
0.0712210702294969
0.0830117877002062
0.0412740816020136
0.075228320483218
0.0528732315223353
0.0497428046112734
0.0620634259001486
0.0909269336851817
0.0722918348602783
0.0629596969643819
0.0617440880754904
0.0945230368522433
0.0673392039146345
0.0656952054149925
0.0581461425654482
0.0939543595491862
0.0475475214863384
0.0629012933421624
0.0726404236357624
0.0826031539832944
0.076483638759968
0.0764745368458697
0.0709730244598275
0.0630459667910039
0.0774790959951022
0.0769978912426933
0.0773984767410769
0.0710394541277472
0.0691074463887337
0.0527645294324462
0.0445471937301587
0.0724536543349441
0.0783250541913072
0.0859854973940604
0.06015876491819
0.0504998462180279
0.0759534669031094
0.0680843689352394
0.0755188498909818
0.0694133702640319
0.0700426288447545
0.0608316564607673
0.0695671114187227
0.0746009025609601
0.0872560644769698
0.0720230494840628
0.0615058965224424
0.0868564403028771
0.0835315320467297
0.0852964067042412
0.0756531501234067
0.0580257968399732
0.0769187979878737
0.053952279376997
0.0897980095524979
0.0776459602348539
0.0502415736723903
0.0708374858506368
0.0695249078061901
0.0696335624615619
0.0785337419333203
0.100942112013072
0.0695824341902277
0.0736527792150946
0.0505651570407299
0.0561171008657669
0.0814776684625065
0.0782597126445947
0.0616914911580448
0.0770850803256058
0.0721479822745538
0.0555373615945542
0.0585950487495413
0.0892184268496564
0.0800451690551712
0.0637671289274666
0.0693915638220954
0.0473900540655634
0.078957751664704
0.0625970273444484
0.0817595026905228
0.0752706288173961
0.0740911238550406
0.0600535295595651
0.0858386260999492
0.073417417750971
0.0719020381759875
0.0739144833256805
0.0786112127247121
0.0846799830202829
0.0707928218222273
0.0756454945309429
0.0684011672543699
0.0532778053830415
0.0530719292075542
0.0587432823380207
0.0710384171730934
0.0577649479333096
0.0850355856746798
0.124282487763879
0.0855789597603714
0.0641000102978667
0.0771544391721286
0.0682361245551786
0.0865414226010971
0.0569942398063353
0.0765523140226314
0.0528837615039685
0.0606998823673911
0.0924277222308157
0.0791410634691651
0.0552399371845743
0.0905354065879248
0.083389813025671
0.0705963532827421
0.0823954656380589
0.0923112419953099
0.0792067008815584
0.0703972283092809
0.0712831267424157
0.0796366152945708
0.0801507129088078
0.0813161302308866
0.087248385305267
0.0572408458835662
0.0754221829862581
0.0732260865347149
0.0751197031002798
0.0582629703592137
0.082356396974344
0.0450390948794099
0.0827472565448326
0.0837629414810295
0.0816234260121477
0.051042581179366
0.0920095874899344
0.0634965715392839
0.0675094131113167
0.07742590150826
0.0662288093621946
0.085793434267032
0.0910967485360397
0.0460111439397893
0.0819217616515179
0.0931798503468683
0.0745679238461146
0.0865471325199076
0.0660049466432635
0.0517548824085178
0.0713989160233915
0.101509507755151
0.0805646591072913
0.0631166025623294
0.0820073686623075
0.0709003358912357
0.0965821455129228
0.0872179101642398
0.0853454094418649
0.0845629838820642
0.0779349513057919
0.0702949038676217
0.0667604271594813
0.0750590509142582
0.0737916505355886
0.060770591047886
0.0820049641583094
0.07422726985144
0.0460026628980716
0.0588915166172501
0.0602038046764519
0.0700487606212245
0.102083929747604
0.0588900351083227
0.0571359478924234
0.0927496463786133
0.0944608620905276
0.069002316339799
0.0605637627870418
0.0914073920585077
0.0768096899786212
0.0522516292671003
0.0597014962349579
0.108678951530594
0.0528283610586553
0.0639031660954991
0.0695035328112261
0.0626441556928487
0.0684341460587636
0.0725151832527608
0.0769759120740702
0.0708612427517509
0.0570332275161551
0.0865992784663521
0.0532609529871368
0.0680994764082554
0.0791068603867078
0.0556010222345507
0.063681584512346
0.0663212381719446
0.0767791706813637
0.0530414557250675
0.0734300032680718
0.0768088298288749
0.0613586005264354
0.0795049668897372
0.0542619271897731
0.0580439063618744
0.0732513511727149
0.0814010111869815
0.0993053053550441
0.0583252516940662
0.0711760244408357
0.0881969113752999
0.0827488340187949
0.08102804235896
0.0637131065368517
0.062597100137182
0.0767034179601865
0.0999928094264782
0.0961400715246515
0.0689941144179047
0.0673366178033464
0.0634568156636962
0.0675700819012488
0.0847633512894212
0.0715594193892723
0.0708038912370526
0.0637468345044159
0.0621692318665685
0.066619993566644
0.0856285763327426
0.0493630017779406
0.10003798994042
0.0694026407127394
0.11183761290346
0.0755643773701025
0.051280638006912
0.0679291128010389
0.0555974717143242
0.0573057088195134
0.0652717894912018
0.0810929706862809
0.056597659217969
0.0714587374194987
0.0504446314405357
0.0610096638759796
0.072237039416171
0.076434887763642
0.0696284981318887
0.0605102626316631
0.0859812209399047
0.0774641042191443
0.086079921709173
0.0637814632621936
0.0929667626642113
0.0576954637052116
0.084664103253191
0.0895965403525087
0.0796546455190515
0.062228733774512
0.070585668212111
0.0650973243684667
0.0559722247895484
0.0741344282864502
0.0720230662694616
0.0734849465134338
0.0674834674071249
0.0944448558211539
0.082776230237268
0.0630571717496308
0.0763142053992192
0.0754792182497994
0.0720682436518131
0.0698171488023165
0.0674743223756813
0.0694395640746939
0.0654053689985628
0.058181654885616
0.0600772258819696
0.0712241062505523
0.069732182322226
0.0687929716824444
0.0562915749654561
0.0757146009822614
0.0585038505639369
0.0591118836398902
0.0803472389672758
0.090606881299102
0.0731326399932121
0.0871623638545378
0.0795244472320859
0.0715866319319788
0.0761357360371165
0.0785109034460162
0.06677410568391
0.0638648769043758
0.0732240972360552
0.0742983632391407
0.0714824813402009
0.071960749455372
0.0796719001814417
0.083646129041251
0.0966549773614626
0.0672304253299571
0.0605386032260359
0.0634077396425944
0.0784754734622444
0.0638030584903537
0.117709590550717
0.0709114565277426
0.0720178379091111
0.0974871476848448
0.0739820587122111
0.0956747990719138
0.0970426787515232
0.0773894840751682
0.0758386767598525
0.0665477357330577
0.0606265728436464
0.106168897848545
0.0788301758335683
0.0777635072584319
0.060387109259722
0.0658754990613399
0.0756920544373773
0.0920205440844304
0.0505937951395521
0.0677924368659212
0.0640943805888701
0.0937535148139572
0.0515901890320289
0.0614588823292903
0.0830210796070694
0.0679103323609559
0.0512504576507385
0.0722654967455508
0.0489488035646794
0.0853784799882733
0.0768767212127896
0.0623245298879691
0.0636620784569002
0.0698354240567423
0.0932321256527403
0.0580096828093982
0.073458046592442
0.0654571068840527
0.0707827145308257
0.0750530764342541
0.0758475003982311
0.101082516141565
0.0721744526842891
0.0793602219719035
0.0728544790440125
0.082715470234495
0.0947830215267666
0.0682369821944791
0.0888762213454573
0.0826397720247057
0.0894367808003742
0.0858813873255648
0.0672335185609129
0.0640070000730598
0.0532955863499865
0.0693541876048708
0.0528239903970106
0.10276861733884
0.0855666535227962
0.0772105924946623
0.0437540390664173
0.0728564381692293
0.0715757543036537
0.0738341419604018
0.0525429622713249
0.0836355035623973
0.0383246240069077
0.0727696885240943
0.0778005810871579
0.0736338189357963
0.0649469471451304
0.067241175256215
0.0705596968780473
0.0673976664767521
0.0708576600404492
0.0788418290156483
0.0649717423702076
0.0720029954486216
0.110366247433789
0.0829605363677926
0.0915821045318455
0.0777860896528178
0.0607643285952108
0.0686189214613945
0.0673045566658463
0.0674896732386216
0.0736495856498772
0.0593826431846258
0.0518088505479561
0.0680364299059619
0.0778417030412605
0.0636459789651767
0.0714555819263822
0.0952767949583932
0.0564225481619842
0.0766007281297427
0.0779361302318322
0.0907302980050714
0.0740127200937256
0.0849649084821632
0.0745622504534572
0.0801602920396324
0.0613410876776563
0.0931124786435869
0.0999692517598978
0.0778205960909523
0.0722422692514278
0.0832529119140755
0.100340744146461
0.0684023636659465
0.0843116087477337
0.0771894544311036
0.118378204327267
0.090166020482383
0.0850213110344083
0.0618766419660986
0.0728529120502139
0.0580660339122336
0.0687501504918526
0.0669455809961035
0.0773431862139075
0.0745052661854043
0.0888840035404492
0.0727283278913981
0.0554536356840233
0.0676052463447866
0.0616262657619019
0.0751772306404591
0.0769652910439555
0.0908108843788283
0.0545165987596823
0.0645500857093329
0.0512132598719023
0.0979618702787802
0.0877236301735161
0.082026151719052
0.0915261571550577
0.0842821402957789
0.0955984184960941
0.0789251190780451
0.0426417191429421
0.0711838870530238
0.0905563809912366
0.0823032948445812
0.102741529288864
0.0932492740054488
0.0661030306381492
0.102510815178312
0.0681554654188636
0.0730593565185516
0.0752072479053057
0.0931086318687807
0.0615420607478004
0.0722039907628845
0.0529573986482126
0.11778832669468
0.0690839154647415
0.0809547825407694
0.0522492261546964
0.0685649989573721
0.0855403548002508
0.0753097998706739
0.0723158251827286
0.0631189016124658
0.0794211401878367
0.0659428411604501
0.0648153586194091
0.0742136650773826
0.0608347367865556
0.0761357998017182
0.073471414541861
0.0557429028965428
0.0724887503324404
0.0692165229988846
0.0887831918361651
0.0687962600901506
0.0926861157371613
0.0616878976488377
0.0837917242197233
0.0769827032673904
0.0631656303938004
0.0888915725927715
0.0908199479257804
0.0615551997910528
0.0643405691766377
0.0832422323869225
0.0811973014549648
0.0861632435312208
0.0784617630284769
0.0804043391674381
0.0753674725934132
0.121946912419142
0.0757941011811326
0.0776116072509324
0.0614756296419553
0.0634792676931786
0.0969358419761509
0.0773928479731254
0.0740000643852586
0.0771501283269684
0.0617114905296771
0.0616086936536407
0.0853977387841114
0.060839050128227
0.0655011915579207
0.0606958782622823
0.0471698726260104
0.0765856742636812
0.0771834227309453
0.0730067717647185
0.0748371237358351
0.0821063193092078
0.0550654718132714
0.0916778499866521
0.0632131309717317
0.0621640202456908
0.0612907896938704
0.082028639334746
0.0843132322738271
0.0641646269381558
0.0740850587375306
0.0621527925134581
0.0786724078503672
0.0713597562720339
0.0691911948015301
0.0713264930623383
0.0776930461651062
0.0821033831056615
0.0625602539247838
0.0677658185347477
0.0610645344815457
0.0720345579852078
0.0488260399378455
0.0717589176463651
0.0573633545952445
0.0711968902286402
0.0600739208029495
0.0893983021027454
0.0680195339024065
0.0731409547774506
0.0600061363088785
0.0657169042757716
0.0440767408546857
0.0508398825663179
0.0749576753794256
0.0773474867181367
0.0605144341186215
0.0628686046208103
0.0769891053844539
0.0765529564167988
0.100207975241251
0.0632999389744711
0.0789934296817421
0.0838741816963166
0.0830529807796487
0.0604304969149079
0.0746348404294893
0.0895263003746383
0.0573381054300191
0.0790876648906493
0.0556017848831415
0.0719872577627218
0.09448329512865
0.056739943353603
0.0817901767825272
0.0701554557252094
0.0526048685794228
0.055974027461289
0.0573604873421596
0.0768035091995813
0.0560600233407914
0.0801316584789613
0.0668152269422806
0.0865745748088524
0.0620740834269956
0.0610182652928047
0.0676496467673005
0.0681039037093117
0.0626199945665621
0.054544966476573
0.0684590569280611
0.0646038816828183
0.0620311527846126
0.0672344721960761
0.0795234098748793
0.0689617687399464
0.0697520500314463
0.0767203450144989
0.0892894208283143
0.0595378485100995
0.0478605120364651
0.102983064431057
