0.0382387016097494
0.0255315808549718
0.032259000288476
0.0330740939337483
0.0279182431245599
0.0314693587972065
0.0275753011368525
0.0306151605415655
0.0302810550064768
0.0434267215086756
0.0320834670157963
0.0308539438382259
0.0287765654017124
0.0293374170046014
0.0319822536981956
0.0310483891891062
0.0331568271388684
0.0338248434305405
0.0319711138203315
0.0293450861728158
0.036587692349445
0.0280650932203576
0.0333371501745593
0.0297115475375585
0.0303660022039003
0.0297842598484239
0.0279366096989104
0.0341769347347677
0.0371995032884465
0.0347870595991175
0.0288370074181115
0.0370569466842602
0.0360681604755345
0.0295980382572187
0.0362262549950266
0.03268076487519
0.0255894576281438
0.0351907920090922
0.03457036312052
0.028819068678573
0.0339091321609704
0.0310289946694798
0.0297551371655444
0.0369713630865207
0.0329187926452182
0.0343272302141783
0.0325555614207754
0.0307698528262305
0.0355315770335197
0.0355035557820129
0.0267757534999828
0.0342365328487588
0.0294295931173445
0.0305013289609802
0.0283423649687865
0.023323486054435
0.0299627936125802
0.0320685723574072
0.0288787365434605
0.0349348747471468
0.031544373301184
0.0271576815194969
0.0342425030363913
0.0377792178547129
0.030258332947017
0.0276055695004232
0.029967847878331
0.0313235511214401
0.0281679206762532
0.0329249262474301
0.0354424471489998
0.0266225202556084
0.0296150768795102
0.0279294334840864
0.0328879327090671
0.0361545658100289
0.0291225902268413
0.031576377567015
0.0318243910451455
0.0356859016226751
0.0284246256764266
0.0304416311280218
0.0380284743750768
0.0325202133559044
0.027162115148836
0.0325168710153994
0.0259774112414655
0.0260619070151453
0.0313222962819081
0.0355734217369533
0.0342700158189162
0.0360400118287686
0.0369157576688439
0.0267432284246517
0.0322948868250222
0.0372514888476693
0.032021439623633
0.0322097464142929
0.0311936675553681
0.0299471291426989
0.0316734930659237
0.0296606634157524
0.0310490776278768
0.0282550875174047
0.0320683570974918
0.0310623042750274
0.0360711503251047
0.0400547875215061
0.0319753795865527
0.028380598507909
0.029374906366627
0.0278501140864176
0.0294506601796064
0.0308800668136822
0.0334657614441101
0.033717523170955
0.0278168553876609
0.0346781646398061
0.0299314487941857
0.031983935947603
0.0306822187548774
0.0312768394508667
0.0251443878246159
0.0335661209956665
0.0304343129682767
0.0301595007632783
0.0336636354705417
0.0286454009672343
0.0302451890983012
0.0304791968913161
0.0251405080722018
0.025324178863274
0.0269024295769096
0.0269493782117654
0.0277152203175433
0.0307205022331531
0.0394819273434038
0.0320210920128559
0.0371566440909146
0.0314404122994883
0.0327484334421
0.0321837375469668
0.028440223274867
0.034083764579811
0.0325410414878935
0.0312829253748426
0.0330168881944598
0.034967825759583
0.0267699248367974
0.035473718399981
0.0250227073691798
0.032589634351592
0.0308498623816201
0.0311884732508585
0.0291686615741776
0.0295681362782715
0.0313585541028079
0.0284588460220999
0.0325070840889125
0.0271207025885133
0.032154837370822
0.0343170703832531
0.0316936476576259
0.0327836887726047
0.0353849389519462
0.0329072354114887
0.0362581328450139
0.0304695151777989
0.0322971571345157
0.0319893854341303
0.0344393393087419
0.0292616199184413
0.0367916696728701
0.034211410520528
0.0311303618401928
0.031551335251445
0.0325451476810826
0.0308634840852051
0.0328670903131459
0.0279053358665122
0.030947488527126
0.0278014997214739
0.0313766566939235
0.0320722998852973
0.0301948073148591
0.0306664234917488
0.0320879096780818
0.0293537072566824
0.0272633654896925
0.0331993491147607
0.0343090254437273
0.0274936659738264
0.0297318025435419
0.0295474167632215
0.0263678226168002
0.0332854246079644
0.0417449602609116
0.0289462211680435
0.0353882644427914
0.0291486633002446
0.0308570334770767
0.0278272918297428
0.0332909364931136
0.0284970372738568
0.0284491724850421
0.030879554641915
0.0288754814173604
0.0352363708688959
0.0252796356808123
0.0283665056846708
0.0342362997199755
0.0306362527644386
0.0261852835477749
0.0308827955255297
0.034502897764641
0.028729222644267
0.033409023327222
0.0242746787159459
0.0272803922350807
0.0335803973780689
0.0269159907376496
0.0348120024541677
0.0336428236720146
0.0295878779006116
0.0346626869135984
0.0288003708173687
0.033860767351655
0.0314666318667416
0.0303234275423124
0.0392658910633727
0.027729588676806
0.0279113578921272
0.0351397972412563
0.0402043367805353
0.03809915158105
0.0289571162587897
0.0362116498831624
0.0331375645941387
0.0295581772493986
0.0347726359389492
0.0330159567050513
0.0340980598584435
0.0270553060523501
0.0341790845388907
0.0374454730650439
0.0285426907724756
0.0290176366811655
0.0364401968025175
0.0309190674667514
0.029676797421612
0.0261887762390121
0.0282712747725259
0.0370080265793012
0.0305489587652675
0.037243804010407
0.0302959523289937
0.0272407882839989
0.0348275279159341
0.0300579448888778
0.029986890476917
0.028004038635729
0.0304221645314835
0.0302271420025435
0.0343980645573539
0.0288714231528255
0.0329766302101632
0.0325782049262435
0.0278699860913829
0.0338290921074198
0.0340333962160934
0.0262319002460123
0.0288981515672619
0.0255101031404612
0.0359903085435533
0.0297151398888876
0.0297222826981431
0.032917764733863
0.0306046922388275
0.031925004390192
0.0313079772503767
0.0303722024892631
0.0368653119753676
0.0301866344019374
0.0338948399903986
0.0299453510610922
0.0333078444454738
0.0306123653493686
0.0306401971046992
0.0282775950634456
0.0349183194963072
0.0301099811893098
0.0314077809105052
0.0276148570734076
0.0360803348507089
0.0338178771360835
0.0288326483464768
0.0345167708218451
0.03629691252946
0.0288453002894082
0.0350833966546008
0.0352029383420715
0.0319912443448175
0.0294974333040194
0.0266215583421617
0.0360150050805191
0.0361468261151802
0.0285155466157743
0.032347742759861
0.0307833723423139
0.0311238301024202
0.0305085378895243
0.0294652854658386
0.0337072302426346
0.0335340973881818
0.0310593831319194
0.0287633752824548
0.0328460303073109
0.0318711324095065
0.0289987166946013
0.0352093629307174
0.0394242647029725
0.0309955457101811
0.0307989327001283
0.0304106408290938
0.029071100236845
0.0297611960307088
0.0283120752953522
0.0319393027286115
0.0326490082750116
0.0310227716339507
0.0253544458114156
0.0349106394802479
0.0272146602381992
0.0302334393515689
0.0317280575664266
0.028242813277562
0.0322271929396346
0.0312613453392679
0.0330751452723458
0.0332839983720289
0.0260603000036314
0.032721175052169
0.0296402254224538
0.0328316625195289
0.0288875803263774
0.0279168970425265
0.0363381184870755
0.0291124784044366
0.0350496457146977
0.028894576412663
0.0336462653438729
0.0304036200797218
0.0293924311218979
0.0303856438213913
0.0326800028753644
0.0317077175974433
0.0301150939600096
0.0315310461002382
0.0294115079090681
0.0356085913756416
0.031950144128243
0.032247212287314
0.024405172688187
0.0320588581156423
0.0347278297246047
0.0364943105201594
0.0292619959765965
0.0358538273755825
0.031126954569504
0.0278630240058223
0.0307349996801415
0.0289304853592003
0.0286123436815065
0.0337504611804477
0.03082636792087
0.0303743216135537
0.0347022424643133
0.0350239361335851
0.0378544493772684
0.0290294571333533
0.0308825022386592
0.0314343439415247
0.0377548485652689
0.0307813342732261
0.0418038538574884
0.0319112716087824
0.0330073736515704
0.028878883075659
0.0344747325446886
0.0379320679275854
0.0368380574730606
0.028679001323929
0.0298495463487549
0.0276405832347725
0.0299733506576584
0.0294023563572868
0.0321230673544129
0.0408904595669387
0.0349438353719633
0.0338893913584041
0.0295431819245224
0.0394788323802193
0.027293422423252
0.0343993705099876
0.0318854219579914
0.0322186550186271
0.0340315626128501
0.0330028652389244
0.0289374973211532
0.0405708591413486
0.0301273448537256
0.0310769174074161
0.0311945260416842
0.0318408228011534
0.0326803093941457
0.0316939316032742
0.0298976546326853
0.0356942383350426
0.0310478845790534
0.0276163392744561
0.0272703846136792
0.0302813937415251
0.028390872496685
0.0273710224879222
0.0309429880206087
0.0248772361429031
0.0264255902367362
0.0355269482234765
0.0240985881207694
0.0333747862188256
0.0371548657737256
0.0332990038269454
0.0332899397653498
0.0313289096926577
0.029125935590167
0.0329001597174416
0.0373680525362543
0.0278285769593366
0.0313632169757982
0.02785807546074
0.0326095421885384
0.0316747839779474
0.0315663604363497
0.0275438627717255
0.0348808551387653
0.0316886836676149
0.0270511034991842
0.0275447701608994
0.0266825259675678
0.0361859043175965
0.0263897582843606
0.0282372034587981
0.0358033775009284
0.0241316493600087
0.0380394548873759
0.0301978963867842
0.0318701089048818
0.0310570125919837
0.0279626771932183
0.0262416305352966
0.0313217312411836
0.025255756829711
0.0240361222324473
0.026155035661154
0.031029328275723
0.031618730376305
0.0279520304961733
0.0326242882446927
0.0312976707069048
0.0294563698152646
0.0241654506155143
0.0314784981023905
0.0299752948073673
0.0275397173142796
0.0308230339023769
0.0337210980831211
0.0305545014537174
0.0297002485806949
0.0358062831706313
0.0269723028753446
0.0250182312814896
0.0336691639226999
0.0333209741802777
0.0293360780671506
0.0295263867842558
0.0299697265553273
0.0347330510641424
0.0354641977176629
0.0361024420793404
0.0369181035439441
0.0338472747825485
0.0350028114283576
0.0314886947078802
0.0281104726159023
0.0293818410725463
0.0340530678121707
0.0326414294752169
0.0378031816264295
0.0337878682416147
0.0361516704426261
0.0305866581564531
0.0305034627393261
0.0290035066305235
0.0309158400411453
0.0315161301559975
0.0312332134817157
0.0271635364988183
0.031453293956549
0.0301724075356431
0.0323075908178812
0.036208973322973
0.0290897190785025
0.0297506310378763
0.0301662588165754
0.0286346909351561
0.0327676140826277
0.0314667494422253
0.0267109932559974
0.0325553864701164
0.0295854094404416
0.0301685133904589
0.0298820398679907
0.027989829515773
0.0327878314771554
0.0339688148808369
0.0297984932009354
0.0355455823118634
0.0350125366900835
0.0268848027923512
0.0279000178144791
0.0377485245045429
0.0291660449926503
0.027551294545738
0.0399061832750593
0.0229946198855878
0.0359570968373145
0.0343150157460122
0.0348504650510759
0.0348178538223029
0.030093343296039
0.0279220796494368
0.028718723682871
0.0363866082084478
0.0318676649572855
0.0246318291095009
0.0309809018065846
0.0281253757661983
0.0330526475239786
0.0324550398628065
0.0283352385172542
0.0267131877259229
0.0293748108954207
0.0325857287573547
0.0294685122054239
0.0270520495326244
0.0339527246828016
0.0334956888729668
0.0369427273968392
0.0280430808005333
0.0301988521391683
0.0349765378462323
0.0323056768665679
0.0335025072276295
0.0266168856617366
0.0300243668620851
0.0270841429723605
0.0293104819686787
0.0281949166605773
0.0334903971919051
0.0351288018550404
0.0341200036698759
0.029713020793834
0.0329029011658177
0.0318029466222517
0.0358175407126845
0.0342171233109838
0.0387418774315176
0.029878663871726
0.031985678117665
0.0289273682699457
0.0358418363961156
0.0334811553287592
0.0333242597556405
0.0273046935100403
0.0325809090911366
0.0363573087214755
0.0351305341122617
0.0295707187004085
0.0267467972043772
0.0281717303538899
0.0248021978100328
0.0310989790594609
0.0318572417984527
0.0298814220697813
0.0304789619332528
0.0310773435847377
0.0328591488847429
0.0301838494924906
0.0337864221701571
0.0267522990045999
0.0254071214617024
0.0302439876927874
0.0340956060458981
0.0306395047562832
0.0313405624458617
0.0345568886608516
0.0268282044271237
0.0356785680786105
0.0327936598235902
0.0258761577325086
0.0274228335808418
0.030853780349596
0.0270267141493761
0.0288187333298601
0.0312594322709178
0.0288045193936017
0.0297331788454413
0.0280462698216753
0.0316423640605593
0.0348247586558081
0.0370471781902686
0.0265586401575738
0.032193589045389
0.027226014532234
0.0375480177737221
0.0348527967138622
0.0337192453158258
0.0251547806732172
0.0317647971180077
0.0350438372472015
0.0285731625065286
0.032138702970084
0.0331715640900257
0.0269541899182502
0.0311443855871169
0.0367632896026159
0.0314369996085945
0.0273838826821778
0.0305111771042433
0.0345000610774908
0.0338223522331075
0.0334843846760584
0.0326388649338792
0.0258823865749414
0.0248341967804659
0.0358413765396731
0.0305504784670275
0.0254377721032754
0.0298524584913506
0.0312168514989883
0.0313270761137518
0.0265705668585128
0.0302415703441351
0.0312126695079871
0.0302839197574246
0.0333760936793239
0.02865487683457
0.0248238043999153
0.0312391250452558
0.0307972861885809
0.0291781617207629
0.035072136589506
0.0352024620875563
0.0355931072301385
0.0281834183051522
0.0271012922252907
0.0305177087932252
0.0301084177910023
0.0301911033199493
0.0297519703114969
0.0284519441786703
0.0348821248483249
0.0372053794050454
0.0306765329242898
0.0376073964694048
0.0273965541277699
0.0292547419363126
0.0275113750597375
0.0340061420752085
0.0350209786625749
0.0348443187307592
0.0278689059381592
0.0326334633627256
0.0318024158971486
0.0333974848510393
0.0270859476067012
0.0305319024740719
0.0313586491116406
0.0310896466349942
0.0281268356624169
0.0330292316786485
0.0296356395147934
0.0369235601679431
0.0340259075973656
0.0313529258742173
0.0260119521039979
0.0309029715465016
0.0296727654923962
0.0306941078766067
0.0311829736047517
0.029055244848696
0.0358589137379296
0.0340158945623421
0.0312226090255914
0.0323596600450481
0.0310446536462597
0.030159255019917
0.0319735055601436
0.0297389102606637
0.0292931814360874
0.0284868147738895
0.0271500280273335
0.0333158860850903
0.0340316570921704
0.0257815319778292
0.0312767866832832
0.0285734968350425
0.0317008875653476
0.0303542497098477
0.0279934160730091
0.0299625221788006
0.024400886957572
0.0353903144210487
0.0291450616635934
0.0331892693799293
0.0280271324430363
0.0345702817799658
0.0293749537833452
0.0324332087727357
0.0297291146214821
0.0367439415538209
0.0363082195900013
0.0276233686416122
0.0305811650117544
0.030123008256602
0.0316522925855669
0.0354318117959537
0.0339663064462637
0.0275987177270694
0.0253453358523186
0.0339515339565228
0.0369809872285222
0.025176405302043
0.0302346159222372
0.0315631468299687
0.0291176654345222
0.0300339674595337
0.0317400694367835
0.0323695225351909
0.0326180218611019
0.0352088742011346
0.0366784614516936
0.0319052051881144
0.0353477193430453
0.0319854035665527
0.0282773331084301
0.0332959222434917
0.0286213356707442
0.0317711944447008
0.0303453457078755
0.0341437649828278
0.0319150269875071
0.0320843737628155
0.0270754604484732
0.0293054814576516
0.0335585238061953
0.0371128487390396
0.0332675889681501
0.0326865925795599
0.0253292548594124
0.0315872246305634
0.029954348485379
0.028473460295289
0.0260193607562251
0.0330559922274709
0.0304017238225526
0.0290794760309748
0.0294611730042404
0.0324741133127004
0.0351572371475057
0.0323248169987359
0.0310796275583119
0.0354802868875527
0.0360225365526698
0.0330507836636159
0.0291954524590119
0.0334197013726297
0.0267345103595816
0.0314732717157309
0.0292978402244721
0.0302644875558221
0.027620741473264
0.0329827707047795
0.0281642746740037
0.0323995011298999
0.0298469939617192
0.0329184266052855
0.0327195694296424
0.0310474888297056
0.0276031268549388
0.0274073853531936
0.0328602247584033
0.036119587860005
0.0301336407202275
0.024690588046993
0.0354066657324481
0.0288633786817605
0.0276381219599726
0.038346242781913
0.0313546122813121
0.0248362083359537
0.0323113262888025
0.0273025687951554
0.0354228365351679
0.0242718616204223
0.0343487277156185
0.0321721566671446
0.0307806948646231
0.0332077878355946
0.0311764827243618
0.0313368915524681
0.0282731411717658
0.0280191070861836
0.0309527389483659
0.0365895714779074
0.030575661069608
0.0265348397270698
0.0315257589066555
0.0314096166313226
0.0240219604316596
0.0300498355664507
0.0324788267753913
0.0299529612626884
0.025354221256637
0.0309780505333538
0.0273784952400968
0.0310350516582498
0.0293725201126646
0.0257755908314329
0.0391564369561025
0.0305944381389964
0.0320009691109235
0.0320405906236894
0.0306185472011047
0.0339101089402727
0.0336394066958709
0.0321397019105884
0.0382445830557391
0.0307028391929499
0.026783291047293
0.0302628610528752
0.0290697774358681
0.0279020393603671
0.0311914959224594
0.0338186057021291
0.0316511146814837
0.0348759646522793
0.0306052490790094
0.0375175280697093
0.0322102188153392
0.0387417505487161
0.0308583356019948
0.0270090703444518
0.030347789141249
0.0322989655946014
0.032512364109919
0.0277663219857285
0.0263198037338003
0.0320397028800823
0.0265830493935289
0.0310213295635625
0.0316395269318043
0.029362031943618
0.0265527123110663
0.0304253928726507
0.0317177856426386
0.0327860510025794
0.0297206072728092
0.0321805796265972
0.0289517876157022
0.0365009477456144
0.0317596521986309
0.0272497323400236
0.032665508231519
0.0315343087548345
0.0251778185862505
0.0317424688575448
0.0300793445727031
0.0313967081955977
0.0313829535839284
0.0314513458984663
0.0352352908177001
0.0275474086635149
0.0247938784585154
0.032982817385154
0.0278309735847819
0.0300467350716699
0.0321345951872079
0.0288473966984866
0.038697838354232
0.0299184270403772
0.0331194891912108
0.0310119207307985
0.0264972309798917
0.0260238621864202
0.033377217525576
0.0315171948560982
0.0276309454600419
0.0299698553663595
0.0256192393913819
0.0358299244556262
0.0230558834483882
0.0300111650108418
0.0361147796941699
0.0328586000069163
0.032040581524127
0.033058792157323
0.0236744962799673
0.0325964115159434
0.0306542581403133
0.0344972137004646
0.0390217241642743
0.0279067521025564
0.0333545496716681
0.0294262466167724
0.03207969128309
0.0336491813645448
0.0342774964677957
0.0305032691593729
0.0304397386071278
0.0303945564802685
0.0326250372327928
0.0307543478423497
0.031041293203324
0.0260030108660127
0.0293315357360636
0.0282556133671587
0.0273724440462638
0.0317752285121935
0.0344172467877527
0.0327426345990929
0.0323424907742676
0.0296068070570336
0.0288521044659807
0.0316848151213089
0.0300258717617529
0.0352648135957661
0.0325530159857906
0.027717749313275
0.0338349682727336
0.0322748313095793
0.0304835963477431
0.0297364934450358
0.0280741757728445
0.030257247908429
0.031313158447131
0.0317335205673436
0.0290227403064247
0.0262417048723645
0.0301786549537766
0.0358513704980445
0.0300366122683189
0.0312448360790894
0.0295528637707945
0.0359303098566032
0.0335949540298282
0.03113809404553
0.0276536183353253
0.0277399415637302
0.0351942041646803
0.0288440594888619
0.0324290579830063
0.0305842335012792
0.0254294845165096
0.0277978066617644
0.0294878034968073
0.0280528971779257
0.0316437003707684
0.042932581502704
0.0290545831605023
0.0269449997245565
0.0299902124497973
0.0353324714182456
0.0318517872201178
0.032794909289245
0.0305899066999014
0.0275625330675585
0.0293564371335413
0.0375948047159867
0.0283648102578597
0.0317135403765367
0.0302644482827442
0.0342559686729584
0.0342892752163167
0.0319149639366848
0.0333182461788375
0.0285921641786917
0.031963066886423
0.032553831205618
0.0237060487484676
0.0321848888240973
0.0293914129322948
0.0381329950353088
0.0327047494411551
0.0327831188157125
0.0351898059550046
0.0330834612782327
0.0279866530021126
0.0333855074977433
0.0238831689600067
0.0367831577226321
0.0290984630255271
0.0335917050972729
0.0301977274829753
0.0374915372252823
0.0298581764016435
0.0294321992851588
0.0247361629011023
0.0322407487533282
0.035947691646761
0.0260808299424343
0.0315224727485559
0.0382664046940708
0.0306644774829523
0.0294291248643982
0.0312781840480993
0.0370496894066769
0.0332853416102769
0.0329360376985825
0.0338846333394693
0.0330477351647335
0.0363228647966644
0.0338524447325781
0.0364051183234309
0.0260966357199869
0.0267255621444658
0.0305130352702018
0.031232103306955
0.0315948782591626
0.0391329944084953
0.0292455763349983
0.035730526271627
0.0346078373660747
0.0303062460446963
0.0312876402838674
0.0375993187516644
0.0413073170392863
0.0301583016083134
0.0332326494917232
0.027527413406723
0.0296236229178193
0.0304211983962638
0.0359941834470599
0.0367045797114753
0.0296765931539756
0.0311919873628222
0.0311180312192978
0.0295904567306473
0.0297508491140408
0.0274285186982667
0.0336245969218089
0.0322804927003337
0.0300159911128536
0.0315076277376374
0.0303610015777193
0.0284281442602913
0.0334754921398941
0.0318340859325674
0.0266828188668805
0.0342963487491506
0.0244506657876725
0.0286084548448916
0.0346321718112348
0.0285033981818276
0.0383551338384081
0.033434041540758
0.0338718832404381
0.0286797018016198
0.033868695028506
0.0309910914217419
0.0271325312453687
0.0369419768743176
0.0287714703077608
0.0296530621240936
0.0317857422197232
0.0341852330333245
0.0313797504108464
0.0257595095958072
0.0324850565524497
0.0324005103467774
0.0314442677715282
0.0309837760655277
0.031827383530717
0.0314327994321192
0.0356053862193473
0.033534770713236
0.0326974330776772
0.037628039882143
0.0256325992797756
0.0294188657194219
0.0336135540225635
0.023470937573406
0.0330733345578038
0.0292742605995127
0.0363051404287068
0.0262003236436241
0.0361617053254865
0.0347063750922535
0.0334612852741305
0.0331956719842312
0.0334089239700056
0.0254519301049995
0.0329100595768007
0.0324268624529686
0.0300264850387787
0.0301204854702575
0.0352582615819603
0.0280603055993385
0.0250682679872181
0.031140267115083
0.0382294689488616
0.0296373744216456
0.0283516393838189
0.0303700339562084
0.0311197401857749
0.0333224229985628
0.0314182620377031
0.0314814993166956
0.0240898729357874
0.0338413244117995
0.0305245589471648
0.0285292015410014
0.0266407583339092
0.0302505491261755
0.0280413801785301
0.0271606078913102
0.031957269875575
0.0360588461073607
0.0286003524759433
0.0303435255720382
0.0271648689406671
0.0366752032147022
0.0274231739844105
0.0284342216912603
0.0331963669259169
0.0286503336671156
0.0316793550627042
0.0318781643184203
0.0314173898766116
0.0252186571447084
0.0333756768127849
0.0326219067503409
0.0346589543470316
0.0336129148699072
0.0323122970045051
0.0312421953243881
0.0308453452183524
0.02432315052463
0.0320153661665057
0.030392194641106
0.0272398073408171
0.0292967649975777
0.0268449801714325
0.0359398821952155
0.0297390841359655
0.0248400415583555
0.0352061143735612
0.0350128820947452
0.0318455649358304
0.0280293781413948
0.0325260169729203
0.0311300847475366
0.0331294944281912
0.0284229754001547
0.0302780682239769
0.0334223813843795
0.0281855738029118
0.0277587144083971
0.0255943840800749
0.0338732673115466
0.0327520772313167
0.0271817321985727
0.0354500856492367
0.0299586357319522
0.0301473404371604
0.0311908272602229
0.0322490181651669
0.0316184824023411
0.0334446132783099
0.0339851550277141
0.0332443133177187
0.0323614305020378
0.0385197803712627
0.031022124308395
0.0332273050744816
0.0261173874670944
0.0298193610030936
0.0301768831245242
0.0334106085299903
0.0284676132385874
0.0299886706751911
0.0369148289364579
0.0314901424200553
0.0318935081535521
0.0325387898507032
0.0357616327197056
0.0292517070346119
0.0332819082603126
0.0364863802346953
0.0332859027429259
0.0249825331209698
0.0316821791174884
0.0316574159435875
0.0343514071502649
0.0322838212120451
0.0308221856678385
0.0318072571889209
0.036914231516607
0.0335760992601249
0.0366473741895777
0.0291924218796079
0.025257282176456
0.0334311761058137
0.0269122963379735
0.0309139648584759
0.0288372072040062
0.0303509872919189
0.0322897796020246
0.0342039217070713
0.0270506606269762
0.0248299974878777
0.0344401415095141
0.0277234555858164
0.0328928519123143
0.0300099869156967
0.0334522312155415
0.033649945277125
0.0332439034528336
0.028991250614113
0.0316940209680635
0.0302370432318239
0.0292353567376648
0.0302904908640633
0.0360252544698471
0.0325943586151541
0.0321867975330019
0.0280297948941797
0.0307244984188692
0.0318500744789103
0.0355256617144867
0.0371815415395656
0.0264191364014337
0.0304575278307016
0.0280693911021331
0.028975801661794
0.0333217393753172
0.0316803219751789
0.0312680444536564
0.033373875867271
0.0314385297091324
0.0286640874225029
0.0339737347738021
0.0343347174306773
0.0329427865721843
0.0306672679237652
0.0337249306699618
0.0347012532815356
0.0399121719546847
0.0276667697009384
0.0369304216328431
0.0314632545817553
0.0288864498231752
0.0364217299807035
0.0232463426437706
0.0292760358672117
0.030954247056409
0.0325002853631191
0.0313519504919581
0.0337544183522999
0.0340441381229058
0.03017186429054
0.0338948683450629
0.0322199378722031
0.0330718293165725
0.0315770040563522
0.0325635312673048
0.031827331114341
0.0369587444039551
0.0388865445025478
0.0368589076832854
0.0324963107496714
0.031101978548232
0.03322670848635
0.0301669027825101
0.0283284467375304
0.0294810184212847
0.0398693638011217
0.0281115223818834
0.0315985548602032
0.0335736086639525
0.0327366156980939
0.0313713138929087
0.0260932680100419
0.0311663743750421
0.0344269152714441
0.0356464200471562
0.0325331833379017
0.027348068851178
0.0350237695691903
0.0353449008199531
0.0329631453741008
0.0370275156350621
0.0308975672227767
0.0331187214802396
0.0333169716425872
0.0348689661856983
0.0292877223264833
0.0294764172236975
0.0405133062925229
0.0275328163262304
0.0292172283062807
0.0310353582974034
0.023150745142901
0.0290708795835867
0.0393929172071787
0.0326606080727002
0.0299870552747235
0.0294456230336309
0.0310423851475451
0.0303523187557165
0.0358646207379293
0.0363059755694655
0.025509286212412
0.0328850007997979
0.0332549613390836
0.0288819620663346
0.0337801764051488
0.0374231327219216
0.0273276967290885
0.0381164370131363
0.0337028189785218
0.0326172352513019
0.0286315295440418
0.029663950378428
0.0316075728697262
0.0339874782245429
0.0305647714368857
0.0277875037533083
0.0294136497589999
0.0309042427479588
0.0306107853908879
0.0377267115499609
0.026778350422225
0.0317201065470497
0.0314240331440688
0.0280525442527328
0.0343767621932097
0.0340992359862956
0.0293012867180932
0.0266641845571548
0.0247789361516227
0.028742297375798
0.0272385379748103
0.029876020042213
0.0271711828973172
0.03193534352822
0.0299397234799888
0.0310189620008464
0.0301062566118459
0.0328939527211176
0.0324695955059126
0.0335864253657243
0.0337170683409887
0.0327522456726534
0.0356851280238859
0.0346631895330585
0.028546141982253
0.033878936721392
0.0306542335877902
0.0363070835829366
0.0331093340857125
0.0285977756893439
0.0292503656193346
0.035902157861992
0.0350879594156652
0.0259170352545709
0.0344139013615428
0.03375817416912
0.0348337793451008
0.0320325632205984
0.0313080812187019
0.029440081724082
0.0290536585570912
0.0287229147518941
0.0282787357533056
0.0330436509431928
0.0382971518736356
0.0267169723859913
0.0302277635427452
0.0344285266356206
0.0318909440964
0.0291242713627061
0.0297622193637964
0.0293944991990707
0.0269836510124517
0.0317444779719164
0.0290412645179035
0.0342124051246842
0.0311402112953272
0.0299303006717481
0.0258625716858112
0.0301359837786677
0.0241151226801899
0.025801792695584
0.0353854593910589
0.0269435700565266
0.0311844056509724
0.0368280941258021
0.0277215241146042
0.0283945188520604
0.031708480520502
0.0270020926364639
0.0280924378191602
0.036549656893102
0.0314268351092161
0.0290849603060144
0.0278653829358453
0.0354356746918623
0.0326182673105366
0.0333583888158004
0.0332049888397484
0.0261917126472547
0.03075909779746
0.0350164774335421
0.0320590206643973
0.0300454715691553
0.0304647461081043
0.0271470266268807
0.0307542399867443
0.033111138284813
0.0333787309315472
0.0321136072948759
0.0302134295957148
0.0355794491965788
0.0306932114747923
0.02973180876949
0.0314314232301093
0.0347703143602419
0.0289513797246979
0.0277371004363363
0.0286745960737834
0.0284157609456515
0.0315299933732435
0.0314025488017393
0.0295543242584901
0.0361463661379081
0.036798255930048
0.0312233199059241
0.0299935933240486
0.0302048940801977
0.0330884388840923
0.0352501453409648
0.0245133261907037
0.0324276361162762
0.038322577167686
0.033118525517046
0.0318175045639519
0.0284537428933411
0.0311703813964214
0.0335512195400965
0.0330255744592881
0.031220602548619
0.030846677120522
0.0324396795064833
0.0339185334225908
0.0313759987035374
0.034257311507517
0.0308020066720887
0.0325959995450676
0.0329670266249734
0.0296368178673124
0.0298471123103526
0.0325011916649155
0.0321932700119533
0.0246316944392906
0.0314582712110845
0.030373391635213
0.0307789117323786
0.0382599804100004
0.0305921625429717
0.029543946708155
0.0238991172371368
0.0411048494687266
0.034394201454183
0.0267691954229092
0.0358040828166078
0.0293613835622569
0.0302123210574348
0.0295646267110478
0.0254578011480235
0.0336446504450181
0.0351667966719864
0.0314663690064622
0.0293885866851341
0.0350353136073267
0.0288753344933554
0.0291609508043376
0.0313993133610798
0.0280613760214255
0.0269975353483927
0.0335740525556202
0.0370996830492581
0.0321969924036229
0.0381016808106808
0.0327006101097694
0.0284256894254125
0.0343321173553888
0.0356339968951568
0.0281793590555093
0.0326316398986897
0.0268922193992592
0.0300140347982064
0.0267901459421171
0.0353045892334971
0.0278813304743547
0.0295154798611181
0.0266137885038014
0.0347821496796164
0.0316577131907261
0.0269185338353762
0.0337599595438258
0.02749760725691
0.0299593051182514
0.0269157077484305
0.0338102910375985
0.0299483439306178
0.0295517980385043
0.0395533274193269
0.0276737582382758
0.0317458338331978
0.0307953227797687
0.0340723468266951
0.0276948983661459
0.0313216955218078
0.0299395029169519
0.0270177720100515
0.036647942835674
0.0316374600867286
0.0318909317750124
0.0348125531444493
0.0310746452904577
0.0281704512562196
0.033933041529004
0.0345783691499222
0.0294107685040697
0.0343343363579745
0.0301344769497974
0.0293873551149677
0.0329899546364668
0.0294240210177094
0.0314412569859826
0.0330223620785935
0.0321673882578984
0.0282556019081631
0.0370139707189775
0.0401145965926324
0.0279279525710936
0.023485989812738
0.0285247677523008
0.0247783135736334
0.0281784710585334
0.0365049802775024
0.0302303920568994
0.0277925121919212
0.031711633815364
0.0267317055479461
0.0272360920112436
0.0293829932037002
0.0356271208377942
0.0325617282568002
0.028140781814259
0.0340736795122032
0.0329051284772589
0.0252172281463709
0.0331817785406459
0.0262790624638044
0.0286567500130682
0.0305033108076806
0.0274999995270896
0.0344059428727786
0.0328362497341413
0.0352038911691522
0.0317807715268775
0.0298181203604323
0.0346225861824533
0.0304472765528353
0.0354691156937405
0.0293808282850999
0.0326216093111263
0.027101277075838
0.0320441488674987
0.0312825155588532
0.0301117250277616
0.0323718953530258
0.0319659337141705
0.028446389557503
0.0341559690482293
0.0296992797532408
0.0361192615410642
0.0303448091455853
0.0276538048031497
0.0281822759592626
0.0291155257006642
0.038668973978174
0.030616140739049
0.0368650453726424
0.0298573965826372
0.0364781709563056
0.032161271794437
0.0386699015599695
0.0325567180113373
0.0283162230678643
0.0312095004975549
0.0302289622478792
0.032170592586026
0.0311387446053846
0.0307650922263103
0.033569713270383
0.0305572548714706
0.0341960293756206
0.0220864899373104
0.0368496232861589
0.0354876767296053
0.0318385827287533
0.0283385026726057
0.033888327046903
0.0358256982364646
0.0305075910748037
0.0338879314135871
0.0321248630915171
0.0377346715831721
0.0342548745922019
0.0332296101117566
0.0317896048279209
0.0317993255155842
0.0309084602431471
0.033830806140659
0.0318415282091198
0.0308891546272373
0.03550122752839
0.0310651676675804
0.0335882658389234
0.031873586784081
0.0347007228908717
0.0323885032144617
0.0336366723404678
0.0293767661077475
0.0346049858494574
0.0281537266779515
0.0270976008178891
0.0253774989804946
0.0318571864753508
0.0297498590496669
0.0371512699844306
0.0334631755233167
0.0332932243153497
0.0305680460530953
0.0292809488613785
0.0314076173892433
0.030769413388592
0.0321730854249532
0.0338634775242059
0.0273152420518128
0.032627292199601
0.0256923318291295
0.0296516695331692
0.0322222142145732
0.0322195512787556
0.0338508428961655
0.0329368271085312
0.0302604621242392
0.0348729432513742
0.0280453587931526
0.026739166215546
0.0289778804932546
0.0314633376445516
0.0323488619753702
0.0286052147088911
0.0320881576130585
0.0313098148156817
0.0343525866638504
0.0301496891524213
0.0320971705414747
0.0282452788571056
0.029345756232542
0.0338016611216054
0.0359601478695098
0.0314267513726694
0.0293415087899259
0.0323821984969041
0.0263406744294768
0.0326522906587424
0.0361592103315011
0.0357852070804592
0.029255556484209
0.0335247534607779
0.0337351256287828
0.0318386740725303
0.0334995924492631
0.026167231277654
0.0303675976488066
0.0330934391322777
0.0308415179717976
0.0248886546719069
0.0346560851393473
0.0450935655132393
0.0373125659120125
0.0329580989339999
0.0287470950062422
0.0327629889231447
0.0309598904332378
0.0276847215658951
0.0318028446417208
0.0320213809425484
0.0321664736023077
0.0299601240821588
0.0357520453251264
0.0279937362306702
0.0325424789332466
0.0335370440785203
0.0330134483224776
0.0357976515917919
0.0308753170787912
0.0338818832908234
0.0338996126620565
0.0305007298556638
0.0286651467983852
0.0328706776435109
0.0330735619367229
0.0321395490219675
0.0291656129900573
0.0355234535915069
0.031321520258004
0.0298413140997549
0.0318445225258066
0.0390320197068668
0.0280527192046411
0.0322456241339688
0.0330859859035797
0.0313630894801686
0.0296603767641169
0.0296698058744527
0.0275326626630824
0.0268475145549983
0.0357300798545255
0.0234185837742261
0.036048669643483
0.0273903831122235
0.0315265027230342
0.0376642709782218
0.0326664676202779
0.0327144998369699
0.0284839636443811
0.0319347916916244
0.0300054469280469
0.0347711305038075
0.0286881482021417
0.0362502605512861
0.0270569779581671
0.0332707603898427
0.0301841485866581
0.0301726793882874
0.0322551168150981
0.0357134572862248
0.0316774851767842
0.0314141030829834
0.0305069241703793
0.0338592471978699
0.0273993848988419
0.0304236752397769
0.0320709612069721
0.0317984508548171
0.0323184206182928
0.032513571854103
0.0323792902722426
0.0341884561470814
0.0287412757387297
0.0314039621000769
0.029657036621273
0.0296272140025847
0.0339905274072939
0.0299246276428611
0.0400918329931311
0.0301358149289671
0.0344889106014163
0.0357084781754866
0.0288253284747012
0.026540561479909
0.0342199437597231
0.0312727385880687
0.0331005599579259
0.0253706001876252
0.0320710796352463
0.0319884510567859
0.0323506585450024
0.0396944942519523
0.0334372857212239
0.0361393328489697
0.0295455883623724
0.0318287972899864
0.0335938064521804
0.0301856272827851
0.0336327103333422
0.0345696782525392
0.0360932730010763
0.0349417990716702
0.0340167067450049
0.0297418442585264
0.0323732402377691
0.029237541494702
0.0304309550295212
0.0282168778728405
0.0268491512960868
0.0383863548898139
0.0342974505094218
0.0329945190770067
0.036836432274279
0.0332380777995728
0.0292577346624795
0.0385196567396909
0.0270802058522722
0.0353905214746698
0.0338162733622956
0.0305242746973081
0.0312738689881739
0.0339054113646221
0.0247697930540345
0.0313690328273916
0.0300414724369295
0.0319174227572418
0.0277386415355437
0.0297449532990705
0.032443717712251
0.0269924249584942
0.0277939863925221
0.0347295661130693
0.0285527312204834
0.0306965043482833
0.033036115231037
0.0337948742297666
0.0297719484384345
0.0311447646532953
0.0356279969637392
0.0242140325535939
0.0315103351048837
0.0322467122222575
0.0265345547749632
0.0318594742063857
0.0341300917670756
0.026421314206138
0.029121055942353
0.0322075275070696
0.0324486614749529
0.0316399503843029
0.0354885120649555
0.0333450866964318
0.0262547821133427
0.029654405870658
0.0281444953740754
0.027081491085373
0.0289709848665883
0.032121370275558
0.0299659974162619
0.0307626000189762
0.0258098949818596
0.0283760021955743
0.0348987469542535
0.0341127875484182
0.0314599687797461
0.0236767614015524
0.033628294930027
0.0306023859002093
0.0301805731503077
0.0303984979128155
0.0305146695680022
0.0268312502505322
0.0294479353493646
0.0320041936725967
0.0272961036585249
0.0324893816318112
0.0321993170449641
0.0348248231735184
0.0305732419246707
0.0370261295751734
0.0304454665378008
0.0327346498546547
0.029262367101699
0.0295200444692659
0.0310503264869477
0.0272258577906304
0.034469125381092
0.0363960664439308
0.0346464077905976
0.0296255516998309
0.0309448893798253
0.0331414447479376
0.0271898708504421
0.0299112591864446
0.032030212799367
0.0360985124924208
0.0331771076595464
0.0273430700877768
0.0334483303513319
0.0310606221092141
0.0328867435088539
0.0299371910884691
0.0350666927013054
0.0299701522676373
0.0318271914139323
0.0355849274121525
0.034624941261594
0.0262466955176364
0.0266777596783986
0.0322454610566026
0.0291098080274835
0.0351055080890402
0.0337820901351496
0.0270808780616049
0.0289796810264119
0.0322121631285749
0.0357351355885407
0.0378726606310976
0.0333926378738004
0.029520969186342
0.0259360867765846
0.0345600245591148
0.0296189111619573
0.0387147169470949
0.0280590356757609
0.0244631842894192
0.0307793901115601
0.0315554026396461
0.0282625384900093
0.0384852085140295
0.0357073968585386
0.0294155001147629
0.031293704703311
0.0306148475408999
0.0307101012504232
0.0336499786379107
0.0331914369884316
0.0335453937683086
0.0289268261016545
0.0330299261349914
0.0313031593505458
0.0248255759296605
0.0294034637377277
0.0260735170314213
0.0302906550047963
0.0304203012678717
0.0247237229814018
0.031734773824554
0.0282016879506431
0.0295275720886339
0.0319249906422249
0.0369742230054007
0.0301287697020736
0.0289972894050712
0.036448207138749
0.0348733498196238
0.0291641280904727
0.0304258773588656
0.0334075892256513
0.0287685808454033
0.0319290665498008
0.030457036294432
0.032199138202885
0.026596317985801
0.0296645529086901
0.0329776667468911
0.0318915590237429
0.0308704468664658
0.0315306506738108
0.0336311981250639
0.0313122051936435
0.0278428127491038
0.029818650421111
0.0289130396224631
0.0322775784745503
0.0314093150561554
0.0328340545514358
0.0301814274323477
0.0283041216853494
0.0312122345554041
0.0316079651425103
0.0346655507517987
0.02890202096996
0.0269607139988541
0.029918761249946
0.0312711678200427
0.0320452002231569
0.0335697008794622
0.0281902918703467
0.0325281555279062
0.0301708808784502
0.0316710265842908
0.0298360532164514
0.0255130666659728
0.035088552777084
0.0301013529976179
0.0309273784667891
0.0314413268846088
0.0279576766930155
0.0258908209810187
0.0399898788649158
0.0311694361865404
0.029064010846657
0.0329675895236358
0.0283147328490956
0.032553471114916
0.0298986620263969
0.0283471052341562
0.0314906439497845
0.028974363534374
0.0335780655301812
0.0265327145611897
0.0396127116659125
0.0295637643774239
0.0418494414669183
0.0297068345202009
0.0256097603637719
0.0364080546806647
0.0294337384763997
0.0321996935614245
0.0295305923836021
0.0309580331598486
0.0363924235876478
0.0276999570622735
0.0267701255494491
0.0304077189091602
0.0303382304087857
0.0357584857378742
0.027892443033358
0.0337486646798444
0.0319192662825578
0.0288295594485278
0.02470314710903
0.0319593678173642
0.0335128123778761
0.034192546731759
0.0283538886532056
0.0263912356475933
0.0279441458592724
0.0272637417007027
0.0386726313221362
0.0273352164252602
0.0316657852057543
0.0347055033263825
0.0253193684470231
0.0325538214340723
0.0275975379508422
0.0350510104039031
0.0331725290710775
0.029123574710983
0.0366422680742065
0.036829301338714
0.0264272239020423
0.0323804201292315
0.0325140424808108
0.0351159705241743
0.0273777418437795
0.0368780652070803
0.0331700956213898
0.0317101793514594
0.0284367818468265
0.0274509134819274
0.0243307592275223
0.0296088909716477
0.0344802382434367
0.0335621284676998
0.0320875656355442
0.0349622828713508
0.0303559631911225
0.035327160412098
0.0298940376776699
0.0277966815792487
0.0348794853410784
0.0312947858137396
0.0349002140418997
0.0293922575207941
0.0374240239826744
0.0376025932702288
0.0303585168057693
0.040993580088893
0.0307899817495716
0.038805329204431
0.0309060326330127
0.0293877479263604
0.0290845708809932
0.0250867113845025
0.0321694808733309
0.0255270486781617
0.030929904068531
0.0318992880625941
0.0297463022643417
0.0309829784365377
0.0261026394200546
0.0357574314904638
0.0313137246825547
0.0296259368880434
0.029497761685592
0.0316187768793403
0.0340855233653291
0.0314212608732947
0.031815608721158
0.0342809579388032
0.0303191816445201
0.031714736061262
0.031212489811782
0.0264917125387591
0.0276644937259916
0.03146611642703
0.0303403322159484
0.0320861607221692
0.030124739463428
0.0286571013880744
0.0291678065029251
0.0308079922718755
0.02880559328094
0.0372147322127334
0.0263914461097802
0.0371145967110788
0.0282228205521146
0.0262282338202764
0.0328090117602699
0.0313800363323099
0.0283745763176417
0.0335908376583593
0.0263183757917366
0.0319192370176517
0.0368832411651423
0.0274684162050284
0.0341717755992729
0.0289741706663549
0.0255757453805585
0.0360129596960923
0.0312803683293226
0.0351227791430289
0.0309931409455173
0.0256811382074325
0.0312171453496537
0.0345962230410347
0.0321240729972967
0.030408609101001
0.0285092553364681
0.0331450045998678
0.0270844162171217
0.0354446773037119
0.0301849876569651
0.0297827319339683
0.0311735578463243
0.0303408497019832
0.0323476628668738
0.0305668466864412
0.0265822484032459
0.0415163231378604
0.0364610891235053
0.0305766285768778
0.0322747614957279
0.0303697551968642
0.0384996998539734
0.0339834189296206
0.0337544079194108
0.0261569821455871
0.0342234370936178
0.02868627523046
0.0327698051898993
0.0302197472614795
0.0269264015617163
0.0351514529701964
0.02753254827108
0.0389914802269693
0.0340334089564746
0.0301971401126195
0.0309004231665571
0.0374797672124111
0.0323952080175404
0.0315512130665254
0.0259856462771514
0.0258557408334022
0.0302458154669563
0.0278878525921177
0.0281995795025054
0.0310448944018738
0.0295203423370777
0.0339671137855853
0.0333034694584712
0.0343481878313027
0.0270950420006013
0.0321793055522784
0.0356645801451482
0.0354392381540763
0.0291715101330286
0.0365017423093895
0.0302843612948077
0.0244578699217816
0.0270796304402427
0.0298204035011723
0.0289322564391362
0.0289526216369723
0.0295991591694703
0.0309742368512254
0.0272945716862931
0.029715844681051
0.0346256113408272
0.0383492118738986
0.0308754394485785
0.033148801646121
0.0257112367899744
0.0352469184701168
0.0329129561054469
0.0288928506775335
0.0298162830658519
0.0260807951365698
0.0290714764795823
0.0376062415252711
0.0296088829498179
0.0349557292563395
0.0337389288025376
0.0336961792761781
0.0335554688824024
0.0355801234025023
0.0309231823745714
0.030155396906233
0.0298456117855366
0.0364439160770101
0.0346708867733189
0.0348013007881542
0.0272314491885146
0.0375992046206012
0.0280492623158764
0.0286232207571864
0.035711694070625
0.0344449752669727
0.0321971762440776
0.0352262911872386
0.0336303861513795
0.0298577714533057
0.0247458635669086
0.0286793426014738
0.0341521084019989
0.0323763276814486
0.0347478981660416
0.033540080637666
0.0312758574822279
0.0290718095603213
0.027344510073369
0.0298692200384633
0.0319169598329101
0.0271097468686902
0.0290184205524787
0.0325803524301526
0.0306657613547325
0.0325231698409262
0.0316082499464274
0.0285733319391767
0.0295566804402725
0.0314127109012127
0.0282311834587658
0.0347594050741769
0.0310335914558128
0.032688941918388
0.0290766737670847
0.0277439787990707
0.0335890569205848
0.0282580497369129
0.0329578234702991
0.0279149678031007
0.0300256802722939
0.0294994795105671
0.0310081765213732
0.0294876230072971
0.0310389642398274
0.0272144267601362
0.0327203150911001
0.0323713773704621
0.0338511821201967
0.034526743378692
0.0289970071535671
0.0390146010576084
0.0290022105644257
0.0273502978946193
0.0276049254526647
0.0300812585474527
0.0331133125778283
0.0294397881841512
0.0272471151326255
0.0286979946481327
0.0344775873620617
0.0261269383337364
0.0332996242317534
0.029446769175376
0.0341982470540744
0.0282433071798776
0.0316128668080379
0.0318089662408282
0.0358091600604635
0.0277176542545853
0.0254548522197732
0.0327917357569598
0.0351244255230338
0.029299715325318
0.0319136169970015
0.0264169430765676
0.033451372140857
0.0298412712624488
0.040150732743319
0.0314102068068659
0.0334736682480798
0.0336136306626103
0.0375997389708697
0.0325731971756828
0.0256654702736173
0.0301882520107804
0.0278290253399433
0.0266509193177093
0.03610723738185
0.0297424398378681
0.0351242819686445
0.0316867110793053
0.0329099226199544
0.0295204317693351
0.0342186074672926
0.0292307492024856
0.0372589899358406
0.0315463409955649
0.0303192786060954
0.0263449057133251
0.0380465836257658
0.0340295715677596
0.0313285409500904
0.0349607298436219
0.0304439030487327
0.0284793477475316
0.03903044829803
0.0265893567784701
0.0387503939887458
0.0267875442862076
0.0266041696816153
0.0276109185639254
0.0354616263284484
0.0330777433282649
0.0373961094887204
0.0355110059385139
0.0289889476678778
0.0329781165012175
0.0371639210340994
0.0327617051170627
0.0293327130953677
0.0304409033749169
0.0312313966529931
0.0289640857903083
0.0308465510952061
0.0310981188625772
0.0319183044923436
0.0367249863957955
0.0296877336517063
0.0269114822318415
0.0371032064058612
0.0368140778491782
0.028394350452427
0.0314296251140953
0.0298902763607999
0.0308592223988915
0.0295579618983903
0.0296801249847435
0.0323947286634254
0.0311744597629859
0.0300432527221099
0.0309847485226426
0.0281881595975378
0.0344411803709856
0.0329697349462071
0.0270399411128506
0.0314244941286703
0.0317391067517112
0.0283213515111324
0.0353300985131053
0.031331593788484
0.0340136666914708
0.0318102617748302
0.0326934466899911
0.0328009705098155
0.0316427475797835
0.0343583605996302
0.0261618318811189
0.0257393361480573
0.0283633260427339
0.0322370023704937
0.0329526899772139
0.032983969081647
0.0310541983248121
0.0289554913547186
0.032400847739521
0.0328738025583253
0.0324983817256967
0.0263520546799217
0.0385387997300528
0.0332578199825319
0.0315715859179756
0.0325715018230853
0.0285894828572739
0.0361039880860565
0.024900773607999
0.0326479802074491
0.0311658037206289
0.0305789819426714
0.0359932659792417
0.026036853628287
0.0372732805868199
0.0339658405151791
0.036338899901611
0.0373451342672225
0.0342622339663542
0.0306188636949804
0.0367355634999026
0.0293047197764977
0.026962262260717
0.0285023767887156
0.0328114146870313
0.0301015076958691
0.030940060892484
0.0281580821096703
0.0278221272512863
0.0226222478941647
0.0307359730328127
0.0300173691036306
0.027092533020194
0.0284859400553991
0.0335879492603334
0.0296339250442716
0.0295189132627345
0.0328349079622364
0.0283318756233686
0.0279332151243038
0.0292160332512923
0.0288880599088467
0.0356311957404545
0.0300867695663695
0.0370256395435751
0.0303339181475262
0.0283991428338276
0.0285614549979256
0.0364350538707628
0.0316637071547158
0.0302917824523013
0.0247628224306508
0.0293298230679714
0.0277784729669777
0.0333915613467802
0.030860153549552
0.0327974739638035
0.0334919279428183
0.0356308123957403
0.024333830444586
0.0304780467998163
0.0305953665366712
0.0351525812322084
0.0352485476473458
0.0325070573835459
0.0271267561466092
0.0331702864204152
0.0354027736174146
0.031121705676317
0.0358721440014457
0.0334525946684903
0.0298963513967807
0.0304152947489394
0.0271299689810222
0.0308642646977544
0.0274503853092769
0.0254536105334394
0.0293012397780352
0.0312029361013819
0.0331458598973956
0.0329063751522546
0.0291514850552213
0.0319419003662559
0.0276383490906045
0.039529770186177
0.0293258204945095
0.0332169851947996
0.0338026066444493
0.0275106804204148
0.033638642170778
0.030869728839157
0.0344402422324042
0.029768673345895
0.0342333952069163
0.0291316019264146
