0.115261772873608
0.13751062911595
0.105509789043772
0.137961730781357
0.116377218393946
0.170050310188537
0.113338897811185
0.0847015607667269
0.122720589569925
0.144230824744084
0.142519485305912
0.117680158918892
0.133583726427915
0.119124828024485
0.154782177993302
0.147288905626964
0.117865536291422
0.13052097251996
0.138846615532247
0.0885063413574959
0.115378266041205
0.160420276292181
0.143855488804397
0.0953424381290074
0.0881419713535923
0.145403694859904
0.0994296499664233
0.175370742871613
0.112972262369137
0.140773174859533
0.158578733045968
0.126218436322322
0.137678819665288
0.178453887804802
0.124019732459201
0.129380028514878
0.151320948368484
0.123877089498108
0.127274253090172
0.156502677465345
0.136055792627678
0.133109324151264
0.083186680409727
0.109575077665493
0.118018521562835
0.166070875930588
0.0874395006395965
0.114044315940296
0.158261872944209
0.194907629028941
0.144296556991253
0.0813958417895706
0.116373497509102
0.150955828610396
0.180916932429192
0.125188602181589
0.158867077272562
0.125594606625316
0.166590865427408
0.204659211745744
0.0685478346994206
0.10804451499283
0.077926202619707
0.22632585354996
0.124198642828738
0.107598463491253
0.113091008680012
0.129948374960498
0.149487421096823
0.17544490501691
0.0644104017574513
0.125063890204754
0.199594454171802
0.139351682135135
0.0748191421803769
0.151193310137277
0.148033358696987
0.0937387799291907
0.0858507017343382
0.237132005519843
0.139743766624227
0.0721692352873954
0.144317240744037
0.100002431113488
0.135682977887714
0.121245103217447
0.0911406180312467
0.116695128815635
0.182932190016515
0.12372389834719
0.168772516335391
0.149725663774895
0.213042861660042
0.131873542264551
0.127099316764917
0.0730278249471445
0.159539664869415
0.142163014624402
0.132354063409341
0.0843780120459373
0.0813631652808538
0.250441661056561
0.156301885485583
0.0969120094834295
0.130238364699357
0.114423234845621
0.153928401646565
0.0911529260212595
0.19466411793481
0.137776768664749
0.0948794844535563
0.139179815150211
0.0944371263396871
0.108848734266621
0.15036490681765
0.0823730649000602
0.148042051481492
0.16375992595961
0.0630323734724837
0.0580436777074598
0.155409411293133
0.0953482421530744
0.15655134110488
0.0918689520045848
0.0847644722708381
0.151476739506859
0.172155728631782
0.148347688374642
0.122626476171047
0.0928433656332223
0.196724542493453
0.129018333866988
0.130001229660519
0.0833888246810077
0.183692302673306
0.14518442322588
0.147209705373961
0.132135568686378
0.199784203649525
0.11725585029934
0.183992848727431
0.109432911396563
0.112703889335216
0.0588206362938999
0.164465613622467
0.138958277690917
0.130226841688808
0.206464189820212
0.105678181563175
0.0736164539646796
0.106641551887572
0.160630157725479
0.124024469483016
0.0963039497604961
0.113509483058966
0.105745601528295
0.0977166697343464
0.0921472573546769
0.120356027703052
0.122497257066487
0.155011342491363
0.150503334419944
0.16202462187682
0.0925663936957008
0.108552458176154
0.170086769229748
0.103954890466013
0.129464540412121
0.134817509083989
0.187337948363731
0.147377218867767
0.166224720494818
0.105647780450608
0.129498083112917
0.215951205497484
0.121954458866531
0.117123693457402
0.130166093575729
0.16208726877496
0.0712076692522993
0.149667041876081
0.170544774433209
0.160580923400823
0.118082395713473
0.166737085188166
0.109812411462877
0.108184241290488
0.168151461088421
0.167042758563724
0.101999009301038
0.120659518153964
0.143372335386753
0.148095587044578
0.104596890811128
0.164786395392809
0.178005826284911
0.0948420997108445
0.139951016506129
0.120178659064111
0.112545710937428
0.189041573841219
0.106827418346426
0.129537204873157
0.105817664545101
0.157046984183838
0.0859358067986644
0.121547402386217
0.0873108664327436
0.121226725978353
0.0919258090367499
0.120060752305339
0.181546471060413
0.112728439674688
0.166837242455456
0.178375982244547
0.131765899461301
0.104443671504061
0.168343711990698
0.0699083626411405
0.169828492527764
0.186705853394415
0.135623675192339
0.188490798934701
0.0820947789649526
0.156434215545432
0.0748936827283076
0.0831616537964165
0.124498386318044
0.0804542462339728
0.0955024805536924
0.096021711250653
0.157478810818003
0.103961639314586
0.0670072255768523
0.149951034943019
0.128336585530721
0.161086281924084
0.0835890560305529
0.157389318484312
0.182768540637478
0.138988079908246
0.107685211170864
0.0954857900906542
0.149475340171535
0.095180409520637
0.26329648964251
0.115662672643311
0.146249150990303
0.137723531357954
0.203915364507817
0.125264534173297
0.133442926755503
0.175605781308871
0.159119521934212
0.10111394308538
0.0858680405957351
0.0729721234123182
0.137834414089509
0.113909989449493
0.143366327706258
0.227912159177193
0.132800236713581
0.110647017301808
0.0773125858818889
0.135615116321612
0.0975018760764544
0.157902250683971
0.118988684743915
0.112994783783345
0.0571883590090928
0.0838308356673393
0.0938956441590019
0.122021082234741
0.157242318050129
0.129060019339343
0.157633860040472
0.133911410464492
0.179704590303763
0.13289351847102
0.0857067209663585
0.174723345643717
0.193646219081239
0.150722116317445
0.121057616930453
0.0931974253506364
0.138634756311997
0.162961745950686
0.12479900944711
0.151704182655357
0.141081041913647
0.165251526498793
0.170358216008494
0.168379708143014
0.102295693941816
0.149330646864641
0.0957883613151183
0.128613611783188
0.090684382215132
0.0680158077991966
0.127544303320198
0.123482546223494
0.148878438202485
0.106892120096691
0.0812444958205036
0.120457868678001
0.162173632788807
0.1201466817857
0.14729804510495
0.163235142610132
0.14682530143552
0.0834872637519238
0.100959079403576
0.107128083354788
0.0700238942088934
0.117641307898121
0.138047818283859
0.157135530897836
0.0838526777378055
0.128284283833715
0.206865845615321
0.122065721943694
0.106178274152285
0.138019361714062
0.144690753330654
0.127831522020911
0.0875976782995789
0.161896144382611
0.146480849579628
0.121416256275295
0.203766403824825
0.117963328040587
0.121325731029405
0.156351804516268
0.108585148449489
0.0925211851724995
0.118621039849101
0.0878127537085127
0.097962444852964
0.0355746138633957
0.146113786749926
0.18003335851416
0.280015436868268
0.178349779261577
0.139986502265616
0.0957497719961955
0.159890323831526
0.149464310661184
0.131954894046589
0.139555912614426
0.064118601387101
0.215868194458347
0.0686385653169091
0.151219992452201
0.138130773907782
0.142247200696856
0.123706456008094
0.13167359182418
0.17344921401816
0.102729250095764
0.148906917697615
0.0979438345651773
0.143446382523635
0.108501044160121
0.0989283000057376
0.0763955009658068
0.138108972027711
0.0748674590072992
0.139260231430083
0.122623181923247
0.13848166702985
0.171063812756032
0.146711879928836
0.199257021250202
0.18533100530694
0.0935080493213631
0.118439797785674
0.135808116547446
0.135887087726932
0.179846570772086
0.120537947323685
0.181163608639834
0.105190099269339
0.141205912061783
0.13424222782194
0.160569083080127
0.194065117557188
0.101458887367399
0.104966108344232
0.172749345567592
0.14693243700941
0.145391789649202
0.111932373135765
0.116781203438994
0.0815990797342081
0.171795306813869
0.206726417675529
0.13221260551132
0.18188050136017
0.218213899124324
0.154883477897222
0.187194771738518
0.0766287097983358
0.112729255435293
0.136637122982439
0.205276853420714
0.114639236712826
0.106074475311601
0.13109541524889
0.141454421557022
0.101693789394056
0.162037739260764
0.166752405034798
0.145753650910066
0.117252513688182
0.15490311296519
0.120829317170393
0.161132264756046
0.170864052392464
0.187600621296182
0.129161110783233
0.128048662300262
0.096521445609542
0.148140016732123
0.0804047317867394
0.12900482351226
0.21771564623639
0.152742551719017
0.115640799471278
0.160813306208653
0.137877532431865
0.130223848641283
0.173416368917878
0.106278955085999
0.118214122724139
0.0740214877028434
0.157985541611791
0.078073081883831
0.0922828492938587
0.13215905591498
0.133216367553226
0.10430143226841
0.177682557285743
0.0897251430060243
0.209325546242342
0.0999395431359843
0.0972822161676078
0.150542250450434
0.138501303507754
0.129806044055779
0.164069871168457
0.0850136091347081
0.179201337452284
0.175801172810126
0.156484998023161
0.123163337605614
0.126054272205662
0.224386620707422
0.138260879163972
0.128616308140854
0.0999131592652578
0.097212314165999
0.0764157742606634
0.156696501868212
0.148826282215601
0.135664680473898
0.106789688339518
0.124580743396087
0.0938303766547328
0.0801369969468311
0.118148236188782
0.156975249123373
0.116444794858255
0.142604195512711
0.120024329472306
0.144700962590469
0.132801832063993
0.105797113913271
0.143470924754811
0.0633051867624541
0.16962579571671
0.171107305379922
0.153548376661961
0.113075144474211
0.114353865033925
0.177696057146149
0.145652625237393
0.122382690208909
0.186453748433333
0.138948387163229
0.137396599067902
0.0942544828922044
0.176914404439001
0.185986744016598
0.127164358519424
0.122945810866733
0.142837687337639
0.166741301469046
0.139034155376997
0.236384556807838
0.136254554884354
0.102481582809273
0.161388330388243
0.132289843914768
0.120517856397879
0.10253617074058
0.190357351179983
0.123312790701152
0.117658253162328
0.114087936159408
0.165749984154868
0.148621683212904
0.128807316602915
0.119612905087974
0.128290947977244
0.114778221563547
0.110009274205857
0.0938488436210972
0.1687114837243
0.0793840396965324
0.125645502781708
0.129082981703462
0.107926786866958
0.19126427509802
0.143011577099979
0.131077862505955
0.16792258878352
0.120264276781026
0.152090721122088
0.103984101583777
0.215069736770924
0.173701004604229
0.129279943434492
0.242617042870074
0.115054608949498
0.12731129906979
0.160516212556218
0.117695266481347
0.124288659683999
0.103358186708472
0.131812044819945
0.12191599721947
0.255060536254166
0.0964278923749567
0.140340793035211
0.127025813835987
0.146997792108374
0.150034044557024
0.0829808393825911
0.129775233543599
0.144412441199118
0.0996589652906048
0.107386657828253
0.120414702651187
0.19469698913381
0.117652917760527
0.146982059248098
0.176589873664447
0.197238048744657
0.0637762138403575
0.148813061635749
0.144935778870547
0.0856242085272545
0.124489273394023
0.13319358306581
0.102174559192866
0.166797982049002
0.103848446208752
0.152625934520856
0.149321884627188
0.176443284770195
0.117135461662629
0.1655885197693
0.174470590755606
0.128934257389214
0.164613135843877
0.135067415476758
0.176720809473811
0.119652919956231
0.177833468944609
0.223043072568974
0.152439828013076
0.106523902643756
0.126679802333212
0.198373649033662
0.131042627482691
0.101489498943114
0.134321224244153
0.137796854933193
0.144108008309188
0.134294368040056
0.118180057103654
0.127727348729073
0.139841787212457
0.167874104286025
0.0602877389376626
0.107349156061692
0.0905049961526611
0.0839008380150433
0.191111043969537
0.116508144047879
0.156875369366593
0.140048852163502
0.127811580514477
0.178306083570018
0.131535943476268
0.0949315693640976
0.102833657297133
0.154174504547165
0.139584056537567
0.112924032394559
0.140031540313913
0.171516101529597
0.0817689117408325
0.22884968037689
0.104892553184538
0.150618548448582
0.180439350399371
0.125351411824872
0.0954887959470468
0.0517428688563341
0.18938775571453
0.144724964737554
0.110653244451692
0.155752860381208
0.207630756222188
0.12073836752691
0.162487964421903
0.0967708418081236
0.119812371758751
0.17982207869086
0.1765947931607
0.100809297094547
0.189773978518899
0.102229563454737
0.137908212973637
0.15485148609972
0.130398402470292
0.156541507822049
0.1771343799581
0.125256708493703
0.146298910362573
0.064260058456978
0.157342612369381
0.128890598399676
0.0845970841848558
0.105391435080668
0.169628150738201
0.0846960496211882
0.186014525561459
0.0561733530934094
0.077210982228158
0.148634161926545
0.150897293731531
0.174147653011075
0.196665332550575
0.115091030393809
0.123803407785364
0.12362132031089
0.199643566686772
0.124008556423356
0.160729389190696
0.117883980136737
0.0764715404329342
0.122778431044333
0.103058649759842
0.102214479635286
0.0987578515350696
0.0912059953472379
0.143610870385102
0.150823685188625
0.151099565840298
0.18411951724494
0.113871129791432
0.16680830163173
0.187573765668501
0.183976902979244
0.196493382180678
0.120414757314116
0.138272917608609
0.103075496858664
0.15369458555375
0.179962891363062
0.110957525753531
0.114943699308242
0.138580716222575
0.125768362178022
0.130305167567046
0.1310382498489
0.142098049267929
0.100297935528045
0.133280843142994
0.153101529631925
0.14635351529033
0.0913363126115946
0.160695404940004
0.135439391777095
0.101703415321178
0.170584717687854
0.141585792955774
0.126719338182867
0.0861209648180472
0.125106630192434
0.113487176000631
0.164878230931375
0.0723550417654343
0.117222316531963
0.125299329304739
0.101198137879105
0.131722666343118
0.110072794998554
0.12641466798491
0.136142648777932
0.11188394723365
0.186323368494196
0.169621181241427
0.107044958773681
0.128658766166991
0.146107016290343
0.169028029070876
0.141731876419198
0.113910040359438
0.130073389171413
0.145620235623849
0.159672441416522
0.152178642507255
0.158112992158822
0.136712793708223
0.145400704932252
0.0912903086454594
0.126523333568799
0.125956803693056
0.138853666336531
0.167424982704327
0.17316545831886
0.154337829425169
0.145370617524675
0.140751873021978
0.150830325385269
0.181865313204695
0.147134776455671
0.166686062486227
0.191690582752535
0.113293349241121
0.128850228594918
0.1410217425915
0.107205860767205
0.124823983180114
0.167894312826889
0.19605563556954
0.160345299369484
0.0988578575719523
0.109252085047777
0.138454610589676
0.132134527877651
0.178266271597276
0.132417999830333
0.130129431494228
0.155512763035885
0.127059141805398
0.139168656379593
0.126095800850267
0.113596763442205
0.176248260116042
0.110411709897359
0.148466695403332
0.0982971354716605
0.128923600188616
0.118857778289404
0.115370659866174
0.135737494577704
0.168396034290974
0.106450764667378
0.174314847657766
0.152021429528809
0.117487397479943
0.107506708946749
0.171904508982114
0.118226404514618
0.124309598328947
0.128506028402987
0.161058487712748
0.160733382190613
0.119332819539738
0.168482516763413
0.0906450684483737
0.150694585813229
0.104898875280042
0.144066570947735
0.178128274287069
0.115842017567521
0.121051951581101
0.120117595781191
0.070331105148067
0.132384209287328
0.106348006507481
0.113766080117212
0.121297025236243
0.244622819056976
0.105395870446237
0.0779462252597127
0.137288978932662
0.0988802786886127
0.101133204653323
0.0992699133915662
0.127766510369291
0.148847944440674
0.1548771371449
0.0756143903728852
0.167353604611611
0.140930383162766
0.127270265579153
0.0831328266142747
0.111529685003829
0.147105858975731
0.160008371197125
0.159561541391732
0.169424234845838
0.12200338075986
0.141936066519422
0.147015901218389
0.187168800384604
0.165059696855076
0.182738569527971
0.124150729377262
0.0990279444345614
0.184233031942619
0.162867205605582
0.132708185180487
0.115814682358472
0.145489203223362
0.108599359280898
0.153552264656526
0.138380256316369
0.185226656857491
0.0880583721368522
0.133290170516603
0.137227559741753
0.150665835264698
0.142233795807913
0.141319241019654
0.18795849847417
0.215860449332815
0.130911586588285
0.0870628517524732
0.103161052288127
0.0528675690399659
0.13855938120318
0.120430685144582
0.0945586188943218
0.0989968782581095
0.140006819973333
0.110441674476612
0.257832940605985
0.129594217885681
0.14558654665858
0.097168854777874
0.237682476090499
0.107976809525388
0.0945550456191656
0.137030982845973
0.108468703446683
0.0911681911375068
0.179965700136487
0.16546019454836
0.155572294424247
0.258855493107222
0.112356482278337
0.137193618153033
0.199375918439548
0.171647089785141
0.141327789530724
0.158430822438199
0.120429587693653
0.128946833305367
0.102628704181276
0.132119040925202
0.0986474639635544
0.103897145820807
0.144322536549827
0.116780094142481
0.147581761120361
0.134504395484383
0.0861257524742074
0.160535632294367
0.135989701405804
0.135123889167886
0.126980979907018
0.167018500617074
0.164962402996335
0.142830037694184
0.0794975925390169
0.134864737799816
0.157660735698539
0.083733247087775
0.19671941706614
0.111286924197205
0.181720669936973
0.103249215817672
0.0971098929232654
0.0766262346020732
0.179119404006703
0.136812738822775
0.125131583689107
0.1363850403867
0.0817043741520056
0.130529882803821
0.144034607994579
0.157672107736098
0.175476447015848
0.0826979890289459
0.144981510971269
0.202780567368631
0.177544310198465
0.107590155586406
0.126891261339791
0.142993063684976
0.15773855824199
0.190494541524995
0.0915507043669781
0.173393592716013
0.108526303814994
0.0861797743865711
0.201518269671332
0.139837671035362
0.0928483875167671
0.0892134493602063
0.116484269542539
0.124880205350569
0.133565753143608
0.145824974572938
0.128012797907857
0.133897083707212
0.114325794524021
0.166342068782146
0.141468019890393
0.241789597359154
0.144506672735776
0.128468431180884
0.111114911819376
0.0946378060064125
0.0980674707464177
0.12414949005622
0.107219004471729
0.070284003526544
0.124443325626296
0.0746322874503148
0.151405455918186
0.0774539188491042
0.110182247060488
0.201354574799605
0.122989230612289
0.141386496349836
0.133025769092837
0.07755580957447
0.0821011128925458
0.174412744678104
0.143716882004519
0.147807611883375
0.136323535591479
0.132232520445586
0.12333004583195
0.221053388997378
0.13834994717256
0.136339052818248
0.132447935459173
0.073288538416333
0.174512849327196
0.183263443125485
0.19187286864155
0.175054878052351
0.142956216269022
0.0967756157048834
0.0824097036616886
0.240977332428788
0.105134877975017
0.117474681549347
0.120279425348304
0.169987306806241
0.0993426269124994
0.145930088466924
0.143402307636634
0.0983465365789045
0.109564087857798
0.161812051344693
0.201715690857729
0.103646542901982
0.0926824328859918
0.159384901363251
0.152416038085576
0.102351150368886
0.13308540305114
0.171694032832246
0.125300089465795
0.129659374691089
0.0964016690947746
0.0967685030762338
0.112456013134681
0.0751482809180733
0.173505990084238
0.0990920671818609
0.15006402065825
0.138339429161048
0.117022811963575
0.112258040002244
0.192724406333925
0.071152237685361
0.130940348108793
0.128085094006622
0.130167302750233
0.100974187555319
0.213009893402459
0.110086699460756
0.138803226748578
0.137387232638363
0.154635993448117
0.167795302657681
0.136600357852413
0.19045592404075
0.152775509910497
0.148044345861606
0.080577436727078
0.179557829497051
0.109146779852806
0.0779000893065442
0.143207127214521
0.164919385896074
0.140296889874677
0.0819147609285917
0.1531062476139
0.10979305212183
0.180922953993753
0.151443915022452
0.167798589848437
0.138295707161138
0.245374600074415
0.130390007099559
0.068189281618582
0.099895292931741
0.115060508927731
0.117206394623779
0.143790795819114
0.167426460311303
0.204078290984525
0.103785599762514
0.117514266159015
0.14989721493985
0.173376576831067
0.0819495234055485
0.143962662775313
0.122875127794573
0.122141781579393
0.115003591128029
0.111498616534039
0.0794767414637298
0.199417289204509
0.136154545774966
0.167952473755381
0.141509015773904
0.163059117040454
0.147941665978008
0.0944593184745008
0.171957134434029
0.0880737987500912
0.12790195303184
0.158196373538619
0.156686694068764
0.139793136774731
0.120386481038662
0.0869889540567355
0.117486882297904
0.100252649194127
0.104096752133083
0.163789671828886
0.0991580371504229
0.137672867745576
0.0946434012537266
0.154071705504121
0.208997542764189
0.123484907135899
0.116288136073123
0.126961559845219
0.0666231050074862
0.0985395643633284
0.119575675591292
0.101618492741042
0.129174397938529
0.317525216927355
0.147676581637657
0.106407135679225
0.179632893228462
0.113914675619935
0.133767497163806
0.148276564807397
0.175374660234803
0.164161075037944
0.141633766501404
0.139495042681207
0.148264582038815
0.158615670282863
0.143996058993079
0.143595562475819
0.092426182583933
0.0927645046019399
0.109150297933294
0.122939657081899
0.182224307271423
0.129162817766235
0.126929795393345
0.167475266737374
0.121048611109274
0.135154092994811
0.110987472026752
0.0994493870659855
0.173160545741462
0.112859687906225
0.13497327868545
0.131875712613583
0.0988373840450859
0.132078336146352
0.100864921007482
0.150066910374505
0.175070148415292
0.14276679475661
0.105963842191112
0.102919168032802
0.15820568175789
0.0899183146282169
0.0986517797058139
0.22278655046654
0.110529553864313
0.0721876845756964
0.181871876470901
0.108584011998227
0.127715471548293
0.121351462955025
0.139834634532876
0.12480274252613
0.132078377595096
0.0488954229262493
0.154282837781751
0.0967153264792349
0.168311367432381
0.124792460433171
0.159107307184142
0.132902765241009
0.143461965015204
0.116388022613009
0.167321202450429
0.107795289223165
0.166156755056069
0.124834224423494
0.140445477667492
0.144456758072239
0.188799893223689
0.122216392756621
0.147463520697659
0.127852019215083
0.160594825603665
0.203937825253087
0.113134372443268
0.158551329306884
0.141367418202475
0.167983174733515
0.106271956692969
0.141621022836442
0.142282535431643
0.185937134766284
0.197351548829881
0.107441397774387
0.137204227737567
0.144989261746237
0.179062978899302
0.150189010197046
0.118852807489071
0.137162428386371
0.146854046171488
0.14776107416388
0.121207885715054
0.174933962238509
0.16072221585626
0.175120970933118
0.0990947892144946
0.163964798081313
0.129277515512352
0.137806111832458
0.11059999708512
0.106494636619102
0.168884082237304
0.146184085671082
0.176360484694471
0.0646450699555371
0.128972068337613
0.128064902302712
0.164621244315054
0.166742728123894
0.12297554619892
0.125259478114226
0.0886486643415038
0.0900921983315605
0.138993633841668
0.149927489640678
0.0764295590311825
0.125433058408514
0.0720967377933851
0.133134869096599
0.178513759431735
0.0807598346034595
0.222585537898111
0.112579726594207
0.0781875933086505
0.146528836346428
0.119951706469615
0.0898736517537749
0.148226558979249
0.157029415612004
0.152804490341907
0.109557760304878
0.124172498466653
0.0979133473312573
0.0921151585638071
0.134981691349737
0.172423546842527
0.119962614681979
0.140343269538975
0.165260087495532
0.175951146336546
0.105052713114644
0.125199740133809
0.18011078272886
0.174784475302316
0.203622258017958
0.187616740840986
0.120901098415991
0.0869675617997287
0.124359596528852
0.19886780146968
0.131077331783678
0.114159823115794
0.0766427956764373
0.105120148000735
0.130334210061237
0.193909686627401
0.143260871088429
0.0865668932291704
0.134018524713173
0.177814352812333
0.151898576970452
0.194327576998604
0.223062912579942
0.179459351670988
0.118047365060942
0.133175388739004
0.169985162751276
0.174737897694005
0.146801068404216
0.0916946909307848
0.136927417981502
0.115835019855859
0.0996624048578377
0.0827728816287812
0.112470927005753
0.0936013149028253
0.130283578748968
0.094035833160342
0.15152061825609
0.135753065069936
0.129876684403605
0.160762176376922
0.1487836248848
0.128592602798187
0.0987315246979321
0.116761286566861
0.15780374328249
0.124022570622628
0.0796424721269482
0.130370711302717
0.118604537353562
0.155836112143712
0.108590214561437
0.101959769300493
0.1298884678556
0.114815055475673
0.11023136428248
0.133400961423697
0.132246295723933
0.12149668773826
0.0974737167651767
0.119360238251068
0.139825320845321
0.122571515988381
0.17608368739123
0.10418353192509
0.115994120685357
0.119572832648885
0.206634983974877
0.105553297596854
0.109706118516477
0.153564695604617
0.1337607661092
0.184529832823258
0.107306777357257
0.136665970029262
0.174256305666491
0.105662382298211
0.170674684958707
0.116916976795672
0.135493126497275
0.172259129428933
0.115526294320862
0.195930730304248
0.163626824713264
0.0946224728050883
0.171568171171067
0.148409346654637
0.0917812719138482
0.118747566702165
0.138522908554964
0.0581413291849639
0.171153993644215
0.130867894252611
0.128163957092753
0.149055978045183
0.111757678471418
0.148276317889704
0.174303982867297
0.124173969372379
0.0788108652518405
0.128999224991678
0.130429585382771
0.10112258786588
0.126591315387239
0.163233152511449
0.175200592581527
0.136427969518413
0.144981315575592
0.0949789240122293
0.131232075027069
0.143887863008516
0.0844687101863604
0.0774287175576357
0.119415270912238
0.0713036587047144
0.118597404753031
0.109485974067782
0.101288767805152
0.152780865752294
0.123076560906461
0.160646467438585
0.119356464428964
0.136361974679867
0.171249453661654
0.165611581017517
0.142647786946741
0.0908060444910278
0.118938858545198
0.138603681651357
0.120748858241201
0.0848479173907874
0.190428251192288
0.126506274735666
0.0513197822563711
0.183480305290243
0.214563716027251
0.103936529383511
0.207307855720899
0.11732826442763
0.157350691780271
0.108816200608472
0.120163985548758
0.153173582082538
0.0834889020417266
0.0897095368771839
0.0980143201277022
0.0830006004462456
0.149150236797711
0.142314714505917
0.0895530171152563
0.131567800075293
0.139272018234167
0.117872254618764
0.173080281007807
0.119051046001637
0.18490735552789
0.123889461564406
0.0825767151140375
0.101397197442842
0.171884841170199
0.155307627453688
0.165210698184719
0.110840534034505
0.0997953224563892
0.0975952924359855
0.0627855370868796
0.154988454509582
0.0962664007852388
0.101039227747053
0.140711876992831
0.120297194720034
0.1534724497248
0.103095834138917
0.158482852567834
0.188656000293699
0.154078931086837
0.130610623455134
0.148729946914537
0.159172153430562
0.128605056231483
0.120322135758633
0.0750809562240004
0.156322383696194
0.132055305116041
0.117420251215378
0.176255002671288
0.126638928504084
0.168584941021549
0.118581880511613
0.142282584199826
0.129327397722848
0.156394830423353
0.118971029341224
0.16580897544224
0.140555188712598
0.132953066347452
0.117332496513579
0.107472540953634
0.16369114365704
0.0920134960560577
0.104711002505604
0.123420916564933
0.0801439537893121
0.117608292152152
0.121476687728309
0.131042317174781
0.133490779826251
0.0738192574371775
0.172676497354404
0.186064202269363
0.0906408453218648
0.146436942829177
0.148849138198514
0.140999194102418
0.131791607388213
0.148440120502371
0.078504082051836
0.130952450962791
0.150617286586207
0.176472139035147
0.145106554409886
0.121209752905517
0.120143764643556
0.138599213070765
0.109975191023369
0.119051754710608
0.145874258232595
0.154443294043058
0.0876353367823537
0.135883019651536
0.122955929277941
0.166693411980982
0.0677288988821702
0.166449288958221
0.107837362237249
0.145123494657793
0.0880734905714462
0.0849147005003795
0.128202965679832
0.16292435410068
0.243310676434772
0.164407347601024
0.0864164330749771
0.111104748785983
0.102320982524691
0.143628972995336
0.123501807768601
0.148615961590935
0.168743596676553
0.132524480408403
0.15933922589493
0.117220261697247
0.182265856568922
0.18119194613446
0.13761910258468
0.142917049586478
0.18021949157509
0.127327918472315
0.111625644956938
0.165691330041291
0.126569137505972
0.140424137059812
0.14409007491161
0.129198250607838
0.135668711931456
0.144041553560087
0.119680470021324
0.159914937736303
0.126610947606654
0.175181004525027
0.114230240247349
0.140722488197074
0.104907957152582
0.100315710306542
0.125525008849975
0.0928406801808613
0.145653086523713
0.158425341384957
0.136109750629179
0.165097750206879
0.15645590292841
0.189502115351816
0.124278568310635
0.132609052303023
0.0931288458849681
0.205321886824096
0.10811545800762
0.160081055620003
0.159557524316575
0.135428116982421
0.126838213752626
0.101026821207964
0.158131486446906
0.096228046182968
0.137874553877021
0.199647091368948
0.189342310563569
0.0804811376823525
0.146760637384046
0.127575267736846
0.128324050981811
0.134816575367644
0.134940727061509
0.182115993762236
0.0894654355219191
0.0970109849843773
0.131403227113094
0.170070616891821
0.140841520055149
0.160267846413595
0.158216117765971
0.133206163887812
0.114380057005279
0.120420943989148
0.173024469442958
0.150760761421527
0.0932024358797435
0.129836160679873
0.154560893992215
0.0955179110005024
0.131643582637491
0.122907283631222
0.143994194114998
0.101152669896332
0.122452611078541
0.161267316839862
0.0840242457225795
0.0958282444263714
0.136308200751973
0.136568503643349
0.0382971897756451
0.105157439854636
0.197958962494897
0.155424158672174
0.150386853590242
0.188312975943597
0.176237859665753
0.165911421224825
0.136409864641535
0.113335614476538
0.102363896454572
0.173721146944192
0.13777519548824
0.0963073899739435
0.0879460659458314
0.159287918808304
0.170861111320893
0.138501823074417
0.12134987042081
0.164626209622122
0.0815227022692479
0.161008834445537
0.201488845979606
0.169390991482102
0.165037556956904
0.14929062999207
0.0837124062476022
0.17598419325232
0.149910782935379
0.142516699627243
0.124320397523011
0.149398732927588
0.107218543191072
0.17006094284918
0.123997906224717
0.0497689367479617
0.186573325828808
0.14956474035287
0.138157796838043
0.157000595433787
0.158158107608648
0.134142826896924
0.107575759269065
0.052584815336467
0.116346019713482
0.0904471607620414
0.120642443001603
0.149476646194287
0.0866080282310621
0.0877125553121086
0.0964410919238389
0.124474354364573
0.128433611143331
0.152297206532076
0.167172471359847
0.155581071779955
0.145832248709433
0.12963824632357
0.129452237911903
0.156339161050163
0.137399718040054
0.123059492390681
0.129155101525927
0.158044908086893
0.116609506611424
0.0831261796509818
0.209638987324999
0.133434744731245
0.0779012116166969
0.180513550898656
0.129443477125548
0.148787510140953
0.172206261475011
0.0935489240857746
0.132217475780647
0.147047123824318
0.0840496410348734
0.116323409168396
0.170350140792764
0.108602190217512
0.114536563835692
0.0766565140325395
0.154443194133454
0.0845627414157294
0.142288603063268
0.135754330954249
0.136049219830763
0.0897465559307394
0.114595488804153
0.0550942844235496
0.0692384855409848
0.119031422323397
0.178180274114952
0.132162942859362
0.141718599995928
0.160700026077216
0.12985507646719
0.185522216475586
0.113875018779333
0.130324578001132
0.11750136030242
0.0847121764402838
0.128949845535266
0.106942005277028
0.0840180562321748
0.101167109170546
0.135534001342955
0.0860893336648763
0.190890439013364
0.169615048444228
0.0725027989260217
0.121784510090082
0.128477570498857
0.108902196849582
0.179041311125715
0.135388397029099
0.143335748418123
0.140688477093523
0.129573054352725
0.128402778489964
0.111318725784761
0.195139811328895
0.0852960925565621
0.0886533168914081
0.140606302180715
0.170128343190105
0.200601869279986
0.168280371840801
0.0583444818351832
0.125446065743831
0.150080937225463
0.0969972282190262
0.130479553980251
0.0805745527419241
0.0962199763382085
0.139184024880386
0.112473135712953
0.170357128773259
0.108773062695377
0.145573735788339
0.114959638495181
0.113985793854949
0.166215834535177
0.235629228287261
0.106946634015666
0.148096926409602
0.0982230231488527
0.145626407066169
0.114712763831524
0.150363789428969
0.1492430192911
0.0964204618786609
0.198509482174276
0.170511255011653
0.11979630585666
0.0919745616122868
0.0956426042871755
0.134171502411133
0.137283781851412
0.204324377805312
0.116817940380319
0.100047759269256
0.127019732624914
0.128577084603658
0.116538971258315
0.127261030105371
0.0979068890521488
0.096911937117268
0.156957705216691
0.0850410994002777
0.136854394800177
0.138586629806267
0.130015512110255
0.165533224964754
0.128962401014939
0.151785394757387
0.16008192696818
0.14387358562991
0.170251391435531
0.180477602548914
0.105459544755816
0.121041284901858
0.157783087856567
0.147606234966376
0.115154496411575
0.108440435467223
0.150936757435445
0.0997468544566552
0.162153015650159
0.174410662558913
0.0881325789665654
0.180802068030437
0.151858832577419
0.130109114049165
0.112977996787627
0.176627191799689
0.114197894996136
0.126362753465569
0.149748197923279
0.141285514047496
0.0830372772504573
0.179852958065331
0.116403656041858
0.0798338183952881
0.083970868838099
0.129430573151624
0.111884456313117
0.164619372484779
0.155972063987272
0.142577223364982
0.107598961329752
0.196779719790294
0.164927031700777
0.140015077334381
0.178862541644072
0.124055925856824
0.108530819174226
0.196004435384476
0.0914301957598919
0.0891575151689316
0.110135323019815
0.0995197373855329
0.107733320961747
0.153101097439574
0.122687666860978
0.173500400747531
0.11659444004609
0.119204107884362
0.109055568780823
0.114936900395686
0.147497791503262
0.0653816842949774
0.155958125775575
0.104782849118356
0.145627123244081
0.108681969757912
0.13622581795872
0.170775620464318
0.18145371392427
0.162928160217304
0.140624472124907
0.145226607065048
0.164249754028239
0.107585200605174
0.190529229130039
0.0888849611230686
0.163719206382769
0.15796676554506
0.160562751851785
0.126175836993586
0.204082215903622
0.11772996057065
0.0862002566470845
0.110490514496934
0.121268664755111
0.148599494334608
0.0486695931142491
0.176594221512904
0.161107477432136
0.116242758665139
0.106834024212391
0.209567320685634
0.110126048456567
0.154665870698788
0.186335364024655
0.15019846126692
0.176679242422148
0.114118314948909
0.137578011268235
0.161710340199353
0.140589795148922
0.15898078234125
0.0951438732790017
0.148186240369
0.192607479051679
0.135413628336632
0.13895188094354
0.146106757760167
0.100345893915678
0.155730959258036
0.147532179895189
0.155149064980929
0.0847338856210325
0.0821876472137593
0.184566209707116
0.155444691177648
0.159397466519856
0.131485904482075
0.1295494814611
0.121650343174314
0.171861666150086
0.161097136493735
0.170263640071206
0.100350666345493
0.141779499480307
0.141261789413016
0.0952556866763124
0.111842869203199
0.084390483125971
0.142283322192466
0.105391264793919
0.148134824508209
0.15892007254162
0.13011843241969
0.0845227920757243
0.135276096723586
0.126734252837143
0.168811635316917
0.162840177365684
0.101397356507667
0.176891725574602
0.0871336648308556
0.160604547216719
0.0779701486336952
0.156869622449018
0.0874404704058958
0.199371576011054
0.228701422761777
0.174436224347755
0.120029243684575
0.104175477284152
0.134785628707268
0.069637745152081
0.141783641209609
0.181400639341072
0.108076586018787
0.141532508467495
0.137304047155649
0.104100712831882
0.172113703022008
0.0972518306763498
0.171776721281682
0.14843407060018
0.119807249540511
0.102479498459951
0.19320265787218
0.139436152232799
0.162918710553371
0.10187990937114
0.112830365570606
0.147080597778429
0.127928983698316
0.108919709518109
0.113028818532835
0.168540518344326
0.137326601240063
0.232185807524255
0.107907804974388
0.114306315653846
0.130726970408086
0.125837982620695
0.152781509924658
0.0856855618041604
0.174540157188861
0.095538652684285
0.129008422206563
0.169997384583821
0.155963905822895
0.170037559792065
0.10312447437953
0.0702506427164543
0.142125965110427
0.168481138798752
0.162295567379364
0.142124753916488
0.087788996029701
0.115383695395005
0.175265756862625
0.240934628560452
0.0890463357526952
0.118723682594342
0.154117860355129
0.140410407468291
0.115153664641587
0.124696017472346
0.153384010926161
0.138808161165786
0.115020362889427
0.0949640132804307
0.117161386207313
0.0990970716149312
0.177950652716204
0.149473659954026
0.161059301545446
0.156569389026546
0.149088024396207
0.0904790338327422
0.187097853186514
0.106016031115744
0.112786637984937
0.178426230028605
0.124014484175053
0.111240587310062
0.118605486624688
0.144523190191686
0.120206600668466
0.0661954368944147
0.109856445036102
0.180018667577265
0.151637709007939
0.120794395453907
0.242955620226952
0.138372521229684
0.124002473959875
0.124285789144544
0.116188365006086
0.147808956061496
0.146397984979645
0.0986295367437394
0.159062421757502
0.239289902492681
0.0991839620290734
0.15030157303946
0.123742408414141
0.163906736578893
0.119257173607437
0.25625460118116
0.0666011482565236
0.130903167426532
0.0768217333682662
0.156277673594916
0.154635606760175
0.114790482270524
0.129051285622372
0.139528333730477
0.069598205218529
0.145952099608526
0.11878045501005
0.188038215492136
0.0892877452327272
0.101376121348173
0.188871385509512
0.129653500183734
0.132363399148319
0.123321719297351
0.105204552842648
0.155755301223004
0.127105836759676
0.139260311090899
0.0905242768016588
0.051049261369339
0.151841464129216
0.156557132557572
0.0815475279363265
0.128090055118353
0.130279641326231
0.0858554446713038
0.12592718869621
0.12542233143071
0.111535241194116
0.122436164008521
0.141388200681847
0.183145493216084
0.218150382066364
0.0912088029089475
0.129767441231034
0.116942262629665
0.106524826915256
0.161237378934395
0.163878907211968
0.0870996236850516
0.113664658877739
0.128442398406189
0.142581331128541
0.190977398309399
0.201420795924796
0.153970492076329
0.138328559892295
0.12449588612077
0.160747853305471
0.125530268998629
0.123192260763192
0.159113585394705
0.118611455444382
0.138204273822729
0.123882534455381
0.182517130183329
0.0836214360733421
0.0970965489828803
0.0903179302957717
0.213794699568792
0.21568444435154
0.170431438362728
0.182010539660263
0.212359276154365
0.0989156058060196
0.134174233504527
0.14161028638753
0.15529319897346
0.119956552496774
0.160967185583925
0.0975070398670493
0.0823786342073339
0.15454987943204
0.197477599035905
0.0758235317323638
0.0962455911301426
0.131420873074395
0.14665776290799
0.154902296510377
0.0898741303030992
0.0842912054152163
0.158596189323079
0.177537901478046
0.172105207574072
0.0767098859437658
0.172932296057328
0.17875252235844
0.0858460638284258
0.134990295775704
0.164198060840852
0.123045675922931
0.127124543066154
0.0771406771007124
0.0875511561248212
0.114456853463601
0.147228540065942
0.201070311051744
0.168894370378737
0.0798756094022176
0.125585285339257
0.167902656988028
0.124331849742765
0.130463621732996
0.124799351712719
0.0944848136200982
0.11527875896378
0.116674128949769
0.103404663374259
0.133201543907026
0.103722196318623
0.150253889920385
0.126563490077261
0.0996063335389058
0.126694554364282
0.162780378958127
0.114725439567452
0.112883504555499
0.151377466459438
0.123717521954973
0.130757552707201
0.166823834085345
0.136192824070615
0.137431794575657
0.0947173253365527
0.162046031264725
0.174237683418087
0.117729170533332
0.101157362700386
0.139894445578242
0.170959559929785
0.194725956670334
0.139998496731654
0.125098879683133
0.156053059304875
0.0658128987112158
0.215918424152284
0.178038570442855
0.0998750316886781
0.173298143422172
0.141962386641362
0.0902181974415467
0.122465065783692
0.152925403238853
0.17982280212282
0.122320011806789
0.107752245313987
0.224144075649451
0.168599189900622
0.164543136847845
0.152153488483322
0.106585244810418
0.0909788397299098
0.11711362042382
0.0754917377127012
0.141106160243126
0.123845774941165
0.165259365871157
0.0912571784987461
0.101691423966813
0.137617437662916
0.117170020829214
0.110520340940651
0.132772877908098
0.145946856579956
0.170080338500914
0.208805750013098
0.119148803416101
0.131501371887254
0.174481701649139
0.129381342801292
0.102856512425379
0.10358647433631
0.117303569970287
0.127786299790437
0.120831690871118
0.218129801669231
0.147523916693524
0.0974373743411066
0.104269840505649
0.0662967031184259
0.145031870856266
0.0799324966204358
0.175312817317662
0.111117930935238
0.119397051419212
0.0841896138310062
0.101987070313291
0.130405655403508
0.127063898832356
0.10602529941377
0.133548919529026
0.169641880482404
0.18405599456304
0.127340681294389
0.10399747060498
0.106182926521267
0.0955125841532706
0.150731597362652
0.127061374118822
0.090623899108044
0.118554572977333
0.157567228477246
0.1306487411485
0.108951930692626
0.123287528502933
0.162070020164053
0.0935715219005009
0.108982546772236
0.191778570636102
0.14477375580385
0.125499011515313
0.121547274821534
0.0920239687620104
0.129458629481657
0.109492391696365
0.126212675441259
0.0968281228948313
0.112641425924014
0.113962125759904
0.134380500246306
0.0962641708324359
0.102233409059563
0.171807724739459
0.103722102680591
0.154000391953358
0.159463499810426
0.168363226105443
0.114691963994022
0.137041140213622
0.0648818217088056
0.0959865069530809
0.18449169033448
0.142307583952001
0.160861082031394
0.159975288033566
0.154245062184115
0.131348598165054
0.0770378356070948
0.132784096139186
0.108548284445937
0.107736468644236
0.124827888717425
0.129174776135468
0.111793289791058
0.0899304169745553
0.100206916093663
0.127151642999321
0.0938900238096304
0.160857167474534
0.182901483871606
0.14007443924013
0.135882332732169
0.146106138300873
0.127181256617513
0.107377203998403
0.0820833338095458
0.0976804042812508
0.143549844560516
0.111836767251435
0.134585180886775
0.133128578764539
0.148555402303085
0.15488564728456
0.102899037600498
0.135352476828089
0.0649142499450893
0.105203188182193
0.141246907677993
0.0863272798686225
0.160759518681598
0.0773419972628479
0.114381881937674
0.147966960725024
0.149527487605717
0.150685847357728
0.12525247662121
0.100756437443831
0.133927611508702
0.0934700027840405
0.126023290754231
0.136998434882635
0.0969404824493182
0.142399921413425
0.127473669021734
0.102313046796907
0.11648296399489
0.0968977035355765
0.169498839195853
0.11478375163254
0.143716890270803
0.128794509058806
0.0924421377931038
0.206934766978268
0.11454983425089
0.198878993133388
0.160260100892808
0.0734879096835334
0.137664600987126
0.109737547543415
0.140300008152939
0.0914115173831831
0.164134300365164
0.125291592863221
0.152225629864987
0.0889498096290426
0.108523970831345
0.14474277531916
0.0938682666261273
0.129061480487441
0.137302446262003
0.142936217825242
0.110846521849419
0.118941442357453
0.153197149888522
0.140139512783867
0.140836216088203
0.106385880457602
0.161996359224182
0.116551345298285
0.216044379829212
0.0806516392301988
0.14591716815327
0.133661758510036
0.132702174562571
0.118160458487829
0.11987066010837
0.134892359819588
0.136718192514837
0.133585145681105
0.167001753430207
0.16087530604562
0.132595077250662
0.059917183854117
0.135301286415796
0.134438182553945
0.119879543472236
0.104348675732789
0.108372432046547
0.136991077014059
0.122523462253612
0.107129337391133
0.112024764267059
0.110681076674254
0.124237901993623
0.118160790177562
0.0892568762734192
0.141081744376479
0.0992254874471708
0.199832518118373
0.157215562997362
0.10538830321827
0.128719586824001
0.159746082694549
0.141377051684933
0.190271491644281
0.186074323476302
0.136543390520859
0.15747338317724
0.147142155833567
0.100178963964212
0.107344179698823
0.176789903480718
0.119367869249424
0.116912178021326
0.0906192798129269
0.185761429005679
0.110104398001452
0.204050716111131
0.165229190980031
0.128759689050597
0.173659550550739
0.236738601425785
0.149639513272313
0.186416660897854
0.167069013955169
0.157666001678604
0.116314018738676
0.152035636948642
0.125839164680993
0.14834598698796
0.159425901483548
0.14284525641298
0.108796456026952
0.167691513742794
0.174066427974392
0.107338103828101
0.24559987326046
0.111742466501678
0.116634576855744
0.107564483685807
0.134301727486084
0.192389405805035
0.122285318353133
0.117608183831405
0.122287295229601
0.119572661986699
0.165434631726504
0.144502507446933
0.149271564092852
0.0993174395330027
0.152581333249524
0.120544342102479
0.126196154073608
0.155835025599257
0.164565142238007
0.127997768304821
0.0954513053745777
0.154874605496354
0.0842177585394732
0.166719066392733
0.133009992602395
0.193355178453426
0.161191200698886
0.0898630905099302
0.142569949946147
0.132205688114267
0.121579269545765
0.132038551373912
0.0974230729154153
0.11650284950239
0.11257966791969
0.135984295106859
0.173427989431514
0.159699738562579
0.104412815924001
0.115335441963383
0.126827967551844
0.177737064684231
0.149162551602561
0.113224984472465
0.167905866997293
0.0922539749484812
0.1289262583911
0.122809230678881
0.0984186191280326
0.183617534833345
0.145530034458155
0.151537103989558
0.141991992873392
0.134393847023321
0.171890850674418
0.142395929146547
0.0571798007807248
0.188077853018047
0.213925186355168
0.132617637362762
0.147271459261746
0.120907059089367
0.11587312882803
0.0847527013124325
0.0927792418927506
0.131150047327461
0.109161361437449
0.132613728918218
0.249727277906297
0.233088608517005
0.1418194071779
0.107253735529316
0.0786765285244116
0.0981326884148777
0.0968250470012025
0.105619408872418
0.121138726541098
0.127640389573998
0.162615229930906
0.106918442005749
0.174686757825231
0.123290455904349
0.116113450899838
0.174321378815127
0.137575105399921
0.107928827213322
0.163353595244947
0.198491214240533
0.159593964538651
0.0626100672794718
0.0805836810742442
0.143702457752217
0.198209146357542
0.110281793034444
0.13559880378832
0.110296131834287
0.0552478180682536
0.158943036107106
0.19967074787882
0.153535766824332
0.129060538130595
0.101279125647161
0.0887550576090715
0.149845027143293
0.123743161417553
0.106311885517923
0.112213303377818
0.141066075111808
0.167140297196538
0.14964288901194
0.0973100471571887
0.135563584697192
0.156882193333248
0.110751434758959
0.0931025435526278
0.181385237212131
0.183654042942355
0.125815014669898
0.114205855367576
0.104267731165279
0.185312762277455
0.108953533899467
0.145081694024443
0.149818424144566
0.15554668125792
0.107039846625394
0.0932677347475061
0.147106469358737
0.244489419480244
0.109161057569044
0.148669782646008
0.0869943090307232
0.187531705382713
0.0977007803554384
0.131007279014104
0.18393557433885
