14.0250751893508
14.0250751893508
14.0250751893508
13.040340236984
13.040340236984
11.2586044318545
13.8882364024034
13.8882364024034
13.8882364024034
13.8882364024034
13.8882364024034
13.8882364024034
13.8882364024034
13.8882364024034
11.2145222308056
10.7283431054556
13.0601080442902
13.0601080442902
13.0601080442902
13.0601080442902
11.9964177022267
11.9964177022267
11.5959856897478
10.6197100449279
12.2504301165507
10.8160365622783
10.8160365622783
10.6741447162805
10.8602532229689
10.4399615708916
10.024534891085
10.3061228387249
9.40515533340921
9.2636048897843
9.0423344347603
9.0423344347603
9.94776796220351
9.94776796220351
9.83467036058985
9.60394465061995
9.60394465061995
9.1893844099737
9.6574620859176
9.18923173923726
11.4171941516124
11.4171941516124
11.3081790115662
11.3081790115662
10.4135184729914
9.63109714652987
9.07836455283591
8.73185311936639
9.90026329819972
9.90026329819972
9.19725029123619
8.92973381753714
8.92973381753714
9.20804326519222
9.05832762498505
9.05832762498505
8.43779500542234
8.40089160539497
8.35222519262461
8.35222519262461
8.25420230080125
8.27698097312065
8.80273445082898
8.7691891338839
8.7988100363776
8.73200496123603
9.11399206297181
8.9411609064459
9.08591228039453
9.03100608902479
8.97434038731767
8.79370377799683
8.36721890767491
8.72852798198353
9.2400135723522
9.03647989851681
8.83225905529064
8.74567438365728
8.75854079414228
8.86496860164472
9.27939618169342
8.95191889031853
8.82792385616731
9.21605038642179
9.21605038642179
8.57176278523601
8.24061820963951
9.61536881785145
9.61536881785145
8.83541322571336
8.99660688237792
9.63384966262554
8.98773034210517
9.96836809259909
9.96836809259909
9.96836809259909
9.37634227735486
8.67407059851228
8.95217469744079
8.95217469744079
9.15532902425419
8.80470278206823
8.69704572629506
9.25336434001442
9.74133841054314
8.97149839258602
8.97894750430281
9.06122263997925
9.00511146001858
9.09008828742874
8.59100091456169
9.02218438646247
9.04780273140021
9.04780273140021
8.65347210338333
9.25250099645848
8.6378975380523
8.90365220670803
9.25876615758214
9.25876615758214
8.93191462273143
8.83311633193095
8.87987325181709
8.71762742404307
8.57778492223109
8.86006495630684
8.86006495630684
8.71130051373912
9.16211966740675
9.16211966740675
9.23926057448947
9.10221251821619
9.0078804124283
9.81793862399388
9.81793862399388
9.81793862399388
9.63242510812405
9.25191739483507
10.1927412008653
10.872739940415
10.7065717996275
10.7065717996275
9.85320640588993
NA
NA
NA
NA
NA
NA
NA
NA
NA
NA
NA
NA
NA
NA
NA
NA
NA
NA
NA
NA
NA
NA
NA
NA
NA
NA
NA
NA
NA
NA
NA
NA
NA
NA
NA
NA
NA
NA
NA
NA
NA
NA
NA
NA
NA
NA
NA
NA
NA
NA
NA
NA
NA
NA
