55.9281356104072 0.0684567246743088
55.9281356104072 0.0684567246743088
55.9281356104072 0.0684567246743088
55.9926838563982 0.0689438130798376
55.9926838563982 0.0689438130798376
55.9774774549962 0.0692583393711047
55.895977101712 0.0692316547532933
55.895977101712 0.0692316547532933
55.895977101712 0.0692316547532933
55.895977101712 0.0692316547532933
55.895977101712 0.0692316547532933
55.895977101712 0.0692316547532933
55.895977101712 0.0692316547532933
55.895977101712 0.0692316547532933
55.9717407920909 0.0690680173153521
55.9902688973875 0.0689888337765285
56.0276547766356 0.0685788806738216
56.0276547766356 0.0685788806738216
56.0276547766356 0.0685788806738216
56.0276547766356 0.0685788806738216
56.0294052952469 0.0685580602406533
56.0294052952469 0.0685580602406533
56.0621269295788 0.0691184163490461
56.1209864119263 0.0681315437743719
56.1939931805023 0.0668507470391613
56.2034102690171 0.0665150285175005
56.2034102690171 0.0665150285175005
56.3034131674342 0.0659797207990399
56.3415186911754 0.0663139979487464
56.2893142959734 0.0654258474615712
56.2442541343611 0.0660525904260295
56.2431209300092 0.0658274883710759
56.2422819724628 0.0650832461161823
56.2371954406558 0.0651217195809098
56.2760511609438 0.0644192588788336
56.2760511609438 0.0644192588788336
56.3230477062298 0.0645997947630369
56.3230477062298 0.0645997947630369
56.3269494808669 0.0649677581821855
56.3880801748132 0.0656450784499273
56.3880801748132 0.0656450784499273
56.3858402777457 0.0657957351445477
56.4228028260946 0.0653252176478772
56.3664968042191 0.0649079182159131
56.4323976197772 0.0658253119632888
56.4323976197772 0.0658253119632888
56.4063319394379 0.0660373448740064
56.4063319394379 0.0660373448740064
56.3547885136205 0.0652619578837594
56.3013395173588 0.0649163770742689
56.4609545716296 0.0650472553719407
56.5636761186632 0.0651422703879748
56.5608344056728 0.0648117252223793
56.5608344056728 0.0648117252223793
56.5129546401344 0.0650606588768204
56.4493110338213 0.0648877595439398
56.4493110338213 0.0648877595439398
56.3913483629998 0.0639729291205633
56.3266892608867 0.0624715388814047
56.3266892608867 0.0624715388814047
56.2451312943887 0.062690415375369
56.2281973707172 0.0617466463267916
56.2409345842104 0.0615635014854556
56.2409345842104 0.0615635014854556
56.1785886978245 0.061029901591661
56.2178883821721 0.0612138400025045
56.1552781307806 0.0621157649978448
56.2096107490837 0.0623069468752242
56.1075079991151 0.0624907273252521
56.1476659349704 0.0629180161196739
56.1439793379782 0.0632806075121488
56.2128793468754 0.0629988670689522
56.1966204184225 0.0631549216379323
56.278203874051 0.0626692013764829
56.3022415521142 0.06278162551715
56.2273937677804 0.063476195595423
56.2361291958949 0.0633043771044076
56.2076511660175 0.0633059154615568
56.2235611556117 0.0642337512129731
56.259963836232 0.0635266426447489
56.3664275658252 0.0634018803618245
56.3911033602904 0.0627690536490966
56.4126196919466 0.0630318135659377
56.3105138028566 0.0631372004560661
56.3635685806209 0.0631208869485446
56.3412190292946 0.0626013268924859
56.4210614204529 0.0620925973054929
56.4211958594753 0.0623598358871817
56.4211958594753 0.0623598358871817
56.4636113652523 0.0628284367834043
56.5266539018536 0.0633096337855459
56.5750286660409 0.0639482511121933
56.5750286660409 0.0639482511121933
56.5128608164896 0.0632032056464534
56.4259812058994 0.0636975907928316
56.4632182136546 0.0642962804471501
56.3503232163835 0.0642202893009066
56.3018013374087 0.0645727867082574
56.3018013374087 0.0645727867082574
56.3018013374087 0.0645727867082574
56.2738579854841 0.064251872918353
56.3087593276766 0.0640062553006856
56.3503657699966 0.0636834097892596
56.3503657699966 0.0636834097892596
56.3892011798959 0.0639753327563422
56.3635495637992 0.0641440329134338
56.3365559878402 0.064253231779556
56.3393336426721 0.0642634590754438
56.3013408141905 0.0638007104637685
56.2870168497159 0.0635855775904009
56.2646652682388 0.0642531289916479
56.1980351869425 0.0635510040311251
56.2190550346682 0.0635230360689839
56.1772692865361 0.063541814195961
56.1926434472563 0.0631183860895825
56.2323724271215 0.0632635630005496
56.2188551688329 0.0632915171219647
56.2188551688329 0.0632915171219647
56.2274677337539 0.06284844817669
56.1831565723455 0.0636688948631906
56.1465750696208 0.0631306088238735
56.2176751098014 0.063293583601565
56.1821300526698 0.0633361935595017
56.1821300526698 0.0633361935595017
56.1324054028365 0.0631314346059371
56.0986701264742 0.0626113384966174
56.0696850833789 0.0624409709826406
56.0834344858308 0.0626425928450532
56.0267316656462 0.0624710559095272
55.9881007538126 0.0626453289287447
55.9881007538126 0.0626453289287447
56.0094557137133 0.0635462925268612
56.0812753102021 0.0637560791156919
56.0812753102021 0.0637560791156919
56.0662667921228 0.0640955287262629
56.0557995560302 0.0636335186916249
56.0866215896812 0.0642310615911758
56.0759488886409 0.0650561789938417
56.0759488886409 0.0650561789938417
56.0759488886409 0.0650561789938417
55.9495327000731 0.0655111228747055
55.8989926060097 0.065965981801512
55.9871282245576 0.0661234356406841
55.971949132414 0.06680736214254
55.9757299578739 0.066231375379158
55.9757299578739 0.066231375379158
56.0770714949997 0.0653986554142781
NA NA
NA NA
NA NA
NA NA
NA NA
NA NA
NA NA
NA NA
NA NA
NA NA
NA NA
NA NA
NA NA
NA NA
NA NA
NA NA
NA NA
NA NA
NA NA
NA NA
NA NA
NA NA
NA NA
NA NA
NA NA
NA NA
NA NA
NA NA
NA NA
NA NA
NA NA
NA NA
NA NA
NA NA
NA NA
NA NA
NA NA
NA NA
NA NA
NA NA
NA NA
NA NA
NA NA
NA NA
NA NA
NA NA
NA NA
NA NA
NA NA
NA NA
NA NA
NA NA
NA NA
NA NA
