0.414634146341463 0.353658536585366 0.0714077611176298
0.436781609195402 0.35632183908046 0.0323412466810646
0.408695652173913 0.4 0.0484904616340825
0.455882352941176 0.426470588235294 0.0811670563026298
0.469879518072289 0.409638554216867 0.0875187415548747
0.329113924050633 0.291139240506329 0.0568368711060429
0.462962962962963 0.388888888888889 0.0553894516619514
0.5 0.438775510204082 0.0666344299042717
0.537735849056604 0.481132075471698 0.0579199148616526
0.384615384615385 0.369230769230769 0.0695535599015636
0.478723404255319 0.414893617021277 0.0506797413066597
0.511811023622047 0.448818897637795 0.0498068311374343
0.453488372093023 0.36046511627907 0.0456232396491945
0.484848484848485 0.434343434343434 0.0631059377947805
0.514851485148515 0.455445544554455 0.068024877644168
0.463917525773196 0.45360824742268 0.0637442171568601
0.436170212765957 0.414893617021277 0.0629159543707087
0.434343434343434 0.343434343434343 0.0494898640648834
0.423076923076923 0.355769230769231 0.0470938653221281
0.51685393258427 0.449438202247191 0.0696787628649959
0.472972972972973 0.459459459459459 0.0783316626029372
0.433333333333333 0.388888888888889 0.0619742161988989
0.532710280373832 0.485981308411215 0.069068446911696
0.389473684210526 0.357894736842105 0.0427249630326631
0.435294117647059 0.329411764705882 0.0423436466336284
0.438775510204082 0.397959183673469 0.047757411783886
0.402439024390244 0.378048780487805 0.0544274602556972
0.406976744186047 0.337209302325581 0.063323492040599
0.495726495726496 0.435897435897436 0.0455460046197294
0.495867768595041 0.479338842975207 0.0719642112003607
0.516949152542373 0.483050847457627 0.0522892006303025
0.491666666666667 0.45 0.0481925533229579
0.51219512195122 0.475609756097561 0.0628265715782159
0.466666666666667 0.428571428571429 0.0721296166787702
0.459183673469388 0.357142857142857 0.038961921804135
0.479166666666667 0.46875 0.0775107075064453
0.476190476190476 0.428571428571429 0.0633435199290795
0.450549450549451 0.395604395604396 0.0530669503663381
0.495238095238095 0.476190476190476 0.0626646878528278
0.444444444444444 0.355555555555556 0.0596336757398067
0.409638554216867 0.385542168674699 0.0724171208767821
0.525862068965517 0.474137931034483 0.0593195434866236
0.470588235294118 0.411764705882353 0.0535207755632298
0.477272727272727 0.431818181818182 0.0551616630673032
0.428571428571429 0.392857142857143 0.0722043762096775
0.531914893617021 0.468085106382979 0.0587048013578321
0.461538461538462 0.384615384615385 0.040221576570023
0.442105263157895 0.357894736842105 0.0422793385812187
0.517241379310345 0.448275862068966 0.0764700820466322
0.466666666666667 0.333333333333333 0.049796979576853
0.505494505494505 0.461538461538462 0.0858532466293742
0.453488372093023 0.36046511627907 0.0539026464696035
0.415584415584416 0.376623376623377 0.0667537067807549
0.462365591397849 0.43010752688172 0.0551569630362408
0.426829268292683 0.378048780487805 0.0667373134943438
0.376623376623377 0.337662337662338 0.0496101021453098
0.382716049382716 0.283950617283951 0.0373785722904377
0.397260273972603 0.356164383561644 0.0554831283829832
0.469565217391304 0.434782608695652 0.0473762544460634
0.494623655913978 0.451612903225806 0.0680738236438742
0.41025641025641 0.358974358974359 0.0823339646681348
0.428571428571429 0.402597402597403 0.0693428889572821
0.48780487804878 0.439024390243902 0.0673850492050273
0.515151515151515 0.414141414141414 0.0492411990447775
0.449275362318841 0.36231884057971 0.0822741714403907
0.461538461538462 0.403846153846154 0.0568078923522071
0.465116279069767 0.395348837209302 0.04295546016561
0.433333333333333 0.383333333333333 0.0756131390567031
0.52212389380531 0.460176991150442 0.0479683037823456
0.44047619047619 0.333333333333333 0.0504987698957968
0.448979591836735 0.357142857142857 0.0525779482076522
0.482352941176471 0.411764705882353 0.0556471321808977
0.493506493506494 0.402597402597403 0.049011770575022
0.40506329113924 0.341772151898734 0.0660988813736368
0.35632183908046 0.310344827586207 0.0446694607926185
0.53125 0.4921875 0.0466885357232736
0.371428571428571 0.361904761904762 0.0434481333733389
0.411111111111111 0.333333333333333 0.0563309906280457
0.465909090909091 0.431818181818182 0.0823723950794426
0.411214953271028 0.392523364485981 0.0638512195060549
0.552380952380952 0.438095238095238 0.0785009296718783
0.481927710843373 0.433734939759036 0.0760730935966339
0.475728155339806 0.427184466019417 0.0389866872164838
0.460526315789474 0.434210526315789 0.0747096443250243
0.483050847457627 0.449152542372881 0.0483436244322614
0.431818181818182 0.375 0.0462104700443158
0.40625 0.375 0.0539410281233218
0.466019417475728 0.388349514563107 0.0449116845935969
0.534090909090909 0.477272727272727 0.0572630445596943
0.402439024390244 0.390243902439024 0.058956861050936
0.505882352941176 0.482352941176471 0.0713214244806459
0.460176991150442 0.371681415929204 0.0390071827540675
0.404761904761905 0.369047619047619 0.0583856387175546
0.416666666666667 0.4 0.0838757608198731
0.365079365079365 0.26984126984127 0.0449658730354629
0.544554455445545 0.495049504950495 0.0602862389379091
0.397058823529412 0.338235294117647 0.0678468749828113
0.4 0.380952380952381 0.0442251697833401
0.448717948717949 0.371794871794872 0.10987910601201
0.506666666666667 0.426666666666667 0.0687986763237416
0.453703703703704 0.416666666666667 0.0499446468196866
0.444444444444444 0.37037037037037 0.0598786413151592
0.514285714285714 0.438095238095238 0.0722695250914332
0.5 0.47 0.0799628416814018
0.407894736842105 0.302631578947368 0.0438946710851838
0.428571428571429 0.380952380952381 0.0593520850831697
0.448979591836735 0.397959183673469 0.051400230948461
0.379746835443038 0.354430379746835 0.0580768866017318
0.449438202247191 0.393258426966292 0.0669341657539714
0.460674157303371 0.426966292134831 0.087467334408283
0.5 0.409090909090909 0.0481379955194876
0.495867768595041 0.462809917355372 0.0361224942982616
0.371428571428571 0.4 0.0768932322466413
0.5078125 0.4453125 0.0449690444243477
0.421052631578947 0.336842105263158 0.0541896513032792
0.473214285714286 0.419642857142857 0.0453342796120922
0.48780487804878 0.475609756097561 0.0932414078506729
0.484848484848485 0.414141414141414 0.0577754630460388
0.394736842105263 0.315789473684211 0.0555385851399601
0.413793103448276 0.362068965517241 0.0439165622567865
0.415730337078652 0.393258426966292 0.0648029597499966
0.431818181818182 0.397727272727273 0.0549475282244524
0.465346534653465 0.326732673267327 0.0359369593830739
0.382716049382716 0.345679012345679 0.0479403312955626
0.523809523809524 0.476190476190476 0.0611179621058874
0.477064220183486 0.440366972477064 0.0615615109611204
0.367088607594937 0.392405063291139 0.0617923085758811
0.441441441441441 0.405405405405405 0.0444270774095684
0.533980582524272 0.485436893203884 0.0589055713131568
0.529411764705882 0.478991596638655 0.0548435810741897
0.490384615384615 0.394230769230769 0.0560235482083003
0.380434782608696 0.315217391304348 0.0460079959078705
0.506172839506173 0.407407407407407 0.0664911331117399
0.511904761904762 0.464285714285714 0.0722685459501191
0.385542168674699 0.36144578313253 0.0506067113354441
0.3375 0.3 0.0471873196800183
0.48 0.41 0.0517712167476189
0.477272727272727 0.431818181818182 0.0676816062853308
0.456521739130435 0.402173913043478 0.0755457996956596
0.393258426966292 0.337078651685393 0.0347371672957737
0.5 0.5 0.0853005684293357
0.530120481927711 0.433734939759036 0.0536817401785778
0.425 0.3875 0.0617547006176719
0.432098765432099 0.407407407407407 0.0540391113061176
0.375 0.354166666666667 0.0435368114775234
0.476635514018692 0.392523364485981 0.052285988619403
0.386666666666667 0.333333333333333 0.0576879152618934
0.360655737704918 0.295081967213115 0.0688613674518987
0.394736842105263 0.315789473684211 0.0635669430031036
0.494949494949495 0.464646464646465 0.0676730261582319
0.402061855670103 0.402061855670103 0.0617699844819279
0.479166666666667 0.479166666666667 0.0589538591717522
0.452830188679245 0.39622641509434 0.0492282498312179
0.395833333333333 0.3125 0.043694034925303
0.471153846153846 0.461538461538462 0.0427484433967411
0.383720930232558 0.372093023255814 0.0471603592173536
0.433333333333333 0.355555555555556 0.0582091630424891
0.414285714285714 0.4 0.0683382142144183
0.380434782608696 0.33695652173913 0.0472496360179893
0.352941176470588 0.317647058823529 0.0441737764837648
0.446153846153846 0.369230769230769 0.0684991783754104
0.448717948717949 0.423076923076923 0.0752864422252899
0.48936170212766 0.414893617021277 0.0549512188835937
0.32183908045977 0.32183908045977 0.0554714167546748
0.451612903225806 0.419354838709677 0.0477848727348344
0.495049504950495 0.415841584158416 0.0594725106522429
0.446808510638298 0.425531914893617 0.0894650113606491
0.457831325301205 0.349397590361446 0.0646027667370431
0.452380952380952 0.416666666666667 0.0639723584157617
0.414893617021277 0.361702127659574 0.0426443495703038
0.311475409836066 0.295081967213115 0.0727277702943023
0.44578313253012 0.373493975903614 0.0634934981759417
0.510869565217391 0.5 0.103855653300034
0.397435897435897 0.320512820512821 0.0618433113059977
0.476190476190476 0.40952380952381 0.0651204439504778
0.48314606741573 0.438202247191011 0.0686926441580031
0.487394957983193 0.453781512605042 0.054337374497436
0.436170212765957 0.382978723404255 0.0594511673150684
0.49438202247191 0.438202247191011 0.0655055204396903
0.477272727272727 0.409090909090909 0.0473502314182067
0.46875 0.416666666666667 0.0573381125212519
0.528735632183908 0.482758620689655 0.0569021440111442
0.436170212765957 0.372340425531915 0.0470452058708949
0.460176991150442 0.451327433628319 0.0579206200946215
0.485148514851485 0.386138613861386 0.0575018283510453
0.414634146341463 0.353658536585366 0.0422618207217386
0.495798319327731 0.411764705882353 0.040320157350696
0.473684210526316 0.452631578947368 0.0635366496731591
0.413793103448276 0.367816091954023 0.0601619949722385
0.475409836065574 0.434426229508197 0.0487053183682442
0.46551724137931 0.422413793103448 0.0412343215606054
0.382716049382716 0.37037037037037 0.0414588217265722
0.457446808510638 0.414893617021277 0.0636723004974242
0.463917525773196 0.402061855670103 0.0496285063178929
0.47887323943662 0.408450704225352 0.0917430057172585
0.464285714285714 0.428571428571429 0.0801855717797077
0.474747474747475 0.414141414141414 0.050535303267112
0.494736842105263 0.463157894736842 0.0635756005795933
0.452830188679245 0.367924528301887 0.0603036655330621
0.485148514851485 0.405940594059406 0.0484828512344994
0.51 0.4 0.0437769505987817
0.404761904761905 0.30952380952381 0.046974233487287
0.348484848484849 0.303030303030303 0.0447210194319072
0.413333333333333 0.4 0.0678412619880748
0.495575221238938 0.433628318584071 0.0411024385357783
0.465346534653465 0.455445544554455 0.0591029758953397
0.458823529411765 0.388235294117647 0.0528674324345791
0.495726495726496 0.435897435897436 0.0532215217458821
0.427083333333333 0.395833333333333 0.0417740436505982
0.439024390243902 0.378048780487805 0.0661337055259963
0.422222222222222 0.411111111111111 0.0422793722097164
0.469135802469136 0.419753086419753 0.0536919077289655
0.363636363636364 0.303030303030303 0.0800869600130172
0.414634146341463 0.402439024390244 0.0569697924923527
0.486725663716814 0.424778761061947 0.0480951764948984
0.425 0.3875 0.0737331568723133
0.524390243902439 0.426829268292683 0.0617412510546302
0.356164383561644 0.315068493150685 0.0713523437200161
0.460869565217391 0.469565217391304 0.0615996309545358
0.395604395604396 0.373626373626374 0.0441637005304555
0.443396226415094 0.367924528301887 0.0449321598133776
0.44578313253012 0.349397590361446 0.0554489857874861
0.375 0.347222222222222 0.0805723402897015
0.485148514851485 0.415841584158416 0.0415323502705195
0.469879518072289 0.409638554216867 0.0720690436773588
0.51685393258427 0.460674157303371 0.0630718189305098
0.442477876106195 0.371681415929204 0.0609763260842344
0.327272727272727 0.309090909090909 0.0761896968144858
0.479591836734694 0.408163265306122 0.0538393771436741
0.415584415584416 0.38961038961039 0.0654221968948885
0.390625 0.359375 0.0815292619948414
0.402298850574713 0.344827586206897 0.0441830072193609
0.434782608695652 0.365217391304348 0.0345006225695589
0.472527472527473 0.417582417582418 0.0781067487361579
0.556338028169014 0.507042253521127 0.0509365535718735
0.532110091743119 0.495412844036697 0.0767567314737524
0.411111111111111 0.366666666666667 0.0593546864435618
0.393617021276596 0.329787234042553 0.0388949159349072
0.413793103448276 0.344827586206897 0.0417742457960666
0.48 0.45 0.0749422767243118
0.350649350649351 0.311688311688312 0.0689811272777072
0.48314606741573 0.426966292134831 0.0484087671963539
0.4 0.344444444444444 0.0438802017090905
0.430232558139535 0.348837209302326 0.0526857220990073
0.448275862068966 0.422413793103448 0.04976721287562
0.462264150943396 0.415094339622642 0.0544575970386394
0.487603305785124 0.371900826446281 0.03599361013009
0.434782608695652 0.405797101449275 0.0854879804892175
0.328571428571429 0.285714285714286 0.0673879512629768
0.478723404255319 0.393617021276596 0.0592388854098066
0.436619718309859 0.436619718309859 0.0867393986265098
0.41747572815534 0.359223300970874 0.0419677069970901
0.443298969072165 0.412371134020619 0.0635101211048735
0.432098765432099 0.395061728395062 0.0633728525161517
0.414893617021277 0.329787234042553 0.0388103003129016
0.415584415584416 0.38961038961039 0.0771206197593505
0.429906542056075 0.392523364485981 0.041128056581133
0.525252525252525 0.484848484848485 0.0604946483099958
0.466666666666667 0.373333333333333 0.0527045691857724
0.478260869565217 0.445652173913043 0.0653410893849834
0.382352941176471 0.367647058823529 0.0436617370695906
0.450549450549451 0.417582417582418 0.0503818125432896
0.408602150537634 0.311827956989247 0.0474205576780673
0.476635514018692 0.383177570093458 0.0434521887377329
0.436363636363636 0.4 0.0648435530397816
0.386666666666667 0.36 0.0562081774848381
0.5 0.446428571428571 0.0541301773706846
0.4125 0.3375 0.0667604424507981
0.484536082474227 0.412371134020619 0.0468179511103243
0.430769230769231 0.338461538461538 0.105175487729061
0.477272727272727 0.443181818181818 0.0792823949115502
0.337349397590361 0.337349397590361 0.052513792517056
0.388888888888889 0.322222222222222 0.0576605270422305
0.495238095238095 0.428571428571429 0.0660921078003772
0.436170212765957 0.425531914893617 0.0542961478740969
0.482142857142857 0.419642857142857 0.0336454018654229
0.493827160493827 0.444444444444444 0.0698865942458216
0.441176470588235 0.367647058823529 0.0646866919441893
0.364864864864865 0.310810810810811 0.0620224390674675
0.5 0.451219512195122 0.0721499059472677
0.487179487179487 0.397435897435897 0.0599233251159179
0.447058823529412 0.4 0.0651934208472934
0.443037974683544 0.379746835443038 0.0513396584925661
0.382716049382716 0.345679012345679 0.056216332440592
0.535433070866142 0.47244094488189 0.0471605355592046
0.469387755102041 0.397959183673469 0.0470133001437834
0.375 0.270833333333333 0.0641844095703178
0.471698113207547 0.405660377358491 0.051880993897419
0.418918918918919 0.378378378378378 0.0836942184487559
0.382022471910112 0.370786516853933 0.0677530064817706
0.505882352941176 0.435294117647059 0.0776392157905695
0.432432432432432 0.405405405405405 0.06556244265384
0.410526315789474 0.347368421052632 0.0442934560754722
0.461538461538462 0.428571428571429 0.0599012175743147
0.475 0.4625 0.0743303144657759
0.473214285714286 0.455357142857143 0.042091121089911
0.475 0.425 0.0301508499067239
0.408602150537634 0.354838709677419 0.0348482719874844
0.520833333333333 0.447916666666667 0.0549798712125849
0.454545454545455 0.415584415584416 0.0382536751380488
0.453703703703704 0.416666666666667 0.0564640160076768
0.510416666666667 0.489583333333333 0.0796706094258007
0.434210526315789 0.421052631578947 0.0736012718114766
0.425287356321839 0.448275862068966 0.0787337322018072
0.3625 0.325 0.0407062123178215
0.586776859504132 0.553719008264463 0.0615628160613849
0.428571428571429 0.392857142857143 0.0583318179554688
0.528 0.496 0.0577795750940029
0.521739130434783 0.5 0.0603911493541408
0.562962962962963 0.481481481481481 0.0588863246050449
0.44047619047619 0.369047619047619 0.0607495197425008
0.394736842105263 0.368421052631579 0.0592467857679199
0.428571428571429 0.375 0.0366145423313186
0.423913043478261 0.358695652173913 0.050968798193627
0.4 0.3 0.0552914140149283
0.476744186046512 0.418604651162791 0.0691789929240275
0.395604395604396 0.395604395604396 0.0494455875270885
0.445945945945946 0.418918918918919 0.0581147755965102
0.531531531531532 0.45045045045045 0.0534716734952421
0.517857142857143 0.473214285714286 0.0453849384975313
0.4125 0.3875 0.077308345704911
0.441176470588235 0.382352941176471 0.0381947593585606
0.520408163265306 0.459183673469388 0.0511682307938618
0.533333333333333 0.495238095238095 0.0859393377196636
0.380952380952381 0.253968253968254 0.0537017400998232
0.378787878787879 0.333333333333333 0.0779953408164597
0.426829268292683 0.378048780487805 0.0680936481863373
0.441176470588235 0.362745098039216 0.044009499302767
0.396551724137931 0.413793103448276 0.0629417007221836
0.463157894736842 0.410526315789474 0.0754339637239299
0.453488372093023 0.383720930232558 0.0325616416512116
0.428571428571429 0.357142857142857 0.0726303264248527
0.45 0.42 0.0589412076955791
0.432835820895522 0.343283582089552 0.0640962469228924
0.504504504504504 0.432432432432432 0.0536884294034905
0.51219512195122 0.475609756097561 0.0693750589379063
0.520408163265306 0.428571428571429 0.058766222971992
0.397849462365591 0.344086021505376 0.0485144236910631
0.430232558139535 0.430232558139535 0.0635122252847984
0.411764705882353 0.343137254901961 0.039155579102304
0.49438202247191 0.404494382022472 0.0903955545370451
0.455555555555556 0.366666666666667 0.0358383139482203
0.441176470588235 0.372549019607843 0.0630877583024953
0.541284403669725 0.513761467889908 0.0578169382425026
0.447058823529412 0.435294117647059 0.0696876943215647
0.446808510638298 0.436170212765957 0.0479818147213026
0.463414634146341 0.414634146341463 0.0871134205338216
0.397849462365591 0.387096774193548 0.0553967736609855
0.465346534653465 0.405940594059406 0.0457303929434173
0.390243902439024 0.353658536585366 0.0537918441978578
0.393617021276596 0.351063829787234 0.0545444227353169
0.466666666666667 0.44 0.0508047028180897
0.535353535353535 0.464646464646465 0.0623235445388588
0.428571428571429 0.362637362637363 0.0557783558383112
0.475247524752475 0.425742574257426 0.0545506657616437
0.529411764705882 0.494117647058824 0.0493872285232877
0.397849462365591 0.376344086021505 0.067073525838153
0.397435897435897 0.384615384615385 0.0517729839639868
0.369047619047619 0.261904761904762 0.0380875780166057
0.40506329113924 0.367088607594937 0.0465982526955116
0.456310679611651 0.388349514563107 0.0444744164803594
0.40506329113924 0.291139240506329 0.0694939376593577
0.43 0.41 0.0685606563941141
0.435185185185185 0.37037037037037 0.0458361971723927
0.314285714285714 0.328571428571429 0.0942321099606169
0.439024390243902 0.341463414634146 0.0703676501842448
0.478991596638655 0.445378151260504 0.0697699642175951
0.464285714285714 0.380952380952381 0.0463653741916964
0.323076923076923 0.261538461538462 0.056994723722706
0.380434782608696 0.380434782608696 0.0524463712738999
0.482758620689655 0.396551724137931 0.0448117268130495
0.464 0.464 0.0524244993403262
0.458823529411765 0.388235294117647 0.0423488773203808
0.455696202531646 0.379746835443038 0.0556382981436456
0.576 0.528 0.068502947596267
0.436781609195402 0.390804597701149 0.0736987531424326
0.450980392156863 0.343137254901961 0.0471876467675364
0.472972972972973 0.391891891891892 0.0486085731799122
0.421052631578947 0.368421052631579 0.0600266560268754
0.530120481927711 0.457831325301205 0.0772599925023858
0.419354838709677 0.408602150537634 0.0686076845389098
0.526315789473684 0.482456140350877 0.0678862182125925
0.430232558139535 0.36046511627907 0.043299507888853
0.496062992125984 0.433070866141732 0.0418026343486771
0.471698113207547 0.39622641509434 0.0517943853940123
0.471264367816092 0.436781609195402 0.0652182404729185
0.425531914893617 0.372340425531915 0.0594020278150186
0.440860215053763 0.440860215053763 0.050307806824694
0.488888888888889 0.455555555555556 0.0832218064493749
0.45679012345679 0.407407407407407 0.0529741525719025
0.493670886075949 0.481012658227848 0.0921251852221392
0.48314606741573 0.460674157303371 0.0780372568698467
0.489583333333333 0.416666666666667 0.0723180146985952
0.435483870967742 0.387096774193548 0.128896195114271
0.438202247191011 0.370786516853933 0.0721711792699355
0.465909090909091 0.409090909090909 0.052599108455287
0.485714285714286 0.4 0.0861090516979105
0.333333333333333 0.263888888888889 0.0521893539394328
0.490740740740741 0.425925925925926 0.0442178718636682
0.505154639175258 0.474226804123711 0.0527175013112001
0.556521739130435 0.48695652173913 0.0600597606383166
0.366197183098592 0.323943661971831 0.046880260442537
0.382022471910112 0.314606741573034 0.0503818463954266
0.383561643835616 0.315068493150685 0.0493215337906717
0.348837209302326 0.325581395348837 0.0485726073883597
0.45679012345679 0.444444444444444 0.0607115410081227
0.490740740740741 0.444444444444444 0.0508899990627838
0.438202247191011 0.404494382022472 0.0599537716151859
0.395833333333333 0.354166666666667 0.0478787348566278
0.472527472527473 0.43956043956044 0.0539067184600247
0.525773195876289 0.463917525773196 0.0708972816175109
0.482758620689655 0.431034482758621 0.044566554937168
0.412371134020619 0.391752577319588 0.044240667865123
0.455357142857143 0.419642857142857 0.0464526035158279
0.465909090909091 0.397727272727273 0.0657489897092825
0.409638554216867 0.313253012048193 0.0388240043588121
0.418367346938776 0.36734693877551 0.0394495353387632
0.485714285714286 0.4 0.063917287973475
0.491379310344828 0.448275862068966 0.0617520864919988
0.414141414141414 0.373737373737374 0.0518691736244538
0.423076923076923 0.346153846153846 0.0533699290870357
0.371428571428571 0.357142857142857 0.0609861993673205
0.504132231404959 0.429752066115702 0.0495597120458616
0.461538461538462 0.346153846153846 0.0324858025292713
0.45 0.44 0.0635795439752314
0.450549450549451 0.428571428571429 0.0724124400933716
0.426086956521739 0.356521739130435 0.0455561248060046
0.431578947368421 0.4 0.0659484560719198
0.494623655913978 0.387096774193548 0.0469081637382578
0.436170212765957 0.382978723404255 0.045484444551843
0.48314606741573 0.415730337078652 0.0616803525713969
0.482758620689655 0.471264367816092 0.072294161635285
0.504854368932039 0.436893203883495 0.0587928503074185
0.531914893617021 0.5 0.0612111707875815
0.352941176470588 0.341176470588235 0.0381543869744996
0.446153846153846 0.415384615384615 0.0792829918837442
0.524752475247525 0.415841584158416 0.0616849976315815
0.517647058823529 0.458823529411765 0.0622866099266957
0.455284552845528 0.455284552845528 0.0374406167683707
0.393939393939394 0.353535353535354 0.0413455340124669
0.49 0.42 0.0506182983580244
0.391304347826087 0.391304347826087 0.0747663821211464
0.460526315789474 0.407894736842105 0.0545265322533959
0.438202247191011 0.370786516853933 0.0503368504108854
0.481481481481481 0.45679012345679 0.0849344629059323
0.421686746987952 0.385542168674699 0.0751194537355911
0.426966292134831 0.382022471910112 0.0634621407768199
0.363636363636364 0.350649350649351 0.0637131009065713
0.522522522522523 0.486486486486487 0.066955081748491
0.397590361445783 0.325301204819277 0.0474715637148879
0.532608695652174 0.510869565217391 0.083079719623494
0.516949152542373 0.440677966101695 0.0452416635481561
0.51304347826087 0.434782608695652 0.0389787455744784
0.40625 0.390625 0.0889212683696463
0.459770114942529 0.425287356321839 0.0660886875026782
0.484210526315789 0.463157894736842 0.0728077867345287
0.411764705882353 0.343137254901961 0.0485235773971672
0.475247524752475 0.396039603960396 0.050933724216099
0.433734939759036 0.349397590361446 0.0725425653076399
0.467889908256881 0.394495412844037 0.0443951671649881
0.406593406593407 0.384615384615385 0.057327112650456
0.504347826086956 0.443478260869565 0.038162960865552
0.419354838709677 0.419354838709677 0.0654378115776735
0.426829268292683 0.365853658536585 0.0693129309591149
0.5 0.419642857142857 0.0475901139834262
0.414285714285714 0.342857142857143 0.046933434579672
0.520408163265306 0.469387755102041 0.0671028663994863
0.5 0.490384615384615 0.061561036866877
0.373333333333333 0.32 0.0720645014205744
0.441666666666667 0.358333333333333 0.0395726540630566
0.47787610619469 0.451327433628319 0.0488016950947148
0.545454545454545 0.504132231404959 0.0533040445768268
0.406593406593407 0.351648351648352 0.0488508287190393
0.485148514851485 0.415841584158416 0.0502319590407979
0.480769230769231 0.394230769230769 0.0535098624749049
0.409090909090909 0.397727272727273 0.0605100169682134
0.338028169014085 0.323943661971831 0.0441974657383993
0.388888888888889 0.375 0.0599294565406375
0.420560747663551 0.364485981308411 0.0430692435203367
0.469387755102041 0.408163265306122 0.0444173722232775
0.414634146341463 0.353658536585366 0.0639830307280891
0.457831325301205 0.397590361445783 0.0478559863066971
0.41 0.4 0.045069649082588
0.422680412371134 0.402061855670103 0.0493510612134226
0.416666666666667 0.345238095238095 0.0497992594710493
0.542056074766355 0.485981308411215 0.0623688732194216
0.5 0.41 0.0618342780201393
0.509090909090909 0.472727272727273 0.067785500653348
0.456310679611651 0.427184466019417 0.0623140056135432
0.376623376623377 0.350649350649351 0.0521708840278566
0.5 0.41304347826087 0.0529916900844667
0.493827160493827 0.407407407407407 0.0716593952603338
0.472727272727273 0.472727272727273 0.0641583676851467
0.398058252427184 0.359223300970874 0.0507894996361458
0.355263157894737 0.355263157894737 0.0561045845478198
0.5 0.41 0.0620540433832374
0.323076923076923 0.307692307692308 0.0843427606299209
0.453333333333333 0.36 0.0483137145560159
0.505376344086022 0.516129032258065 0.0735328139656429
0.477272727272727 0.431818181818182 0.0912908075477431
0.5 0.476190476190476 0.0843570798598998
0.440677966101695 0.38135593220339 0.041990941928223
0.402439024390244 0.378048780487805 0.0558866649009128
0.383333333333333 0.3 0.0545651442102037
0.518072289156627 0.433734939759036 0.087966281460892
0.391304347826087 0.33695652173913 0.0393624419569822
0.30952380952381 0.321428571428571 0.0576650441647098
0.472527472527473 0.450549450549451 0.067984864201575
0.506329113924051 0.455696202531646 0.061434084447091
0.524752475247525 0.504950495049505 0.0913742602885576
0.454545454545455 0.434343434343434 0.0584237166864768
0.473684210526316 0.4 0.0447379334379234
0.475609756097561 0.390243902439024 0.0679190664765681
0.441176470588235 0.362745098039216 0.0671126446500865
0.402777777777778 0.319444444444444 0.0455448349730308
0.477477477477477 0.396396396396396 0.0471305776421187
0.449438202247191 0.426966292134831 0.0710973833562347
0.413333333333333 0.386666666666667 0.0912982793780248
0.51 0.44 0.0541733132930909
0.432098765432099 0.407407407407407 0.0714992427091318
0.4125 0.3375 0.0621044736258266
0.454545454545455 0.373737373737374 0.0309183119480822
0.4375 0.4 0.065560838139608
0.468085106382979 0.404255319148936 0.0566091739678339
0.384615384615385 0.333333333333333 0.0488820365447778
0.459459459459459 0.364864864864865 0.0559613918490524
0.445454545454545 0.390909090909091 0.0507185446184045
0.478632478632479 0.47008547008547 0.0516173088788626
0.466101694915254 0.415254237288136 0.0318845260273205
0.421686746987952 0.337349397590361 0.0499962245385807
0.328125 0.28125 0.0433644206608908
0.349206349206349 0.301587301587302 0.0517455699778961
0.475247524752475 0.415841584158416 0.0560968505486125
0.517647058823529 0.482352941176471 0.0945721669627631
0.38 0.36 0.0548826983945156
0.470588235294118 0.455882352941176 0.0724328541489377
0.41025641025641 0.371794871794872 0.0610007087637797
0.473684210526316 0.447368421052632 0.057386023449609
0.44 0.42 0.0581532591288334
0.472527472527473 0.384615384615385 0.0562355268494051
0.473684210526316 0.429824561403509 0.0508515088464104
0.410526315789474 0.378947368421053 0.0484706358466891
0.441176470588235 0.426470588235294 0.0942514439209366
0.477777777777778 0.422222222222222 0.0573818680392631
0.509803921568627 0.470588235294118 0.056452846259547
0.505154639175258 0.443298969072165 0.059449273171313
0.533333333333333 0.466666666666667 0.0641868487390863
0.397435897435897 0.358974358974359 0.0508472578920667
0.348314606741573 0.292134831460674 0.0430999387803618
0.386792452830189 0.39622641509434 0.0457598192644915
0.472527472527473 0.373626373626374 0.0576236348233908
0.533333333333333 0.485714285714286 0.0603153464817891
0.537634408602151 0.440860215053763 0.0450493712022864
0.372881355932203 0.322033898305085 0.0601715803437538
0.528846153846154 0.471153846153846 0.0529570068151612
0.477777777777778 0.433333333333333 0.0637306453264726
0.432432432432432 0.324324324324324 0.0771681344402081
0.390804597701149 0.344827586206897 0.0610552122593712
0.486725663716814 0.424778761061947 0.0476488336685632
0.425287356321839 0.35632183908046 0.0632149110018081
0.436781609195402 0.390804597701149 0.0719776954660215
0.481132075471698 0.433962264150943 0.0681372789538444
0.481481481481481 0.398148148148148 0.0473174614949404
0.397058823529412 0.352941176470588 0.0709036847679098
0.436363636363636 0.436363636363636 0.0618714400481716
0.433734939759036 0.409638554216867 0.0843980300551482
0.415841584158416 0.366336633663366 0.0317813757967458
0.462264150943396 0.433962264150943 0.054485361636095
0.495049504950495 0.425742574257426 0.0583295328118279
0.377049180327869 0.278688524590164 0.0794670575707671
0.465116279069767 0.406976744186047 0.0735804176516517
0.424242424242424 0.373737373737374 0.0667937904233696
0.457446808510638 0.404255319148936 0.0668296479260347
0.440860215053763 0.397849462365591 0.0535579218112152
0.5 0.488372093023256 0.0702677607174465
0.461538461538462 0.384615384615385 0.0542719311196753
0.422535211267606 0.338028169014085 0.069573074987795
0.510869565217391 0.445652173913043 0.0686233549379617
0.43956043956044 0.362637362637363 0.0538929322123403
0.434210526315789 0.355263157894737 0.0649216429720803
0.493827160493827 0.407407407407407 0.0795552213218759
0.422535211267606 0.366197183098592 0.0677844909028615
0.458333333333333 0.416666666666667 0.0884285983763952
0.421875 0.390625 0.0771317254959117
0.397260273972603 0.315068493150685 0.0501274584377575
0.411214953271028 0.392523364485981 0.045563192907917
0.52212389380531 0.442477876106195 0.049613918160733
0.422222222222222 0.377777777777778 0.0555107165001909
0.442105263157895 0.410526315789474 0.0546875801053418
0.511363636363636 0.443181818181818 0.0728222124608506
0.451219512195122 0.378048780487805 0.0711720517942799
0.379746835443038 0.379746835443038 0.0607578041150427
0.45360824742268 0.391752577319588 0.0576919522534294
0.431818181818182 0.386363636363636 0.0660248625135062
0.473684210526316 0.421052631578947 0.0623033680411017
0.426829268292683 0.414634146341463 0.0732658874977216
0.495049504950495 0.455445544554455 0.0687628093497001
0.393258426966292 0.359550561797753 0.0479904779851778
0.511363636363636 0.454545454545455 0.0844424993261988
0.444444444444444 0.382716049382716 0.0719066025241233
0.397260273972603 0.342465753424658 0.0570533298291426
0.480392156862745 0.441176470588235 0.0650012863915406
0.43298969072165 0.34020618556701 0.0385515038388181
0.5 0.464285714285714 0.0462411470999691
0.418367346938776 0.418367346938776 0.0518315287468188
0.395061728395062 0.320987654320988 0.0500678657711722
0.479591836734694 0.418367346938776 0.0464697460500972
0.417582417582418 0.406593406593407 0.0695059577894758
0.5 0.380434782608696 0.0383166189769229
0.528846153846154 0.413461538461538 0.0410997192260459
0.337662337662338 0.272727272727273 0.0380985306714636
0.380952380952381 0.357142857142857 0.0659970518619317
0.527777777777778 0.472222222222222 0.0669698813394377
0.461538461538462 0.397435897435897 0.0799834707441267
0.495327102803738 0.411214953271028 0.0456834672918297
0.465116279069767 0.36046511627907 0.0526672841442685
0.433734939759036 0.44578313253012 0.068213863439621
0.426470588235294 0.426470588235294 0.0945387562724619
0.444444444444444 0.377777777777778 0.0691508428692967
0.517647058823529 0.470588235294118 0.0691074729650201
0.503937007874016 0.448818897637795 0.0459573418647352
0.419753086419753 0.407407407407407 0.0729686034952405
0.37037037037037 0.296296296296296 0.0396499689861634
0.418918918918919 0.405405405405405 0.0750336596249706
0.447368421052632 0.394736842105263 0.0941637279185868
0.490196078431373 0.441176470588235 0.056987836139085
0.465909090909091 0.443181818181818 0.0642399791193008
0.505882352941176 0.470588235294118 0.104830621326934
0.463917525773196 0.371134020618557 0.0408982156556251
0.397849462365591 0.387096774193548 0.0541636018794974
0.505747126436782 0.494252873563218 0.10771911890947
0.421052631578947 0.407894736842105 0.0726635578339367
0.402439024390244 0.317073170731707 0.0569688287181565
0.433734939759036 0.373493975903614 0.0566608106745792
0.448979591836735 0.244897959183673 0.0831634668725593
0.337662337662338 0.285714285714286 0.0493349528515507
0.365853658536585 0.304878048780488 0.0373928015884928
0.476635514018692 0.467289719626168 0.0624774579507949
0.469026548672566 0.433628318584071 0.0585117087176003
0.408602150537634 0.387096774193548 0.0464466270230913
0.525252525252525 0.505050505050505 0.0632694191945447
0.48 0.4 0.0890828040673765
0.416666666666667 0.369047619047619 0.0567930569290965
0.514851485148515 0.475247524752475 0.0868665480069451
0.523255813953488 0.465116279069767 0.0593577073305192
0.5 0.438775510204082 0.0661514024304476
0.418604651162791 0.372093023255814 0.0684865408357731
0.388888888888889 0.375 0.0572564851769904
0.476190476190476 0.40952380952381 0.0483429115763749
0.5 0.44 0.0551359502302927
0.343283582089552 0.313432835820896 0.0633601765686969
0.411764705882353 0.352941176470588 0.0592246397950792
0.558823529411765 0.490196078431373 0.0766256620438505
0.470588235294118 0.411764705882353 0.0441436248728317
0.44047619047619 0.416666666666667 0.0741467659734684
0.463157894736842 0.4 0.0583602362744404
0.440860215053763 0.376344086021505 0.0615171526891665
0.532467532467532 0.467532467532468 0.0712676824747533
0.393258426966292 0.382022471910112 0.0443259870451537
0.448979591836735 0.408163265306122 0.0571831559448941
0.505494505494505 0.417582417582418 0.0551549277254697
0.453125 0.421875 0.099693769472037
0.415584415584416 0.376623376623377 0.0782243980271855
0.402985074626866 0.343283582089552 0.0840695580455932
0.387387387387387 0.387387387387387 0.0449360675897994
0.390243902439024 0.329268292682927 0.0491846187048588
0.342465753424658 0.287671232876712 0.0596518403315725
0.465116279069767 0.406976744186047 0.076767926581099
0.395061728395062 0.395061728395062 0.0613315682883556
0.371794871794872 0.333333333333333 0.0710644930453442
0.542857142857143 0.523809523809524 0.067421299334368
0.460674157303371 0.415730337078652 0.0703726902654055
0.473684210526316 0.389473684210526 0.0557636779685656
0.490740740740741 0.407407407407407 0.0647365018930459
0.477064220183486 0.376146788990826 0.0483714031439274
0.444444444444444 0.358024691358025 0.0619337958625219
0.41304347826087 0.358695652173913 0.0470664759415235
0.495327102803738 0.429906542056075 0.0434352339382204
0.444444444444444 0.383838383838384 0.044225843271557
0.488095238095238 0.416666666666667 0.0651120458512707
0.485981308411215 0.420560747663551 0.0571493937951026
0.450980392156863 0.411764705882353 0.0538312560855364
0.504854368932039 0.398058252427184 0.0646288084429141
0.426966292134831 0.370786516853933 0.0441787539029817
0.428571428571429 0.416666666666667 0.0856077810625004
0.387096774193548 0.376344086021505 0.0515588551724453
0.505263157894737 0.431578947368421 0.0488582227665768
0.478723404255319 0.425531914893617 0.0501781751910485
0.516483516483517 0.527472527472527 0.0802929558833171
0.45 0.4 0.0639218413122265
0.381443298969072 0.319587628865979 0.0456662681376133
0.476635514018692 0.457943925233645 0.0547949127467645
0.446601941747573 0.398058252427184 0.0627204828771794
0.527777777777778 0.453703703703704 0.0621834815970516
0.5 0.5 0.0924339222436878
0.524271844660194 0.456310679611651 0.0654620327063996
0.462365591397849 0.354838709677419 0.0537707422985404
0.433333333333333 0.366666666666667 0.0497565462787713
0.328767123287671 0.287671232876712 0.0723931702133204
0.379746835443038 0.367088607594937 0.0595959636064743
0.495049504950495 0.445544554455446 0.0483317430811177
0.509433962264151 0.443396226415094 0.0596421976656095
0.486725663716814 0.47787610619469 0.0563457333351781
0.425 0.3625 0.0424650163676771
0.413333333333333 0.333333333333333 0.0815649289876222
0.38961038961039 0.311688311688312 0.0597245349236244
0.489583333333333 0.40625 0.0561954234379274
0.431192660550459 0.357798165137615 0.051706070929053
0.451612903225806 0.419354838709677 0.0732932896910125
0.42156862745098 0.411764705882353 0.053830984923478
0.540816326530612 0.5 0.0790504080137354
0.447916666666667 0.427083333333333 0.0644846174028747
0.412371134020619 0.381443298969072 0.0417851158724572
0.461538461538462 0.403846153846154 0.0317136420763561
0.527472527472527 0.494505494505495 0.0988401940831542
0.434343434343434 0.393939393939394 0.0579395477870613
0.521739130434783 0.445652173913043 0.0717733008594537
0.460526315789474 0.381578947368421 0.0862758012652071
0.453488372093023 0.313953488372093 0.0586791886807465
0.433333333333333 0.344444444444444 0.0689261358542503
0.441176470588235 0.367647058823529 0.0847072330880101
0.553719008264463 0.504132231404959 0.0601540363716582
0.42156862745098 0.372549019607843 0.0427157099587308
0.45 0.375 0.0454507660479054
0.453781512605042 0.411764705882353 0.0528963731792809
0.547619047619048 0.511904761904762 0.0952793808034855
0.388888888888889 0.366666666666667 0.0643834316215445
0.535211267605634 0.422535211267606 0.0798715558357761
0.392405063291139 0.329113924050633 0.0692235063998871
0.411111111111111 0.433333333333333 0.0647406761337187
0.455555555555556 0.422222222222222 0.0540135978405469
0.451219512195122 0.439024390243902 0.105115859857607
0.508333333333333 0.458333333333333 0.0510429973650033
0.4 0.378947368421053 0.0802290066025455
0.380952380952381 0.392857142857143 0.0574402866483392
0.495145631067961 0.485436893203884 0.058543576796659
0.411214953271028 0.383177570093458 0.0492966254894024
0.391891891891892 0.391891891891892 0.0779385201064099
0.528846153846154 0.490384615384615 0.0700725066740067
0.566037735849057 0.452830188679245 0.0654235177323115
0.518867924528302 0.433962264150943 0.0442303130474613
0.460674157303371 0.370786516853933 0.0407526302126962
0.473684210526316 0.447368421052632 0.0941662181527443
0.493975903614458 0.493975903614458 0.0815520124747598
0.524590163934426 0.442622950819672 0.107292141914278
0.505050505050505 0.484848484848485 0.0773662447773834
0.465909090909091 0.375 0.0579056948232097
0.44 0.36 0.0437067006014521
0.446428571428571 0.428571428571429 0.120322640708657
0.488188976377953 0.409448818897638 0.0363155198451434
0.509090909090909 0.481818181818182 0.0552953317843905
0.509433962264151 0.415094339622642 0.0352952224379949
0.363636363636364 0.337662337662338 0.0857966490798201
0.509803921568627 0.441176470588235 0.0693055452509382
0.432432432432432 0.310810810810811 0.0410860756443364
0.41747572815534 0.310679611650485 0.0466159178617457
0.333333333333333 0.263888888888889 0.0447914163369428
0.455696202531646 0.417721518987342 0.0749162642721754
0.441666666666667 0.4 0.0425193009402896
0.470588235294118 0.382352941176471 0.0674082575086742
0.384615384615385 0.384615384615385 0.0646032058993465
0.426966292134831 0.370786516853933 0.0515693510097561
0.395061728395062 0.320987654320988 0.0561138386665521
0.461538461538462 0.406593406593407 0.0542503425754107
0.433734939759036 0.373493975903614 0.0650005110889035
0.414141414141414 0.404040404040404 0.0544294001022533
0.449438202247191 0.415730337078652 0.0801243300341526
0.516483516483517 0.472527472527473 0.0693603460443606
0.430232558139535 0.372093023255814 0.0765215238783992
0.4625 0.4375 0.0709248046800837
0.416666666666667 0.34375 0.0586709310240566
0.471910112359551 0.382022471910112 0.0631074355335946
0.430232558139535 0.383720930232558 0.0676665033441971
0.469026548672566 0.451327433628319 0.0565677994859323
0.4 0.415384615384615 0.100285214963639
0.418918918918919 0.351351351351351 0.0662904440277442
0.45360824742268 0.402061855670103 0.0530820154583971
0.295081967213115 0.213114754098361 0.037917118335815
0.487603305785124 0.43801652892562 0.0470363301695345
0.463414634146341 0.426829268292683 0.0854137387127258
0.5078125 0.4609375 0.0492114044876767
0.525252525252525 0.464646464646465 0.0727027027624963
0.432692307692308 0.403846153846154 0.0408661077178403
0.492307692307692 0.430769230769231 0.0574890001512944
0.4921875 0.453125 0.0341720562984434
0.443298969072165 0.381443298969072 0.056870166971247
0.441558441558442 0.415584415584416 0.0627206275312093
0.449438202247191 0.325842696629214 0.039500487722114
0.462962962962963 0.407407407407407 0.0476294496462177
0.538461538461538 0.451923076923077 0.0567351981641341
0.411764705882353 0.4 0.0739660542642302
0.421052631578947 0.4 0.0717663153459531
0.40506329113924 0.367088607594937 0.054186947340171
0.423913043478261 0.402173913043478 0.0548697150678939
0.483516483516484 0.450549450549451 0.0687191456551144
0.444444444444444 0.361111111111111 0.0609577513746237
0.392405063291139 0.30379746835443 0.044431225796264
0.393939393939394 0.303030303030303 0.0688017404244018
0.402597402597403 0.350649350649351 0.0378878124122028
0.416666666666667 0.398148148148148 0.0500588870898401
0.544444444444444 0.433333333333333 0.080280746114373
0.384615384615385 0.373626373626374 0.0326088248806054
0.43956043956044 0.384615384615385 0.0474917980984507
0.492307692307692 0.461538461538462 0.0824621741699186
0.426666666666667 0.386666666666667 0.0613914049961943
0.451612903225806 0.344086021505376 0.0479322962532898
0.454545454545455 0.427272727272727 0.050283184945725
0.48695652173913 0.478260869565217 0.0514244347749038
0.517241379310345 0.456896551724138 0.060995228652316
0.467289719626168 0.429906542056075 0.0562543153277783
0.458333333333333 0.4375 0.0558270867034332
0.463414634146341 0.439024390243902 0.111950504708702
0.4375 0.4 0.0719044727584804
0.527272727272727 0.481818181818182 0.0623050096763028
0.477477477477477 0.405405405405405 0.0536977244908218
0.443037974683544 0.379746835443038 0.0538316300943473
0.494949494949495 0.494949494949495 0.0960574760785682
0.44578313253012 0.385542168674699 0.0705919846222934
0.395833333333333 0.364583333333333 0.0516243128547322
0.388888888888889 0.351851851851852 0.0339148201493255
0.52212389380531 0.442477876106195 0.0520655295119424
0.454545454545455 0.409090909090909 0.0693918808191677
0.494845360824742 0.422680412371134 0.0486448694882232
0.36144578313253 0.325301204819277 0.0380607196402759
0.434782608695652 0.33695652173913 0.0602232252522578
0.451327433628319 0.389380530973451 0.0480508385887256
0.4 0.386666666666667 0.0711808775495141
0.451219512195122 0.439024390243902 0.0863397961195042
0.415584415584416 0.38961038961039 0.063239218506649
0.5 0.473684210526316 0.0941426391174396
0.530120481927711 0.433734939759036 0.0728548783148589
0.403846153846154 0.346153846153846 0.0557349734318894
0.393939393939394 0.383838383838384 0.0598431936351029
0.5 0.478260869565217 0.0936321692573456
0.413461538461538 0.394230769230769 0.0659754723482624
0.48780487804878 0.426829268292683 0.0747398008052556
0.418918918918919 0.324324324324324 0.0526111034189465
0.376623376623377 0.363636363636364 0.0682865159321668
0.379310344827586 0.344827586206897 0.0644991818317638
0.484210526315789 0.421052631578947 0.0563047773127279
0.458333333333333 0.4 0.0459153497843182
0.5 0.481481481481481 0.0455943541609925
0.517241379310345 0.482758620689655 0.0911075902711963
0.475247524752475 0.405940594059406 0.0465620120238405
0.393939393939394 0.409090909090909 0.0741736911340283
0.428571428571429 0.362637362637363 0.0496976219238108
0.471153846153846 0.413461538461538 0.0547075853122557
0.376470588235294 0.329411764705882 0.043090601648935
0.430379746835443 0.379746835443038 0.0442557604519644
0.414634146341463 0.378048780487805 0.0460035371358454
0.454545454545455 0.443181818181818 0.0642796927676413
0.469026548672566 0.424778761061947 0.065366702145337
0.434782608695652 0.358695652173913 0.0528629976922175
0.428571428571429 0.415584415584416 0.0846031360450582
0.5 0.451219512195122 0.0637591496968201
0.547368421052632 0.452631578947368 0.0812859589818768
0.452380952380952 0.380952380952381 0.063091054093204
0.397727272727273 0.352272727272727 0.0451954732820679
0.46875 0.375 0.0465156029516102
0.421052631578947 0.434210526315789 0.0794284081376469
0.4375 0.40625 0.0635008050407657
0.469135802469136 0.419753086419753 0.100138344877698
0.482758620689655 0.379310344827586 0.0495764591279158
0.344444444444444 0.255555555555556 0.0403884962797858
0.510416666666667 0.479166666666667 0.0593734343691451
0.444444444444444 0.430555555555556 0.0734627324279517
0.468085106382979 0.478723404255319 0.0781201351224482
0.5 0.471698113207547 0.063597383154408
0.446601941747573 0.368932038834951 0.0657421960151235
0.494117647058824 0.447058823529412 0.0768149638054658
0.341176470588235 0.270588235294118 0.0425528425280788
0.478723404255319 0.414893617021277 0.0566948354256441
0.464285714285714 0.428571428571429 0.0565151951953301
0.504672897196262 0.429906542056075 0.0411898884388859
0.525773195876289 0.484536082474227 0.0902023052136226
0.390243902439024 0.378048780487805 0.0518883630426506
0.5 0.433962264150943 0.0496469049708617
0.438775510204082 0.36734693877551 0.0485643392377086
0.433962264150943 0.405660377358491 0.052600660410187
0.392857142857143 0.383928571428571 0.0384862573184201
0.4625 0.45 0.0853261483657142
0.503875968992248 0.418604651162791 0.0419199002453526
0.505376344086022 0.419354838709677 0.0831175703500193
0.420454545454545 0.363636363636364 0.0638445788962323
0.328571428571429 0.328571428571429 0.0767248900091192
0.489795918367347 0.428571428571429 0.0648220638860433
0.511811023622047 0.425196850393701 0.0343862560220754
0.473118279569892 0.408602150537634 0.0692623156317417
0.372340425531915 0.308510638297872 0.0318360491777112
0.517647058823529 0.423529411764706 0.056970211342346
0.471698113207547 0.443396226415094 0.0413403886776018
0.421052631578947 0.368421052631579 0.0438569130612279
0.443037974683544 0.417721518987342 0.0777327117797778
0.471910112359551 0.404494382022472 0.0451917006471246
0.469135802469136 0.469135802469136 0.101600113681674
0.47887323943662 0.394366197183099 0.0801517755860558
0.509615384615385 0.451923076923077 0.0509969497642692
0.408163265306122 0.408163265306122 0.0642894224132295
0.53125 0.479166666666667 0.0639661546105233
0.333333333333333 0.276190476190476 0.0390501548834625
0.474747474747475 0.444444444444444 0.0603864650321042
0.4 0.413333333333333 0.0724787061566163
0.461538461538462 0.413461538461538 0.0476032083642624
0.447916666666667 0.364583333333333 0.0523668159029451
0.491803278688525 0.426229508196721 0.0558869666256166
0.445945945945946 0.351351351351351 0.0449289846810378
0.420454545454545 0.375 0.06499153772448
0.456310679611651 0.407766990291262 0.0529030606524699
0.504854368932039 0.466019417475728 0.0453138041753092
0.384615384615385 0.323076923076923 0.0738565247719711
0.44 0.4 0.0716429258254465
0.479591836734694 0.459183673469388 0.0563313101255099
0.44 0.4 0.0797922899390581
0.5125 0.4 0.0690893013223507
0.461538461538462 0.423076923076923 0.0836871529150929
0.481481481481481 0.425925925925926 0.058489199722917
0.363636363636364 0.348484848484849 0.0739183927239146
0.438202247191011 0.415730337078652 0.0601522679597172
0.404761904761905 0.392857142857143 0.0695016733504265
0.397849462365591 0.344086021505376 0.0489510446690653
0.453488372093023 0.406976744186047 0.063884415339838
0.402597402597403 0.337662337662338 0.059453748370273
0.471153846153846 0.432692307692308 0.0672017273047541
0.406779661016949 0.322033898305085 0.0632198974735319
0.441176470588235 0.42156862745098 0.056333036948719
0.443037974683544 0.455696202531646 0.0732833715053936
0.412371134020619 0.371134020618557 0.0387571899248995
0.45360824742268 0.443298969072165 0.0822805520022241
0.461538461538462 0.351648351648352 0.0639825887469405
0.383561643835616 0.287671232876712 0.0412238337699404
0.478260869565217 0.452173913043478 0.0409823377016294
0.509433962264151 0.462264150943396 0.0581125973257866
0.402597402597403 0.324675324675325 0.0591710884304225
0.425 0.3375 0.0532613444716491
0.457831325301205 0.409638554216867 0.0773851072997785
0.450549450549451 0.384615384615385 0.0589096970537764
0.376811594202899 0.347826086956522 0.0833824279054751
0.405660377358491 0.367924528301887 0.041231484986099
0.460674157303371 0.438202247191011 0.0697172829917023
0.432098765432099 0.358024691358025 0.0639310401148292
0.434782608695652 0.423913043478261 0.0787497840519194
0.520408163265306 0.438775510204082 0.0609474117237057
0.3625 0.3375 0.0639228964502416
0.428571428571429 0.377551020408163 0.0505634053489892
0.447916666666667 0.416666666666667 0.0519531915612017
0.446153846153846 0.476923076923077 0.078674547299117
0.448979591836735 0.418367346938776 0.0583434564639013
0.438356164383562 0.424657534246575 0.0821937630847467
0.36231884057971 0.333333333333333 0.0499938960651058
0.477777777777778 0.455555555555556 0.0511069899319638
0.476635514018692 0.383177570093458 0.0456649660275293
0.425925925925926 0.398148148148148 0.0496309268051295
0.448717948717949 0.371794871794872 0.0637507680096802
0.43956043956044 0.384615384615385 0.0534599216207363
0.44047619047619 0.404761904761905 0.0831290350763286
0.392405063291139 0.379746835443038 0.0577523180378379
0.419753086419753 0.395061728395062 0.0661373095604983
0.515463917525773 0.463917525773196 0.0541822347763338
0.483516483516484 0.406593406593407 0.0499199984253728
0.416666666666667 0.416666666666667 0.0807978976231742
0.428571428571429 0.340659340659341 0.0553358992997927
0.448979591836735 0.397959183673469 0.0680751927461776
0.421052631578947 0.378947368421053 0.0427513181486894
0.5 0.476744186046512 0.0749842409036366
0.488888888888889 0.422222222222222 0.0511839291075898
0.388235294117647 0.341176470588235 0.0676913130003982
0.404761904761905 0.369047619047619 0.0691527066742219
0.325301204819277 0.27710843373494 0.0472861888724426
0.435643564356436 0.386138613861386 0.0533616060281035
0.439024390243902 0.390243902439024 0.0579454134618674
0.509433962264151 0.415094339622642 0.0523856373013594
0.522935779816514 0.458715596330275 0.0476429501145811
0.443037974683544 0.392405063291139 0.0806022732005973
0.384615384615385 0.320512820512821 0.0505181369322136
0.454545454545455 0.444444444444444 0.0885075068728154
0.468085106382979 0.446808510638298 0.05267135384107
0.461538461538462 0.435897435897436 0.0914558825694109
0.435643564356436 0.356435643564356 0.0530693929532485
0.408163265306122 0.36734693877551 0.0545316123624032
0.449438202247191 0.348314606741573 0.0539351664492026
0.425 0.375 0.0551911812332887
0.426829268292683 0.365853658536585 0.0555490991996812
0.494845360824742 0.484536082474227 0.0669235908817087
0.522522522522523 0.459459459459459 0.0590274030162807
0.406593406593407 0.373626373626374 0.0700789291157902
0.391891891891892 0.351351351351351 0.0666430531774642
0.507936507936508 0.476190476190476 0.062131974864785
0.442105263157895 0.442105263157895 0.0659449042763123
0.393617021276596 0.340425531914894 0.0488875330719342
0.433734939759036 0.409638554216867 0.0633435012779992
0.451219512195122 0.378048780487805 0.0636170849678884
0.43010752688172 0.387096774193548 0.061558292001436
0.457142857142857 0.4 0.0623067359486894
0.48314606741573 0.370786516853933 0.0526325752696782
0.395348837209302 0.313953488372093 0.0508683739484899
0.43801652892562 0.380165289256198 0.0280705194542848
0.520408163265306 0.510204081632653 0.0695122382240835
0.513761467889908 0.486238532110092 0.0566516322030069
0.555555555555556 0.466666666666667 0.0689812485433566
0.43801652892562 0.380165289256198 0.0280705194542848
