0.547368421052632 0.515789473684211 0.0616728435814049
0.385714285714286 0.257142857142857 0.055553374946474
0.45 0.383333333333333 0.0591860550347904
0.542553191489362 0.521276595744681 0.0863793230982065
0.494252873563218 0.413793103448276 0.0906203466940409
0.473118279569892 0.440860215053763 0.075920633340278
0.457831325301205 0.409638554216867 0.0689246869076283
0.450980392156863 0.382352941176471 0.0606043985635988
0.51 0.48 0.0789257044008021
0.517241379310345 0.482758620689655 0.0801471196998062
0.386666666666667 0.293333333333333 0.0462433510105411
0.47 0.45 0.0563973183885687
0.489795918367347 0.459183673469388 0.0818386785271054
0.461538461538462 0.397435897435897 0.0732132087204728
0.459183673469388 0.397959183673469 0.0662507595236414
0.41304347826087 0.369565217391304 0.053574341322204
0.384615384615385 0.353846153846154 0.0557110301269359
0.428571428571429 0.416666666666667 0.0692654421703889
0.5 0.434782608695652 0.0697545013001765
0.382022471910112 0.348314606741573 0.076042507424006
0.522222222222222 0.511111111111111 0.112187189826546
0.482352941176471 0.388235294117647 0.0858235020648484
0.456896551724138 0.422413793103448 0.0557028850283961
0.448275862068966 0.405172413793103 0.0814389745595776
0.486238532110092 0.467889908256881 0.0527151602497529
0.506666666666667 0.426666666666667 0.0532659269223295
0.464646464646465 0.444444444444444 0.0926096068159894
0.46078431372549 0.42156862745098 0.0690177838429183
0.375 0.352272727272727 0.0470555696094777
0.481818181818182 0.390909090909091 0.0644140532242592
0.4125 0.4 0.0567750747350027
0.337662337662338 0.311688311688312 0.0554911010183686
0.427083333333333 0.40625 0.0713658277284291
0.523809523809524 0.485714285714286 0.0678637759002468
0.505263157894737 0.452631578947368 0.0725722219267447
0.382352941176471 0.367647058823529 0.0921874083491438
0.454545454545455 0.375 0.0576795541582002
0.430232558139535 0.348837209302326 0.0520725124545456
0.428571428571429 0.380952380952381 0.0712730539568144
0.443037974683544 0.379746835443038 0.106487678474645
0.494623655913978 0.462365591397849 0.0696308573035713
0.454545454545455 0.424242424242424 0.0550161195967099
0.391891891891892 0.364864864864865 0.085887297019825
0.378048780487805 0.317073170731707 0.076929977635608
0.46 0.41 0.0459188922648563
0.416666666666667 0.428571428571429 0.0973044076935812
0.51 0.39 0.0591888615401036
0.435897435897436 0.393162393162393 0.05093302336536
0.44 0.34 0.0407456857982181
0.43956043956044 0.43956043956044 0.0784464218926823
0.428571428571429 0.306122448979592 0.0491842487309875
0.511627906976744 0.441860465116279 0.0688494051638792
0.2875 0.2625 0.0448584158830199
0.523809523809524 0.452380952380952 0.0609454281476911
0.386138613861386 0.366336633663366 0.0488005632321968
0.465346534653465 0.455445544554455 0.0615140134892983
0.450704225352113 0.394366197183099 0.0969563010458817
0.482142857142857 0.491071428571429 0.0464350280204178
0.426829268292683 0.317073170731707 0.0419393741585709
0.432098765432099 0.407407407407407 0.0988074067758092
0.414893617021277 0.340425531914894 0.0393680540727511
0.510869565217391 0.434782608695652 0.0658150342758316
0.448979591836735 0.418367346938776 0.0519199062153564
0.43010752688172 0.387096774193548 0.0745398422159534
0.532467532467532 0.480519480519481 0.103198637325569
0.402061855670103 0.329896907216495 0.0440484868454793
0.381578947368421 0.328947368421053 0.0887001210670854
0.486486486486487 0.396396396396396 0.0531838568860748
0.377777777777778 0.366666666666667 0.0432505908735333
0.521276595744681 0.5 0.0851728569522414
0.483870967741935 0.43010752688172 0.0683111881048529
0.425742574257426 0.356435643564356 0.0652178719498216
0.459459459459459 0.351351351351351 0.0718541639869798
0.441176470588235 0.411764705882353 0.068573951357416
0.435294117647059 0.423529411764706 0.062301095717316
0.503875968992248 0.434108527131783 0.0658862613890671
0.397435897435897 0.320512820512821 0.0752720004989905
0.405405405405405 0.364864864864865 0.0789641830693824
0.434343434343434 0.424242424242424 0.0492163938703384
0.421686746987952 0.36144578313253 0.0405856238551967
0.45 0.4 0.0723803424765782
0.425925925925926 0.388888888888889 0.0601186852895778
0.431372549019608 0.401960784313726 0.0782472000927783
0.460674157303371 0.404494382022472 0.0856780245300676
0.48062015503876 0.426356589147287 0.0346865825091833
0.494736842105263 0.452631578947368 0.0772322911446972
0.417582417582418 0.395604395604396 0.0658074089771649
0.4375 0.375 0.0618237134195572
0.395061728395062 0.358024691358025 0.0510414431661952
0.432692307692308 0.413461538461538 0.0704799273326717
0.349397590361446 0.313253012048193 0.0526068654485201
0.393258426966292 0.415730337078652 0.081773501576236
0.46078431372549 0.352941176470588 0.054952077763715
0.5 0.470588235294118 0.086921784457097
0.285714285714286 0.285714285714286 0.0667128881855764
0.518518518518518 0.444444444444444 0.121486195733839
0.423076923076923 0.394230769230769 0.0600218988495426
0.513761467889908 0.458715596330275 0.0644520951954792
0.5 0.416666666666667 0.0562732629544416
0.4125 0.35 0.055902247278359
0.490566037735849 0.443396226415094 0.040963352795982
0.4 0.4 0.0522182147248811
0.543689320388349 0.485436893203884 0.0806834882914516
0.377777777777778 0.311111111111111 0.0579758268995956
0.357142857142857 0.257142857142857 0.0550086178814463
0.478723404255319 0.425531914893617 0.0731633453976755
0.386363636363636 0.386363636363636 0.0655942778268019
0.454545454545455 0.424242424242424 0.069813901727822
0.4 0.380952380952381 0.0379809418336223
0.511627906976744 0.441860465116279 0.0533629920165286
0.445652173913043 0.434782608695652 0.0842026996507245
0.528301886792453 0.490566037735849 0.0587746529694753
0.511811023622047 0.433070866141732 0.0495900652707556
0.496124031007752 0.426356589147287 0.0560023355503338
0.505494505494505 0.461538461538462 0.0610313714999343
0.447368421052632 0.355263157894737 0.0795187211239693
0.534090909090909 0.477272727272727 0.0719465134760414
0.525252525252525 0.424242424242424 0.0728152379081882
0.411214953271028 0.373831775700935 0.0587403588386239
0.385542168674699 0.373493975903614 0.0752611374165104
0.402173913043478 0.315217391304348 0.0357466432907727
0.389473684210526 0.368421052631579 0.0534587542548314
0.441860465116279 0.453488372093023 0.0889966633163643
0.494845360824742 0.463917525773196 0.0548336675113194
0.315789473684211 0.263157894736842 0.0327926634411319
0.478260869565217 0.445652173913043 0.0693483682336253
0.447058823529412 0.458823529411765 0.0718285440401585
0.3875 0.3625 0.0376106492930125
0.474747474747475 0.434343434343434 0.0685150058818033
0.442105263157895 0.431578947368421 0.0618494181378795
0.428571428571429 0.361904761904762 0.0390030979397336
0.491379310344828 0.491379310344828 0.0603944941486575
0.425 0.325 0.0914233584141811
0.390243902439024 0.402439024390244 0.061768421573945
0.3 0.233333333333333 0.0642653307144793
0.4 0.375 0.0577425648235844
0.321428571428571 0.321428571428571 0.0798964370161903
0.470588235294118 0.403361344537815 0.0577228226687991
0.4625 0.3625 0.0598487838592264
0.492957746478873 0.394366197183099 0.116118544935849
0.495238095238095 0.352380952380952 0.0528304570010854
0.452380952380952 0.428571428571429 0.0593082763133118
0.416666666666667 0.375 0.091644391034705
0.509433962264151 0.424528301886792 0.0483631871243243
0.488372093023256 0.453488372093023 0.0681237630958157
0.504273504273504 0.444444444444444 0.0695093220691431
0.484210526315789 0.442105263157895 0.0851805310388444
0.484848484848485 0.343434343434343 0.0498103096330633
0.511904761904762 0.511904761904762 0.0875993133108393
0.467289719626168 0.448598130841121 0.0541671895716418
0.467532467532468 0.376623376623377 0.048584107236667
0.468354430379747 0.430379746835443 0.0709264266623744
0.41025641025641 0.346153846153846 0.0586195756728832
0.47787610619469 0.407079646017699 0.0567239210358936
0.458333333333333 0.388888888888889 0.0813391866933215
0.383720930232558 0.255813953488372 0.0315256015699876
0.484848484848485 0.424242424242424 0.072733057697779
0.509259259259259 0.453703703703704 0.0668405534955173
0.372881355932203 0.372881355932203 0.0766724769225318
0.483516483516484 0.428571428571429 0.0711920307956064
0.402597402597403 0.324675324675325 0.0763349484304704
0.447916666666667 0.447916666666667 0.0582691971778435
0.417582417582418 0.406593406593407 0.0530934746135389
0.45360824742268 0.422680412371134 0.0776601178042826
0.5 0.435897435897436 0.0888495153475596
0.494252873563218 0.459770114942529 0.0743376590052425
0.529411764705882 0.507352941176471 0.0618579833756941
0.486842105263158 0.434210526315789 0.108940483027134
0.424528301886792 0.349056603773585 0.0385170922467611
0.43010752688172 0.354838709677419 0.0637437561568688
0.460176991150442 0.371681415929204 0.0479416951353819
0.43956043956044 0.43956043956044 0.0773412559717233
0.480392156862745 0.392156862745098 0.0479555674287194
0.475 0.441666666666667 0.0626531608371863
0.368421052631579 0.342105263157895 0.0679285825534162
0.458823529411765 0.423529411764706 0.0645767334759996
0.415584415584416 0.363636363636364 0.0551861331610665
0.434782608695652 0.423913043478261 0.0463066033120928
0.4 0.388888888888889 0.0767813357889593
0.488095238095238 0.404761904761905 0.0466289413000184
0.453125 0.40625 0.0946267541898008
0.467289719626168 0.420560747663551 0.0462277984919436
0.431578947368421 0.410526315789474 0.0643815308370008
0.456896551724138 0.431034482758621 0.0718970777708993
0.380434782608696 0.358695652173913 0.0565688030639349
0.462962962962963 0.416666666666667 0.0443980144118285
0.442105263157895 0.410526315789474 0.0605436551225922
0.428571428571429 0.377551020408163 0.0559301762581816
0.5 0.5 0.0816681254568425
0.511363636363636 0.443181818181818 0.0562924935535929
0.530973451327434 0.442477876106195 0.0489562288893577
0.438775510204082 0.306122448979592 0.0350194350509556
0.289855072463768 0.246376811594203 0.0799510795443428
0.475728155339806 0.41747572815534 0.0694873258531811
0.461538461538462 0.351648351648352 0.0520229244578912
0.410526315789474 0.389473684210526 0.0574701387956492
0.36046511627907 0.325581395348837 0.0497856397418354
0.454545454545455 0.386363636363636 0.0784439887892935
0.435643564356436 0.396039603960396 0.0550205508214063
0.403508771929825 0.403508771929825 0.138666179383739
0.5 0.445652173913043 0.0583526489384616
0.333333333333333 0.333333333333333 0.0652213056132433
0.431578947368421 0.4 0.0735465911904225
0.36144578313253 0.313253012048193 0.0489967234247245
0.528301886792453 0.443396226415094 0.0518245496872301
0.402597402597403 0.38961038961039 0.0757115101009057
0.459677419354839 0.370967741935484 0.0388836985858086
0.5 0.480769230769231 0.0747636466082763
0.485981308411215 0.420560747663551 0.0503801841344078
0.465753424657534 0.342465753424658 0.0583878552032808
0.525773195876289 0.463917525773196 0.0559581526549608
0.495495495495495 0.441441441441441 0.0640298872615703
0.456521739130435 0.402173913043478 0.0776278308876099
0.405405405405405 0.337837837837838 0.058782983643845
0.489130434782609 0.445652173913043 0.0825704254900742
0.436781609195402 0.379310344827586 0.069367692895257
0.411111111111111 0.333333333333333 0.0492979946133273
0.517241379310345 0.508620689655172 0.0657836248501797
0.463768115942029 0.36231884057971 0.0731161335690184
0.357142857142857 0.285714285714286 0.0460333281798053
0.528301886792453 0.490566037735849 0.0680933250170077
0.410958904109589 0.36986301369863 0.0754389710906963
0.430769230769231 0.415384615384615 0.103828432452203
0.476190476190476 0.392857142857143 0.0809905431213886
0.446808510638298 0.425531914893617 0.0739627817184232
0.51 0.45 0.0704426527548926
0.504065040650406 0.48780487804878 0.0598927723644852
0.3375 0.3125 0.0409510975442814
0.442307692307692 0.355769230769231 0.0636777832092872
0.353658536585366 0.341463414634146 0.0758082667788321
0.455696202531646 0.379746835443038 0.0906517121218884
0.418918918918919 0.364864864864865 0.0829574903011664
0.352941176470588 0.329411764705882 0.0501952638765785
0.411764705882353 0.388235294117647 0.0577360799177344
0.43 0.41 0.0712161202520954
0.5 0.441860465116279 0.0733092281193786
0.440860215053763 0.387096774193548 0.0494444820305761
0.426829268292683 0.402439024390244 0.0741846720495557
0.410526315789474 0.294736842105263 0.036908645877769
0.361111111111111 0.319444444444444 0.054369941609418
0.435294117647059 0.388235294117647 0.0566030249733138
0.456310679611651 0.41747572815534 0.0565573353017538
0.388888888888889 0.375 0.0690920249708259
0.474226804123711 0.391752577319588 0.0639493508944568
0.358208955223881 0.328358208955224 0.0582962752846483
0.451219512195122 0.414634146341463 0.0809320252964264
0.494252873563218 0.471264367816092 0.102673091902501
0.493670886075949 0.430379746835443 0.0910563513217382
0.408602150537634 0.344086021505376 0.0538006412228922
0.474358974358974 0.435897435897436 0.0676161726730577
0.523255813953488 0.395348837209302 0.0598170572643097
0.4 0.333333333333333 0.0803797628612513
0.482352941176471 0.388235294117647 0.0658805082500734
0.442105263157895 0.442105263157895 0.0628358800642736
0.435483870967742 0.354838709677419 0.0650928770329089
0.462264150943396 0.415094339622642 0.0578389728377429
0.404494382022472 0.426966292134831 0.0552862674073238
0.490566037735849 0.443396226415094 0.0537270559546149
0.494252873563218 0.333333333333333 0.0538039945505067
0.471153846153846 0.432692307692308 0.0612683029313662
0.476190476190476 0.476190476190476 0.0858605937974148
0.395348837209302 0.36046511627907 0.049515681170192
0.407407407407407 0.358024691358025 0.061942368346378
0.409090909090909 0.352272727272727 0.0732792133476036
0.56140350877193 0.508771929824561 0.0572240810559971
0.448979591836735 0.408163265306122 0.0623020894159108
0.516129032258065 0.451612903225806 0.05416167388134
0.435897435897436 0.397435897435897 0.103906108648307
0.467532467532468 0.428571428571429 0.0748991670064388
0.504950495049505 0.465346534653465 0.0813546216546334
0.472222222222222 0.407407407407407 0.0549794865707073
0.403225806451613 0.370967741935484 0.0732809186568621
0.460674157303371 0.359550561797753 0.048177489878433
0.352272727272727 0.318181818181818 0.0384749094698527
0.453488372093023 0.418604651162791 0.0798456970172071
0.454545454545455 0.397727272727273 0.10412166987107
0.41304347826087 0.358695652173913 0.0680329079300247
0.431818181818182 0.454545454545455 0.06855917421748
0.365853658536585 0.341463414634146 0.0379781079316187
0.525252525252525 0.484848484848485 0.0630443372578159
0.393258426966292 0.359550561797753 0.0612884707908762
0.521739130434783 0.452173913043478 0.058653268801958
0.421052631578947 0.355263157894737 0.0381047363872891
0.421052631578947 0.355263157894737 0.055179926870038
0.446601941747573 0.388349514563107 0.0512190074115431
0.432098765432099 0.37037037037037 0.0738642001174689
0.482142857142857 0.4375 0.0608972650243247
0.423076923076923 0.371794871794872 0.0808808312941867
0.490384615384615 0.365384615384615 0.0388567100120386
0.5 0.479591836734694 0.0706684549382249
0.382716049382716 0.333333333333333 0.0466640339719296
0.448979591836735 0.397959183673469 0.068540024122678
0.375 0.355769230769231 0.0518007783168601
0.450980392156863 0.392156862745098 0.0493157516075314
0.441558441558442 0.38961038961039 0.078675324627784
0.355263157894737 0.289473684210526 0.0599728372919693
0.406976744186047 0.36046511627907 0.0587484837127658
0.382716049382716 0.308641975308642 0.0689038011939366
0.445652173913043 0.41304347826087 0.0652392685769138
0.401869158878505 0.383177570093458 0.0571021508156313
0.456896551724138 0.405172413793103 0.0431685803896751
0.536585365853659 0.463414634146341 0.0856019969783069
0.435294117647059 0.4 0.0460010808373267
0.482758620689655 0.413793103448276 0.0543400167878604
0.477064220183486 0.440366972477064 0.0604893300079957
0.506172839506173 0.469135802469136 0.0657025181087924
0.347826086956522 0.304347826086957 0.0535096120043996
0.454545454545455 0.352272727272727 0.0683230239914328
0.477064220183486 0.422018348623853 0.0657763186086085
0.428571428571429 0.369047619047619 0.0706613637746799
0.48 0.45 0.0599370249467144
0.375 0.3 0.0546281598906158
0.522935779816514 0.495412844036697 0.0723231954871715
0.393258426966292 0.382022471910112 0.0562735417822537
0.424528301886792 0.377358490566038 0.0817902143919298
0.387096774193548 0.338709677419355 0.0785011370252327
0.461538461538462 0.384615384615385 0.0529074208301626
0.402173913043478 0.358695652173913 0.0449176187420587
0.459770114942529 0.367816091954023 0.0558283918765002
0.402298850574713 0.413793103448276 0.0666899982654999
0.401960784313726 0.392156862745098 0.0472742081722735
0.450980392156863 0.401960784313726 0.0536594744201829
0.441558441558442 0.337662337662338 0.0564584492208164
0.457831325301205 0.457831325301205 0.0796977427296498
0.436170212765957 0.361702127659574 0.0551287079798529
0.525 0.3875 0.0647942331614494
0.523364485981308 0.429906542056075 0.0568836790558523
0.418367346938776 0.357142857142857 0.0577307009710691
0.457142857142857 0.4 0.0608525001974944
0.482142857142857 0.410714285714286 0.052478962261898
0.456521739130435 0.33695652173913 0.046441045235862
0.443298969072165 0.412371134020619 0.054538064267865
0.514851485148515 0.455445544554455 0.054039374749123
0.41747572815534 0.368932038834951 0.0593682014207292
0.515151515151515 0.464646464646465 0.0881673469901312
0.452631578947368 0.4 0.0620493233277378
0.40506329113924 0.329113924050633 0.0765514937488201
0.462809917355372 0.388429752066116 0.0436319782822119
0.462365591397849 0.387096774193548 0.0585170136597365
0.493670886075949 0.430379746835443 0.0950632378819166
0.408163265306122 0.387755102040816 0.0546032598953129
0.523255813953488 0.453488372093023 0.104289991053857
0.45679012345679 0.358024691358025 0.0509577304575359
0.441441441441441 0.405405405405405 0.0604158541572131
0.484536082474227 0.391752577319588 0.0690082389052971
0.526315789473684 0.494736842105263 0.0784620952115941
0.428571428571429 0.428571428571429 0.0821377202524351
0.471074380165289 0.396694214876033 0.0565349439594691
0.5 0.450980392156863 0.0608769974711276
0.476744186046512 0.383720930232558 0.0618264547361946
0.36046511627907 0.36046511627907 0.0489548724854373
0.305084745762712 0.305084745762712 0.0563028247818939
0.46969696969697 0.393939393939394 0.0812328030689879
0.4 0.364705882352941 0.0726768542879764
0.464285714285714 0.464285714285714 0.04645449246147
0.385542168674699 0.337349397590361 0.0585874730405905
0.43298969072165 0.43298969072165 0.0662524626297127
0.479452054794521 0.410958904109589 0.0857141888303514
0.467391304347826 0.445652173913043 0.0535550931746433
0.463157894736842 0.368421052631579 0.0535841344419705
0.414893617021277 0.414893617021277 0.0591222302739585
0.505747126436782 0.402298850574713 0.0660988448734116
0.385714285714286 0.342857142857143 0.0681914586582402
0.459183673469388 0.357142857142857 0.0506673387942095
0.416666666666667 0.425925925925926 0.0627409540370516
0.463636363636364 0.418181818181818 0.0572860445123348
0.419753086419753 0.382716049382716 0.0767286406035731
0.513513513513513 0.414414414414414 0.0744333526224824
0.461538461538462 0.41025641025641 0.0709430092075251
0.481818181818182 0.4 0.0567873796830642
0.389830508474576 0.322033898305085 0.0998668189002171
0.431372549019608 0.392156862745098 0.0512150461872563
0.45679012345679 0.407407407407407 0.0801457368546118
0.44578313253012 0.397590361445783 0.0684148592295624
0.38 0.3 0.0669886835863641
0.384615384615385 0.285714285714286 0.0219422474177165
0.413793103448276 0.344827586206897 0.0678915854266073
0.328767123287671 0.356164383561644 0.071749245242964
0.475 0.416666666666667 0.0429846880832725
0.430379746835443 0.379746835443038 0.0722387906487462
0.4 0.341176470588235 0.0517418133070103
0.480519480519481 0.428571428571429 0.0648020019805905
0.474747474747475 0.434343434343434 0.0668777630228345
0.461538461538462 0.435897435897436 0.0943464245323278
0.475 0.425 0.0438181896923142
0.383561643835616 0.342465753424658 0.0433833558199901
0.480769230769231 0.394230769230769 0.0723209456325499
0.407894736842105 0.381578947368421 0.0375913907865048
0.545454545454545 0.418181818181818 0.0503731566749697
0.333333333333333 0.321428571428571 0.0502059897746664
0.414414414414414 0.333333333333333 0.0436994958257809
0.402173913043478 0.391304347826087 0.0649556231508584
0.493975903614458 0.433734939759036 0.0529052277574582
0.36734693877551 0.346938775510204 0.0534874221874722
0.372093023255814 0.313953488372093 0.0483798465405432
0.394366197183099 0.394366197183099 0.103515879185413
0.457446808510638 0.404255319148936 0.0684282384770326
0.475609756097561 0.414634146341463 0.0936738101558086
0.478723404255319 0.425531914893617 0.0827765651692369
0.395061728395062 0.345679012345679 0.0771971788100695
0.428571428571429 0.350649350649351 0.0446768172866694
0.387755102040816 0.295918367346939 0.0460935799119903
0.448275862068966 0.333333333333333 0.0534350799900819
0.486486486486487 0.405405405405405 0.05613372011309
0.397058823529412 0.338235294117647 0.0530373742273457
0.439024390243902 0.414634146341463 0.0768483524617046
0.328571428571429 0.357142857142857 0.0652799693001333
0.428571428571429 0.350649350649351 0.0695624656609882
0.368421052631579 0.315789473684211 0.077798313317067
0.342465753424658 0.36986301369863 0.0761941244139838
0.471153846153846 0.451923076923077 0.0598275819446332
0.4 0.329411764705882 0.0491793498363046
0.388888888888889 0.366666666666667 0.0617729685215499
0.435294117647059 0.470588235294118 0.104482547840782
0.525252525252525 0.444444444444444 0.0716762910216246
0.385542168674699 0.325301204819277 0.0535199032684224
0.51063829787234 0.468085106382979 0.0743465269053819
0.491228070175439 0.482456140350877 0.0824474949456341
0.48936170212766 0.404255319148936 0.0933946387745322
0.494949494949495 0.383838383838384 0.0608876939770634
0.402061855670103 0.309278350515464 0.0396746598305671
0.421052631578947 0.394736842105263 0.0853546697806177
0.556451612903226 0.524193548387097 0.0593236410308273
0.337078651685393 0.314606741573034 0.0412624531814412
0.476635514018692 0.411214953271028 0.0596994982646226
0.352112676056338 0.338028169014085 0.0756862744699718
0.4375 0.427083333333333 0.0657900620492805
0.488372093023256 0.430232558139535 0.0733222403311466
0.337837837837838 0.324324324324324 0.089924486558759
0.469026548672566 0.398230088495575 0.0410578995843557
0.439024390243902 0.353658536585366 0.062537304629776
0.494505494505495 0.417582417582418 0.0809715852237501
0.441441441441441 0.387387387387387 0.0590286227790191
0.402439024390244 0.317073170731707 0.0409201373858717
0.420289855072464 0.36231884057971 0.108976999852086
0.516129032258065 0.440860215053763 0.0695928967196111
0.4921875 0.4375 0.0522062612804282
0.475 0.425 0.0657791839428163
0.37037037037037 0.382716049382716 0.0507738259594825
0.439655172413793 0.353448275862069 0.0489075018638007
0.393939393939394 0.287878787878788 0.0602026688348252
0.439024390243902 0.390243902439024 0.0925055219356374
0.353658536585366 0.292682926829268 0.047025006149762
0.488888888888889 0.466666666666667 0.115465024013277
0.388888888888889 0.347222222222222 0.0860313689174576
0.446428571428571 0.410714285714286 0.0676647195970398
0.45360824742268 0.391752577319588 0.0562235949504359
0.442105263157895 0.421052631578947 0.0819951160720701
0.534883720930233 0.441860465116279 0.0703820497051043
0.47 0.44 0.0484579766416491
0.376237623762376 0.376237623762376 0.0541858995920034
0.377358490566038 0.358490566037736 0.0902263265320623
0.413793103448276 0.396551724137931 0.085460888081248
0.438775510204082 0.397959183673469 0.0469243090314288
0.441558441558442 0.428571428571429 0.113744190365547
0.433333333333333 0.411111111111111 0.0652892706462375
0.445945945945946 0.405405405405405 0.0879829284637727
0.389473684210526 0.326315789473684 0.050222403706369
0.44954128440367 0.376146788990826 0.0520040067241814
0.481012658227848 0.430379746835443 0.101166049151166
0.459459459459459 0.418918918918919 0.0662375859639307
0.478991596638655 0.403361344537815 0.0492682158810526
0.5 0.386792452830189 0.0608384309674338
0.470588235294118 0.352941176470588 0.0596170285754592
0.394736842105263 0.355263157894737 0.0723706646605559
0.490384615384615 0.403846153846154 0.0667244314940616
0.536 0.456 0.0556944819337277
0.505263157894737 0.463157894736842 0.0704620922733335
0.48 0.386666666666667 0.0733237805592174
0.426229508196721 0.377049180327869 0.110895916635849
0.5 0.428571428571429 0.0828133293689595
0.338461538461538 0.261538461538462 0.0761678590581732
0.464285714285714 0.428571428571429 0.0894658717761628
0.429906542056075 0.355140186915888 0.0495228018281385
0.452054794520548 0.36986301369863 0.0656818557029665
0.40506329113924 0.379746835443038 0.0814409950029563
0.472527472527473 0.450549450549451 0.0867274857844618
0.430379746835443 0.392405063291139 0.0787893328673871
0.522388059701492 0.455223880597015 0.0479158000162673
0.291666666666667 0.277777777777778 0.0563904593721876
0.383720930232558 0.36046511627907 0.0594534225056386
0.5 0.423076923076923 0.0622570951273557
0.378640776699029 0.310679611650485 0.0535208040494126
0.484210526315789 0.463157894736842 0.0721730551098091
0.425531914893617 0.382978723404255 0.136555917679546
0.495652173913044 0.460869565217391 0.055013302393369
0.417910447761194 0.358208955223881 0.0405309182037031
0.427083333333333 0.385416666666667 0.0560691522381243
0.461538461538462 0.472527472527473 0.0837601378845792
0.509803921568627 0.431372549019608 0.056755413767887
0.441860465116279 0.383720930232558 0.0712247375987518
0.463917525773196 0.391752577319588 0.0678829285532814
0.4375 0.375 0.0437282691904409
0.452054794520548 0.410958904109589 0.095620506238134
0.46 0.41 0.0614984238472513
0.41304347826087 0.380434782608696 0.0385501348031314
0.422680412371134 0.34020618556701 0.0444973168255554
0.530864197530864 0.481481481481481 0.085204316912252
0.472527472527473 0.450549450549451 0.0553650945106609
0.432098765432099 0.358024691358025 0.0545153250599198
0.435483870967742 0.435483870967742 0.0678822885118724
0.454545454545455 0.413223140495868 0.0491444675623051
0.466666666666667 0.433333333333333 0.0632797674141847
0.43010752688172 0.397849462365591 0.0663080163621063
0.483870967741935 0.440860215053763 0.0838594007025689
0.333333333333333 0.322916666666667 0.0360989632923248
0.416666666666667 0.345238095238095 0.0589062096768289
0.409090909090909 0.397727272727273 0.0880058256933188
0.495575221238938 0.442477876106195 0.0578962371376984
0.510204081632653 0.489795918367347 0.0805090134432304
0.494949494949495 0.444444444444444 0.0564161920130432
0.55 0.46 0.051934720673625
0.445544554455446 0.405940594059406 0.0583973780577849
0.44047619047619 0.345238095238095 0.0579953224553734
0.424242424242424 0.404040404040404 0.0739432285533231
0.448717948717949 0.384615384615385 0.0737453034686498
0.482758620689655 0.436781609195402 0.0897784365797591
0.441860465116279 0.395348837209302 0.0719408758844391
0.43956043956044 0.373626373626374 0.0505280427482134
0.494252873563218 0.425287356321839 0.0549293535066002
0.411764705882353 0.376470588235294 0.0495581117378223
0.370786516853933 0.337078651685393 0.065784714972983
0.419354838709677 0.419354838709677 0.0729274889703985
0.470588235294118 0.411764705882353 0.0814286945339733
0.495238095238095 0.428571428571429 0.064529535040193
0.432098765432099 0.37037037037037 0.073531757089733
0.463414634146341 0.378048780487805 0.0670479776247866
0.436781609195402 0.379310344827586 0.0461319216929145
0.451612903225806 0.344086021505376 0.050563359751674
0.45679012345679 0.395061728395062 0.071733482838813
0.45 0.4 0.0612279228331161
0.429906542056075 0.383177570093458 0.0434376007922658
0.373737373737374 0.343434343434343 0.0431641357961682
0.425742574257426 0.396039603960396 0.0515640221121596
0.428571428571429 0.373626373626374 0.0692329677181678
0.407407407407407 0.358024691358025 0.0430426418764665
0.423728813559322 0.338983050847458 0.116739397614606
0.466666666666667 0.380952380952381 0.0482557661493677
0.393939393939394 0.378787878787879 0.0798519682158563
0.492424242424242 0.416666666666667 0.0456459299784884
0.5 0.447916666666667 0.0758037950232749
0.447916666666667 0.375 0.0535255179868887
0.454545454545455 0.418181818181818 0.0516806557879567
0.419753086419753 0.358024691358025 0.095029232391654
0.433333333333333 0.377777777777778 0.0649078301184087
0.495495495495495 0.432432432432432 0.0512487247241625
0.353846153846154 0.261538461538462 0.038349231021329
0.408602150537634 0.301075268817204 0.0367195824490105
0.408602150537634 0.301075268817204 0.0474707490596045
0.416666666666667 0.402777777777778 0.0843688091318124
0.462365591397849 0.408602150537634 0.0536381401368303
0.488888888888889 0.477777777777778 0.0705388976293003
0.40506329113924 0.379746835443038 0.0634302685818206
0.465909090909091 0.443181818181818 0.0748532716619363
0.482758620689655 0.471264367816092 0.0549820995780317
0.454545454545455 0.409090909090909 0.0531628396409496
0.379310344827586 0.344827586206897 0.121228343978156
0.333333333333333 0.345679012345679 0.0610550669390235
0.505050505050505 0.434343434343434 0.0788119478912823
0.511111111111111 0.5 0.0701351647448462
0.494949494949495 0.434343434343434 0.07642678733502
0.486486486486487 0.445945945945946 0.128300791174127
0.428571428571429 0.351648351648352 0.0570140185862464
0.48 0.42 0.0556051042839086
0.422535211267606 0.366197183098592 0.0620191066125243
0.444444444444444 0.407407407407407 0.0884188310577493
0.505747126436782 0.425287356321839 0.0672867464574744
0.418181818181818 0.336363636363636 0.0510673648526892
0.445544554455446 0.425742574257426 0.0732905718321204
0.43298969072165 0.412371134020619 0.0577095483464275
0.490909090909091 0.427272727272727 0.0469421365517959
0.45360824742268 0.402061855670103 0.0514966428993136
0.459016393442623 0.409836065573771 0.0441433698870813
0.525252525252525 0.474747474747475 0.0725581490417889
0.392405063291139 0.354430379746835 0.0568153456178384
0.353846153846154 0.338461538461538 0.0717647324950365
0.402298850574713 0.275862068965517 0.0501089435159229
0.342857142857143 0.271428571428571 0.0858820021597624
0.388235294117647 0.364705882352941 0.0656094166127883
0.382352941176471 0.372549019607843 0.0635465813792714
0.4921875 0.4296875 0.0483235458108007
0.480392156862745 0.401960784313726 0.044554649191289
0.486486486486487 0.418918918918919 0.118394563810042
0.364705882352941 0.294117647058824 0.0638689221093567
0.527777777777778 0.472222222222222 0.0772513288879799
0.442105263157895 0.410526315789474 0.0367415309189619
0.495934959349593 0.439024390243902 0.0560085002345281
0.504950495049505 0.455445544554455 0.0643373857151126
0.373493975903614 0.409638554216867 0.0858739043417542
0.518518518518518 0.469135802469136 0.103498051752355
0.505747126436782 0.471264367816092 0.0638461943630404
0.438202247191011 0.370786516853933 0.0584065755595767
0.409090909090909 0.329545454545455 0.0369947367751266
0.460869565217391 0.426086956521739 0.044710910504846
0.512820512820513 0.423076923076923 0.0711886602025839
0.39344262295082 0.39344262295082 0.0741380461582081
0.454545454545455 0.404040404040404 0.0673580430776825
0.504587155963303 0.44954128440367 0.061804136144133
0.479591836734694 0.428571428571429 0.055781480707923
0.504854368932039 0.446601941747573 0.0595992684576765
0.457142857142857 0.39047619047619 0.049991165312399
0.483870967741935 0.473118279569892 0.0676812909570326
0.489795918367347 0.448979591836735 0.0812401394686534
0.266666666666667 0.216666666666667 0.0291531079316952
0.518518518518518 0.472222222222222 0.0812207096310938
0.488888888888889 0.433333333333333 0.0878243061696292
0.424242424242424 0.363636363636364 0.0574669743702864
0.340659340659341 0.318681318681319 0.038209795441556
0.5 0.448979591836735 0.0833208908208437
0.452054794520548 0.383561643835616 0.0583892325826983
0.413793103448276 0.298850574712644 0.0455083033524846
0.413793103448276 0.367816091954023 0.0726944072063476
0.504504504504504 0.414414414414414 0.0481020083356999
0.4625 0.4 0.048981326607734
0.515463917525773 0.43298969072165 0.0589066284435091
0.355932203389831 0.322033898305085 0.0900131797756855
0.488372093023256 0.418604651162791 0.0792854804160835
0.5 0.423913043478261 0.0595660404552524
0.47 0.41 0.0303673946382087
0.430555555555556 0.375 0.061705374431036
0.470588235294118 0.392156862745098 0.0582597166056351
0.5 0.474137931034483 0.0589980534996634
0.425531914893617 0.393617021276596 0.0581068097190502
0.5 0.393939393939394 0.080186515092661
0.448717948717949 0.435897435897436 0.0747095315311695
0.494736842105263 0.494736842105263 0.0645928319954703
0.455696202531646 0.392405063291139 0.0613649555552377
0.542372881355932 0.449152542372881 0.0696619913982098
0.49438202247191 0.438202247191011 0.0706540485763631
0.5 0.39622641509434 0.0660159670024802
0.39 0.34 0.0530435304159682
0.378378378378378 0.324324324324324 0.0629793479847433
0.5 0.46551724137931 0.0537678273921514
0.422680412371134 0.360824742268041 0.0534220548877321
0.458333333333333 0.416666666666667 0.0757040469544516
0.504672897196262 0.467289719626168 0.0804529609484102
0.5 0.416666666666667 0.0402914451102277
0.483516483516484 0.450549450549451 0.0735609733138596
0.422680412371134 0.381443298969072 0.0527345704532364
0.485436893203884 0.446601941747573 0.0598523224236435
0.435185185185185 0.37037037037037 0.0551105425820996
0.388888888888889 0.291666666666667 0.043671181570509
0.5 0.430232558139535 0.0544008863354915
0.544642857142857 0.473214285714286 0.0590949226776309
0.45 0.37 0.0430675776827891
0.487179487179487 0.423076923076923 0.0601674842242063
0.489130434782609 0.434782608695652 0.0551975120724348
0.473118279569892 0.43010752688172 0.0863382508422912
0.466666666666667 0.380952380952381 0.0526185973400595
0.404040404040404 0.383838383838384 0.0568725580872034
0.4375 0.359375 0.0943080432038178
0.380281690140845 0.309859154929577 0.0481310633876735
0.519607843137255 0.509803921568627 0.077858198902383
0.420289855072464 0.333333333333333 0.0796010912494492
0.417721518987342 0.392405063291139 0.0691776756657016
0.475728155339806 0.359223300970874 0.0485116437560581
0.408163265306122 0.36734693877551 0.0638054444954915
0.467391304347826 0.423913043478261 0.060939256543208
0.529411764705882 0.46078431372549 0.0573346094769797
0.444444444444444 0.416666666666667 0.0921128495397492
0.477272727272727 0.397727272727273 0.0658822682804137
0.438202247191011 0.449438202247191 0.0762346526422934
0.445544554455446 0.405940594059406 0.0589459389553864
0.391891891891892 0.310810810810811 0.0645558947224764
0.481132075471698 0.424528301886792 0.0650291961195081
0.515625 0.4609375 0.0675670522677829
0.51685393258427 0.449438202247191 0.0658438240233114
0.504587155963303 0.44954128440367 0.0622722580963219
0.516129032258065 0.43010752688172 0.0734197649837708
0.46078431372549 0.411764705882353 0.0404727135347384
0.5 0.445652173913043 0.0739377439224626
0.477477477477477 0.423423423423423 0.0536036266778424
0.504347826086956 0.452173913043478 0.0611724818049846
0.4375 0.4 0.0589319784908502
0.44578313253012 0.385542168674699 0.0979112399128859
0.5 0.511627906976744 0.0712249032081094
0.539823008849557 0.433628318584071 0.0549983203336164
0.391891891891892 0.297297297297297 0.0723112330203651
0.565789473684211 0.486842105263158 0.0875812288594671
0.348484848484849 0.318181818181818 0.0789700631317818
0.416666666666667 0.392857142857143 0.0785415701403877
0.5 0.43859649122807 0.0623836632123691
0.459183673469388 0.377551020408163 0.0598001776779227
0.485436893203884 0.427184466019417 0.0434064084301851
0.378787878787879 0.333333333333333 0.0925960129565775
0.482758620689655 0.448275862068966 0.089021615404665
0.385416666666667 0.333333333333333 0.0414574988212156
0.490384615384615 0.365384615384615 0.0606228758836006
0.481132075471698 0.415094339622642 0.0476607913056391
0.51 0.47 0.076395588125014
0.278481012658228 0.20253164556962 0.0429059562167049
0.395061728395062 0.296296296296296 0.0320845811289769
0.45 0.4 0.0581930550163241
0.460674157303371 0.404494382022472 0.0523201650799543
0.4875 0.4125 0.0859971794759862
0.352941176470588 0.294117647058824 0.024488674368763
0.45360824742268 0.371134020618557 0.0467537719169173
0.46 0.43 0.0536337628152186
0.43859649122807 0.37719298245614 0.0524305219701506
0.426666666666667 0.413333333333333 0.10391341945613
0.452631578947368 0.336842105263158 0.0504014835164268
0.488636363636364 0.431818181818182 0.0831974274146198
0.418918918918919 0.378378378378378 0.0938475543687034
0.376470588235294 0.352941176470588 0.0721041585874421
0.365079365079365 0.301587301587302 0.0656778860226136
0.45 0.36 0.0560459594508116
0.40506329113924 0.354430379746835 0.0662818381493747
0.327272727272727 0.290909090909091 0.0679898807021196
0.406976744186047 0.348837209302326 0.0535079354532057
0.428571428571429 0.349206349206349 0.0848661190771337
0.465346534653465 0.435643564356436 0.0536112006271381
0.5 0.466666666666667 0.0663751388783646
0.45679012345679 0.382716049382716 0.0538707184050776
0.508196721311475 0.434426229508197 0.061866127796618
0.391304347826087 0.36231884057971 0.0818749218100162
0.438775510204082 0.357142857142857 0.0566916576640306
0.465116279069767 0.406976744186047 0.0693939132008419
0.434782608695652 0.391304347826087 0.0441529140151076
0.443181818181818 0.386363636363636 0.0638228343882373
0.464285714285714 0.401785714285714 0.0598021511479386
0.38961038961039 0.376623376623377 0.0825636733770554
0.44 0.36 0.0609005874974689
0.427083333333333 0.385416666666667 0.0486573992652863
0.523809523809524 0.436507936507937 0.0443591029921455
0.469879518072289 0.421686746987952 0.0697386731818069
0.428571428571429 0.318681318681319 0.052142111208004
0.458333333333333 0.416666666666667 0.0453679295931501
0.367816091954023 0.28735632183908 0.0585913529413294
0.435897435897436 0.384615384615385 0.0897730448269333
0.395061728395062 0.37037037037037 0.0761475861910317
0.451923076923077 0.413461538461538 0.0392766795876035
0.428571428571429 0.377551020408163 0.0333356626278443
0.45679012345679 0.419753086419753 0.054377835000497
0.5 0.479591836734694 0.067186022735757
0.463414634146341 0.439024390243902 0.082162088502238
0.52212389380531 0.486725663716814 0.0726733899980557
0.478632478632479 0.461538461538462 0.0635030323945303
0.517241379310345 0.459770114942529 0.105610690303586
0.375 0.28125 0.0258226692494605
0.466666666666667 0.40952380952381 0.0474460657318824
0.419354838709677 0.376344086021505 0.0601106146557425
0.436170212765957 0.404255319148936 0.065024007428668
0.471264367816092 0.425287356321839 0.0888943628138606
0.393258426966292 0.325842696629214 0.0290155471107238
0.5 0.464285714285714 0.0915854631838809
0.384615384615385 0.320512820512821 0.0680078521221957
0.428571428571429 0.336734693877551 0.0631451224786287
0.491071428571429 0.419642857142857 0.0396185707866369
0.566666666666667 0.511111111111111 0.0807176190999641
0.443298969072165 0.371134020618557 0.0534357398371473
0.529411764705882 0.470588235294118 0.0731763160467737
0.516483516483517 0.417582417582418 0.0797009116380748
0.469135802469136 0.432098765432099 0.0685443708999801
0.4875 0.4625 0.110762976559483
0.519480519480519 0.467532467532468 0.0885108462770589
0.445544554455446 0.405940594059406 0.0936014946472384
0.452380952380952 0.380952380952381 0.029111623221391
0.411764705882353 0.382352941176471 0.0793483492221884
0.441176470588235 0.42156862745098 0.0677577757021687
0.428571428571429 0.369047619047619 0.0634778856425657
0.505263157894737 0.442105263157895 0.0760215079924933
0.5 0.431818181818182 0.0633158529730906
0.456521739130435 0.423913043478261 0.0539732206464758
0.397058823529412 0.382352941176471 0.0948238367513241
0.539823008849557 0.504424778761062 0.0747703955436856
0.349206349206349 0.301587301587302 0.0450446714030286
0.465346534653465 0.386138613861386 0.0700060134109247
0.545454545454545 0.434343434343434 0.0610138403901901
0.453488372093023 0.395348837209302 0.0654667719933371
0.411111111111111 0.344444444444444 0.0611515925836733
0.481818181818182 0.427272727272727 0.0626380720422387
0.382352941176471 0.338235294117647 0.0741761569953637
0.457831325301205 0.469879518072289 0.0702991820266266
0.473684210526316 0.407894736842105 0.0640274836776517
0.49 0.48 0.0904684720640002
0.376623376623377 0.350649350649351 0.0448841692739477
0.505747126436782 0.448275862068966 0.0780560044430061
0.5 0.480392156862745 0.0796728842812442
0.407407407407407 0.361111111111111 0.0466359711254521
0.356164383561644 0.328767123287671 0.0426006632361276
0.485714285714286 0.466666666666667 0.0638944794109619
0.47 0.42 0.0657802839912375
0.464646464646465 0.353535353535354 0.0399364215138102
0.426966292134831 0.393258426966292 0.0630393819010468
0.450980392156863 0.42156862745098 0.0561467137310706
0.390243902439024 0.317073170731707 0.0499244762331052
0.45 0.3625 0.0764710528742836
0.559322033898305 0.533898305084746 0.0724412711306837
0.4 0.333333333333333 0.0563728647589985
0.382716049382716 0.345679012345679 0.0528076916935594
0.474226804123711 0.43298969072165 0.0666964962925216
0.389473684210526 0.326315789473684 0.0411414068110234
0.422222222222222 0.388888888888889 0.0771224300972235
0.431034482758621 0.405172413793103 0.0568955069167953
0.438202247191011 0.348314606741573 0.0546484609390774
0.5 0.450980392156863 0.0695923896783669
0.385416666666667 0.354166666666667 0.0492125023325054
0.484210526315789 0.410526315789474 0.0586655911943552
0.418367346938776 0.397959183673469 0.0649236037457556
0.315789473684211 0.276315789473684 0.0775997932749467
0.46875 0.46875 0.0590804588388066
0.454545454545455 0.343434343434343 0.054311151146081
0.5 0.453488372093023 0.0818651959389829
0.476190476190476 0.438095238095238 0.05610084141074
0.533898305084746 0.474576271186441 0.050035411259894
0.43 0.39 0.065133337883794
0.41304347826087 0.380434782608696 0.0546126022560237
0.463157894736842 0.431578947368421 0.0692080825302882
0.5 0.431372549019608 0.0657764889470778
0.540816326530612 0.530612244897959 0.0679510840315498
0.43010752688172 0.354838709677419 0.0550953964555833
0.416666666666667 0.388888888888889 0.0857047693245589
0.4375 0.385416666666667 0.0541096639410347
0.5 0.433962264150943 0.0720675727748367
0.494623655913978 0.451612903225806 0.0968393189862962
0.425531914893617 0.372340425531915 0.0662084721087481
0.48936170212766 0.446808510638298 0.0668642239589636
0.514285714285714 0.466666666666667 0.07808454963767
0.568627450980392 0.5 0.0829475772413087
0.457446808510638 0.414893617021277 0.0695993897413813
0.459183673469388 0.408163265306122 0.0419140004703485
0.459459459459459 0.351351351351351 0.0652619450167014
0.451219512195122 0.365853658536585 0.0511008272969578
0.561904761904762 0.466666666666667 0.081297136295333
0.364705882352941 0.305882352941176 0.0460611688416379
0.395604395604396 0.362637362637363 0.0524129268972518
0.447058823529412 0.423529411764706 0.0897944614363615
0.540540540540541 0.459459459459459 0.070148972883868
0.42741935483871 0.354838709677419 0.0331891280263868
0.306451612903226 0.290322580645161 0.0655824373039712
0.54639175257732 0.45360824742268 0.0708442837578773
0.466666666666667 0.466666666666667 0.0998749658232151
0.419354838709677 0.408602150537634 0.0687265235914741
0.432432432432432 0.405405405405405 0.0652419258981582
0.420560747663551 0.411214953271028 0.0576595810730525
0.4625 0.4375 0.0903855552243946
0.427083333333333 0.416666666666667 0.0678163592682033
0.552083333333333 0.489583333333333 0.0876080785636307
0.366197183098592 0.28169014084507 0.066523932379353
0.380952380952381 0.396825396825397 0.0987433633704444
0.428571428571429 0.357142857142857 0.151420589193811
0.494252873563218 0.494252873563218 0.0832578214711962
0.473684210526316 0.385964912280702 0.0448884411711307
0.458333333333333 0.375 0.0623776376650649
0.445544554455446 0.346534653465347 0.0623449183301312
0.5 0.395833333333333 0.0690592615876772
0.46875 0.4375 0.0602506888282448
0.378378378378378 0.364864864864865 0.0558106336557863
0.415929203539823 0.371681415929204 0.0439819447127537
0.458823529411765 0.376470588235294 0.0613359526070228
0.376811594202899 0.36231884057971 0.0746854418666919
0.448275862068966 0.413793103448276 0.0844182083300487
0.473684210526316 0.421052631578947 0.0583486537200242
0.505747126436782 0.459770114942529 0.0823046761507555
0.481481481481481 0.395061728395062 0.0671579604187785
0.515789473684211 0.442105263157895 0.0671800841127239
0.315789473684211 0.298245614035088 0.0759001246602316
0.380952380952381 0.365079365079365 0.0721850795646134
0.464912280701754 0.429824561403509 0.052546740934805
0.495412844036697 0.412844036697248 0.0531427718209499
0.465116279069767 0.383720930232558 0.0369673555118738
0.43010752688172 0.354838709677419 0.0621994776066793
0.471698113207547 0.433962264150943 0.0465576469689237
0.485148514851485 0.475247524752475 0.0514775614268743
0.434343434343434 0.393939393939394 0.0747223494477332
0.458333333333333 0.385416666666667 0.0452571813761408
0.5 0.444444444444444 0.059936359375522
0.452054794520548 0.342465753424658 0.0772232128472574
0.447154471544715 0.422764227642276 0.0562831330780111
0.48936170212766 0.436170212765957 0.0756211697805245
0.435294117647059 0.388235294117647 0.06431544646711
0.480769230769231 0.403846153846154 0.07367064749438
0.381443298969072 0.329896907216495 0.049230384944799
0.379310344827586 0.310344827586207 0.0440408819210804
0.454545454545455 0.4 0.0812364623250598
0.462365591397849 0.43010752688172 0.0631227327540335
0.495327102803738 0.401869158878505 0.054791667931479
0.393617021276596 0.265957446808511 0.02580267229559
0.47787610619469 0.371681415929204 0.04693460534454
0.460674157303371 0.404494382022472 0.0638932142631413
0.44047619047619 0.428571428571429 0.0715680182810564
0.483516483516484 0.417582417582418 0.0670205302432064
0.450704225352113 0.380281690140845 0.0822706238172966
0.482758620689655 0.494252873563218 0.0875534330224721
0.409638554216867 0.409638554216867 0.0807263681047867
0.470588235294118 0.411764705882353 0.0565673213892468
0.464285714285714 0.369047619047619 0.0448239120535744
0.447916666666667 0.375 0.0301100455513612
0.464285714285714 0.452380952380952 0.0787848295064215
0.319444444444444 0.277777777777778 0.0922408232572704
0.442307692307692 0.403846153846154 0.0387533617605105
0.486238532110092 0.477064220183486 0.065752110793143
0.423529411764706 0.4 0.0660001341536664
0.402597402597403 0.350649350649351 0.0606650832281138
0.417582417582418 0.43956043956044 0.0966125822736592
0.461538461538462 0.492307692307692 0.16934444150974
0.460674157303371 0.415730337078652 0.097376542961544
0.4625 0.425 0.0781468439366071
0.388888888888889 0.361111111111111 0.0734302130885251
0.490566037735849 0.452830188679245 0.0568069775674535
0.447916666666667 0.385416666666667 0.063819347476941
0.419753086419753 0.407407407407407 0.0611390763563836
0.486725663716814 0.433628318584071 0.053151955041061
0.435294117647059 0.435294117647059 0.0716008388210874
0.523364485981308 0.439252336448598 0.0609515116984156
0.414634146341463 0.390243902439024 0.0825184971933891
0.489583333333333 0.4375 0.0563405919891845
0.495145631067961 0.427184466019417 0.0637089751898077
0.438356164383562 0.410958904109589 0.105191758020912
0.459459459459459 0.459459459459459 0.0541917076800576
0.444444444444444 0.388888888888889 0.098673512399207
0.410958904109589 0.328767123287671 0.0882721032781692
0.457142857142857 0.428571428571429 0.0711614149975843
0.393939393939394 0.353535353535354 0.0569077421413927
0.423076923076923 0.384615384615385 0.0705620603828204
0.462365591397849 0.408602150537634 0.0599208501646175
0.388888888888889 0.366666666666667 0.0679477111965476
0.484848484848485 0.414141414141414 0.0605578716285598
0.379746835443038 0.329113924050633 0.0492126357841581
0.391891891891892 0.324324324324324 0.0617070583536965
0.369565217391304 0.380434782608696 0.0814932253373912
0.472527472527473 0.43956043956044 0.0844901704894906
0.46218487394958 0.428571428571429 0.0402594595679441
0.438095238095238 0.419047619047619 0.0584774251816114
0.385416666666667 0.333333333333333 0.0377280067833422
0.435294117647059 0.376470588235294 0.0757346134556344
0.518518518518518 0.481481481481481 0.0980155321785062
0.415584415584416 0.350649350649351 0.0645970409213816
0.526881720430108 0.483870967741935 0.100148709520721
0.46875 0.416666666666667 0.049754385234371
0.43298969072165 0.402061855670103 0.0676914517150216
0.417721518987342 0.354430379746835 0.0478180017685052
0.447368421052632 0.394736842105263 0.0823649539857925
0.467391304347826 0.358695652173913 0.0475940704920031
0.390804597701149 0.344827586206897 0.0296137410983514
0.468354430379747 0.430379746835443 0.07707045944836
0.407407407407407 0.37037037037037 0.0864852071354674
0.542857142857143 0.504761904761905 0.0720248073845007
0.41304347826087 0.402173913043478 0.0819328941379414
0.48 0.43 0.0503225408149262
0.488372093023256 0.430232558139535 0.0777444904088575
0.46875 0.416666666666667 0.0593382485210013
0.486238532110092 0.422018348623853 0.057043534107933
0.511363636363636 0.477272727272727 0.090203808997416
0.428571428571429 0.404761904761905 0.0897560010758406
0.461538461538462 0.428571428571429 0.0938805722964493
0.435294117647059 0.423529411764706 0.073920608482995
0.483870967741935 0.419354838709677 0.0728644329618043
0.514563106796116 0.475728155339806 0.0712920702874472
0.543859649122807 0.5 0.0690937041421459
0.303571428571429 0.303571428571429 0.0907229619926391
0.48314606741573 0.393258426966292 0.0670273037050231
0.410958904109589 0.383561643835616 0.0759782792058729
0.420560747663551 0.392523364485981 0.0734599894122689
0.381578947368421 0.302631578947368 0.0894423158745924
0.469387755102041 0.479591836734694 0.0738246275186302
0.426966292134831 0.292134831460674 0.0357961371884926
0.430379746835443 0.367088607594937 0.08566922931358
0.44 0.4 0.0465872570806682
0.431578947368421 0.357894736842105 0.0480038111007867
0.357142857142857 0.328571428571429 0.0285865679180218
0.504587155963303 0.467889908256881 0.0618902426679699
0.444444444444444 0.361111111111111 0.0481682548817289
0.494623655913978 0.397849462365591 0.0623121235753989
0.482352941176471 0.470588235294118 0.0876519019992293
0.409090909090909 0.363636363636364 0.039861683367618
0.430232558139535 0.36046511627907 0.0699833985275619
0.425287356321839 0.35632183908046 0.0581027239329895
0.452631578947368 0.4 0.0572135609380677
0.397260273972603 0.356164383561644 0.0585972534641056
0.43956043956044 0.373626373626374 0.068046258479346
0.446601941747573 0.378640776699029 0.0385219254808347
0.505376344086022 0.494623655913978 0.0709676458071409
0.466666666666667 0.457142857142857 0.0780075988601727
0.43956043956044 0.373626373626374 0.0633160017656981
0.50561797752809 0.449438202247191 0.0602723970547461
0.404255319148936 0.361702127659574 0.0607049837458075
0.476635514018692 0.476635514018692 0.0684779455072384
0.47 0.47 0.064924558783216
0.417391304347826 0.391304347826087 0.0553818739962678
0.51063829787234 0.457446808510638 0.0628885082637418
0.367816091954023 0.32183908045977 0.0529218156015646
0.460674157303371 0.393258426966292 0.102179383864243
0.46078431372549 0.401960784313726 0.0513380729554689
0.458333333333333 0.416666666666667 0.0986945951759441
0.361111111111111 0.347222222222222 0.0674470894022658
0.463917525773196 0.391752577319588 0.0645705249971916
0.467391304347826 0.41304347826087 0.0624844254053165
0.541666666666667 0.510416666666667 0.084998257954621
0.48936170212766 0.531914893617021 0.0694988947014066
0.506172839506173 0.395061728395062 0.0618149352994263
0.394736842105263 0.315789473684211 0.049173655632172
0.526881720430108 0.505376344086022 0.0653306364954516
0.472222222222222 0.407407407407407 0.041648920164631
0.366197183098592 0.352112676056338 0.122431363506531
0.485148514851485 0.445544554455446 0.0799899687650504
0.425287356321839 0.344827586206897 0.0509202590600841
0.333333333333333 0.32183908045977 0.0549929795973044
0.431192660550459 0.403669724770642 0.072561180746776
0.552083333333333 0.447916666666667 0.0546196394612267
