11.288610446521
13.9762048151278
13.9762048151278
13.9762048151278
13.9762048151278
13.9762048151278
13.9762048151278
13.9762048151278
13.9762048151278
13.9762048151278
13.9762048151278
11.2363918209151
11.1884176238832
11.2137106981174
11.2137106981174
10.6714061072635
12.5878051515229
12.5878051515229
12.5878051515229
10.5744001452173
10.8695980616354
11.8933093765593
12.9169003379393
12.9169003379393
12.9169003379393
12.9169003379393
12.9169003379393
12.9169003379393
12.9169003379393
12.9169003379393
13.4471056234806
13.4471056234806
13.4471056234806
13.4471056234806
13.4471056234806
13.4471056234806
13.4471056234806
13.4471056234806
13.4471056234806
13.4471056234806
13.4471056234806
13.4471056234806
13.4471056234806
12.4102532473899
12.4102532473899
11.8784560645565
11.8784560645565
11.8784560645565
11.8784560645565
11.8784560645565
11.8784560645565
12.5195281188615
12.5195281188615
12.5195281188615
13.3864840301549
13.3864840301549
13.3864840301549
13.3864840301549
13.3864840301549
13.3864840301549
11.9479822195723
11.9479822195723
11.9479822195723
11.9479822195723
11.9479822195723
11.9479822195723
11.9479822195723
11.9479822195723
11.9479822195723
11.9479822195723
11.9479822195723
11.9479822195723
11.9479822195723
11.9479822195723
11.9479822195723
11.9479822195723
11.9479822195723
14.5805262946074
14.5805262946074
14.5805262946074
14.5805262946074
14.5805262946074
14.5805262946074
14.5805262946074
14.5805262946074
14.5805262946074
14.5805262946074
14.5805262946074
14.5805262946074
14.5805262946074
14.5805262946074
14.5805262946074
14.5805262946074
14.5805262946074
14.5805262946074
14.5805262946074
14.5805262946074
14.5805262946074
14.5805262946074
14.5805262946074
14.5805262946074
14.5805262946074
14.5805262946074
14.5805262946074
14.5805262946074
14.5805262946074
14.5805262946074
14.5805262946074
14.5805262946074
14.5805262946074
14.5805262946074
14.5805262946074
14.5805262946074
14.5805262946074
14.5805262946074
14.5805262946074
14.5805262946074
14.5805262946074
14.5805262946074
14.5805262946074
14.5805262946074
14.5805262946074
14.5805262946074
14.5805262946074
14.5805262946074
14.5805262946074
14.5805262946074
14.5805262946074
14.5805262946074
14.5805262946074
14.5805262946074
14.5805262946074
14.5805262946074
11.1622817871505
11.1622817871505
11.0951670770976
11.0951670770976
11.9928162365987
11.9928162365987
11.9928162365987
11.9928162365987
11.9829845325617
11.9829845325617
8.91352775216383
10.5727770904527
11.4599135071707
11.4599135071707
11.4599135071707
11.4599135071707
14.3799322962996
14.3799322962996
14.3799322962996
14.3799322962996
14.3799322962996
14.3799322962996
14.3799322962996
14.3799322962996
14.3799322962996
14.3799322962996
14.3799322962996
14.3799322962996
14.3799322962996
14.3799322962996
14.3799322962996
14.3799322962996
14.3799322962996
14.3799322962996
14.3799322962996
14.3799322962996
14.3799322962996
14.3799322962996
14.3799322962996
12.5350179352042
12.5350179352042
13.1449659249218
13.1449659249218
13.1449659249218
11.9011200075025
11.9011200075025
11.9011200075025
11.9011200075025
11.9011200075025
11.9011200075025
10.0323659815217
13.683182548668
13.683182548668
15.3564632431609
15.3564632431609
15.3564632431609
15.3564632431609
15.3564632431609
15.3564632431609
15.3564632431609
15.3564632431609
15.3564632431609
15.3564632431609
15.3564632431609
15.3564632431609
15.3564632431609
15.3564632431609
15.3564632431609
15.3564632431609
15.3564632431609
15.3564632431609
15.3564632431609
15.3564632431609
15.3564632431609
15.3564632431609
15.3564632431609
15.3564632431609
15.3564632431609
15.3564632431609
15.3564632431609
15.3564632431609
15.3564632431609
15.3564632431609
15.3564632431609
15.3564632431609
15.3564632431609
15.3564632431609
15.3564632431609
15.3564632431609
15.3564632431609
15.3564632431609
15.3564632431609
15.4237725866832
15.4237725866832
15.4237725866832
15.4237725866832
15.4237725866832
15.4237725866832
15.4237725866832
15.4237725866832
15.4237725866832
15.4237725866832
15.4237725866832
15.4237725866832
15.4237725866832
15.4237725866832
15.4237725866832
15.4237725866832
15.4237725866832
NA
NA
NA
NA
NA
NA
NA
NA
NA
NA
NA
NA
NA
NA
NA
NA
NA
NA
NA
NA
NA
NA
NA
NA
NA
NA
NA
NA
NA
NA
NA
NA
NA
NA
NA
NA
NA
NA
NA
NA
NA
NA
NA
NA
NA
NA
NA
NA
NA
NA
NA
NA
NA
NA
NA
NA
NA
NA
NA
NA
NA
NA
NA
NA
NA
NA
NA
NA
NA
NA
NA
NA
NA
NA
NA
NA
NA
NA
NA
NA
NA
NA
NA
NA
NA
NA
NA
NA
NA
NA
NA
NA
NA
NA
NA
NA
NA
NA
NA
NA
NA
NA
NA
NA
NA
NA
NA
NA
NA
NA
NA
NA
NA
NA
NA
NA
NA
NA
NA
NA
NA
NA
NA
NA
NA
NA
NA
NA
NA
NA
NA
NA
NA
NA
NA
NA
NA
NA
NA
NA
NA
NA
NA
NA
NA
NA
NA
NA
NA
NA
NA
NA
NA
NA
NA
NA
NA
NA
NA
NA
NA
NA
NA
NA
NA
NA
NA
NA
NA
NA
NA
NA
NA
NA
NA
NA
NA
NA
NA
NA
NA
NA
NA
NA
NA
NA
NA
NA
NA
NA
NA
NA
NA
NA
NA
NA
NA
NA
NA
NA
NA
NA
NA
NA
NA
NA
NA
NA
NA
NA
NA
NA
NA
NA
NA
NA
NA
NA
NA
NA
NA
NA
NA
NA
NA
NA
NA
NA
NA
NA
NA
NA
NA
NA
NA
NA
NA
NA
NA
NA
NA
NA
NA
NA
NA
NA
NA
NA
NA
NA
NA
NA
NA
NA
NA
NA
NA
NA
NA
