55.0560239597619 0.0849340061708643
55.0826970673676 0.0848329373002234
55.0826970673676 0.0848329373002234
55.0826970673676 0.0848329373002234
55.0826970673676 0.0848329373002234
55.0826970673676 0.0848329373002234
55.0826970673676 0.0848329373002234
55.0826970673676 0.0848329373002234
55.0826970673676 0.0848329373002234
55.0826970673676 0.0848329373002234
55.0826970673676 0.0848329373002234
54.9689279974567 0.085165015288633
54.8987937980446 0.0859215807132427
54.9693634028651 0.0846728342001282
54.9693634028651 0.0846728342001282
54.9754512045001 0.0855597151544807
55.0048601922778 0.0860275808082447
55.0048601922778 0.0860275808082447
55.0048601922778 0.0860275808082447
54.9243917256501 0.0858512083565116
54.929630216752 0.0854652819151656
54.9256275898201 0.084897628002851
54.9752541802796 0.0861004919054131
54.9752541802796 0.0861004919054131
54.9752541802796 0.0861004919054131
54.9752541802796 0.0861004919054131
54.9752541802796 0.0861004919054131
54.9752541802796 0.0861004919054131
54.9752541802796 0.0861004919054131
54.9752541802796 0.0861004919054131
54.903718146889 0.085860546366872
54.903718146889 0.085860546366872
54.903718146889 0.085860546366872
54.903718146889 0.085860546366872
54.903718146889 0.085860546366872
54.903718146889 0.085860546366872
54.903718146889 0.085860546366872
54.903718146889 0.085860546366872
54.903718146889 0.085860546366872
54.903718146889 0.085860546366872
54.903718146889 0.085860546366872
54.903718146889 0.085860546366872
54.903718146889 0.085860546366872
54.831396124681 0.084967641295092
54.831396124681 0.084967641295092
54.8636580046507 0.0844072551388465
54.8636580046507 0.0844072551388465
54.8636580046507 0.0844072551388465
54.8636580046507 0.0844072551388465
54.8636580046507 0.0844072551388465
54.8636580046507 0.0844072551388465
55.0389828789469 0.0838440552151631
55.0389828789469 0.0838440552151631
55.0389828789469 0.0838440552151631
55.1620797883913 0.0847571102602554
55.1620797883913 0.0847571102602554
55.1620797883913 0.0847571102602554
55.1620797883913 0.0847571102602554
55.1620797883913 0.0847571102602554
55.1620797883913 0.0847571102602554
55.1246086233298 0.0856411740284506
55.1246086233298 0.0856411740284506
55.1246086233298 0.0856411740284506
55.1246086233298 0.0856411740284506
55.1246086233298 0.0856411740284506
55.1246086233298 0.0856411740284506
55.1246086233298 0.0856411740284506
55.1246086233298 0.0856411740284506
55.1246086233298 0.0856411740284506
55.1246086233298 0.0856411740284506
55.1246086233298 0.0856411740284506
55.1246086233298 0.0856411740284506
55.1246086233298 0.0856411740284506
55.1246086233298 0.0856411740284506
55.1246086233298 0.0856411740284506
55.1246086233298 0.0856411740284506
55.1246086233298 0.0856411740284506
55.1330774468621 0.0860812216031608
55.1330774468621 0.0860812216031608
55.1330774468621 0.0860812216031608
55.1330774468621 0.0860812216031608
55.1330774468621 0.0860812216031608
55.1330774468621 0.0860812216031608
55.1330774468621 0.0860812216031608
55.1330774468621 0.0860812216031608
55.1330774468621 0.0860812216031608
55.1330774468621 0.0860812216031608
55.1330774468621 0.0860812216031608
55.1330774468621 0.0860812216031608
55.1330774468621 0.0860812216031608
55.1330774468621 0.0860812216031608
55.1330774468621 0.0860812216031608
55.1330774468621 0.0860812216031608
55.1330774468621 0.0860812216031608
55.1330774468621 0.0860812216031608
55.1330774468621 0.0860812216031608
55.1330774468621 0.0860812216031608
55.1330774468621 0.0860812216031608
55.1330774468621 0.0860812216031608
55.1330774468621 0.0860812216031608
55.1330774468621 0.0860812216031608
55.1330774468621 0.0860812216031608
55.1330774468621 0.0860812216031608
55.1330774468621 0.0860812216031608
55.1330774468621 0.0860812216031608
55.1330774468621 0.0860812216031608
55.1330774468621 0.0860812216031608
55.1330774468621 0.0860812216031608
55.1330774468621 0.0860812216031608
55.1330774468621 0.0860812216031608
55.1330774468621 0.0860812216031608
55.1330774468621 0.0860812216031608
55.1330774468621 0.0860812216031608
55.1330774468621 0.0860812216031608
55.1330774468621 0.0860812216031608
55.1330774468621 0.0860812216031608
55.1330774468621 0.0860812216031608
55.1330774468621 0.0860812216031608
55.1330774468621 0.0860812216031608
55.1330774468621 0.0860812216031608
55.1330774468621 0.0860812216031608
55.1330774468621 0.0860812216031608
55.1330774468621 0.0860812216031608
55.1330774468621 0.0860812216031608
55.1330774468621 0.0860812216031608
55.1330774468621 0.0860812216031608
55.1330774468621 0.0860812216031608
55.1330774468621 0.0860812216031608
55.1330774468621 0.0860812216031608
55.1330774468621 0.0860812216031608
55.1330774468621 0.0860812216031608
55.1330774468621 0.0860812216031608
55.1330774468621 0.0860812216031608
55.0300967434486 0.0863652832554413
55.0300967434486 0.0863652832554413
54.9077731988659 0.0864067514736299
54.9077731988659 0.0864067514736299
54.8188920435853 0.0869757663686308
54.8188920435853 0.0869757663686308
54.8188920435853 0.0869757663686308
54.8188920435853 0.0869757663686308
54.5718798474469 0.0877328004119675
54.5718798474469 0.0877328004119675
54.5212243603949 0.087533517518656
54.5016339973245 0.0863889334026174
54.8026460350846 0.085164330513403
54.8026460350846 0.085164330513403
54.8026460350846 0.085164330513403
54.8026460350846 0.085164330513403
54.8275653366205 0.085497359058227
54.8275653366205 0.085497359058227
54.8275653366205 0.085497359058227
54.8275653366205 0.085497359058227
54.8275653366205 0.085497359058227
54.8275653366205 0.085497359058227
54.8275653366205 0.085497359058227
54.8275653366205 0.085497359058227
54.8275653366205 0.085497359058227
54.8275653366205 0.085497359058227
54.8275653366205 0.085497359058227
54.8275653366205 0.085497359058227
54.8275653366205 0.085497359058227
54.8275653366205 0.085497359058227
54.8275653366205 0.085497359058227
54.8275653366205 0.085497359058227
54.8275653366205 0.085497359058227
54.8275653366205 0.085497359058227
54.8275653366205 0.085497359058227
54.8275653366205 0.085497359058227
54.8275653366205 0.085497359058227
54.8275653366205 0.085497359058227
54.8275653366205 0.085497359058227
54.6979580727678 0.0854563993997932
54.6979580727678 0.0854563993997932
54.6500159284605 0.0861580359471029
54.6500159284605 0.0861580359471029
54.6500159284605 0.0861580359471029
54.7993275753426 0.086931753231634
54.7993275753426 0.086931753231634
54.7993275753426 0.086931753231634
54.7993275753426 0.086931753231634
54.7993275753426 0.086931753231634
54.7993275753426 0.086931753231634
54.7584317569756 0.0875304125167265
54.763065287049 0.0857997120513693
54.763065287049 0.0857997120513693
54.7294806199047 0.0860525392462506
54.7294806199047 0.0860525392462506
54.7294806199047 0.0860525392462506
54.7294806199047 0.0860525392462506
54.7294806199047 0.0860525392462506
54.7294806199047 0.0860525392462506
54.7294806199047 0.0860525392462506
54.7294806199047 0.0860525392462506
54.7294806199047 0.0860525392462506
54.7294806199047 0.0860525392462506
54.7294806199047 0.0860525392462506
54.7294806199047 0.0860525392462506
54.7294806199047 0.0860525392462506
54.7294806199047 0.0860525392462506
54.7294806199047 0.0860525392462506
54.7294806199047 0.0860525392462506
54.7294806199047 0.0860525392462506
54.7294806199047 0.0860525392462506
54.7294806199047 0.0860525392462506
54.7294806199047 0.0860525392462506
54.7294806199047 0.0860525392462506
54.7294806199047 0.0860525392462506
54.7294806199047 0.0860525392462506
54.7294806199047 0.0860525392462506
54.7294806199047 0.0860525392462506
54.7294806199047 0.0860525392462506
54.7294806199047 0.0860525392462506
54.7294806199047 0.0860525392462506
54.7294806199047 0.0860525392462506
54.7294806199047 0.0860525392462506
54.7294806199047 0.0860525392462506
54.7294806199047 0.0860525392462506
54.7294806199047 0.0860525392462506
54.7294806199047 0.0860525392462506
54.7294806199047 0.0860525392462506
54.7294806199047 0.0860525392462506
54.7294806199047 0.0860525392462506
54.7294806199047 0.0860525392462506
54.7294806199047 0.0860525392462506
54.8059305155253 0.0857069414737171
54.8059305155253 0.0857069414737171
54.8059305155253 0.0857069414737171
54.8059305155253 0.0857069414737171
54.8059305155253 0.0857069414737171
54.8059305155253 0.0857069414737171
54.8059305155253 0.0857069414737171
54.8059305155253 0.0857069414737171
54.8059305155253 0.0857069414737171
54.8059305155253 0.0857069414737171
54.8059305155253 0.0857069414737171
54.8059305155253 0.0857069414737171
54.8059305155253 0.0857069414737171
54.8059305155253 0.0857069414737171
54.8059305155253 0.0857069414737171
54.8059305155253 0.0857069414737171
54.8059305155253 0.0857069414737171
NA NA
NA NA
NA NA
NA NA
NA NA
NA NA
NA NA
NA NA
NA NA
NA NA
NA NA
NA NA
NA NA
NA NA
NA NA
NA NA
NA NA
NA NA
NA NA
NA NA
NA NA
NA NA
NA NA
NA NA
NA NA
NA NA
NA NA
NA NA
NA NA
NA NA
NA NA
NA NA
NA NA
NA NA
NA NA
NA NA
NA NA
NA NA
NA NA
NA NA
NA NA
NA NA
NA NA
NA NA
NA NA
NA NA
NA NA
NA NA
NA NA
NA NA
NA NA
NA NA
NA NA
NA NA
NA NA
NA NA
NA NA
NA NA
NA NA
NA NA
NA NA
NA NA
NA NA
NA NA
NA NA
NA NA
NA NA
NA NA
NA NA
NA NA
NA NA
NA NA
NA NA
NA NA
NA NA
NA NA
NA NA
NA NA
NA NA
NA NA
NA NA
NA NA
NA NA
NA NA
NA NA
NA NA
NA NA
NA NA
NA NA
NA NA
NA NA
NA NA
NA NA
NA NA
NA NA
NA NA
NA NA
NA NA
NA NA
NA NA
NA NA
NA NA
NA NA
NA NA
NA NA
NA NA
NA NA
NA NA
NA NA
NA NA
NA NA
NA NA
NA NA
NA NA
NA NA
NA NA
NA NA
NA NA
NA NA
NA NA
NA NA
NA NA
NA NA
NA NA
NA NA
NA NA
NA NA
NA NA
NA NA
NA NA
NA NA
NA NA
NA NA
NA NA
NA NA
NA NA
NA NA
NA NA
NA NA
NA NA
NA NA
NA NA
NA NA
NA NA
NA NA
NA NA
NA NA
NA NA
NA NA
NA NA
NA NA
NA NA
NA NA
NA NA
NA NA
NA NA
NA NA
NA NA
NA NA
NA NA
NA NA
NA NA
NA NA
NA NA
NA NA
NA NA
NA NA
NA NA
NA NA
NA NA
NA NA
NA NA
NA NA
NA NA
NA NA
NA NA
NA NA
NA NA
NA NA
NA NA
NA NA
NA NA
NA NA
NA NA
NA NA
NA NA
NA NA
NA NA
NA NA
NA NA
NA NA
NA NA
NA NA
NA NA
NA NA
NA NA
NA NA
NA NA
NA NA
NA NA
NA NA
NA NA
NA NA
NA NA
NA NA
NA NA
NA NA
NA NA
NA NA
NA NA
NA NA
NA NA
NA NA
NA NA
NA NA
NA NA
NA NA
NA NA
NA NA
NA NA
NA NA
NA NA
NA NA
NA NA
NA NA
NA NA
NA NA
NA NA
NA NA
NA NA
NA NA
NA NA
NA NA
NA NA
NA NA
NA NA
NA NA
NA NA
NA NA
NA NA
NA NA
NA NA
NA NA
NA NA
NA NA
NA NA
NA NA
NA NA
NA NA
NA NA
NA NA
NA NA
NA NA
NA NA
NA NA
NA NA
NA NA
NA NA
NA NA
