0 0.0454545454545455 0.00665250307776337
0 0.0185185185185185 1.40920536474059e-05
0 0.02 0.00405970255228444
0 0.06 0.0142964592330938
0 0 0
0 0.0350877192982456 0.0114410477900846
0 0.0689655172413793 0.0127097317836384
0 0.0508474576271186 0.00760678785696521
0 0 7.36703615031758e-08
0 0.0178571428571429 3.97119441337773e-07
0 0.0222222222222222 0.00258661275334572
0 0.0508474576271186 0.0022231990960072
0 0.0208333333333333 9.40178533503566e-05
0 0.0172413793103448 9.31898820916388e-05
0 0.0222222222222222 0.000328645790115344
0 0 1.55721187691297e-08
0 0.0181818181818182 1.19747087955441e-07
0 0.0238095238095238 0.0019254212029566
0 0 9.55730129665365e-35
0 0 7.97872836660824e-16
0 0 8.29477147416638e-14
0 0.0454545454545455 0.0139968766080836
0 0.0188679245283019 3.48811585964915e-06
0 0.0185185185185185 7.57074218773875e-08
0 0.0196078431372549 1.06060491170841e-09
0 0 2.51698621189237e-19
0 0 2.25813042948131e-38
0 0.02 0.00108012680593997
0 0.0196078431372549 3.00414814621054e-07
0 0.0697674418604651 0.00464714957818512
0 0.02 0.000645307123901463
0 0.0862068965517241 0.00264630462879515
0 0.0181818181818182 0.000413901505374755
0 0.0625 0.00887239720196279
0 0 0
0 0 3.67158266893571e-14
0 0 4.71390011592813e-30
0 0.0175438596491228 0.0012384174852096
0 0 3.70268708905368e-267
0 0 9.62968307753165e-15
0 0.0425531914893617 0.0111160057537134
0 0.0638297872340425 0.0129376632935241
0 0.0677966101694915 0.0118882301728593
0 0 7.29177292650534e-32
0 0.0227272727272727 0.00103171271566019
0 0.024390243902439 0.0247739314182944
0 0 6.36649894675455e-20
0 0 3.84997387304675e-10
0 0 2.40094688305911e-34
0 0 5.10078504065416e-50
0 0 6.71534492920408e-15
0 0.0652173913043478 0.00157179299782389
0 0.04 3.8733684019665e-06
0 0 0
0 0 2.21557859821605e-11
0 0.0169491525423729 0.00515100233458018
0 0 2.65900203336925e-15
0 0 2.96025294621341e-102
0 0.0727272727272727 0.0044298717575721
0 0.0350877192982456 0.000727130171893236
0 0.0238095238095238 2.30890130594741e-07
0 0.0454545454545455 0.0207102183658027
0 0.0238095238095238 0.0243902456028966
0 0.0508474576271186 0.00969447403050624
0 0.0192307692307692 0.00504662920208668
0 0.0175438596491228 1.47046623537399e-09
0 0.0714285714285714 0.000658833208251489
0 0.0196078431372549 0.000269654733994161
0 0.0392156862745098 0.0115435573574125
0 0.0612244897959184 0.0137994842907994
0 0.024390243902439 0.000993039305617671
0 0.0508474576271186 0.000621498821384947
0 0.037037037037037 0.0161926911199596
0 0.0196078431372549 0.000601586514381836
0 0.0377358490566038 0.00158665359881531
0 0 0
0 0.02 0.0141474112400761
0 0 1.58748335940695e-05
0 0 9.8363697070272e-10
0 0 2.3703759441453e-11
0 0.0196078431372549 0.00171566531268951
0 0 1.17426903098535e-66
0 0.0185185185185185 0.00880927843295921
0 0 3.33736806616394e-12
0 0 2.06221987861027e-77
0 0.0338983050847458 1.25358585963398e-06
0 0.02 0.000268911379982848
0 0.0476190476190476 0.0140921134070491
0 0.02 0.00106648294839645
0 0.04 0.00728960894946645
0 0 1.49890374510226e-05
0 0.0188679245283019 0.00183880815062336
0 0.0416666666666667 0.00370611852200339
0 0.06 0.0269759150846907
0 0 2.89779445431587e-09
0 0.0181818181818182 0.00176025940541894
0 0 0
0 0.0535714285714286 0.0180655932842989
0 0.0535714285714286 0.0151832154356131
0 0 1.23516411460312e-322
0 0 8.02989078987196e-15
0 0.0227272727272727 0.0101138705710562
0 0.0416666666666667 0.00657188754196493
0 0.0204081632653061 0.00874492004185241
0 0.0185185185185185 4.02409403487516e-05
0 0 1.2030805059038e-09
0 0.0238095238095238 0.00306418832699282
0 0 8.50562331430683e-36
0 0.037037037037037 2.75445110660415e-07
0 0 6.48350204769798e-17
0 0.0238095238095238 0.00228517398326436
0 0.0192307692307692 3.57840254115821e-05
0 0.0476190476190476 0.00572551096953043
0 0.0930232558139535 0.00639909414100056
0 0.0416666666666667 0.00308865024260778
0 0 0
0 0 6.10784478827046e-15
0 0.02 1.81828032788808e-06
0 0.0338983050847458 0.000145335061732444
0 0.0212765957446809 0.00107608796145927
0 0.0208333333333333 6.79488485529048e-06
0 0 0
0 0 3.9721156687191e-23
0 0.0454545454545455 0.0149818375183807
0 0.04 0.00467883426386182
0 0.024390243902439 0.00615773095401968
0 0 0
0 0.0185185185185185 0.00647194651893241
0 0.0344827586206897 0.00617790929650137
0 0.0222222222222222 0.00240718791177716
0 0.0363636363636364 0.00154794326514459
0 0 8.92784024192313e-12
0 0 5.29549675624532e-36
0 0.0232558139534884 0.000310680479838355
0 0.0192307692307692 0.00351960741641393
0 0.0192307692307692 0.00264747245991216
0 0.0169491525423729 0.00646601544239369
0 0.0232558139534884 0.0139853596721442
0 0.0204081632653061 6.51382490570474e-05
0 0 7.43190144052703e-35
0 0 0
0 0.0476190476190476 0.00017071136063358
0 0 1.09964081916645e-44
0 0.0175438596491228 0.00504725522772605
0 0.0847457627118644 0.00745681469247869
0 0.04 5.13428886738124e-05
0 0.0652173913043478 6.88030281675775e-06
0 0.0408163265306122 0.00031710818613474
0 0.0350877192982456 0.0125523842389002
0 0 1.82454753606059e-11
0 0 1.20196501336067e-09
0 0.0344827586206897 3.30900668226676e-06
0 0 1.99593926826326e-29
0 0.0208333333333333 1.21606358004294e-07
0 0.0181818181818182 0.00349304445425974
0 0 7.12804289759429e-35
0 0.0232558139534884 3.05784243703679e-06
0 0.0196078431372549 0.0015872806587117
0 0.0416666666666667 0.000995060693983868
0 0 3.70136340535818e-24
0 0.0652173913043478 0.00709189171846139
0 0.0227272727272727 0.00586584136204584
0 0.0727272727272727 0.0176437258205058
0 0.0222222222222222 0.0044980775823541
0 0.0188679245283019 0.000264045516992929
0 0 0
0 0.02 0.00334398414651101
0 0.0185185185185185 0.00539508254270158
0 0.0222222222222222 0.0221683866849513
0 0.0217391304347826 0.00614045807795056
0 0.0444444444444444 1.55595930153705e-05
0 0.04 0.0195287155666789
0 0.0555555555555556 0.00621451867773792
0 0 4.11415118546422e-23
0 0.0465116279069767 0.0208195067023163
0 0.0350877192982456 6.75817194202406e-06
0 0 1.78471078707114e-14
0 0.024390243902439 4.55792925000619e-10
0 0.0227272727272727 0.00888770297234687
0 0 5.69119539527054e-15
0 0.0172413793103448 0.000202115830557893
0 0.0222222222222222 0.000154995220073172
0 0.0444444444444444 0.00176917113294364
0 0 2.6562090365788e-50
0 0.0217391304347826 0.000128487313562354
0 0 4.48913370165566e-13
0 0.0408163265306122 0.00724002303379045
0 0.0196078431372549 3.99463218059404e-06
0 0 1.07011603344106e-55
0 0 3.14808818935759e-11
0 0.0204081632653061 0.000104090246993246
0 0.0227272727272727 0.000129651435183626
0 0.0350877192982456 0.019737231252528
0 0.0638297872340425 0.00649631388721386
0 0 2.53264392564742e-73
0 0 1.36935869085825e-12
0 0 3.56121692812684e-216
0 0.0576923076923077 0.0102304332604434
0 0.024390243902439 0.00095752154231276
0 0 5.28866999563749e-12
0 0.0212765957446809 6.764051440562e-08
0 0.0363636363636364 0.00392306754774551
0 0.0416666666666667 0.00573614874448958
0 0.0192307692307692 0.000720918892656354
0 0.0169491525423729 8.16702254640772e-06
0 0 7.81789026468274e-14
0 0.0238095238095238 4.51438439451345e-07
0 0 7.01802522366175e-42
0 0.0217391304347826 3.00534733303683e-06
0 0.0357142857142857 0.00977835503211925
0 0 2.09400616329637e-48
0 0.024390243902439 0.00989057036240697
0 0.0731707317073171 0.00677413830014112
0 0 0
0 0.04 0.000553154061081866
0 0 3.39426542550019e-07
0 0.0196078431372549 2.64042639244008e-05
0 0 1.00800991759363e-06
0 0.08 0.0112764441172935
0 0 3.37601618567163e-17
0 0 1.78144004525909e-14
0 0.0784313725490196 0.00778829476516603
0 0.0434782608695652 6.71165747817347e-05
0 0.0212765957446809 0.00808118372299957
0 0 2.79836759348548e-13
0 0.0188679245283019 4.94365481177137e-05
0 0 3.65524308160388e-08
0 0 3.44824229888958e-15
0 0.024390243902439 0.00111612828713904
0 0.0434782608695652 0.00812626751833784
0 0 9.87303940285542e-18
0 0.0217391304347826 0.00457871652789638
0 0.0476190476190476 0.0124232011846297
0 0.0232558139534884 5.27062312852738e-07
0 0 2.1198393059186e-61
0 0 1.6956119659672e-17
0 0 4.98980055025554e-15
0 0 2.06112623537559e-11
0 0.0178571428571429 0.0051499399179033
0 0.0408163265306122 0.00710845138795647
0 0.0384615384615385 6.42624961911424e-06
0 0.0196078431372549 3.36520605811936e-06
0 0 4.03721488938265e-06
0 0.0227272727272727 1.05468311715043e-09
0 0.024390243902439 0.00500988612566214
0 0.0357142857142857 0.00364894986082959
0 0 7.64882788921954e-07
0 0.0350877192982456 0.00078733689274274
0 0.0454545454545455 1.25257413349303e-05
0 0.0196078431372549 2.04828737250502e-10
0 0.0357142857142857 0.00752412791669492
0 0 1.25070556005834e-10
0 0 1.142271047524e-50
0 0 3.71827971548248e-37
0 0.0363636363636364 0.00909770249125058
0 0.0185185185185185 0.00281172604191816
0 0.037037037037037 0.00267089816787271
0 0.0350877192982456 0.00393687548420789
0 0.02 1.67625325728714e-05
0 0 1.01247334209736e-15
0 0.0232558139534884 0.00482946518942617
0 0.0238095238095238 0.000977200127926802
0 0 0
0 0.0222222222222222 0.000329396472820698
0 0.0185185185185185 0.00459679493083429
0 0.0416666666666667 0.00308410544033543
0 0.0357142857142857 1.39358146903371e-06
0 0.0208333333333333 0.000479308004549864
0 0.0652173913043478 0.0301484924348876
0 0.0208333333333333 0.000933278955765888
0 0.04 0.00636174420819808
0 0 1.33527745528849e-08
0 0.0487804878048781 0.0250717830124112
0 0.0175438596491228 2.01083886294025e-07
0 0.0169491525423729 9.05819356320709e-07
0 0.0208333333333333 0.0212760454243086
0 0 1.29624495256298e-11
0 0.0545454545454545 0.00769654926906202
0 0.0357142857142857 3.82485889991328e-05
0 0 8.00784884805868e-46
0 0.0188679245283019 0.00155155130384589
0 0.0208333333333333 0.00288776286961241
0 0.0169491525423729 0.00155072712511175
0 0.0192307692307692 1.62499360611762e-05
0 0.0188679245283019 4.77960582061973e-06
0 0.0392156862745098 0.0092811213860406
0 0.0222222222222222 0.00956117854724267
0 0.02 0.0204130943308407
0 0.0232558139534884 0.00459802622359732
0 0.0338983050847458 0.000159801259749689
0 0.0169491525423729 3.39127951127993e-08
0 0 3.06821284863664e-07
0 0.0227272727272727 9.47536119578592e-05
0 0.0212765957446809 9.36479637753197e-07
0 0.0217391304347826 0.00152797937497524
0 0.0217391304347826 0.00717864801905886
0 0.0784313725490196 0.00887842009821724
0 0.0172413793103448 0.00431095733632329
0 0 1.8716270548712e-05
0 0.0212765957446809 1.18791848965961e-06
0 0.0227272727272727 0.000786241536218127
0 0.0217391304347826 0.00090381758032974
0 0.0212765957446809 2.921366032935e-06
0 0.0338983050847458 0.00321208456131246
0 0.0344827586206897 0.00338511818016383
0 0.0169491525423729 0.00248460563785481
0 0 4.66307989500695e-50
0 0.0425531914893617 0.00344846703289108
0 0.0222222222222222 0.00630993855316806
0 0.0350877192982456 0.0125631358781888
0 0 1.96991844557188e-08
0 0.0188679245283019 0.00015933322196731
0 0 0
0 0 7.57654900340349e-157
0 0.0175438596491228 0.00634446889415805
0 0.0338983050847458 0.00182341315976133
0 0.0196078431372549 0.0018921099635839
0 0.0181818181818182 0.00185688299920293
0 0 3.80300746437685e-06
0 0.0217391304347826 7.5325205662826e-05
0 0 1.12427257537966e-170
0 0 7.33096435889674e-12
0 0.0545454545454545 0.00985258156418838
0 0 2.50653943399182e-06
0 0 9.15613323319431e-32
0 0 9.18814759791234e-08
0 0.0677966101694915 0.0126091818062564
0 0.0222222222222222 0.00935662736413836
0 0.0338983050847458 0.0172414398949628
0 0.0169491525423729 4.83946242607076e-05
0 0.0454545454545455 0.00112455150587208
0 0.0238095238095238 0.00329485915586042
0 0.0508474576271186 0.0114288189667614
0 0.0476190476190476 0.00031083388103741
0 0.0652173913043478 0.00937815469346408
0 0.0188679245283019 4.47332746684565e-09
0 0.0172413793103448 0.00202591245167491
0 0.024390243902439 7.2170526734169e-05
0 0.0363636363636364 0.000797805580254711
0 0.037037037037037 2.19033730174891e-06
0 0.0169491525423729 0.00779865258774765
0 0.0384615384615385 0.0126064356931263
0 0.0681818181818182 0.0122531534173507
0 0 7.21317516220565e-241
0 0 6.92081245410162e-12
0 0.0714285714285714 0.00692422189549983
0 0 5.37866116205634e-05
0 0 0
0 0.0227272727272727 7.12668349099824e-09
0 0 4.02313251697166e-40
0 0 3.18528741001537e-84
0 0 2.42732865691579e-69
0 0 1.01480592081429e-42
0 0.0172413793103448 0.00511257552254546
0 0.0444444444444444 0.00887828002677189
0 0.0181818181818182 0.00502131322763888
0 0 5.58606390978055e-09
0 0.0232558139534884 0.000484979365927326
0 0.0217391304347826 5.07373754021909e-05
0 0.0185185185185185 0.0188679245282309
0 0.0392156862745098 0.000630006031857586
0 0 2.93368283661802e-05
0 0.0172413793103448 5.99199518459164e-08
0 0 1.34596182940799e-38
0 0 8.79281339822654e-06
0 0 1.80250766818744e-06
0 0.0517241379310345 0.00315674898355162
0 0.0535714285714286 0.0181866026587795
0 0.0338983050847458 0.00847849925016124
0 0.0178571428571429 0.000462734628668835
0 0 3.59696929805501e-302
0 0.0357142857142857 0.00598102384569684
0 0 1.36714254390302e-13
0 0 2.39904075275899e-12
0 0 1.64623023073324e-155
0 0.0444444444444444 6.09945298391541e-06
0 0 2.36327564344503e-07
0 0.0175438596491228 2.54554330688744e-05
0 0.0727272727272727 0.00302123532659665
0 0 2.92336466275822e-31
0 0 5.72497997452505e-66
0 0.0169491525423729 3.42378676388809e-08
0 0 1.54620764825069e-10
0 0.0444444444444444 0.00904069498507433
0 0 8.60083723263476e-121
0 0.0212765957446809 0.00037473105337099
0 0.0392156862745098 0.00903201848046571
0 0 1.25190006647162e-14
0 0.0188679245283019 0.000678058592406405
0 0.0222222222222222 0.00203573872140098
0 0.024390243902439 9.04338712312405e-10
0 0.0178571428571429 3.01191729298921e-05
0 0 1.31767292228964e-21
0 0.0377358490566038 0.00779218658984071
0 0 1.90360184499702e-153
0 0 1.30937456963321e-145
0 0.0185185185185185 0.000206435213914373
0 0.0172413793103448 0.00339581361920609
0 0.0188679245283019 0.005303172758413
0 0 3.24731014368406e-15
0 0.0689655172413793 0.0180788537371364
0 0.0196078431372549 2.0697099600944e-09
0 0.0178571428571429 1.00836718920067e-05
0 0.0175438596491228 0.0036683363521489
0 0 7.16842519435027e-18
0 0.0681818181818182 0.00760085606790341
0 0.0357142857142857 0.0144567421752227
0 0.0232558139534884 0.00256903019776041
0 0.0192307692307692 0.00363380658484504
0 0.0181818181818182 0.00438849650463314
0 0 2.71378840582561e-17
0 0.0476190476190476 0.00465382399025967
0 0.0196078431372549 0.00019466208657192
0 0 5.27863063066844e-13
0 0.0196078431372549 0.00161974710396854
0 0 4.16702536813393e-156
0 0.024390243902439 0.01174066905537
0 0.02 0.0067148261120124
0 0.0652173913043478 0.00571589238321154
0 0.0454545454545455 0.018236525517137
0 0.0350877192982456 0.00377963085210064
0 0.0212765957446809 0.000456594209409093
0 0.02 0.00573345782169603
0 0.0566037735849057 0.00714561143049952
0 0.0357142857142857 0.00220402056605613
0 0.0172413793103448 0.000242926138604116
0 0.0350877192982456 2.88338908712685e-05
0 0.04 0.000711543598844895
0 0.0192307692307692 0.00416988636278299
0 0 2.74362216187168e-11
0 0.0384615384615385 0.00092372383457839
0 0.0350877192982456 0.00767662175117536
0 0.0238095238095238 0.000104823462452096
0 0.0408163265306122 0.00515478204517617
0 0.0943396226415094 0.0241362262224253
0 0.0204081632653061 0.00109611519778297
0 0 3.42594297692497e-52
0 0 4.34794450139399e-11
0 0.0178571428571429 2.99217609801472e-08
0 0.0363636363636364 0.00782803341508119
0 0 8.2658056106059e-34
0 0.0181818181818182 8.71873102644757e-05
0 0 4.0083982398861e-15
0 0.024390243902439 0.00446518900791792
0 0 7.89252843073222e-15
0 0 2.11584565540684e-11
0 0.0714285714285714 0.00666618530826098
0 0.0681818181818182 0.000901064077489596
0 0.0188679245283019 0.00580147032256269
0 0.0208333333333333 0.0210426201861651
0 0.0172413793103448 3.13794460608922e-05
0 0.0181818181818182 0.00522875415927165
0 0.04 0.0030658790016492
0 0.02 9.35726717616759e-06
0 0.037037037037037 0.00459337445767263
0 0 2.10439950441116e-05
0 0.0185185185185185 0.00420781567916501
0 0.0217391304347826 0.000175574112256848
0 0.0392156862745098 0.00109934162953053
0 0.024390243902439 0.00673072720206593
0 0.0172413793103448 7.11918382604611e-07
0 0.0169491525423729 0.000902569182504562
0 0 4.86082410563094e-28
0 0.0363636363636364 0.000706586435945737
0 0.0238095238095238 0.0031325146268008
0 0.0535714285714286 0.00121915134825691
0 0.0222222222222222 1.99675471035863e-09
0 0.0677966101694915 0.0266265290128178
0 0.0652173913043478 0.00424836016672166
0 0 8.39971680561045e-09
0 0.0172413793103448 0.00281755527394549
0 0.0172413793103448 0.00227931754624728
0 0.0217391304347826 4.95929761482098e-09
0 0.0185185185185185 0.000294740149454185
0 0.0344827586206897 0.00261900075838474
0 0.0363636363636364 0.00560718652583255
0 0.0344827586206897 0.00834723085219732
0 0.0363636363636364 0.0168320713085994
0 0.0204081632653061 0.00382142947612175
0 0.0638297872340425 9.78810735734394e-06
0 0.0204081632653061 0.00789153779108881
0 0 2.79990227650058e-07
0 0.0697674418604651 0.004480224562243
0 0.0408163265306122 0.00252663622448989
0 0 1.14275097337962e-09
0 0.0222222222222222 0.00632110642323465
0 0 2.6310323963397e-50
0 0.0416666666666667 0.00419658785273424
0 0.0232558139534884 0.000792253899900666
0 0.0196078431372549 0.0130270800938284
0 0.0377358490566038 0.00196076239015473
0 0 1.63590485682233e-35
0 0.024390243902439 0.019470953587574
0 0.0434782608695652 0.0131534945297912
0 0.0384615384615385 6.07391186942362e-07
0 0.0181818181818182 0.00660003852909843
0 0.0588235294117647 0.00978504160478073
0 0.0338983050847458 0.00843195674456692
0 0 8.18159148394132e-181
0 0 1.24598346095615e-38
0 0.0357142857142857 0.00123494665283738
0 0 4.75013900029137e-13
0 0.0338983050847458 8.79583216842542e-05
0 0 5.52983979092962e-11
0 0.0192307692307692 6.4188423227038e-05
0 0.0350877192982456 0.00976648813454587
0 0 3.07872244266669e-106
0 0.0204081632653061 0.00459408095053022
0 0.0222222222222222 0.000727450295054419
0 0.0204081632653061 0.0105981082579747
0 0.0222222222222222 6.62199895975533e-05
0 0.0408163265306122 0.00784095017702585
0 0.0185185185185185 0.000775747607193745
0 0 1.39310281173418e-22
0 0.0454545454545455 0.00616912596370076
0 0.0454545454545455 0.0239473060345291
0 0.0677966101694915 0.0124475209350596
0 0.024390243902439 9.38229524463884e-05
0 0.0689655172413793 0.00431161523739589
0 0 1.75093722307401e-15
0 0.0208333333333333 0.00181838260144057
0 0.0227272727272727 4.27723858271592e-09
0 0.02 0.00721909695744327
0 0.0487804878048781 0.0248110876458617
0 0 4.25685863285219e-22
0 0.0212765957446809 6.51491405835549e-06
0 0.037037037037037 0.000157971792971262
0 0.0181818181818182 0.00480306523001982
0 0.0338983050847458 0.00459746767171412
0 0.0434782608695652 9.87339104405705e-08
0 0.0350877192982456 0.00585061218461772
0 0 2.31648257464942e-17
0 0.0185185185185185 1.01596941453782e-07
0 0.0181818181818182 0.00579658320072819
0 0.08 0.010773518547602
0 0.0238095238095238 9.9848315702638e-05
0 0.0185185185185185 0.00454417318304948
0 0.0185185185185185 0.00677469465367976
0 0 0
0 0 1.63182747866451e-06
0 0 7.93893191972057e-15
0 0 1.85399390932781e-15
0 0 2.75324792803912e-24
0 0 8.51485089674746e-12
0 0.0754716981132075 0.0134005080007641
0 0 1.76988500426099e-10
0 0.024390243902439 0.00122158119703167
0 0 0.0204082299327764
0 0.0222222222222222 1.91570032947826e-10
0 0.0222222222222222 0.00701264667151836
0 0.0731707317073171 0.00836254696050092
0 0 4.46162625329394e-11
0 0.0434782608695652 0.00985464898212686
0 0.0816326530612245 0.00364620333898898
0 0.0892857142857143 0.0209573371708982
0 0.0363636363636364 0.00129153445469734
0 0.0175438596491228 1.77473029271792e-07
0 0.0508474576271186 4.95703349869835e-07
0 0.0416666666666667 0.00854480076799918
0 0.0350877192982456 0.00769819808513562
0 0.0508474576271186 0.00284865735337729
0 0.0357142857142857 0.00019109029228954
0 0.0217391304347826 0.000470120345006262
0 0.0181818181818182 0.00170812677617983
0 0 2.7136570492562e-38
0 0.0192307692307692 0.00759864076224297
0 0 1.55999470359761e-183
0 0.0566037735849057 0.0222274584674185
0 0.0212765957446809 5.15953797756255e-07
0 0 6.91543166646862e-131
0 0.0175438596491228 3.8208082334831e-07
0 0.0181818181818182 1.0570087563255e-06
0 0.0217391304347826 3.66366869473676e-05
0 0.0175438596491228 0.00397962493775344
0 0 5.40595313310284e-11
0 0.02 2.84618787578664e-07
0 0 2.26235676827141e-11
0 0.0434782608695652 0.00155753978731728
0 0.0204081632653061 0.00127403327586455
0 0.0425531914893617 0.00662261805906759
0 0.0181818181818182 6.8079020071478e-06
0 0 9.66377031313629e-09
0 0.037037037037037 0.000561751623705419
0 0.0178571428571429 1.54222593526172e-06
0 0.0350877192982456 0.00351597375672258
0 0 3.30623228401161e-12
0 0.0212765957446809 0.00135220714063477
0 0.0344827586206897 0.00117766780948391
0 0 3.95372225620687e-13
0 0 3.6972110993015e-13
0 0.0357142857142857 0.010658331854757
0 0.0384615384615385 0.0036496052004142
0 0.0181818181818182 0.000619348033225337
0 0.0208333333333333 2.69927576138609e-05
0 0.0217391304347826 0.00967997861741326
0 0.0408163265306122 0.021011994001394
0 0 1.15031914560344e-07
0 0.0238095238095238 0.0160015071014057
0 0.0408163265306122 0.00475969795625805
0 0.06 0.0180696295402121
0 0 4.62925792600077e-63
0 0 1.51546370767323e-09
0 0.0238095238095238 0.00193579368299447
0 0 0
0 0 1.0461570041824e-05
0 0.0357142857142857 0.00144595686185918
0 0.0192307692307692 6.00598061232236e-05
0 0.0196078431372549 0.00779119641741901
0 0 8.37237090353246e-11
0 0.0178571428571429 0.00686456584630819
0 0.0731707317073171 0.0243381504892154
0 0 1.46566628045272e-15
0 0.0357142857142857 0.00686414322725185
0 0.0357142857142857 0.000356957404296221
0 0.0638297872340425 0.0124767675267667
0 0 7.28489490989226e-32
0 0 3.50866639368844e-270
0 0 7.21662130039368e-06
0 0 1.91454871753893e-180
0 0.0357142857142857 0.00565371062510201
0 0.037037037037037 9.66273860451255e-05
0 0.0178571428571429 0.000967304791634607
0 0.0487804878048781 0.00666060533761241
0 0.0392156862745098 0.00879878258579065
0 0.0222222222222222 0.000385694321177761
0 0.0217391304347826 0.0159452179710276
0 0.0638297872340425 0.00276926374129569
0 0 1.29266997335659e-34
0 0.0344827586206897 0.010344980414664
0 0 8.25076934953194e-13
0 0 3.98975081740686e-47
0 0 3.9384070125332e-08
0 0 1.64961772709591e-51
0 0.0169491525423729 1.02322691867546e-08
0 0.0681818181818182 0.00759281117217587
0 0.0212765957446809 0.00378188944582915
0 0 7.52908082790384e-12
0 0.0188679245283019 6.35142993025271e-07
0 0.0476190476190476 0.0231188022310887
0 0.0535714285714286 0.00917661697769855
0 0.0625 0.0246609503504925
0 0.0238095238095238 0.00894236276104972
0 0 1.89174697954654e-13
0 0.04 0.00482518311097142
0 0.0487804878048781 0.0242215152340045
0 0 3.76535899780345e-44
0 0.024390243902439 2.91879691161074e-07
0 0 7.24080811140014e-08
0 0.037037037037037 0.00132364729216746
0 0.0338983050847458 0.000121574442177339
0 0.0888888888888889 0.0182961114521956
0 0.02 0.00253665759159657
0 0.0172413793103448 0.00308950478866556
0 0 1.160501890234e-206
0 0.0192307692307692 0.00212973022722732
0 0.0444444444444444 0.000704250640594215
0 0 1.58995622158284e-92
0 0.0212765957446809 1.09264956595248e-05
0 0.0212765957446809 0.000266837289921179
0 0.0487804878048781 0.00026848431825079
0 0 5.15908890252676e-06
0 0.0392156862745098 0.0120173363707783
0 0.024390243902439 0.00732698838025335
0 0.0392156862745098 0.00133528903963567
0 0.0175438596491228 3.77421782789064e-05
0 0 1.76307447353941e-08
0 0.0566037735849057 0.0034811664656328
0 0.0869565217391304 0.0121271834128126
0 0 5.73608885275544e-38
0 0.0181818181818182 0.00037285261486069
0 0.0416666666666667 0.00152267062090554
0 0 7.57546602530073e-25
0 0 2.48715376383834e-97
0 0.0357142857142857 0.00218628337017152
0 0 7.15744224781995e-49
0 0.0238095238095238 0.0243902467672275
0 0.0666666666666667 0.00560910058767765
0 0 1.46158239784712e-23
0 0.0487804878048781 0.00827093667851859
0 0.0444444444444444 0.0228701220543946
0 0.0363636363636364 0.00462521332724655
0 0.02 7.54286236824961e-07
0 0.0185185185185185 1.84853951631156e-08
0 0.0188679245283019 8.54397843797092e-09
0 0.0816326530612245 0.0155742598530241
0 0.0454545454545455 0.00943001292111548
0 0.02 0.00785175437979969
0 0 3.91737658709008e-10
0 0.0227272727272727 0.00228518042560193
0 0 7.95396026429114e-12
0 0.0232558139534884 1.04674213758202e-06
0 0.0434782608695652 0.00260804248988888
0 0.0338983050847458 0.00267088523145308
0 0 5.19783397064429e-14
0 0.0666666666666667 0.00950086936595906
0 0 1.12162618764705e-62
0 0 2.32915022685847e-05
0 0.0212765957446809 0.0034148952659555
0 0 4.12638440306972e-31
0 0.0377358490566038 0.00590619445348857
0 0.0416666666666667 0.000190099056839136
0 0.0408163265306122 0.00096846059942761
0 0.0172413793103448 0.00112177430940976
0 0 4.65112204236105e-05
0 0 1.11500854607153e-81
0 0.0181818181818182 0.000353958473729768
0 0.0344827586206897 0.000688978084671952
0 0.0363636363636364 0.00425846857625347
0 0.0476190476190476 0.0244177369782866
0 0.0185185185185185 6.46100834404953e-10
0 0.0384615384615385 0.00179810385681247
0 0 5.43520673330655e-05
0 0 3.23583379098954e-12
0 0.0869565217391304 0.0237988853662312
0 0.0222222222222222 3.0030187101165e-05
0 0 5.91086714413795e-06
0 0 4.38827143948027e-15
0 0 2.14184556873811e-52
0 0.0338983050847458 2.69818728983906e-06
0 0 7.03856682231299e-43
0 0.0208333333333333 0.017955214947966
0 0.0178571428571429 3.86412918549633e-05
0 0 1.64749521784894e-113
0 0.0185185185185185 0.00370292868116103
0 0.0350877192982456 0.00276395232648982
0 0 9.29441407860893e-142
0 0.0232558139534884 0.0233446617594653
0 0.0196078431372549 0.0018359262920517
0 0.024390243902439 0.00167666580277838
0 0.0204081632653061 0.00340656635594664
0 0.0208333333333333 6.39990433442463e-05
0 0 1.10908136538964e-223
0 0.0350877192982456 0.00294582233413578
0 0.0185185185185185 6.27330131275893e-06
0 0.0204081632653061 2.6487143695071e-05
0 0.0188679245283019 5.63774782926089e-05
0 0.0666666666666667 0.00171026392204847
0 0.0508474576271186 0.00238154736843614
0 0 3.40626767545562e-33
0 0 9.42352356672039e-19
0 0 9.34207992028261e-13
0 0.024390243902439 0.00378214986465999
0 0.04 0.000975873014112698
0 0.0444444444444444 0.00864481344887084
0 0.0847457627118644 0.0124658140370298
0 0.0238095238095238 3.07693088798723e-06
0 0 5.60147448797419e-23
0 0.0487804878048781 0.0176469999475359
0 0 1.34321530753225e-09
0 0.0508474576271186 0.0055238397694404
0 0.04 8.68378711077619e-06
0 0.0731707317073171 0.00667265937197469
0 0 7.41065823773167e-13
0 0.0227272727272727 2.42428394213548e-09
0 0.02 0.00523124432103402
0 0 1.40680209185667e-75
0 0.0232558139534884 1.26279870861948e-08
0 0.0425531914893617 0.00171654785833534
0 0.0212765957446809 0.000133315750886799
0 0.0172413793103448 2.51987333850197e-05
0 0 1.77153965093571e-16
0 0 5.37541709488044e-08
0 0.037037037037037 0.00763850647289056
0 0 5.93376397174577e-11
0 0.0208333333333333 0.00606942641512661
0 0 1.03413460496849e-64
0 0.0357142857142857 0.00374176262555081
0 0 1.47092294879247e-08
0 0 6.87734490982025e-74
0 0.0172413793103448 7.90796588974614e-08
0 0.0555555555555556 0.00537471698103372
0 0 2.09961064185364e-06
0 0.0943396226415094 0.009603294847667
0 0.0377358490566038 8.88223566708181e-08
0 0.0476190476190476 0.00671669673492151
0 0.0192307692307692 0.000268155596376294
0 0.0232558139534884 0.0119847902020796
0 0.0204081632653061 1.20369450287386e-06
0 0.0175438596491228 0.00225598462917289
0 0.0625 0.000775211627123831
0 0.0588235294117647 0.0214574250718869
0 0.0727272727272727 0.0069508440575706
0 0.0508474576271186 0.00565324048083383
0 0 5.37098602745632e-21
0 0.0232558139534884 0.00133988068872936
0 0.0217391304347826 0.00500874328597964
0 0 8.37137795635198e-10
0 0.037037037037037 0.000261702117884523
0 0.0338983050847458 0.00367598936512666
0 0.0238095238095238 0.00541440271576802
0 0.06 0.00164215183278666
0 0 5.57315826348244e-37
0 0.0181818181818182 1.79537693576722e-07
0 0.0208333333333333 0.000231909118712508
0 0 4.32324423920089e-25
0 0.0212765957446809 2.05451726447927e-08
0 0.0178571428571429 0.000475483838786707
0 0.0196078431372549 0.00961625646163857
0 0.0196078431372549 0.0206856872012994
0 0.0677966101694915 0.0228669648349753
0 0.0638297872340425 0.0240794638591313
0 0.0740740740740741 0.0233877495119994
0 0.0204081632653061 0.00197278341015711
0 0 1.07114500518376e-198
0 0 3.98766237246672e-33
0 0.024390243902439 0.0116694580116415
0 0 3.04770689752615e-18
0 0.0212765957446809 0.00243959468581105
0 0 4.70156712351889e-11
0 0.0212765957446809 1.48922583229521e-05
0 0.0888888888888889 0.0202516171546099
0 0 1.14394643293856e-11
0 0 1.35964100648169e-27
0 0.0169491525423729 0.00319982293054435
0 0 7.06316855829843e-89
0 0.0338983050847458 0.00863488689021117
0 0 8.57356773401182e-07
0 0.0208333333333333 0.00625571231308326
0 0.024390243902439 0.0166613814645225
0 0 5.64663078637987e-05
0 0.0181818181818182 0.00443388922550713
0 0.0425531914893617 4.18320170319379e-05
0 0 6.68246083126695e-06
0 0.0169491525423729 0.000919331493892421
0 0.0188679245283019 0.0101966157920537
0 0.0416666666666667 1.39869171458639e-06
0 0.0535714285714286 0.000370994232887405
0 0.0344827586206897 0.00110768318595422
0 0.0363636363636364 0.000666821765633097
0 0.0208333333333333 0.00382424619761808
0 0.0188679245283019 4.63502163059056e-05
0 0 0
0 0.0384615384615385 0.0127124035767966
0 0 6.3001066971093e-80
0 0.0338983050847458 0.000343021663871151
0 0 2.192283674257e-06
0 0.0208333333333333 0.00938748025660462
0 0 2.38501631496052e-33
0 0 4.63455425412862e-22
0 0.0476190476190476 0.0139224612134943
0 0 2.76502084523925e-28
0 0 1.0060356727207e-24
0 0.0192307692307692 0.000589826415424883
0 0.0227272727272727 0.0121234349135298
0 0.0204081632653061 0.00247106820345384
0 0 5.28210248712203e-13
0 0 4.73058946514445e-05
0 0.0338983050847458 0.00580913591141849
0 0.0172413793103448 5.16393647211571e-06
0 0.0204081632653061 7.88527020661122e-07
0 0.02 0.00506593957319375
0 0.0178571428571429 0.00447107442391997
0 0.0217391304347826 0.00728362106481344
0 0.0238095238095238 0.000103619531212325
0 0.0416666666666667 0.0112440495284272
0 0.0465116279069767 0.00768554527821479
0 0.0208333333333333 1.65904643739128e-06
0 0.0222222222222222 0.01315164235889
0 0.0740740740740741 0.0131234507422089
0 0 1.7622214052836e-14
0 0 1.64188871368661e-14
0 0.0227272727272727 5.00367303531556e-06
0 0.0192307692307692 0.000404613930890915
0 0.0222222222222222 0.00733454342246401
0 0.0408163265306122 5.09302933975789e-08
0 0 1.39313680792471e-41
0 0.04 0.0101848682184746
0 0.0185185185185185 0.00381796846234725
0 0.0227272727272727 0.00404530271416476
0 0.0188679245283019 0.00330358537494774
0 0.0208333333333333 0.00138798143551087
0 0.0357142857142857 0.000158250606592966
0 0.0181818181818182 0.000322061160468366
0 0.0208333333333333 0.00026298051831992
0 0.0175438596491228 6.770125796238e-05
0 0.0625 0.00120013009285228
0 0.0232558139534884 3.80109957756989e-07
0 0.0208333333333333 3.07191118743507e-10
0 0.0238095238095238 2.91246885953284e-06
0 0 0.0212765957452837
0 0 2.03141988948714e-06
0 0.0204081632653061 0.000105864007787537
0 0.0238095238095238 0.00171389342752078
0 0.0338983050847458 0.00620338482157475
0 0.0232558139534884 1.41047506193584e-09
0 0.0357142857142857 1.31966996627347e-06
0 0.0188679245283019 0.00952795265298526
0 0.0222222222222222 0.00604917670351063
0 0.0188679245283019 0.00132510493930863
0 0.0487804878048781 0.00532447980316415
0 0 2.98679520784827e-142
0 0.0192307692307692 0.000875486931362297
0 0 8.07173758018731e-11
0 0.0192307692307692 7.85347024195308e-05
0 0.0185185185185185 9.48838041483273e-05
0 0 1.89754421046797e-12
0 0.0232558139534884 0.00010997900224457
0 0.0208333333333333 1.2898801613635e-06
0 0.0192307692307692 1.2736576097588e-08
0 0.0535714285714286 0.000400566626841016
0 0.0212765957446809 0.0217391666577665
0 0.037037037037037 0.00514409496822987
0 0 3.32549956986179e-07
0 0.0576923076923077 0.00885149320780328
0 0.0357142857142857 0.0113297839077186
0 0.0181818181818182 7.15392562587589e-09
0 0.0425531914893617 0.0166637813510003
0 0 0
0 0 2.3320079401527e-11
0 0.0204081632653061 0.0060434188763271
0 0 1.42454411639847e-259
0 0 3.63887695080829e-14
0 0 7.95223378112974e-05
0 0.0172413793103448 0.000429726103989523
0 0 7.33793753879593e-13
0 0.0344827586206897 0.00857700409561706
0 0.0344827586206897 0.0028803188903956
0 0.0212765957446809 9.43126145338268e-06
0 0.0196078431372549 0.00663157528413981
0 0.0392156862745098 5.42790926455869e-05
0 0.06 0.0108270805658964
0 0.0222222222222222 0.00168183636243061
0 0.0212765957446809 0.000388159483728386
0 0.0238095238095238 2.43954772578404e-06
0 0 7.70413506045654e-78
0 0.0689655172413793 0.00946413661358384
0 0.024390243902439 2.31749589407982e-05
0 0.0666666666666667 0.023398687705988
0 0.0212765957446809 0.00795701536489445
0 0.0196078431372549 9.70736326262142e-07
0 0 2.46448584630445e-11
0 0.0227272727272727 0.00951643161083025
0 0.0192307692307692 0.00370649387125786
0 0.0392156862745098 0.000308479803982921
0 0.0344827586206897 0.000178289797448799
0 0 1.53735707082643e-111
0 0.0384615384615385 0.00479388584208658
0 0.0172413793103448 0.0034841781961402
0 0.037037037037037 0.00216153383909783
0 0.0222222222222222 0.00532847412196642
0 0.0434782608695652 0.00069554226240887
0 0.0178571428571429 0.000139264771148414
0 0.0943396226415094 0.00576468698432055
0 0.0208333333333333 0.0209167039746821
0 0 6.25551112109656e-05
0 0.0192307692307692 6.6907427975444e-06
0 0.0566037735849057 0.00599410240598283
0 0 5.93674120523818e-32
0 0 7.86060343893361e-06
0 0.0689655172413793 0.0057276463256768
0 0.0217391304347826 0.0162833528498115
0 0.0172413793103448 4.32834181647239e-07
0 0.0338983050847458 0.000319319768061996
0 0.0222222222222222 0.000295436481384324
0 0.04 0.0184122370894653
0 0.0338983050847458 0.000313516052564977
0 0.0454545454545455 5.23003675554542e-06
0 0.0465116279069767 0.00256014390953932
0 0.0169491525423729 0.000909405846952334
0 0.0384615384615385 0.00323052133558594
0 0 3.81156245968824e-09
0 0.0454545454545455 0.0190380295126291
0 0.0212765957446809 0.00324337923289446
0 0 1.9764582226864e-07
0 0.0196078431372549 0.00018286385493776
0 0 1.27288388860256e-33
0 0.0217391304347826 0.0027281778434853
0 0.0454545454545455 0.00648765580118626
0 0 3.52305009957893e-06
0 0.02 6.93567132619102e-05
0 0.0555555555555556 0.00777032686897406
0 0.0192307692307692 0.00220245884238794
0 0.0408163265306122 0.000902589146340326
0 0 1.64477783262551e-99
0 0.0181818181818182 0.00359676977498672
0 0.0238095238095238 0.0171511055554883
0 0 3.0662010009839e-26
0 0.0196078431372549 3.35016657835855e-06
0 0.0357142857142857 0.00634151183679802
0 0 1.3467757518037e-11
0 0.0172413793103448 0.000103325467551687
0 0 0
0 0.0188679245283019 0.00441955956405158
0 0.0188679245283019 3.21191051996916e-09
0 0.0625 0.00321096777519949
0 0.0377358490566038 0.00520701635107718
0 0.037037037037037 3.88120294278575e-06
0 0 1.03623285738059e-06
0 0.0181818181818182 3.32302354160064e-07
0 0.0212765957446809 0.00833614095549049
0 0.0192307692307692 4.23331667033992e-05
0 0.0454545454545455 0.0072933236261124
0 0.0344827586206897 0.00643508330001437
0 0 2.34605147477499e-09
0 0.0178571428571429 2.31418335436616e-05
0 0 6.57673948548621e-23
0 0.037037037037037 0.0148594878549868
0 0 0
0 0.024390243902439 0.00108473403140389
0 0.0238095238095238 5.72017064300849e-05
