0 0.107744107744108 0.00357802540605345
0 0.113496932515337 0.00405243544224686
0 0.0865384615384615 0.00397469888267155
0 0.12 0.00410394507339446
0 0.122033898305085 0.00222867769262924
0 0.103225806451613 0.00277453648061117
0 0.108843537414966 0.00425834335421164
0 0.0792079207920792 0.00238221541953751
0 0.0884353741496599 0.00393203776047819
0 0.0949152542372881 0.003666446036924
0 0.109324758842444 0.00465879897355073
0 0.120141342756184 0.00331086373462437
0 0.111111111111111 0.00315501367750998
0 0.121405750798722 0.00417290832595725
0 0.096989966555184 0.00264271375189138
0 0.132142857142857 0.00387235411972608
0 0.120567375886525 0.00509998450430474
0 0.108552631578947 0.0026284665929525
0 0.112179487179487 0.0036612453805859
0 0.116564417177914 0.00451334116465236
0 0.131410256410256 0.00346195130393568
0 0.079136690647482 0.00594881333097911
0 0.127946127946128 0.00301189842494949
0 0.108843537414966 0.00264688989664516
0 0.109677419354839 0.0039911823346859
0 0.150641025641026 0.00306199174148497
0 0.0952380952380952 0.0046394993338045
0 0.103125 0.00121768952717731
0 0.115107913669065 0.00336031891996618
0 0.112211221122112 0.00231738207185981
0 0.108196721311475 0.00322789801861174
0 0.128813559322034 0.00363174307363287
0 0.0694444444444444 0.00438600548314945
0 0.135483870967742 0.00399714558725172
0 0.112179487179487 0.00334147969277803
0 0.0789473684210526 0.0028784056355301
0 0.12621359223301 0.00471778268893217
0 0.0947368421052632 0.0036053588374822
0 0.0683453237410072 0.00322860326906335
0 0.114093959731544 0.00711196126421664
0 0.0950819672131148 0.00305870490444874
0 0.13166144200627 0.00397271968230059
0 0.109965635738832 0.00522966210575723
0 0.128676470588235 0.00490280765121252
0 0.104918032786885 0.00367497600987662
0 0.114285714285714 0.00339310996513125
0 0.109717868338558 0.00278647345959519
0 0.0690909090909091 0.00164133082210477
0 0.0938511326860841 0.00213441319284837
0 0.103678929765886 0.00354889768649788
0 0.136942675159236 0.00499451060311873
0 0.0945945945945946 0.00310301822329875
0 0.106617647058824 0.00404604572173769
0 0.112676056338028 0.00331575149348493
0 0.124567474048443 0.00638995814518256
0 0.11744966442953 0.00603642845012835
0 0.11400651465798 0.00377413757956692
0 0.111464968152866 0.0033029887090449
0 0.13265306122449 0.00373102269528616
0 0.136363636363636 0.00567909375931164
0 0.112627986348123 0.00273562116009817
0 0.0897435897435897 0.00343765158418145
0 0.0986842105263158 0.00307333606188441
0 0.135646687697161 0.00386807196691281
0 0.0983050847457627 0.00236019931677062
0 0.110769230769231 0.00386000249043683
0 0.166089965397924 0.00643566139016757
0 0.0980392156862745 0.00257815902694875
0 0.0944625407166124 0.00352897430408074
0 0.120805369127517 0.00529423709282279
0 0.103092783505155 0.00481251261706832
0 0.0954063604240283 0.00393466502669771
0 0.0949367088607595 0.00238237603942796
0 0.100334448160535 0.00262279954926544
0 0.126934984520124 0.00623399051853316
0 0.0980392156862745 0.00255047473339863
0 0.100719424460432 0.00221993705856913
0 0.104956268221574 0.00299655814829426
0 0.0898876404494382 0.00130479712589121
0 0.124203821656051 0.00593167589047217
0 0.0868055555555556 0.00343212355377736
0 0.114093959731544 0.00433123202808367
0 0.106583072100313 0.00336830205507278
0 0.105084745762712 0.00306232905339487
0 0.11371237458194 0.00240767664550105
0 0.119741100323625 0.00377219580678265
0 0.0982456140350877 0.00361076803717589
0 0.109034267912773 0.00400380134145947
0 0.117845117845118 0.00558944314548528
0 0.0979020979020979 0.00327896650168658
0 0.101639344262295 0.00258160528108313
0 0.103448275862069 0.00171657961853067
0 0.148936170212766 0.00542813910622993
0 0.0806451612903226 0.00225329792321859
0 0.133333333333333 0.00501468131359063
0 0.107594936708861 0.00370607348042282
0 0.107936507936508 0.00359976764458738
0 0.102310231023102 0.00337140466332763
0 0.102990033222591 0.00300932460251203
0 0.112540192926045 0.0030285570285955
0 0.120253164556962 0.00484681503589292
0 0.115254237288136 0.00325567711014411
0 0.118032786885246 0.00329115161939981
0 0.131147540983607 0.00366718097271823
0 0.112540192926045 0.00603146194139817
0 0.138888888888889 0.0051265880577666
0 0.128712871287129 0.00269513652374344
0 0.0704225352112676 0.00277007427987101
0 0.109375 0.00351790721006132
0 0.087248322147651 0.00279954844630842
0 0.0865384615384615 0.00219732727034893
0 0.102990033222591 0.0039185676261887
0 0.150943396226415 0.00463216414702866
0 0.0719424460431655 0.00146768975302785
0 0.148648648648649 0.0070063891445041
0 0.116504854368932 0.00418867030227828
0 0.105431309904153 0.00409044345721872
0 0.136666666666667 0.00387498704357799
0 0.109144542772861 0.00447233398861678
0 0.121107266435986 0.00675186267116918
0 0.0944055944055944 0.00260204541528573
0 0.141935483870968 0.00276692904838433
0 0.127586206896552 0.00460973749981103
0 0.104761904761905 0.00234449091381616
0 0.0801393728222996 0.00236101080668041
0 0.0896057347670251 0.003954715660443
0 0.146131805157593 0.00333626310992183
0 0.107744107744108 0.00351080971004352
0 0.106312292358804 0.00406495710662926
0 0.143344709897611 0.00404867370548663
0 0.124183006535948 0.00527921206917161
0 0.134228187919463 0.00486665077474519
0 0.0879120879120879 0.00504161935147914
0 0.129370629370629 0.006026722540712
0 0.104026845637584 0.00393780439985469
0 0.100609756097561 0.00287060170072352
0 0.117021276595745 0.00469239542960078
0 0.104693140794224 0.00296960097473852
0 0.0819672131147541 0.00201607445770097
0 0.125850340136054 0.00412155486954115
0 0.125 0.00443168007461158
0 0.106109324758842 0.00333964866437476
0 0.0919117647058824 0.00341706186231419
0 0.108196721311475 0.00264629406893947
0 0.0812720848056537 0.00384278055672377
0 0.0993150684931507 0.00276814133430018
0 0.0808080808080808 0.00471077205831885
0 0.104529616724739 0.00291455813458363
0 0.130293159609121 0.00531429243462012
0 0.103092783505155 0.00466898417920153
0 0.108433734939759 0.00370664375216849
0 0.103321033210332 0.0040436924194564
0 0.121212121212121 0.00427967785625476
0 0.136807817589577 0.00409128170898268
0 0.0647482014388489 0.00203359361140571
0 0.0989761092150171 0.00397004010365103
0 0.151612903225806 0.00475493381727799
0 0.110738255033557 0.00509824955920635
0 0.113074204946996 0.00564082166497253
0 0.0934256055363322 0.00361707079116663
0 0.135483870967742 0.00434739993712671
0 0.0827814569536424 0.00247162378487406
0 0.096085409252669 0.00342258720070657
0 0.150470219435737 0.00392127765432176
0 0.096551724137931 0.00302801885901836
0 0.114478114478114 0.0042319764322652
0 0.0996784565916399 0.00412896973568118
0 0.0806451612903226 0.00322199798817579
0 0.108843537414966 0.0039705060152564
0 0.138364779874214 0.00501561652899267
0 0.155425219941349 0.00390674586353055
0 0.114093959731544 0.00343741888150766
0 0.117021276595745 0.0039072527484569
0 0.0964285714285714 0.00268794828184282
0 0.131901840490798 0.00496440689016685
0 0.105431309904153 0.00661550754355096
0 0.125448028673835 0.00304388616026369
0 0.140350877192982 0.00794848950325124
0 0.117845117845118 0.00333467331440335
0 0.124203821656051 0.00365224217704346
0 0.149501661129568 0.0064343564274957
0 0.11400651465798 0.00228262923920681
0 0.109540636042403 0.00422364210842017
0 0.0859872611464968 0.00223155921379081
0 0.120567375886525 0.00558577868689912
0 0.088339222614841 0.00590639528708251
0 0.0949152542372881 0.00377348911895211
0 0.1198738170347 0.00425095213489851
0 0.130990415335463 0.00376230812535776
0 0.137071651090343 0.00521789167833366
0 0.115131578947368 0.00229971773331022
0 0.0836012861736334 0.00380687719286387
0 0.100719424460432 0.00772989303904207
0 0.10580204778157 0.0030027719676397
0 0.0966666666666667 0.00322259975137875
0 0.103896103896104 0.00335121460258505
0 0.11744966442953 0.00290880748011549
0 0.0830449826989619 0.0024595701392313
0 0.120253164556962 0.00375152736295315
0 0.113013698630137 0.00492143620887168
0 0.103225806451613 0.00274771480015222
0 0.109489051094891 0.00404907895605363
0 0.0839160839160839 0.00460397164203716
0 0.101083032490975 0.00358971233021824
0 0.123809523809524 0.00419531907874314
0 0.11038961038961 0.00332807177743772
0 0.132352941176471 0.00548501576495474
0 0.110738255033557 0.00322166679438861
0 0.102112676056338 0.00333198735223069
0 0.147335423197492 0.00452480755533494
0 0.142857142857143 0.00439869633311144
0 0.138790035587189 0.00756949340605064
0 0.135483870967742 0.00614678636711715
0 0.100671140939597 0.00293146366024398
0 0.102649006622517 0.0037752851031586
0 0.121212121212121 0.00273759154418568
0 0.0797101449275362 0.0046992521649329
0 0.075 0.00237310987386055
0 0.125412541254125 0.00374823876296137
0 0.116352201257862 0.00359587980152906
0 0.122186495176849 0.00408602997648025
0 0.103092783505155 0.00319015026500035
0 0.109929078014184 0.00303346704318144
0 0.105960264900662 0.00334652171841059
0 0.123456790123457 0.00451459209003263
0 0.114478114478114 0.00387365773755408
0 0.0779661016949153 0.00140995532850598
0 0.116719242902208 0.00256895298900779
0 0.147368421052632 0.00423353337371037
0 0.1 0.00307066655080582
0 0.113074204946996 0.00478121572801939
0 0.128378378378378 0.00344872631907738
0 0.101351351351351 0.00570047592085759
0 0.12779552715655 0.00416763006028219
0 0.0924092409240924 0.00353301099181445
0 0.0695364238410596 0.00168306300965064
0 0.0926517571884984 0.003134307163343
0 0.116040955631399 0.00485793392246101
0 0.0897435897435897 0.00355716518025242
0 0.0726643598615917 0.00281701598459181
0 0.100334448160535 0.00223932245854261
0 0.109271523178808 0.00328590372169891
0 0.119601328903654 0.00455587245110324
0 0.115511551155116 0.00310499667267082
0 0.130293159609121 0.0049487184660634
0 0.146496815286624 0.00544696442523925
0 0.0735785953177258 0.00230657231032142
0 0.0886524822695035 0.00352532469983254
0 0.117088607594937 0.00391690729381269
0 0.121323529411765 0.00419314400596447
0 0.133802816901408 0.00932601850521616
0 0.075 0.0019958352989079
0 0.0766423357664234 0.00191817336785307
0 0.104166666666667 0.00255412512231825
0 0.110714285714286 0.00297043443028028
0 0.112121212121212 0.00186953810690338
0 0.0993150684931507 0.00412404212824122
0 0.0967741935483871 0.00233711191485987
0 0.126582278481013 0.00346247914471983
0 0.106451612903226 0.00343769513192041
0 0.0821428571428571 0.00205836762474847
0 0.117845117845118 0.0045966382973916
0 0.135048231511254 0.00389690524612097
0 0.0833333333333333 0.0015073844507458
0 0.130293159609121 0.00857230264695713
0 0.0977198697068404 0.00322896168998336
0 0.101973684210526 0.00572949293750896
0 0.139072847682119 0.00562021139949027
0 0.129139072847682 0.00490890708424132
0 0.0898876404494382 0.00239038222721817
0 0.118971061093248 0.00173174585919832
0 0.0988023952095808 0.00296134757473155
0 0.124590163934426 0.00343125250194925
0 0.122448979591837 0.00341051633651638
0 0.0836363636363636 0.0039038916780171
0 0.0915032679738562 0.00242471299058578
0 0.0986394557823129 0.00348394286684421
0 0.123674911660777 0.0052459638390423
0 0.11038961038961 0.0038361092190434
0 0.0933333333333333 0.00596421502588312
0 0.115755627009646 0.00361425533888662
0 0.0887372013651877 0.00233303542050413
0 0.118811881188119 0.00342658244576092
0 0.102473498233216 0.00246774481260724
0 0.118466898954704 0.00384932136477441
0 0.0909090909090909 0.00251286061473991
0 0.141379310344828 0.00622003701703554
0 0.116883116883117 0.0037172369757728
0 0.121710526315789 0.00210061396409531
0 0.128378378378378 0.00357561157155148
0 0.0941558441558442 0.00425295757936688
0 0.088135593220339 0.00187302648322115
0 0.144694533762058 0.00301947440506365
0 0.13953488372093 0.00368582425061852
0 0.106707317073171 0.00323150748521017
0 0.125850340136054 0.00488473901543692
0 0.111111111111111 0.00321982749569233
0 0.096989966555184 0.00216580691086999
0 0.0989761092150171 0.00353849606112427
0 0.0986842105263158 0.00177785238744908
0 0.142857142857143 0.00483397912044458
0 0.0942760942760943 0.00687906208644616
0 0.129139072847682 0.00495612385181152
0 0.144230769230769 0.00493268204403237
0 0.141379310344828 0.00413387041867243
0 0.109271523178808 0.00223159099174648
0 0.0974729241877256 0.00371304020052217
0 0.121621621621622 0.00357317470002215
0 0.100334448160535 0.0034830272669899
0 0.117845117845118 0.00375871349985241
0 0.122923588039867 0.00320386986485416
0 0.111801242236025 0.00271910490841197
0 0.0827586206896552 0.00322712531686642
0 0.11875 0.00335073984978597
0 0.119718309859155 0.00462052241767928
0 0.101973684210526 0.00279083578279562
0 0.101045296167247 0.00297912051463558
0 0.118032786885246 0.00621375447989787
0 0.123376623376623 0.00321320085502867
0 0.119760479041916 0.00305332543730767
0 0.11437908496732 0.00377696135458407
0 0.114649681528662 0.00326686217526349
0 0.123456790123457 0.00297569242226763
0 0.0845588235294118 0.00295997614037496
0 0.100313479623824 0.00376305263262821
0 0.121311475409836 0.00254269030157512
0 0.120274914089347 0.00664484397596378
0 0.11371237458194 0.00344104938276346
0 0.12621359223301 0.00337027107411384
0 0.117460317460317 0.00357521353770835
0 0.11371237458194 0.00285242443054535
0 0.0949152542372881 0.00171730353990672
0 0.106312292358804 0.00361443711595141
0 0.0891089108910891 0.00224679776107278
0 0.113879003558719 0.0050663482333657
0 0.0980392156862745 0.00334729224341345
0 0.136986301369863 0.00447087642592335
0 0.117056856187291 0.00427045980541495
0 0.107936507936508 0.00454835555808188
0 0.127208480565371 0.00466541545640553
0 0.0756578947368421 0.00246219813588847
0 0.105960264900662 0.0053149145091697
0 0.0858085808580858 0.00223853399600781
0 0.130872483221477 0.00480517073541629
0 0.132404181184669 0.00383307601570178
0 0.0684931506849315 0.00242247900195088
0 0.113564668769716 0.00450840038978922
0 0.116279069767442 0.00437561261660634
0 0.131756756756757 0.00406933427645036
0 0.1 0.00280102975160079
0 0.13166144200627 0.00388780204905639
0 0.126934984520124 0.00425813617264132
0 0.0977917981072555 0.00210303488865779
0 0.142857142857143 0.00646253861564777
0 0.124223602484472 0.00412646114639637
0 0.12621359223301 0.0052092381713008
0 0.130293159609121 0.00336424919876375
0 0.113846153846154 0.00281073674758081
0 0.118421052631579 0.00309433771390174
0 0.118466898954704 0.00201036828535022
0 0.113793103448276 0.00357257721043243
0 0.123333333333333 0.00558724141015149
0 0.0825082508250825 0.00501809465259355
0 0.114285714285714 0.00362382701196712
0 0.107744107744108 0.00506808607346388
0 0.0952380952380952 0.00131605068403997
0 0.111111111111111 0.00357948730251495
0 0.109215017064846 0.00483356632145013
0 0.112903225806452 0.00395225644543552
0 0.122923588039867 0.00335991927701121
0 0.10431654676259 0.00742135025967988
0 0.115755627009646 0.00269463867965213
0 0.13015873015873 0.00280546220002104
0 0.109965635738832 0.00220010326841928
0 0.129568106312292 0.00439303241602321
0 0.121405750798722 0.00232134222118346
0 0.0836363636363636 0.00270250024711685
0 0.0979020979020979 0.00731550643296276
0 0.115853658536585 0.00293040840865512
0 0.104430379746835 0.00407692405618583
0 0.101351351351351 0.00495580498835528
0 0.0912280701754386 0.00381140881423099
0 0.0903426791277259 0.001913980306378
0 0.0946969696969697 0.00600509649866307
0 0.142384105960265 0.00310038644395909
0 0.0924092409240924 0.00345548927058328
0 0.110091743119266 0.00220515333234131
0 0.11890243902439 0.00326587843290184
0 0.109929078014184 0.00317776253653097
0 0.111111111111111 0.00377337323916679
0 0.13953488372093 0.0053761312617495
0 0.0866666666666667 0.00456093759035007
0 0.0909090909090909 0.00282736543528197
0 0.125423728813559 0.00525339911311444
0 0.103092783505155 0.00317085472442862
0 0.136363636363636 0.00304932147743367
0 0.11864406779661 0.00430569049048205
0 0.119122257053292 0.00357588544509268
0 0.0729166666666667 0.00206244440124697
0 0.0925925925925926 0.00313179581457932
0 0.105633802816901 0.00279707217456336
0 0.130718954248366 0.00370285134658392
0 0.0701107011070111 0.00150692585252561
0 0.123867069486405 0.00309501975283132
0 0.13758389261745 0.00802777320879998
0 0.134185303514377 0.00523039530910291
0 0.0912052117263844 0.00353857902190769
0 0.109965635738832 0.0034797997951305
0 0.134020618556701 0.00243667510291163
0 0.106109324758842 0.00230676599409213
0 0.0918367346938776 0.00355659150256369
0 0.131578947368421 0.00268948900404388
0 0.107255520504732 0.00438395167970289
0 0.0903010033444816 0.00293122383166483
0 0.108359133126935 0.00202882735888249
0 0.136942675159236 0.00396595868061097
0 0.111888111888112 0.00421572610893877
0 0.114285714285714 0.00303628327441891
0 0.127208480565371 0.00481663989709686
0 0.118032786885246 0.00359959804017109
0 0.107936507936508 0.00326519921335504
0 0.138263665594855 0.0071983686918697
0 0.108695652173913 0.00515300391980068
0 0.10752688172043 0.00369511997417707
0 0.120996441281139 0.00359263982113678
0 0.0873493975903614 0.00293013848072595
0 0.133333333333333 0.0056770273190223
0 0.103806228373702 0.00334176184341827
0 0.11 0.00356963483717698
0 0.090032154340836 0.00169258545722635
0 0.131487889273356 0.00429429192420513
0 0.0974025974025974 0.00317652304323664
0 0.0987261146496815 0.00558311149290245
0 0.104918032786885 0.00531437184477774
0 0.112244897959184 0.00367476583604268
0 0.0942760942760943 0.00265708360667135
0 0.0808080808080808 0.00285792572875966
0 0.12624584717608 0.00430755765902335
0 0.13015873015873 0.00472708701879721
0 0.0941558441558442 0.00299364180507888
0 0.160535117056856 0.0043208358192925
0 0.123778501628664 0.0032264808574917
0 0.096085409252669 0.00343951067301117
0 0.108552631578947 0.00421986552007805
0 0.10625 0.00298305273671425
0 0.116883116883117 0.00467598668938743
0 0.0821917808219178 0.0034894503699841
0 0.101351351351351 0.00393651193826397
0 0.0905923344947735 0.00269542887670707
0 0.0918032786885246 0.00188158136311674
0 0.0719424460431655 0.00354430169580015
0 0.128813559322034 0.00339693246955319
0 0.114754098360656 0.00419201855028043
0 0.126315789473684 0.00526774094144197
0 0.109965635738832 0.00423337739731196
0 0.118081180811808 0.00430632053157505
0 0.110738255033557 0.00334860814029519
0 0.110062893081761 0.00328132357588198
0 0.117834394904459 0.00419327907976993
0 0.0860927152317881 0.00331000465309443
0 0.112244897959184 0.00811318654436907
0 0.0703363914373089 0.00140723338567341
0 0.0946372239747634 0.00269096905693743
0 0.134228187919463 0.00420624612740406
0 0.11231884057971 0.00364412651592752
0 0.0972222222222222 0.00251697425988411
0 0.151057401812689 0.00328032599638427
0 0.0885245901639344 0.00315493723244241
0 0.0974025974025974 0.00253265172009682
0 0.121107266435986 0.00486939627882088
0 0.115254237288136 0.00311247903796023
0 0.120521172638436 0.00239413678642128
0 0.109634551495017 0.00301927534625868
0 0.100649350649351 0.00471464499892355
0 0.108024691358025 0.00308980687030298
0 0.06 0.00108623802567323
0 0.0972222222222222 0.00582246894743605
0 0.0858085808580858 0.00223469679145638
0 0.0993377483443709 0.00287005721818336
0 0.0936555891238671 0.00249883495004371
0 0.0930232558139535 0.00274013643693725
0 0.128617363344051 0.00483058163317786
0 0.126811594202899 0.00427716155445985
0 0.0982456140350877 0.00220695304343517
0 0.112211221122112 0.00415507775365726
0 0.0912052117263844 0.00237258983937466
0 0.0884353741496599 0.00613134495886097
0 0.101449275362319 0.00331266502097812
0 0.0976430976430976 0.00355985041881605
0 0.129139072847682 0.00192775111710724
0 0.0936454849498328 0.00351291021110671
0 0.110032362459547 0.00303748566351997
0 0.120253164556962 0.00476811670389921
0 0.115384615384615 0.00411194361365989
0 0.0954063604240283 0.00366768521650477
0 0.132930513595166 0.0062847588545964
0 0.113879003558719 0.00470390633074817
0 0.117845117845118 0.00429294648811572
0 0.100334448160535 0.00368378681638895
0 0.0918367346938776 0.00226110937242841
0 0.125 0.00403821685447654
0 0.120915032679739 0.00587803302471717
0 0.107638888888889 0.0054567788440193
0 0.120401337792642 0.00448066111006891
0 0.0865384615384615 0.00187103738098479
0 0.100649350649351 0.0023925514935672
0 0.0993589743589744 0.00354173555375784
0 0.0899280575539568 0.00296572948953167
0 0.122377622377622 0.0045210306067678
0 0.110367892976589 0.00370647372951247
0 0.111842105263158 0.0043711461279675
0 0.112244897959184 0.00530112004880694
0 0.12751677852349 0.00266231681939387
0 0.0993377483443709 0.00154661869457275
0 0.0894568690095847 0.00363335783550316
0 0.0853242320819113 0.0032384789626829
0 0.101398601398601 0.00328718179537688
0 0.105431309904153 0.00302871045809993
0 0.119047619047619 0.00466422073888011
0 0.0526315789473684 0.00540381103003774
0 0.105960264900662 0.00332577267177379
0 0.101307189542484 0.00515365526767004
0 0.110032362459547 0.00473393131470893
0 0.132075471698113 0.00343165013604349
0 0.0903010033444816 0.0030788977749563
0 0.0934256055363322 0.00360848698913992
0 0.144736842105263 0.0037069326620312
0 0.0861423220973783 0.00405015503402941
0 0.137809187279152 0.00227993950247921
0 0.100346020761246 0.00463010050924899
0 0.153333333333333 0.00589577714029997
0 0.11371237458194 0.00353844513224171
0 0.120401337792642 0.00468674776760996
0 0.099009900990099 0.0034347198077259
0 0.11400651465798 0.00428310906197543
0 0.114864864864865 0.00543401852655126
0 0.0747330960854092 0.0015645661582155
0 0.0821917808219178 0.0064157113663825
0 0.131901840490798 0.0031310605704304
0 0.102739726027397 0.00339587154384521
0 0.137071651090343 0.00432305562910219
0 0.100334448160535 0.00351278624334164
0 0.0581818181818182 0.00178277289366525
0 0.0947368421052632 0.00477204894549949
0 0.127090301003344 0.00409708704548325
0 0.103333333333333 0.00357968253042308
0 0.131756756756757 0.00452490607671202
0 0.127147766323024 0.00434471851025181
0 0.120634920634921 0.00335810257332565
0 0.110320284697509 0.00198880050262914
0 0.0824372759856631 0.00444891853619037
0 0.112903225806452 0.00325940571938294
0 0.12258064516129 0.00391046105753409
0 0.152647975077882 0.00569263381338292
0 0.116838487972509 0.0034961520149104
0 0.116564417177914 0.00466279454174002
0 0.120253164556962 0.00278090824571265
0 0.120274914089347 0.00426134108490971
0 0.13353115727003 0.00403382201848448
0 0.151724137931034 0.00405131446881035
0 0.0912280701754386 0.00311771189090242
0 0.119354838709677 0.00433032082170173
0 0.111842105263158 0.00365139152852501
0 0.123711340206186 0.00346414746348484
0 0.09375 0.003944592386645
0 0.127035830618893 0.00440053055975555
0 0.0973154362416107 0.00326886610797766
0 0.109634551495017 0.00378687883912711
0 0.108552631578947 0.0033207822779655
0 0.089041095890411 0.00276481155370024
0 0.109965635738832 0.0065577673696859
0 0.0993377483443709 0.00246558973466941
0 0.131410256410256 0.00395271362175923
0 0.104868913857678 0.00639070135287844
0 0.127208480565371 0.00297602054476745
0 0.113793103448276 0.00215239268101905
0 0.0869565217391304 0.00261964694017162
0 0.122516556291391 0.00262842169606407
0 0.0902527075812274 0.00469453151634795
0 0.111475409836066 0.00357433300528083
0 0.108552631578947 0.00524164015501112
0 0.1 0.00328926265345989
0 0.102389078498294 0.00353302472283146
0 0.12540192926045 0.00361824686926763
0 0.128712871287129 0.00407028166869589
0 0.119298245614035 0.00556689351885695
0 0.0935483870967742 0.00311832123179962
0 0.0950704225352113 0.0041244364893558
0 0.092814371257485 0.00257306609537676
0 0.145328719723183 0.00480155140172135
0 0.13109756097561 0.00469961176720512
0 0.0750853242320819 0.00196127086761077
0 0.108552631578947 0.00301751205537578
0 0.096989966555184 0.00263129237213221
0 0.109215017064846 0.00427155386268094
0 0.0954198473282443 0.00416152824176258
0 0.129251700680272 0.00611112121407075
0 0.116883116883117 0.00281299761636494
0 0.133333333333333 0.00538376450535564
0 0.110749185667752 0.0053445863933858
0 0.0950819672131148 0.00414618106868045
0 0.10828025477707 0.00302933798326178
0 0.125373134328358 0.00294246718482726
0 0.106529209621993 0.00305517475322714
0 0.109154929577465 0.00296864746967449
0 0.0928571428571429 0.00201368574494235
0 0.149700598802395 0.00716270480039495
0 0.121710526315789 0.00406573694598122
0 0.169811320754717 0.00497787626106247
0 0.0934256055363322 0.00401690505244699
0 0.127090301003344 0.00463512662213315
0 0.0966666666666667 0.0032893852436685
0 0.0924657534246575 0.00415460698088167
0 0.118421052631579 0.00434564072178844
0 0.146757679180887 0.0053860233708596
0 0.116279069767442 0.00352949425028986
0 0.144827586206897 0.00771621796400654
0 0.0671378091872792 0.00223903026972796
0 0.0957095709570957 0.00329656662238965
0 0.11 0.00306052757324333
0 0.112540192926045 0.00170896992388266
0 0.107491856677524 0.00257564156508547
0 0.0858085808580858 0.00155943573021764
0 0.103896103896104 0.0017825741637929
0 0.0902777777777778 0.00349466284158685
0 0.107638888888889 0.00265067273644654
0 0.100977198697068 0.00455838335849932
0 0.100649350649351 0.00511917432812097
0 0.11231884057971 0.00578789979867628
0 0.110367892976589 0.00390071694171035
0 0.126666666666667 0.0049560425159734
0 0.0983606557377049 0.00483403764678659
0 0.151419558359621 0.00554383885328889
0 0.135036496350365 0.00339323306315071
0 0.103333333333333 0.00330932703823873
0 0.109756097560976 0.00434586910684705
0 0.125827814569536 0.00447764670791761
0 0.120915032679739 0.00350267874728186
0 0.0968858131487889 0.00291593772435694
0 0.10126582278481 0.0019791973967259
0 0.107142857142857 0.00365521557982321
0 0.100358422939068 0.00374685158774395
0 0.104895104895105 0.00385113022315486
0 0.103202846975089 0.00402851552651152
0 0.0844155844155844 0.0030962456405989
0 0.116719242902208 0.0027615851026511
0 0.148148148148148 0.00443017969483532
0 0.131578947368421 0.00498790054359087
0 0.131313131313131 0.00465728679896002
0 0.102893890675241 0.00326922695067847
0 0.11890243902439 0.00270101455144212
0 0.107936507936508 0.00314995363750627
0 0.110062893081761 0.00309684084832084
0 0.129449838187702 0.0060797465577856
0 0.0917721518987342 0.00162899344875107
0 0.118032786885246 0.0043977027930268
0 0.111111111111111 0.00269584216936797
0 0.0920634920634921 0.0029324651291032
0 0.122516556291391 0.00379915842114101
0 0.109965635738832 0.00397746827744679
0 0.154518950437318 0.00387133121344911
0 0.115384615384615 0.0041785564828892
0 0.103333333333333 0.00186672721766683
0 0.109634551495017 0.00357654989931233
0 0.102836879432624 0.00277350011117262
0 0.0983606557377049 0.00340567172585823
0 0.127659574468085 0.00458903399374383
0 0.0914826498422713 0.00573739151556377
0 0.111842105263158 0.00388502043632928
0 0.102484472049689 0.00345769058301879
0 0.0974025974025974 0.00299608783950951
0 0.126984126984127 0.00578299318155059
0 0.112280701754386 0.00559765649457234
0 0.130281690140845 0.00377338805731882
0 0.0912162162162162 0.00296749432383152
0 0.114093959731544 0.00360475115435164
0 0.0957446808510638 0.00349059608712274
0 0.126984126984127 0.00412506243631158
0 0.145962732919255 0.00375281184672795
0 0.111486486486486 0.00377705013210791
0 0.10377358490566 0.00273659614863478
0 0.0547445255474453 0.00166350497690133
0 0.135483870967742 0.00274928720176102
0 0.111111111111111 0.00431696420906203
0 0.115384615384615 0.00487356786271222
0 0.136507936507936 0.0037634072416173
0 0.0993150684931507 0.00172574787279823
0 0.0986842105263158 0.00299391606916456
0 0.159235668789809 0.00570787399469938
0 0.0922509225092251 0.00482937076036953
0 0.0806451612903226 0.00113315083100654
0 0.152597402597403 0.00626845136765086
0 0.12 0.00417521113035028
0 0.0972644376899696 0.00254926781883985
0 0.12962962962963 0.00303245469930925
0 0.10223642172524 0.00359681294963857
0 0.0776699029126214 0.00314277647436836
0 0.114754098360656 0.00369805799835745
0 0.103225806451613 0.00385485562127057
0 0.0878378378378378 0.00283752447298769
0 0.120805369127517 0.0045296771810544
0 0.108303249097473 0.00227390688962802
0 0.0897009966777409 0.00320782896205964
0 0.0855018587360595 0.00284856271145337
0 0.119298245614035 0.00413500548473077
0 0.109215017064846 0.0055003730868052
0 0.125412541254125 0.00299573052644444
0 0.0973154362416107 0.00201390713831595
0 0.107843137254902 0.00346792487814083
0 0.0955631399317406 0.00333768730483708
0 0.127725856697819 0.0049545020121912
0 0.113074204946996 0.00334839003049041
0 0.138801261829653 0.00512007059731364
0 0.0936454849498328 0.0041039370825023
0 0.104166666666667 0.00452215221651468
0 0.112244897959184 0.00369688767353613
0 0.103678929765886 0.00279122193316416
0 0.0942760942760943 0.00378459569072407
0 0.116207951070336 0.00316694884391954
0 0.1 0.00280519961120072
0 0.120634920634921 0.0048625390793479
0 0.106382978723404 0.00275806436710035
0 0.109677419354839 0.00341810622245858
0 0.137254901960784 0.0041742187931016
0 0.123839009287926 0.00537895909990445
0 0.0809061488673139 0.00237419732686579
0 0.119122257053292 0.003894940977356
0 0.13 0.00498484659048213
0 0.120401337792642 0.00364477330027911
0 0.0940766550522648 0.00541168683340347
0 0.0966666666666667 0.0033288772673321
0 0.10580204778157 0.00392749263981866
0 0.107744107744108 0.00318175271048059
0 0.14527027027027 0.00396989840171033
0 0.107023411371237 0.00400068846171383
0 0.093984962406015 0.00499566096874414
0 0.0809061488673139 0.00192331068809098
0 0.126279863481229 0.00459928825313147
0 0.0905923344947735 0.00291567990632564
0 0.128289473684211 0.00584437901367474
0 0.12 0.00354105144053958
0 0.122112211221122 0.00271640110959701
0 0.111864406779661 0.00395153954832555
0 0.114093959731544 0.00477128765797345
0 0.119601328903654 0.00592353505429391
0 0.109965635738832 0.00882928007091637
0 0.0897009966777409 0.00182129529423764
0 0.0786516853932584 0.00320831081436557
0 0.153153153153153 0.00737779753906137
0 0.108552631578947 0.00383546115641848
0 0.133757961783439 0.00321677049345692
0 0.103559870550162 0.00245146939711196
0 0.124183006535948 0.00312278537487847
0 0.0940766550522648 0.00246784317421059
0 0.112852664576803 0.00296286958381502
0 0.136518771331058 0.00549725494029332
0 0.138157894736842 0.00486007966234461
0 0.0644067796610169 0.00272421245091812
0 0.108974358974359 0.00385097462691903
0 0.0862619808306709 0.00256657429181156
0 0.100649350649351 0.00398138948328141
0 0.124183006535948 0.00483139262556522
0 0.13840830449827 0.00370759889814309
0 0.116838487972509 0.00470860274969363
0 0.135593220338983 0.00417243829234309
0 0.124203821656051 0.0036444757979722
0 0.0921985815602837 0.00668684072542447
0 0.108771929824561 0.00203723812040913
0 0.111475409836066 0.00239981592327986
0 0.0795847750865052 0.00271989697940589
0 0.101694915254237 0.00231860663534815
0 0.0879478827361563 0.0027273691673543
0 0.113013698630137 0.00633147690290651
0 0.096551724137931 0.00159832867467683
0 0.115646258503401 0.0032773379768465
0 0.111475409836066 0.0040241217658621
0 0.102649006622517 0.00226310399472599
0 0.0975609756097561 0.00248630441287207
0 0.0964285714285714 0.00422667782943299
0 0.0777385159010601 0.00243227087523824
0 0.0906040268456376 0.00301293198469147
0 0.0893470790378007 0.00252772776595046
0 0.121673003802281 0.00351675709449699
0 0.111455108359133 0.00357524630119947
0 0.115107913669065 0.00244291459355255
0 0.0884353741496599 0.00331190012087694
0 0.122324159021407 0.00278360173717715
0 0.113475177304965 0.00337793827312789
0 0.168831168831169 0.00724202309842353
0 0.0989761092150171 0.00440691589047407
0 0.107491856677524 0.00280821141315439
0 0.106583072100313 0.00256625168987274
0 0.120689655172414 0.00417959618372558
0 0.111111111111111 0.00585591530501905
0 0.108108108108108 0.00913796621851825
0 0.116363636363636 0.00357212042773101
0 0.121107266435986 0.00382222189029822
0 0.0753424657534247 0.00163482704257644
0 0.0996784565916399 0.00446560266588482
0 0.102649006622517 0.00342068051992898
0 0.0848056537102474 0.0041827911027381
0 0.0970873786407767 0.00334903674421872
0 0.0888157894736842 0.00671818917547604
0 0.117021276595745 0.00397452917862594
0 0.087719298245614 0.00325984158069715
0 0.0940766550522648 0.00348848917837557
0 0.139318885448916 0.00285138081550624
0 0.104529616724739 0.00426242789905383
0 0.105633802816901 0.00277919734753809
0 0.108474576271186 0.00566978786344947
0 0.0987654320987654 0.00143502578828468
0 0.0963455149501661 0.00326734189747254
0 0.118811881188119 0.00294942655023579
0 0.0897009966777409 0.00351914220240375
0 0.122743682310469 0.00449277443412984
0 0.1 0.00233877505907644
0 0.116438356164384 0.00497529026438742
0 0.115789473684211 0.00393151911167851
0 0.0941558441558442 0.00448253871419645
0 0.103225806451613 0.00365045366578941
0 0.116279069767442 0.00352593741235912
0 0.123076923076923 0.00346485945537871
0 0.0906148867313916 0.00271605876294525
0 0.11969111969112 0.00461298534554435
0 0.117845117845118 0.00391881891928399
0 0.0827814569536424 0.00278676193967541
0 0.0933333333333333 0.00161779403676546
0 0.129251700680272 0.00385438863432705
0 0.108024691358025 0.00310028692268814
0 0.0960264900662252 0.00256545936927593
0 0.133561643835616 0.00435112076374617
0 0.0930232558139535 0.00177556113149981
0 0.1198738170347 0.00373951242215756
0 0.118012422360248 0.00382210332275053
0 0.105431309904153 0.00204772544356428
0 0.135761589403974 0.00537988498586973
0 0.143790849673203 0.00435996639181961
0 0.133550488599349 0.00483325522518619
0 0.0952380952380952 0.00299469959729588
0 0.116504854368932 0.00317378660578469
0 0.12624584717608 0.00562715467559059
0 0.136363636363636 0.00519358535834065
0 0.142384105960265 0.00381849589227736
0 0.12779552715655 0.00670985407626737
0 0.105263157894737 0.00216998592814394
0 0.11231884057971 0.00524785364081633
0 0.106164383561644 0.00224444927134972
0 0.105263157894737 0.00262358362929803
0 0.125748502994012 0.00693759269219526
0 0.136986301369863 0.00463813483454622
0 0.0918727915194346 0.00267612510205079
0 0.119205298013245 0.00378889972830664
0 0.0941558441558442 0.00335767532669314
0 0.0662020905923345 0.00239620501877113
0 0.10472972972973 0.00251355983315305
0 0.107638888888889 0.00418258931250679
0 0.101398601398601 0.00298304568065149
0 0.137380191693291 0.00467353804151972
0 0.0996563573883162 0.00334310741470004
0 0.111801242236025 0.00495643534044633
0 0.079734219269103 0.00304760574152715
0 0.10223642172524 0.00214211176476151
0 0.109965635738832 0.00410717569342979
0 0.12624584717608 0.00319610353225932
0 0.111940298507463 0.00393138529384218
0 0.0925925925925926 0.00405581942687764
0 0.145214521452145 0.00421753533296387
0 0.1 0.00432810131227154
0 0.103559870550162 0.00300719292249366
0 0.139194139194139 0.00590954664903671
0 0.105442176870748 0.00337281561702995
0 0.109965635738832 0.00403217932911781
0 0.115646258503401 0.00319612520505484
0 0.111111111111111 0.00264801090628996
0 0.1 0.00363131239021072
0 0.128919860627178 0.00470097122522616
0 0.111842105263158 0.00383734763526502
0 0.104918032786885 0.00443931174716963
0 0.118589743589744 0.00374854968401386
0 0.105263157894737 0.0038966240823589
0 0.101398601398601 0.00298112435899058
0 0.07 0.00209518763155633
0 0.110062893081761 0.00140219930187212
0 0.12111801242236 0.00332633852989023
0 0.109540636042403 0.00326005828304316
0 0.132616487455197 0.00575189891206204
0 0.0938511326860841 0.0026162641040116
0 0.128048780487805 0.00529370943039068
0 0.141447368421053 0.00407296975726496
0 0.101010101010101 0.00484978209656993
0 0.0993377483443709 0.0049585551806094
0 0.123867069486405 0.00360662654877807
0 0.127147766323024 0.00341114705253214
0 0.089171974522293 0.00246920629815785
0 0.0989010989010989 0.00679497937421043
0 0.1 0.00352895887321712
0 0.0940766550522648 0.00387852144761033
0 0.088339222614841 0.00179432552538347
0 0.130584192439863 0.00493872588031178
0 0.0909090909090909 0.00416046653983064
0 0.0936454849498328 0.00386367132441224
0 0.122516556291391 0.00326972983364526
0 0.162251655629139 0.00601262617585222
0 0.104693140794224 0.00436560064201099
0 0.104918032786885 0.00209664464403379
0 0.141618497109827 0.00385876602782317
0 0.11038961038961 0.00280165388576729
0 0.103559870550162 0.00326299355816425
0 0.0945945945945946 0.00365843866553445
0 0.107744107744108 0.00363715305115375
0 0.0842105263157895 0.00239618155990079
0 0.102564102564103 0.00518690126125695
0 0.110367892976589 0.00328077192074488
0 0.140522875816993 0.00576850687752199
0 0.133757961783439 0.00377343122919111
0 0.125382262996942 0.0032409526577733
0 0.118589743589744 0.00362991597783112
0 0.0957446808510638 0.00354254987067228
0 0.0891089108910891 0.00221963043382511
0 0.125423728813559 0.00302281594396067
0 0.136507936507936 0.00420720700966212
0 0.132258064516129 0.00649451647686434
0 0.121019108280255 0.00635694522671292
0 0.0934256055363322 0.00409616606570745
0 0.130841121495327 0.00383630714846081
0 0.108771929824561 0.00541840523972403
0 0.108910891089109 0.00320861700696381
0 0.106451612903226 0.00370153356125956
0 0.11214953271028 0.00276580414008406
0 0.140065146579805 0.0022888260642956
0 0.0721311475409836 0.00253492506683548
0 0.111111111111111 0.00440589613538956
0 0.110410094637224 0.00286428943727305
0 0.149152542372881 0.0034471124553348
0 0.105960264900662 0.00289779990605884
0 0.10801393728223 0.00372327969722181
0 0.114186851211073 0.00353638243490742
0 0.110062893081761 0.0042799523066674
0 0.100649350649351 0.00275006284617173
0 0.12624584717608 0.00528839290459942
0 0.134868421052632 0.00595861106773448
0 0.113793103448276 0.00178339022894147
0 0.118243243243243 0.00234902175936915
0 0.0986842105263158 0.00363535790957659
0 0.162337662337662 0.00502916774440326
0 0.109965635738832 0.00283997120295051
0 0.0871080139372822 0.0040559297103369
0 0.0899653979238754 0.00202995397057192
0 0.0915492957746479 0.00242917062625213
0 0.130872483221477 0.00390340185831247
0 0.122377622377622 0.0047114852611608
0 0.124137931034483 0.00620779932158599
0 0.139318885448916 0.00464290398149637
0 0.103678929765886 0.0026500762960991
0 0.107023411371237 0.0037198977971964
0 0.125 0.00277565336765802
0 0.12 0.00386609607758207
0 0.0983606557377049 0.00388809831864943
0 0.116197183098592 0.00285586903244791
0 0.13125 0.00322329806621119
0 0.129568106312292 0.00403264968233557
0 0.105960264900662 0.00422660377157762
0 0.123711340206186 0.00512582776213824
0 0.0697674418604651 0.00280837266774296
0 0.102040816326531 0.00309147222109157
0 0.0714285714285714 0.00253024517712444
0 0.0644067796610169 0.00132720562657385
0 0.108771929824561 0.00439950999128139
0 0.110320284697509 0.00474451677105044
0 0.0976430976430976 0.00420114813788557
0 0.0996884735202492 0.00144849399436207
0 0.117241379310345 0.00401816318437383
0 0.109215017064846 0.00217669593467069
0 0.140350877192982 0.00415708454847397
0 0.123333333333333 0.00471498097213463
0 0.0958466453674121 0.00284317687506807
0 0.0779220779220779 0.00347199739040361
0 0.09375 0.00273245502850685
0 0.103571428571429 0.00347708293889399
0 0.12 0.00366635194549362
0 0.121311475409836 0.0023917173064909
0 0.141914191419142 0.00381045578462038
0 0.0989761092150171 0.00351726740222218
0 0.144230769230769 0.00389455254806939
0 0.102040816326531 0.00407948622337224
0 0.125391849529781 0.00297542710156856
0 0.0905923344947735 0.00262817915819677
0 0.0786885245901639 0.0044575624923974
0 0.129032258064516 0.00699344038138339
0 0.104294478527607 0.00202176977617839
0 0.0909090909090909 0.00172089902054057
0 0.113564668769716 0.00259909064709287
0 0.0821428571428571 0.00267978632968485
0 0.096551724137931 0.00245620489001152
0 0.108552631578947 0.00285921094637173
0 0.121212121212121 0.00288327693725373
0 0.0819112627986348 0.00338246367738786
0 0.0955882352941176 0.00149129467007656
0 0.0923076923076923 0.00322824781022727
0 0.136075949367089 0.00362539063759287
