9.04821023850957
8.83594932852697
9.0647609239737
9.78071351572723
9.78071351572723
9.78071351572723
9.78071351572723
9.78071351572723
9.50118194118746
10.7156973103483
9.34616800274445
9.89328564728579
9.79921645637534
9.69421509046441
9.69421509046441
9.69421509046441
9.85481570635013
9.85481570635013
9.50278141632503
11.0777283875334
11.0777283875334
9.61742302838689
9.68539523231497
9.48863562975074
10.3383529867385
10.3383529867385
10.488772145265
10.6201532233001
10.6201532233001
10.6417843270049
10.6417843270049
10.6417843270049
10.6417843270049
9.78708935734132
11.1173948277284
11.2647581031556
10.6071511963741
10.3709425005881
10.772016872137
10.1972053913299
10.3893468439524
10.3893468439524
10.8502117456676
11.3842133948369
11.3842133948369
10.8731659021103
10.8731659021103
10.5604285621726
10.8205519305803
10.2135702835323
10.2135702835323
10.2135702835323
9.51606456384221
9.51606456384221
9.20617628826293
10.7142573604767
10.7142573604767
10.2143736475835
10.2143736475835
9.45725183152956
9.45725183152956
8.53692440435812
8.53692440435812
7.9764556613016
7.95617674436917
7.3477632686788
7.3477632686788
7.74354218189783
7.74354218189783
8.00098780764969
8.29090137698905
7.83860396372848
7.4694902461216
7.94270639254404
7.74157002941038
7.82890559765698
7.63707704197623
7.91534444450951
7.91534444450951
7.91534444450951
7.91534444450951
7.91534444450951
8.13744251713545
8.24000229113077
8.24000229113077
8.14700113220997
8.14700113220997
7.20280725438414
7.66943874933991
7.95099625937395
8.12280589124274
8.12280589124274
7.94386077715034
8.05542669642537
8.05542669642537
7.69143542277848
7.43206564264316
7.43206564264316
7.43206564264316
7.43206564264316
8.0008735823049
7.73900809409917
8.43172148449877
9.05889102155552
9.05889102155552
9.05889102155552
8.39355648381533
8.39355648381533
8.36531797000977
8.36531797000977
8.36531797000977
7.77388240606742
7.77388240606742
7.64958186647125
7.64958186647125
7.64958186647125
7.94898457396577
7.94898457396577
7.94898457396577
7.94898457396577
7.94898457396577
8.11290039046036
7.85196453921103
8.13073142684574
8.55311026038226
8.15388273648271
8.15388273648271
8.8321844398961
8.41277224109812
8.41277224109812
8.39400569798058
8.73435747238063
7.98958272760102
7.71926333669648
7.87543827619786
7.87543827619786
8.48959345015328
7.60142700183838
7.60142700183838
7.5734390381581
7.5734390381581
7.64163681201992
8.1443916282718
8.15986357414567
9.05139367439018
9.64465812134227
9.19256977549113
9.19256977549113
8.09357799868871
8.09357799868871
8.09357799868871
9.14030141100464
9.14030141100464
8.12612425030604
8.12612425030604
7.23872613885163
7.40157284993787
7.05522391384297
7.35306195696073
8.01533217737398
7.98851443026733
7.80575812240271
7.924345675302
7.83373820617351
7.45366386261316
8.00991671002463
8.70165360577368
8.42822789001009
9.5200244222983
9.12637453356077
9.12637453356077
10.4159269499778
10.4159269499778
10.1726444356645
10.1726444356645
10.5640280834463
10.2274214067845
10.2274214067845
10.5401579870666
10.6124714690967
10.6124714690967
10.6124714690967
10.6124714690967
10.3356223120394
10.2851501145285
11.3337911240293
9.03520576767845
9.6534752035587
9.92556546024344
10.9325032407185
9.81342811821747
10.3530788828168
10.3530788828168
8.54060073770369
10.096237989369
10.096237989369
11.0426543283411
11.2264930218611
9.2162113241886
9.2162113241886
9.36807257034743
9.36807257034743
9.22307792531828
10.62433034145
9.38364240423689
9.38364240423689
9.38364240423689
9.38364240423689
9.38364240423689
8.65987868126908
7.8383795979121
9.45505319419763
9.45505319419763
8.64876605054255
9.01096773584953
9.01096773584953
9.51024291083412
9.51024291083412
9.51024291083412
9.51024291083412
9.07371052361823
9.13533072681169
8.90118756783586
9.77394303216637
9.22311129115632
9.97511231312696
9.05043045656507
9.70132391770743
9.70132391770743
9.32262836039506
9.32262836039506
8.32136863149537
7.94357508673237
7.94490280205989
7.35803261948478
7.17915574469104
7.15951057882173
7.52859085662763
7.79589315399778
8.06815219061974
8.53450687938378
8.58417540692559
8.83912003140217
8.83912003140217
8.8764646502774
7.88982183845977
7.74894309144517
8.06005285814011
8.58359104978569
8.58359104978569
8.14701348803684
8.04891580885084
8.68432363309131
7.99809907097554
8.09498835365407
7.9320725477851
8.45523111492188
8.16265446808428
8.80627344670189
8.80627344670189
8.80627344670189
9.17997964115932
9.17997964115932
9.17997964115932
9.17997964115932
9.17997964115932
9.17997964115932
9.51417792643447
9.9659692181617
9.9659692181617
9.9659692181617
9.9659692181617
9.9659692181617
9.92854975256739
9.92854975256739
9.92854975256739
9.92854975256739
9.92854975256739
10.9575339136834
10.8355373324141
10.3358366645943
10.3358366645943
10.0643704995987
10.654129561126
11.2410693738123
10.7564546974729
10.7564546974729
8.78193655701589
9.10163396492425
9.10163396492425
10.3308151408169
10.4544397555667
10.1402110553165
10.1402110553165
10.1402110553165
10.1402110553165
10.1402110553165
10.1402110553165
9.43576895041538
9.43722125865554
8.48498032755945
8.65222765503126
10.006898788678
10.1738181272284
10.5023762776155
10.5023762776155
10.5023762776155
10.2207895910579
10.9868799686295
10.9868799686295
10.9868799686295
10.7948830478641
10.7948830478641
10.7948830478641
10.7948830478641
9.27749771328299
10.1491180855209
10.4938021350298
10.4938021350298
10.4938021350298
9.60196582133755
9.60196582133755
9.28389835567679
8.92463543525155
8.56019401322047
9.08369071889152
10.0519653540513
10.4645428465719
10.4645428465719
10.4645428465719
10.4645428465719
10.4645428465719
10.7003504202593
10.7003504202593
10.4763111882459
10.8145238961371
11.1531711297554
11.1531711297554
10.3213749886995
10.1179171407353
10.3735047515917
10.2166952590203
10.2166952590203
11.2877513234294
11.2877513234294
11.4247155875847
11.4247155875847
10.5447662385025
11.3733115012931
11.3733115012931
11.3733115012931
10.6057289191367
9.8178448672968
9.8178448672968
9.70221846554815
11.0986554991069
12.078238501013
12.078238501013
12.078238501013
10.9557362081174
10.9557362081174
10.9557362081174
10.9557362081174
10.4104007582019
10.1196446143851
10.2059718464935
10.2059718464935
11.2184852037672
10.5797617322397
9.71275054867392
9.29113489389197
10.3394706724553
10.6397853042324
10.6397853042324
10.6397853042324
10.9144240742053
10.9144240742053
10.6542892591488
10.6542892591488
10.6542892591488
10.4513012484104
10.4513012484104
10.4513012484104
10.4513012484104
10.4513012484104
11.1348680305204
11.1348680305204
10.7233147642812
10.7233147642812
10.2461265838317
8.82803227829765
8.91025709535002
8.91025709535002
9.62620568505561
10.351192467364
10.8366044724456
10.8366044724456
10.8366044724456
10.8366044724456
9.53279020496434
10.1560905147478
10.1560905147478
10.1560905147478
9.88170340348362
10.2509636330164
10.0495869062623
10.0495869062623
10.024310493953
10.024310493953
9.68285878392426
9.68285878392426
9.58181391654677
8.69946925884212
8.69946925884212
9.01364960950771
10.4026976724212
9.0084027198424
9.49231492974915
11.813169552567
11.813169552567
10.9006006324033
9.75963068649533
10.3633561809285
10.3633561809285
10.6157413056985
10.5370203412568
10.6687110477196
10.1328804666765
10.3201483618735
10.1220902262399
9.55735520482994
9.25227706613969
9.48642907700095
8.90083702954104
10.3848922834141
9.88718718953469
10.4332690015411
10.4332690015411
9.80097892477915
9.74391160704765
8.52701209970091
8.52701209970091
8.11709635503854
9.24132028173897
9.34631327240877
8.32859639169913
9.2357284603101
9.2357284603101
8.70426426378095
9.04123978294323
9.04123978294323
9.04123978294323
9.04123978294323
9.04123978294323
9.04123978294323
9.04123978294323
9.72473593229932
9.36893766060099
9.4147393252421
9.49345158971168
9.75676859832111
9.65631268180934
8.35393042946054
8.67269633185531
8.43176586630764
8.11787722832935
8.09543783892083
7.87838326555823
9.24797515908577
10.4036039054457
10.4025555256544
10.4025555256544
10.33762766
10.33762766
10.33762766
9.13194140329344
9.13194140329344
8.99011446008118
9.25992285312747
8.29404786776319
8.44522278499672
8.78386151380545
9.53354302772086
9.53274493997823
9.10504332942762
8.59611447101494
8.44975020674825
8.81321782910125
8.81645862435039
9.05260898176234
9.08602650985098
9.85876407424883
9.85876407424883
9.85876407424883
9.85876407424883
9.85876407424883
9.85876407424883
9.85876407424883
9.21447151487416
9.21447151487416
9.21447151487416
9.21447151487416
8.39218559043071
9.82771311391187
9.82728047490094
9.82728047490094
9.82728047490094
9.82728047490094
9.82728047490094
9.82728047490094
8.716941266743
9.90361226538919
9.90361226538919
9.90361226538919
10.0313702050902
10.0313702050902
9.52220845658965
9.0879492183276
9.0879492183276
8.20077585846087
8.20077585846087
8.28488764655966
8.7269915454708
8.7269915454708
8.24452256529331
8.25431616721111
8.02436091888725
8.68520434961742
8.47465436799601
9.14904205721579
9.97459789680949
10.6671437012789
10.7410775468325
10.3794199909528
10.3794199909528
10.4615067152677
10.2970351213978
10.6718127747784
10.631947107903
9.20010880147705
9.46720781001151
9.46720781001151
10.5649457099043
10.2889225691818
10.2889225691818
10.2889225691818
9.84150756157749
9.84150756157749
9.84150756157749
9.84150756157749
9.84150756157749
10.0873336154588
10.1927115968436
10.9961854926831
10.9898162059649
10.9898162059649
10.9898162059649
10.9898162059649
10.9898162059649
10.9898162059649
11.3286231419517
11.3286231419517
11.053032706511
10.9298660749402
10.9298660749402
11.0086855575454
10.2606717684673
11.5412724852154
11.5412724852154
11.5412724852154
11.5412724852154
11.5412724852154
11.5412724852154
11.5412724852154
11.5412724852154
11.5412724852154
11.5412724852154
11.0641488775504
9.78899406917535
9.78899406917535
9.49693134268533
11.0636929432965
11.0636929432965
11.0636929432965
11.0636929432965
9.64887813863241
9.79521629623144
9.93151063384204
9.93151063384204
9.50097877700708
9.06177139598842
8.60055073955785
8.05706181254235
8.28527398250181
8.42089625570729
8.31875497868105
7.72461522215542
7.6220676127888
7.6220676127888
7.55833727725953
7.74995070078339
8.06288408391024
7.70131104234048
7.25040930891077
7.07304029552505
6.80890497916048
6.75744534890147
6.59473559610522
6.58744300137666
6.58744300137666
6.77514624849186
6.82371620891891
7.58700601743213
7.41239693244785
7.41239693244785
7.60116497230076
7.60116497230076
7.57272725545075
7.5802820507001
7.99332889118832
7.76840476137273
7.76840476137273
7.39921584762454
7.26544894687277
7.24024503339414
7.48944137472492
7.35031910714657
7.11036065560274
7.2611209525823
7.43772297730677
7.6947737841514
7.6947737841514
7.99770170835826
8.314530661757
9.21459593578069
8.85259191022496
7.93205383494973
7.74260330739859
7.74260330739859
7.60804272264842
7.33027962888457
7.25406903327485
7.19436070122335
7.15044218303565
7.27916579627605
7.68507041898386
7.41627798945868
7.02279526337036
7.32998098843476
7.24275498840803
7.10751113003517
7.03110362982575
7.27170635904238
7.19538561691475
7.71465929160619
7.71465929160619
7.93960206763991
7.27547464465876
7.33526679947393
6.97460717384295
7.71343333064492
7.82175286866657
7.94515476940137
7.75072226181863
7.57748153513228
7.54423883851942
7.05726652675403
7.59162214491547
7.0682444231286
6.73259590259815
6.20111031260262
6.20111031260262
6.78859195036402
6.7076048020811
6.88894407219935
7.17612841092776
7.84752208846721
7.84752208846721
7.70937380477679
7.75706779937648
7.56047478648973
7.56047478648973
7.39724724839914
7.32815443651821
8.35557785000606
8.64238878564494
8.87355275151563
9.49006596946029
9.36773843640412
9.97404946274451
9.97404946274451
9.97404946274451
9.23921431119476
10.2464466686604
10.2464466686604
10.2464466686604
10.2464466686604
10.2464466686604
10.2464466686604
9.11277576543892
8.2672294162793
8.58424011518747
8.28638327038103
7.82553087892403
8.2615209526055
8.8247075821064
9.5645506599891
9.56145439567577
9.56145439567577
9.62537441257732
9.60431674221316
9.74262827482496
9.74262827482496
9.74262827482496
9.74262827482496
9.74262827482496
9.74262827482496
9.74262827482496
9.74262827482496
9.74262827482496
9.74262827482496
8.63057780424573
8.26144579028639
8.91424957964658
8.91424957964658
9.03269507089582
9.03269507089582
8.09137236504437
8.10625170144942
8.03684207496828
8.59771139678445
8.60330818368177
8.80503925918312
9.69079655901084
9.69079655901084
10.4716329901092
10.4716329901092
10.4716329901092
11.2527181077143
11.2527181077143
8.52302286294526
8.36388748903883
8.92479361582137
8.96586435396152
9.56864634125852
8.82426534474394
8.82426534474394
8.92148299127937
8.40302696084965
8.57060499338739
8.57060499338739
8.57060499338739
8.7062875497008
8.7062875497008
8.27092808046498
8.54697966619512
8.86382637370114
10.0844355655324
8.98696491696678
9.63983945052052
9.63983945052052
9.63983945052052
8.40648968915034
8.16553117992699
NA
NA
NA
NA
NA
NA
NA
NA
NA
NA
NA
NA
NA
NA
NA
NA
NA
NA
NA
NA
NA
NA
NA
NA
NA
NA
NA
NA
NA
NA
NA
NA
NA
NA
NA
NA
NA
NA
NA
NA
NA
NA
NA
NA
NA
NA
NA
NA
NA
NA
NA
NA
NA
NA
NA
NA
NA
NA
NA
NA
NA
NA
NA
NA
NA
NA
NA
NA
NA
NA
NA
NA
NA
NA
NA
NA
NA
NA
NA
NA
NA
NA
NA
NA
NA
NA
NA
NA
NA
NA
NA
NA
NA
NA
NA
NA
NA
NA
NA
NA
NA
NA
NA
NA
NA
NA
NA
NA
NA
NA
NA
NA
NA
NA
NA
NA
NA
NA
NA
NA
NA
NA
NA
NA
NA
NA
NA
NA
NA
NA
NA
NA
NA
NA
NA
NA
NA
NA
NA
NA
NA
NA
NA
NA
NA
NA
NA
NA
NA
NA
NA
NA
NA
NA
NA
NA
NA
NA
NA
NA
NA
NA
NA
NA
NA
NA
NA
NA
NA
NA
NA
NA
NA
NA
NA
NA
NA
NA
NA
NA
NA
NA
NA
NA
NA
NA
NA
NA
NA
NA
NA
NA
NA
NA
NA
NA
NA
NA
NA
NA
NA
NA
NA
NA
NA
NA
NA
NA
NA
NA
NA
NA
NA
NA
NA
NA
NA
NA
NA
NA
NA
NA
NA
NA
NA
NA
NA
NA
NA
NA
NA
NA
NA
NA
NA
NA
NA
