0.0243061235203357
0.0187437455585729
0.491449847767869
0.0159906223623393
0.0156563965828397
0.0227116535571057
0.059793432112622
0.195513866099325
0.0131801979949657
NA
0.0167889203137054
NA
0.0149780244231406
0.0814488560285214
0.0142715349260149
0.0722936579408863
0.00733117171318535
0.026348353585883
0.0291017846688242
1
NA
0.0270277876401432
0.0213228094795491
0.0498424427845248
0.00885710233374071
0.00769933025712239
0.0359830917501284
0.011604061553996
0.0145212627289116
0.0107754121715839
0.0174144352458592
NA
0.0137459649204579
0.499999999996076
0.046492574116133
0.0281367422857091
0.0782944145851726
1
0.00566543437209413
0.238086844887287
0.207689643263367
0.00782659724530961
NA
0.210926790013052
NA
0.0485475298197523
0.00693085128475935
0.0129308868693935
0.0217418904672811
0.0136673054575288
0.00854241901141072
0.0939652179122113
0.0384525944551379
0.0100979891233262
0.111287098965421
0.0246611716584983
0.0282689484156319
0.0411593731070551
0.0123559988316749
0.0623265471340634
0.0120374638421939
0.0946989016633044
NA
NA
0.0305210620874154
NA
0.0298312797424336
NA
0.0122482443029733
0.00901344024558463
0.0314510646158867
0.366558785852148
0.0124695598527837
0.00687726632269427
0.0078067424333277
0.00653049797796582
0.0503607791881949
0.00969367419108265
NA
0.0130185079036837
0.0609266304735503
0.152043326211606
0.599999938960051
0.00735764363182824
0.39997403628004
0.015047231854391
0.0125983268145674
0.0372296495600428
0.0530952355117366
NA
0.00998268814206813
0.5
0.0138833059614363
0.0120695942642655
0.17637328340773
0.0500488150043873
0.00686133566067289
0.0622695227429431
1
0.0170597581963654
0.0110884445465635
0.0333097081191449
0.0857140762034682
0.0435755700766141
0
0.018942356994019
0.0165872458801453
0.0792509299212957
0.00699921190387443
0.0183166231173472
0.00331196058177524
0.0153883890613244
NA
0.0173991116532279
0.133910012528122
NA
0.358021106159731
0.0222582270770657
0.0103490256562459
0.0100730453643693
0.111240559401309
0.0283158417293507
0.0372482832064398
0.0782805335987014
0.00836698792341011
0.0188053996164813
0.0134470293057744
0.0154350124086715
0
0.0840173750102258
NA
0.00764189098214136
NA
0.0127521901039276
0.00742929347980772
NA
0.00951932073129015
0.039446489668284
0.0673801980458722
0.0134724056250614
0.0141864244266183
0.0289808943115697
NA
0.0194121656964559
NA
0.00739954147252641
0.00873356239619692
0.5
0.666666666666667
0.0188829899962377
0.00575721571875065
0.017983488370059
0.0836065377555291
0.0112886971344767
0.148829499171651
0.0472486978274136
0.0155366761275101
0.0169236176186744
0.0160811778205382
0.00919766096119894
0
1
NA
NA
0.00926666452425521
NA
0.0188667324892369
0
0.197882143511863
0.045591091115127
0.046821447831133
NA
0.012643174347488
0.220201599628306
0.00908502099683294
0.0158566197300551
0.061675526120764
0.00939872266363457
0.133159795854398
NA
0.0218285995093008
0.0219666026505201
0.0245549488825411
0
0.0144511234757154
0.0147102271448541
0.0130223186226295
0.015275327207666
0.393455492489479
0.0120075295263436
NA
0.0098343701898711
0.0530763058555792
0.0170050718113632
0.029312211401673
1
0.624014975222045
0.0246259620188406
0.027421365671919
NA
0.00810523193741756
0.0571599323237373
0.0186778341466434
0.00870768403950029
0.011973945352473
0.0112573034234759
0.0178320735216155
0.0617869588128828
1
0.0507650586405018
0.0117439009610724
0.048478616027886
0.0141765689388267
0.0108735046524903
NA
0.018749662624171
NA
1
0.0112314205185777
0.0351322045831926
0.0126719638735605
0.0115052096783889
0.333333366373274
0.0189987181041682
0.0138868327518893
0.0139804632684104
0.0290345330762903
0.206464228229812
0.0195686807951272
0.0146541969118798
0.00855379266300588
0.0380310002179645
0.0402676068255923
0.0194871784185722
0.0372742988481219
0.0215122954598379
0.0100023209862306
0.0592906522815861
0.0798470219865386
0.00940087191139988
0.0108017071093092
0.0839025442267737
0.00782074478104583
0.5
0.0287165857143944
0.0214608478020704
0.00595085996236353
0.0318659780881695
0.0188815343141176
0.0175456759679217
0.0145862907405575
0.0198609259936649
NA
0.0080148193703369
0.0126259660799489
0
NA
0.15215346819787
0.0651292960011247
0.0411858228054265
NA
0.383984383325941
0.00900236680456981
0.00714373596970381
0.0201014961782258
0.5690553786516
NA
0.0783067163334548
0.00605989101066236
0.0240525805756456
0.0196344716233307
0.00868758258457024
NA
0.0196940080032109
0.0126147874467251
0.0101499255484272
0.0104702999282286
0.010552978344179
1
0.0184811508028165
0.0274211092586618
0.0146075382542052
0.00912394636102332
0.0483551593205392
0.00668029733219141
0.0104087958527635
0.00697579978020358
0.0853800518733204
0.0376460253607244
0.00711998928647066
0.0451286555224349
0.0139821598260599
NA
0.00844264089521363
0.0799555652589617
0.0094496147886639
0.0116404111522862
0
0.00820073240999531
0.0207354673071187
0.0713262068631669
NA
NA
0.666666666666667
0.277093577909768
0.0321750994989426
0.0105984135336685
0.0332631414162304
NA
0.0167292465091248
0.280366644079399
0.0288994411281317
0.0133820747309579
0.0329626580942059
0.00867425511153718
0.287505933523208
NA
0.0082116977562235
0.0109186823471939
0.189290140068161
NA
0
0.00812407408574006
0.419211211243786
0.0137940629522227
0.0402781634980905
0.0104159742454952
0.0100201168696921
0.0106190268462462
0.0166761023523636
0.00768472171035593
1
0.0222929610993634
0.00863732197425556
0.0105699959924579
0.0125284899769153
0.0143393284365519
0.00856027924091733
0.0100038354153616
0.0285256833983205
0.115997842219525
0.0116042504601817
0.333333333333333
0.0138899223534382
0.013450731276753
1
1
0
0.0134045254286443
0.01996635951449
0.0126048557809556
0.00840122427237525
0.0173586271683588
0.00539523785045326
0.0171418879222263
0.00914785171067614
0.0198090749132202
0.0304183004713492
0
NA
0.499999999999995
0.00488589095512181
0.0282316020772061
0.499999988402566
0.00661263437428639
0.5
0.00741918350003068
0.0086054942904328
0.0400279887458237
0.017230427836531
0.0198453216920622
0.00981786988156693
0.0139188495486906
0.0156224174145459
NA
0.0120564461001158
0.0128933512849022
0.0251728024265227
0.0104367081252187
0.036317657163963
0.0103130608092186
0.102095609689842
0.0204500820851794
0.00741639519878547
0.0101146588854768
0.255987976412423
0.666666666666667
NA
NA
0.0343014135831231
0.5
0.0230442797099116
0.334368751645466
0.0311457525279431
0.052246948348129
0.0284598330276648
0.199949758519881
0.101863973812383
0.0193249093047751
0.666666666666667
0.0365062187130238
0.0241868985198633
0.333333333333333
NA
NA
0.0186872309009784
0.00843249916408157
0.0113484796841231
0.0593713634538944
0.189936000631098
0.0136495188783702
0.0315743819875413
0.0164503706062611
NA
0.0213119913946245
0.00617784815980557
NA
0.00788249812703173
0.00409381751194162
NA
0.0277196239955469
0.00695796218478552
0.0163361540419559
0.0214485970600651
0.0204925464309076
0.0203946661169319
0.0467468727235577
0.0154788794392567
0.161963505674966
0.0176912369567094
0.0888088809955029
0.25913566832161
0.00827073788166283
0.00970403373567779
0.0125204210365218
NA
0.00888880065160163
NA
0.013162136978857
0.346318554259906
0
NA
0.0225084452987342
0.00933020532268058
0.0128989449826688
0.00991494554132212
0.0446000234236759
0.0208752234379873
0.0264476108174884
0.571428571428571
0.00842396066963893
0.023721944932907
0.0171416428511547
0.00517700826635307
0.0184030025447046
0.0890686453636626
0.00909785686513564
0.0254661834000131
0.0113882362591721
0.00906800316818809
0.0167554543452573
0.416507771483971
0.00881496322298237
0.101670300347748
0.0612438198665078
0.0121818191232402
NA
0.319156092148751
0.0108276893163724
0.0456893971295086
NA
0.248435005318865
NA
0.0043267814125349
0.0250033903503658
0.0144111081730568
0.101730188814896
NA
0.0229959385806712
0.010249682107294
0.104703832828598
NA
0.0159072462844694
0.00900957537811558
0.012369139288758
0.0112460900497906
0.0122328233256272
0.0059022766447526
0.0115671513828261
NA
0.0355904503351476
0.0143123607593213
NA
0.0141149652323273
0.0210858936345884
0.832850782722232
NA
0.00837551125443968
NA
NA
0
NA
0.0334667625328846
1
1
0.037775150617058
NA
0.00875832265498805
NA
0.0242333093851967
NA
0.017632125260209
0.0148976863693103
0.0127104521356265
0.0474796200293223
0.0476647120107729
0.0397029157946264
NA
0.00757403460527891
0.00952285633704002
0.00959291860959847
0.0155772249988556
0.0259866650566288
0.0746213191395131
0.00799119823729868
0.01387575702245
0.0141777151558784
0.0314431056114395
NA
0.104096412005301
0.014575113719578
0.0118014513377439
0.0076446935360399
0.00998317790604769
0.0265305651740429
0.0172273358247699
0.381459076118245
0.0371646097411856
0.011109999493128
0.0160429697041724
0.0187902319959195
0.0178075164762069
0.00541505024223432
0.0286860316716082
1
0.0337713395668028
0.0332357918927307
0.0133554821272169
0.0197756377504993
0.00692132265958989
0.00916791771223869
NA
0.0262511511600146
0.113542258159938
0.0209598312564566
NA
0.0139016826940208
0.0118142628747242
0.0126277936875392
NA
NA
0
0.0113803638817879
1
0.0456007072592433
0.00797045402233582
0.666666666656833
0.01207021902752
1
0.0132624490021971
0.0192371988863078
0.0218081821719333
0.0135439739453397
0.0193353777583818
0.0310751658522475
0.0232460414740351
0.0404993286693671
0.0141544024575214
0.00862722632784936
0.0165257471458805
0.00912877042346284
0.00986026108083362
1
0.0667439937641616
0.0114246047136202
0.121763538172686
NA
0.0300779645587103
0.0716025022348721
0.016481698683112
0.00462329610384021
0.00998169602549403
0.0947327957811033
0.00413221066920712
0.009196156387515
0.0432632766710247
0.0105274168940528
0.0199505798716905
0.00887247439794251
0.0946623225401282
0.0171148872842631
0.0576388919977252
0.0184349004403044
0.0131818694934652
0.0246915147752513
0.0747744090223992
0.0331673752478765
0.0210215071064717
0.0157796127136576
0.00873825344608266
0.0571277003851855
0.0716339768952476
0.0111157320792003
1
0.0139688983837963
0.016964127962923
0
0.212848104109214
0.0454702171300388
0.0154945879663937
NA
0.00497465758502652
0.0119967808781175
0.0824064504989595
0.00835860578531558
0.0237796922669463
0.0321761507983808
0.0529728758698637
NA
0.012589187306091
0.0114130086201247
0.0133893891912192
0.0209144186284416
0.0092905448688552
0.0941248199175199
NA
0.0138813888538312
NA
0.0205142694574013
NA
0.0160512456089238
0.00489565408611214
NA
0.0409386092108255
0.75
0.0158248403110916
0.0399849854170767
0.00717987044410722
0.00703030245016132
NA
0.00810949180331178
0.00840920704986224
0.0128524628751405
0.0303511083092803
0.0137610372672185
0.0656259429092405
0.0151235831920685
0.00995304304957178
0.0127579248649514
0.0105077711033158
0.0112794323245816
0.00762241967149399
0.00976914217263254
0.00843101684574468
0.034960447089059
0.0191348424363808
0.0158962961684107
0.0950026962245857
0.0182139171573231
0.0658599681604077
NA
0.0226886388151942
0.0228421551299182
0.0176855980641629
NA
0.0128815767709873
0.0190982139390923
0.00552915815295357
0.0127310956185373
NA
0.0206555537714246
0.0100832520729485
0.0216780132502773
0.0179607208143577
0.0176373156857508
0.0214146080069146
0.0293666292282735
0.0352863165095406
NA
0.0237037951527522
NA
0.00836808112000844
1
0.0109370365172651
0.143627194477357
0.0335359737466808
0.0266100379976422
0.00804047125777812
1
0.0107947632604893
0.0940453348232354
0.0148267705152316
0.20180210930324
NA
0.0168127318220677
0.0126019327405681
0.0115575692535335
0.00732127283923212
NA
0.00755875781791664
0.0195866533776941
0.011263575235311
0.0627880689537512
0.0128282948042564
0.0317503385685704
0.0461520328372863
0.749999999999993
0.00739386960351378
0.0117027564912515
0.0123626743396198
0.0273143179273148
0.019981328894438
0.00967042053180119
0.199451132204708
0.0254537126778044
NA
0.0280574030252058
0.0124859241225386
0.497275582643816
0.14113465121654
0.0573116770054186
0.0100101356757609
0.0108289108276817
NA
1
0.5
0.00951604169216537
NA
0.0128962187140873
0.251842527285005
0.0267903154856226
0.0290988942160272
0.0133805305985753
0.00862027229233459
NA
0.00222607136482343
0.0935813646311735
0.00881436110564132
0.0278042511445066
NA
0.00888724814368736
0.0161165945659768
0.0312136434678279
0.0091521934366204
0.121353525245886
0.0112572202042555
0.0162147779291589
0.00675662851755747
0.0095357124834894
0.0174246754725211
0.0159212495131202
NA
0.666666666589372
0.00802509558040939
0.0254731441536274
0.00525285328346534
0.220347657311849
0.0305594609281616
0.0201619419780281
0.0127366965887208
0.0159973550024433
NA
NA
0.011135274565032
NA
0.00826490801710029
0.0317243181111684
NA
NA
0.0282248157232041
0.00292300984183207
0.0038683150719807
0.0134681659406875
0.0667756754003697
0.0215414715976991
0.014632504045182
0.0126392672966347
0.0137359392829771
0.0101153137126008
0.0568496352288236
0.0332228149539425
0.00148515092738237
NA
0.0151039635805045
0.0124771540494455
0.0359571823194594
0.0146058135210229
0.527025114694432
NA
0.0284899006134119
0.00850060057927654
0.0110949703884464
0.0179544259278992
0.00814379497998791
NA
NA
0.111550616399733
0.00785858105786139
0.00851534212858471
0.0110380698483572
NA
0.0583328532042967
0.00980446948326952
0.0189750155537567
0.0164210604440498
0.056543939971161
0.00555706293808734
NA
NA
0.0345261091599188
0.0624655103569623
0.349063347691888
0.0118745488875817
0.0386185356078392
NA
0.0110535027379392
0.0640963379778219
0.0134226461870631
0.0219323457474554
0.00614486007371748
0.0125499244141482
0.0231131903860902
0.0241194032339897
0.0420366054888629
0.173277843762077
NA
0.0382673343382764
0.00381518203751336
0.0315245365743013
0.0110608304315312
NA
0.0286697234275076
0.0102053840893412
0.0072259849682039
0.0177415377005475
0.0428643180219805
0.0513595369760064
0.0275971062305162
0.666666666666667
1
0.00509661593405775
0.0147921902989453
0.0122527608643843
0.0215948268296153
0.0308438989332917
NA
0.0111034243548517
0.136755986561545
0.0243509888398701
0.00783030749100248
0.108466194249352
0.00621180941175483
0.00701465364710274
0.00804878657530279
0.0163417134591391
0.0239010748169661
NA
0.0122431811007343
0.00707003465777433
1
NA
0.0126586882146441
0.00699289180676572
0.0135341983908564
1
0.00877913346011143
0.0301564970032592
1
0.543836075422191
NA
NA
0.243005596933273
0.0543111984028931
0.00772517306268005
0.0108211111744354
0.00419054378006825
0.0192611501658021
0.0104708526033547
0.0959847637184762
0.0131661513454451
0.00696663454318333
1
0.020786975726432
0.00883068030493346
0.00797331187113995
NA
0.00562308512874921
0.0180633193260664
NA
0.0455140329900252
1
0.0231819694595828
0.00938200292476387
0.00820851401382679
NA
0
0.0094824627930096
0.0900924396435313
0.0257105501024127
0.0130644263220611
0.5
0.0204749057115791
0.0117961994020013
0.0243496700389645
0.0580625488990396
0.0262350510984378
0.259580338707342
0.0100472932550773
0.00937559000682256
0.0127312375669284
1
0.0105553836598678
0.0100222455199636
0.00656554838647517
NA
0
0.0549120200349722
0.042712546444217
0.00910131632734094
0.0287240963950379
0.0132193995567986
0
0.0346611846528201
0.0185776920514953
0.0189770195632223
0.00813678532340434
0.00932987139145001
0.0585782088289332
0.01043945648301
NA
NA
NA
0.0429519758292911
0.0879765432162135
NA
0.0119174570475249
0.316352891733958
0.5
0.0141361156984676
0.0119651964690024
NA
1
0.39386418616338
0.0103965399469876
1
0.00418961335892288
0.006528925758181
0.0250524256091301
0
0.0103756443112715
0.0327166595154784
0.0305174572904824
NA
0
0.0539430041260881
0.0922201044625708
0.0870040277608924
0.0153419599757547
0.0203766476852834
0.01593185491321
0.0143925467377842
NA
0.00932459427335082
0.0108403156337899
0.0320241895550113
0.0105365889738042
0.0196496150745138
0.0218194881085347
0.041244281711711
0.0107159272602243
0.0157551224788774
0.0412249859618627
0.00779240026551447
0.0376164565155254
0.539637254250148
0.0107575262643357
1
0.0350383108623192
0.00740381607220228
0.170172359113419
0.0180571503477237
0.0951905386044088
0.0130006547184058
0.252975949009157
0.00925044619362439
0.071352237017028
0.0273472503670659
0.0202905522170373
0.0130245171039789
0.020771542993166
