0.0242277166702701 0.996774193548387 NA
0.0186722045449905 0.99618320610687 NA
0.465584066306403 0.947368421052632 NA
0.0159575838863841 0.997933884297521 NA
0.0156141960529668 0.997304582210243 NA
0.0226341393811429 0.996587030716723 NA
0.0595045749526577 0.995169082125604 NA
0.191824925229526 0.981132075471698 NA
0.0131516075437836 0.997830802603037 NA
0 0 NA
0.016736618381264 0.996884735202492 NA
0 0 NA
0.0149439834585425 0.997727272727273 NA
0.0809938344864626 0.994413407821229 NA
0.0142425277412059 0.997967479674797 NA
0.0716304133726213 0.990825688073394 NA
0.00732042219454431 0.998533724340176 NA
0.0262204489568254 0.995145631067961 NA
0.0290143919220709 0.996996996996997 NA
0.666666666666667 0.666666666666667 NA
0 0 NA
0.0269512216694912 0.997167138810198 NA
0.021249028131869 0.996539792387543 NA
0.0495576288257561 0.994285714285714 NA
0.00884016714763413 0.998087954110899 NA
0.00768565471492501 0.998223801065719 NA
0.0357885885514791 0.994594594594595 NA
0.0115778672841224 0.997742663656885 NA
0.0144899669040648 0.997844827586207 NA
0.0107584162533322 0.998422712933754 NA
0.0173743098190254 0.997695852534562 NA
0 0 NA
0.0137205564825273 0.99815157116451 NA
0.333333333330718 0.666666666666667 NA
0.0461887010826942 0.993464052287582 NA
0.0280397190364481 0.996551724137931 NA
0.0777270637548452 0.992753623188406 NA
0.75 0.75 NA
0.00565591263365364 0.998319327731092 NA
0.233677829241226 0.981481481481482 NA
0.203270714683296 0.978723404255319 NA
0.00781012019847738 0.997894736842105 NA
0 0 NA
0.187490480011602 0.888888888888889 NA
0 0 NA
0.0482260229997539 0.993377483443709 NA
0.00692047575888396 0.998502994011976 NA
0.0128978155474769 0.997442455242967 NA
0.0216773744718292 0.997032640949555 NA
0.0136385321828814 0.997894736842105 NA
0.00852716469174749 0.998214285714286 NA
0.0931755942322767 0.991596638655462 NA
0.0383117424607968 0.996336996336996 NA
0.0100823090159918 0.998447204968944 NA
0.109860341286378 0.987179487179487 NA
0.0245752442311168 0.996515679442509 NA
0.0281855591872672 0.997050147492625 NA
0.0409525420864166 0.994974874371859 NA
0.0123360053060573 0.998381877022654 NA
0.0619724190253471 0.994318181818182 NA
0.0120167453157874 0.998278829604131 NA
0.0939097441494435 0.991666666666667 NA
0 0 NA
0 0 NA
0.030412058294246 0.996428571428571 NA
0 0 NA
0.0297284132605632 0.996551724137931 NA
0 0 NA
0.0122220167991126 0.997858672376874 NA
0.00899970024521027 0.998475609756098 NA
0.0313482833589721 0.996732026143791 NA
0.30546565487679 0.833333333333333 NA
0.0124483891229827 0.99830220713073 NA
0.00686520094318078 0.998245614035088 NA
0.00779054587226271 0.99792531120332 NA
0.00652216826115719 0.998724489795918 NA
0.0500778534624185 0.99438202247191 NA
0.0096759202090477 0.998168498168498 NA
0 0 NA
0.012995906327462 0.998263888888889 NA
0.0605955074818462 0.994565217391304 NA
0.150189139306586 0.98780487804878 NA
0.499999949133376 0.833333333333333 NA
0.00734084535869622 0.997716894977169 NA
0.333311696900033 0.833333333333333 NA
0.0150116592022529 0.997635933806146 NA
0.0125795233417099 0.998507462686567 NA
0.0370506608602349 0.995192307692308 NA
0.0527654514402352 0.993788819875776 NA
0 0 NA
0.00996694257717527 0.998422712933754 NA
0.333333333333333 0.666666666666667 NA
0.0138525906827606 0.997787610619469 NA
0.0120486401075567 0.998263888888889 NA
0.173889152655509 0.985915492957746 NA
0.0498138440419254 0.995305164319249 NA
0.0068512007483233 0.998522895125554 NA
0.061877890524434 0.993710691823899 NA
0.5 0.5 NA
0.0170165689351088 0.99746835443038 NA
0.0110677571500214 0.998134328358209 NA
0.0331964097922091 0.996598639455782 NA
0.0848482774539382 0.98989898989899 NA
0.0432997753292938 0.993670886075949 NA
0 0.5 NA
0.0189017081592679 0.997854077253219 NA
0.0165414247589294 0.997237569060773 NA
0.0787190444855823 0.993288590604027 NA
0.00698928394372709 0.998581560283688 NA
0.0182696574170463 0.997435897435897 NA
0.00330600381813895 0.998201438848921 NA
0.0153435249532739 0.997084548104956 NA
0 0 NA
0.017360100192122 0.997757847533632 NA
0.132422123500031 0.988888888888889 NA
0 0 NA
0.348841077796661 0.974358974358974 NA
0.022186426344559 0.996774193548387 NA
0.0103315441939887 0.998310810810811 NA
0.0100518389530759 0.997894736842105 NA
0.110220003810471 0.990825688073394 NA
0.0282069346457763 0.996153846153846 NA
0.0370656935828788 0.995098039215686 NA
0.0775938622513443 0.991228070175439 NA
0.00835517014385727 0.998587570621469 NA
0.0187604106221835 0.997607655502392 NA
0.0134207655766616 0.998046875 NA
0.0154013115082159 0.997816593886463 NA
0 0.5 NA
0.083355820876287 0.992125984251969 NA
0 0 NA
0.00763118805359494 0.99859943977591 NA
0 0 NA
0.0127282647941641 0.99812382739212 NA
0.00741563669032278 0.998161764705882 NA
0 0 NA
0.00950374082829295 0.998363338788871 NA
0.0392559269162633 0.995169082125604 NA
0.066956423215395 0.993710691823899 NA
0.0134469859918065 0.99811320754717 NA
0.0141478743602417 0.997282608695652 NA
0.028881303609468 0.996563573883161 NA
0 0 NA
0.0193516916600183 0.996884735202492 NA
0 0 NA
0.00738691426864838 0.998293515358362 NA
0.00871747848754831 0.998158379373849 NA
0.333333333333333 0.666666666666667 NA
0.5 0.75 NA
0.0188245287268995 0.996904024767802 NA
0.00574682363261573 0.998194945848375 NA
0.0179406705406064 0.997619047619048 NA
0.0829826083692938 0.992537313432836 NA
0.0112635552700346 0.997772828507795 NA
0.146306965287385 0.983050847457627 NA
0.0470669720665389 0.996153846153846 NA
0.0154966331478001 0.997422680412371 NA
0.0168613984362528 0.996323529411765 NA
0.01604429438517 0.997706422018349 NA
0.00918399430300994 0.99851411589896 NA
0 0.5 NA
0.666666666666667 0.666666666666667 NA
0 0 NA
0 0 NA
0.00924798173287567 0.997983870967742 NA
0 0 NA
0.0188138844990709 0.997198879551821 NA
0 0.5 NA
0.193384822068412 0.977272727272727 NA
0.0452047259361852 0.991525423728814 NA
0.046631887313598 0.995951417004049 NA
0 0 NA
0.0126121861750677 0.997549019607843 NA
0.217225902336032 0.986486486486487 NA
0.00906810289441798 0.998137802607076 NA
0.0158138795151493 0.997304582210243 NA
0.0612253397987146 0.992700729927007 NA
0.00938254586042694 0.998278829604131 NA
0.131535895904955 0.98780487804878 NA
0 0 NA
0.0217468444549588 0.99625468164794 NA
0.0218923911550792 0.996621621621622 NA
0.0244825154050115 0.997050147492625 NA
0 0.666666666666667 NA
0.0144211418917409 0.99792531120332 NA
0.0146775377511989 0.997777777777778 NA
0.0129959576537578 0.997975708502024 NA
0.0152370431795766 0.99749373433584 NA
0.368864524208887 0.9375 NA
0.0119778813052909 0.997530864197531 NA
0 0 NA
0.00981871036472799 0.998407643312102 NA
0.0527565690733167 0.993975903614458 NA
0.016969346870583 0.997899159663865 NA
0.0291885311847883 0.9957805907173 NA
0.5 0.5 NA
0.572013727286874 0.916666666666667 NA
0.0245628185264846 0.997435897435897 NA
0.0273274568853713 0.996575342465753 NA
0 0 NA
0.00809240720333937 0.998417721518987 NA
0.0568004358940282 0.993710691823899 NA
0.0186336785103629 0.997635933806147 NA
0.00869012822490453 0.997983870967742 NA
0.011944952748714 0.997578692493947 NA
0.0112384785013631 0.998327759197324 NA
0.0177869290316874 0.99746835443038 NA
0.061380465662798 0.993421052631579 NA
0.5 0.5 NA
0.0505394361576551 0.995555555555556 NA
0.0117143936722254 0.99748743718593 NA
0.0481848062337776 0.993939393939394 NA
0.0141495659503718 0.998095238095238 NA
0.0108492334367481 0.997767857142857 NA
0 0 NA
0.0186893743199132 0.996784565916399 NA
0 0 NA
0.5 0.5 NA
0.0112044866564228 0.997601918465228 NA
0.0349565435602766 0.995 NA
0.0126489239392449 0.998181818181818 NA
0.0114843290800615 0.998185117967332 NA
0.285714314034235 0.857142857142857 NA
0.0189539098067527 0.997641509433962 NA
0.0138546873057043 0.997685185185185 NA
0.0139461132358099 0.997542997542998 NA
0.0289289529560129 0.996363636363636 NA
0.203335982347542 0.984848484848485 NA
0.0195143233484741 0.997222222222222 NA
0.0146055118723055 0.996677740863787 NA
0.00854071346933155 0.998470948012232 NA
0.0378516087075024 0.995283018867924 NA
0.0401217096994127 0.996376811594203 NA
0.019444536890304 0.99781181619256 NA
0.03709335564983 0.995145631067961 NA
0.0214546217454683 0.997319034852547 NA
0.00997943237985483 0.997711670480549 NA
0.0589612597689106 0.994444444444444 NA
0.0792466684377677 0.992481203007519 NA
0.00938452256894527 0.998260869565217 NA
0.0107760498477669 0.997624703087886 NA
0.0831792464317153 0.991379310344828 NA
0.00780590465812165 0.998102466793169 NA
0.333333333333333 0.666666666666667 NA
0.0286017193715369 0.996 NA
0.0213931479667327 0.996845425867508 NA
0.00593930489447545 0.998058252427184 NA
0.0317746715606962 0.997134670487106 NA
0.018825671786561 0.997041420118343 NA
0.0175086597738966 0.99789029535865 NA
0.0145529125008766 0.997711670480549 NA
0.0198049797232602 0.997183098591549 NA
0 0 NA
0.0080027306533379 0.998491704374057 NA
0.0126017319799874 0.998080614203455 NA
0 0.5 NA
0 0 NA
0.149227439963295 0.980769230769231 NA
0.0646040597430511 0.991935483870968 NA
0.0409933656895132 0.995327102803738 NA
0 0 NA
0.329129471422235 0.857142857142857 NA
0.00898181345570093 0.997716894977169 NA
0.00713084113943359 0.998194945848375 NA
0.0200532911514195 0.997601918465228 NA
0.49792345632015 0.875 NA
0 0 NA
0.0778015117119486 0.993548387096774 NA
0.00605052487308792 0.998454404945904 NA
0.0239669842034903 0.99644128113879 NA
0.0195783731329784 0.997142857142857 NA
0.00867476904093518 0.998525073746313 NA
0 0 NA
0.019634509489606 0.996978851963746 NA
0.0125885066395444 0.997916666666667 NA
0.0101321186615002 0.998245614035088 NA
0.0104457793194974 0.997658079625293 NA
0.0105347205961787 0.998269896193772 NA
0.5 0.5 NA
0.0184317359610978 0.997326203208556 NA
0.0273287822914609 0.996632996632997 NA
0.0145680584210858 0.997297297297297 NA
0.00910785474486631 0.998236331569665 NA
0.0481402475013368 0.995555555555556 NA
0.00667032673915829 0.998507462686567 NA
0.0103898016997475 0.998175182481752 NA
0.00696343134087698 0.99822695035461 NA
0.0843872605724678 0.988372093023256 NA
0.0374659008374673 0.995215311004785 NA
0.00710796227754081 0.998310810810811 NA
0.0448960335867522 0.994845360824742 NA
0.0139548509201496 0.998046875 NA
0 0 NA
0.00842548105599572 0.997967479674797 NA
0.0794527000686538 0.993710691823899 NA
0.00943315204512964 0.998257839721254 NA
0.0116181115140634 0.998084291187739 NA
0 0.5 NA
0.00818520071982486 0.998106060606061 NA
0.0206785017375937 0.997252747252747 NA
0.0708274221997881 0.993006993006993 NA
0 0 NA
0 0 NA
0.5 0.75 NA
0.266436132605547 0.961538461538462 NA
0.0319901851340061 0.994252873563218 NA
0.0105826185805632 0.998509687034277 NA
0.0331159593745657 0.995575221238938 NA
0 0 NA
0.0166723443101142 0.996598639455782 NA
0.272356168534274 0.971428571428572 NA
0.0288126560196388 0.996996996996997 NA
0.0133529832641515 0.997826086956522 NA
0.0327863871953064 0.994652406417112 NA
0.00866042057387923 0.998405103668262 NA
0.279049876654878 0.970588235294118 NA
0 0 NA
0.00819775599432838 0.99830220713073 NA
0.0108992885952451 0.998223801065719 NA
0.185083692511091 0.977777777777778 NA
0 0 NA
0 0.5 NA
0.0081081445287092 0.998039215686275 NA
0.406110860892418 0.96875 NA
0.0137534921788339 0.997058823529412 NA
0.040106767057673 0.995744680851064 NA
0.0103981080804086 0.998284734133791 NA
0.0100043122689512 0.998422712933754 NA
0.0105999621660914 0.998204667863555 NA
0.016635428931992 0.997560975609756 NA
0.00767027674473496 0.99812030075188 NA
0.75 0.75 NA
0.022244603266176 0.997830802603037 NA
0.00861635760053164 0.997572815533981 NA
0.0105514846159387 0.998248686514886 NA
0.0125015469877177 0.997849462365591 NA
0.0143112121062842 0.998039215686275 NA
0.00854342829752969 0.998031496062992 NA
0.0099817518934734 0.997792494481236 NA
0.0284283261170976 0.996587030716723 NA
0.114240299155593 0.984848484848485 NA
0.0115851645219248 0.998355263157895 NA
0.25 0.75 NA
0.0138588487016408 0.997762863534676 NA
0.0134209070388888 0.997782705099778 NA
0.5 0.5 NA
0.666666666666667 0.666666666666667 NA
0 0.5 NA
0.0133741984480365 0.997737556561086 NA
0.0198977465951963 0.996563573883162 NA
0.0125764023819015 0.997742663656885 NA
0.00838645937910219 0.998242530755712 NA
0.0173190858764036 0.997722095671982 NA
0.0053870259206961 0.998477929984779 NA
0.0171013633644906 0.997635933806147 NA
0.0091330253707885 0.99837925445705 NA
0.0197375620073963 0.996389891696751 NA
0.0303080892377574 0.996376811594203 NA
0 0.666666666666667 NA
0 0 NA
0.33333333333333 0.666666666666667 NA
0.00487927050667313 0.998644986449864 NA
0.0281158987900044 0.995901639344262 NA
0.444444434135615 0.888888888888889 NA
0.0066038759181615 0.998675496688742 NA
0.333333333333333 0.666666666666667 NA
0.00740713937097219 0.998376623376623 NA
0.00859198488024373 0.998430141287284 NA
0.0398508737513731 0.995575221238938 NA
0.0171872438068655 0.99749373433584 NA
0.019791685687489 0.997297297297297 NA
0.00980306163136849 0.998491704374057 NA
0.0138900915950776 0.997933884297521 NA
0.0155768710080895 0.997084548104956 NA
0 0 NA
0.012033655086694 0.998109640831758 NA
0.0128649518327328 0.997797356828194 NA
0.025068350964172 0.995850622406639 NA
0.0104168664747905 0.998098859315589 NA
0.0361396294327671 0.995098039215686 NA
0.0102956400983922 0.998310810810811 NA
0.101207821779495 0.991304347826087 NA
0.0203877342739441 0.996951219512195 NA
0.00740514118482677 0.998482549317147 NA
0.0101001679701681 0.998567335243553 NA
0.251416762547915 0.982142857142857 NA
0.5 0.75 NA
0 0 NA
0 0 NA
0.0341652968625551 0.996031746031746 NA
0.333333333333333 0.666666666666667 NA
0.0229806214786687 0.997237569060774 NA
0.250776563734099 0.75 NA
0.0309960133330972 0.995192307692308 NA
0.0519340923699965 0.994011976047904 NA
0.0283655951699573 0.996688741721854 NA
0.149962318889911 0.75 NA
0.100929441942545 0.990825688073395 NA
0.0192693779561982 0.997126436781609 NA
0.5 0.75 NA
0.0363528312394396 0.995798319327731 NA
0.0241020322092673 0.996491228070175 NA
0.25 0.75 NA
0 0 NA
0 0 NA
0.018642631304556 0.997613365155131 NA
0.0084184683834425 0.998336106489185 NA
0.011325553462539 0.997979797979798 NA
0.0589728979273582 0.993288590604027 NA
0.18597900061795 0.979166666666667 NA
0.0136100694018431 0.997109826589595 NA
0.0314495820587368 0.99604743083004 NA
0.0164055467081514 0.997275204359673 NA
0 0 NA
0.0212569216494187 0.997416020671835 NA
0.00616886872934074 0.998546511627907 NA
0 0 NA
0.00786446037388063 0.997711670480549 NA
0.00408803528381741 0.998587570621469 NA
0 0 NA
0.0276296252163406 0.996753246753247 NA
0.00694818976598666 0.998595505617977 NA
0.0162978960699607 0.997658079625293 NA
0.0213971615755086 0.997601918465228 NA
0.0204400014400591 0.997435897435897 NA
0.0203381711969404 0.997229916897507 NA
0.046542737908171 0.995633187772926 NA
0.0154412179321052 0.997566909975669 NA
0.159649741308181 0.985714285714286 NA
0.0176517475885025 0.997767857142857 NA
0.0880984099475389 0.992 NA
0.254508245673009 0.982142857142857 NA
0.00825695331852672 0.998333333333333 NA
0.00968586138785817 0.99812734082397 NA
0.012495024644967 0.997971602434077 NA
0 0 NA
0.00887604770949029 0.998565279770445 NA
0 0 NA
0.013137986268804 0.998165137614679 NA
0.317458674738247 0.916666666666667 NA
0 0.666666666666667 NA
0 0 NA
0.0224291902096542 0.996478873239437 NA
0.0093146808545896 0.998336106489185 NA
0.0128761955206182 0.998236331569665 NA
0.00989256417441168 0.997742663656885 NA
0.0443896459546963 0.995283018867924 NA
0.0208042192766336 0.996598639455782 NA
0.026354485427286 0.996478873239437 NA
0.5 0.875 NA
0.0084059222099609 0.997858672376874 NA
0.0236407053954656 0.996575342465753 NA
0.0170945504257395 0.997252747252747 NA
0.005169993350003 0.998644986449865 NA
0.0183578971463107 0.997549019607843 NA
0.0884088776202281 0.992592592592593 NA
0.0090808515252008 0.998130841121495 NA
0.0253807264087379 0.996644295302013 NA
0.0113649474324663 0.997955010224949 NA
0.00905268559526885 0.998310810810811 NA
0.016702262426701 0.996825396825397 NA
0.38446871213905 0.923076923076923 NA
0.00879726249361895 0.997991967871486 NA
0.100778455607855 0.991228070175439 NA
0.0608355277340644 0.993333333333333 NA
0.0121571595703591 0.997975708502024 NA
0 0 NA
0.299208836389455 0.9375 NA
0.0108121546114709 0.998565279770445 NA
0.0453653588519944 0.99290780141844 NA
0 0 NA
0.24520857667836 0.987012987012987 NA
0 0 NA
0.00432024548895101 0.998489425981873 NA
0.0249114661211365 0.996323529411765 NA
0.0143759591287322 0.997560975609756 NA
0.100474260557922 0.987654320987654 NA
0 0 NA
0.0229166422407379 0.996551724137931 NA
0.0102333609574416 0.998407643312102 NA
0.103971638193433 0.993006993006993 NA
0 0 NA
0.0158576910000941 0.996884735202492 NA
0.0089909220129435 0.997929606625259 NA
0.0123476277421689 0.998260869565217 NA
0.0112223139608904 0.997885835095137 NA
0.0122099582352989 0.998130841121495 NA
0.00589286312538298 0.998405103668261 NA
0.0115452023289688 0.998102466793169 NA
0 0 NA
0.0354097881507052 0.99492385786802 NA
0.0142771086392244 0.997536945812808 NA
0 0 NA
0.014077624054464 0.997354497354497 NA
0.0210202054924245 0.996884735202492 NA
0.713872099476199 0.857142857142857 NA
0 0 NA
0.00835964854373051 0.998106060606061 NA
0 0 NA
0 0 NA
0 0.666666666666667 NA
0 0 NA
0.033343722964749 0.996323529411765 NA
0.5 0.5 NA
0.5 0.5 NA
0.0376018701096403 0.995412844036697 NA
0 0 NA
0.00874428688150249 0.998397435897436 NA
0 0 NA
0.0241600969701357 0.996978851963746 NA
0 0 NA
0.0175702581540329 0.996491228070175 NA
0.0148521276953981 0.996941896024465 NA
0.0126750469764743 0.997214484679666 NA
0.0471953109273503 0.994011976047904 NA
0.0473859710048619 0.994152046783626 NA
0.0394532119217042 0.993710691823899 NA
0 0 NA
0.00756043669754951 0.998204667863555 NA
0.00950769255306384 0.998407643312102 NA
0.00957802277324816 0.998447204968944 NA
0.0155221818009798 0.996466431095406 NA
0.0259071951329082 0.996941896024465 NA
0.0742243972291965 0.99468085106383 NA
0.0079777676520259 0.998319327731092 NA
0.0138442212110354 0.997727272727273 NA
0.0141444341343857 0.997652582159624 NA
0.0313173331889937 0.996 NA
0 0 NA
0.103095484966788 0.990384615384615 NA
0.0145510226225208 0.998347107438016 NA
0.0117802257058415 0.998201438848921 NA
0.00763015989813869 0.998098859315589 NA
0.00996686552384827 0.998366013071895 NA
0.0264612947688887 0.997389033942559 NA
0.0171846939044116 0.997524752475248 NA
0.359020306934819 0.941176470588235 NA
0.0370222166004148 0.996168582375479 NA
0.0110884684863584 0.998062015503876 NA
0.0160052215401626 0.997647058823529 NA
0.0187327695127516 0.996941896024465 NA
0.0177596468082601 0.997311827956989 NA
0.0054043485619137 0.99802371541502 NA
0.0285789942399977 0.996268656716418 NA
0.666666666666667 0.666666666666667 NA
0.0336142635688177 0.995348837209302 NA
0.0331117777438773 0.996268656716418 NA
0.0133304249374848 0.99812382739212 NA
0.019716072576552 0.996987951807229 NA
0.00691233392886315 0.998701298701299 NA
0.00914712878318599 0.997732426303855 NA
0 0 NA
0.0261224690464852 0.995098039215686 NA
0.112334361796535 0.98936170212766 NA
0.0208906568958742 0.996699669966997 NA
0 0 NA
0.0138609152960911 0.997067448680352 NA
0.0117927040008653 0.998175182481752 NA
0.0126033212191525 0.998062015503876 NA
0 0 NA
0 0 NA
0 0.5 NA
0.0113596346215296 0.998178506375228 NA
0.75 0.75 NA
0.045361960100818 0.994764397905759 NA
0.0079592909214642 0.99859943977591 NA
0.571428571420142 0.857142857142857 NA
0.0120470516205573 0.998080614203455 NA
0.5 0.5 NA
0.0132292097816402 0.99749373433584 NA
0.0191816000455959 0.997109826589595 NA
0.0217464026190383 0.997167138810198 NA
0.0135090667959961 0.997422680412371 NA
0.0192888984849241 0.997596153846154 NA
0.0309417960417229 0.995708154506438 NA
0.0231768568267909 0.99702380952381 NA
0.0401948224387704 0.992481203007519 NA
0.0141208612194704 0.997630331753554 NA
0.00861391270697305 0.998456790123457 NA
0.0164846383221345 0.997512437810945 NA
0.0091135558060904 0.998333333333333 NA
0.00984433174144617 0.998384491114701 NA
0.5 0.5 NA
0.0664017168730633 0.994871794871795 NA
0.0114057210694654 0.998347107438016 NA
0.120379861602542 0.988636363636364 NA
0 0 NA
0.0299713051099205 0.99645390070922 NA
0.0711762968644264 0.994047619047619 NA
0.0164388890761429 0.997402597402597 NA
0.00461660537141786 0.998552821997106 NA
0.00996351442981917 0.998178506375228 NA
0.0936439130709757 0.988505747126437 NA
0.00412691974645525 0.998719590268886 NA
0.00918185443356863 0.998444790046656 NA
0.0430532607648546 0.995145631067961 NA
0.0105099873958838 0.998344370860927 NA
0.01989207377236 0.997067448680352 NA
0.00885480014615378 0.99800796812749 NA
0.0938017559715816 0.990909090909091 NA
0.0170710029578932 0.997435897435897 NA
0.0572494400247676 0.993243243243243 NA
0.0183809972226426 0.997076023391813 NA
0.013153822962628 0.997872340425532 NA
0.0246108235504955 0.996732026143791 NA
0.074255142293077 0.993055555555555 NA
0.0330417412507255 0.996212121212121 NA
0.0209622915934957 0.997183098591549 NA
0.0157487931575762 0.998046875 NA
0.00872262150789647 0.998211091234347 NA
0.0568067582481901 0.99438202247191 NA
0.0711033548441717 0.992592592592593 NA
0.011096023334379 0.99822695035461 NA
0.5 0.5 NA
0.0139451417538919 0.998299319727891 NA
0.0169292940246008 0.997946611909651 NA
0 0.5 NA
0.207246838211603 0.973684210526316 NA
0.0451946400565234 0.993939393939394 NA
0.0154581301123551 0.997647058823529 NA
0 0 NA
0.00496612472467484 0.998284734133791 NA
0.0119708138199397 0.997835497835498 NA
0.0817868531267869 0.992481203007519 NA
0.00834548395519735 0.998430141287284 NA
0.0237167830281449 0.997354497354497 NA
0.0320250890575434 0.995305164319249 NA
0.0526785821150311 0.994444444444444 NA
0 0 NA
0.0125653441483143 0.998106060606061 NA
0.0113874189146984 0.997757847533632 NA
0.0133622301867746 0.997971602434077 NA
0.0208541465286478 0.997118155619596 NA
0.00927207460072626 0.998011928429423 NA
0.0930303452673162 0.988372093023256 NA
0 0 NA
0.0138543822607304 0.998054474708171 NA
0 0 NA
0.0204618032951062 0.997442455242967 NA
0 0 NA
0.0160112175650113 0.997506234413965 NA
0.00488813388014269 0.998463901689708 NA
0 0 NA
0.0407359428285937 0.995049504950495 NA
0.666666666666667 0.888888888888889 NA
0.0157899068887713 0.997792494481236 NA
0.0398379817942198 0.996323529411765 NA
0.007165510703219 0.998 NA
0.00701854609154901 0.998327759197324 NA
0 0 NA
0.00809608768462862 0.998347107438017 NA
0.00839628968112205 0.998463901689708 NA
0.0128229169834735 0.997701149425287 NA
0.0302287248080332 0.995967741935484 NA
0.0137323085881638 0.997912317327766 NA
0.065248782317808 0.994252873563218 NA
0.0150913367460299 0.997867803837953 NA
0.00993716897772238 0.998405103668262 NA
0.012730547343782 0.997854077253219 NA
0.0104925864629931 0.998554913294798 NA
0.011257184923547 0.998027613412229 NA
0.00761151492232161 0.998569384835479 NA
0.00974402869661035 0.997429305912596 NA
0.00841744032908487 0.998389694041868 NA
0.0348419370989266 0.996610169491525 NA
0.0190866438408232 0.997481108312343 NA
0.0158564558271365 0.99749373433584 NA
0.0942043542395052 0.991596638655462 NA
0.0181626103484292 0.997183098591549 NA
0.0654377888773281 0.993589743589744 NA
0 0 NA
0.0226090295561935 0.996491228070175 NA
0.0227778110309607 0.997183098591549 NA
0.0176483652261331 0.997894736842105 NA
0 0 NA
0.0128565153375807 0.998054474708171 NA
0.0190451633448171 0.997222222222222 NA
0.00552072955820822 0.998475609756098 NA
0.0127106932217127 0.998397435897436 NA
0 0 NA
0.0205938954019576 0.997014925373134 NA
0.0100654371399574 0.998233215547703 NA
0.0216157201087535 0.997126436781609 NA
0.0179201774265149 0.997742663656885 NA
0.0175852882058519 0.997050147492625 NA
0.0213367367050713 0.996363636363636 NA
0.0292609938713372 0.996402877697842 NA
0.035113344369788 0.995098039215686 NA
0 0 NA
0.0236270838415782 0.996763754045307 NA
0 0 NA
0.00835347713899621 0.99825479930192 NA
0.5 0.5 NA
0.0109169685603527 0.998165137614679 NA
0.139944445901014 0.974358974358974 NA
0.0333869249744733 0.995555555555556 NA
0.0265096227599152 0.99622641509434 NA
0.00802834385014949 0.998491704374057 NA
0.666666666666667 0.666666666666667 NA
0.0107655882246501 0.997297297297297 NA
0.0934306594322338 0.993464052287582 NA
0.014793601006249 0.997762863534676 NA
0.198547236572542 0.983870967741935 NA
0 0 NA
0.0167753701957964 0.997777777777778 NA
0.0125783336155858 0.99812734082397 NA
0.0115322791676396 0.99781181619256 NA
0.00730905034701304 0.998330550918197 NA
0 0 NA
0.00754769082257562 0.998535871156662 NA
0.0195215814395622 0.996677740863787 NA
0.0112422022272743 0.998102466793169 NA
0.06236667251782 0.993288590604027 NA
0.0128059458586044 0.998257839721254 NA
0.0316561239140643 0.997032640949555 NA
0.0459539554431348 0.995708154506438 NA
0.599999999999994 0.8 NA
0.00738188602230874 0.99837925445705 NA
0.0116727494233252 0.997435897435897 NA
0.0123309751746464 0.997435897435897 NA
0.0272076213729113 0.99609375 NA
0.019924239383311 0.997142857142857 NA
0.009648737974555 0.997757847533632 NA
0.166209276837256 0.833333333333333 NA
0.0253668399382897 0.996587030716723 NA
0 0 NA
0.0279668952735115 0.996774193548387 NA
0.0124595825104658 0.99789029535865 NA
0.442022740127836 0.888888888888889 NA
0.139370468076333 0.9875 NA
0.0570084406191466 0.994708994708995 NA
0.0099944211770548 0.998430141287284 NA
0.0108077192213653 0.998043052837573 NA
0 0 NA
0.5 0.5 NA
0.333333333333333 0.666666666666667 NA
0.00949658148420593 0.997955010224949 NA
0 0 NA
0.0128687799508659 0.997872340425532 NA
0.201474021828004 0.8 NA
0.0266979350873963 0.996551724137931 NA
0.0289923048599246 0.996336996336996 NA
0.0133589838504294 0.998389694041868 NA
0.00860490638807018 0.998217468805704 NA
0 0 NA
0.00222328180170962 0.99874686716792 NA
0.0924673007665167 0.988095238095238 NA
0.00880136057303713 0.998525073746313 NA
0.0277099994457117 0.996610169491525 NA
0 0 NA
0.00887342660691646 0.998444790046656 NA
0.0160855413972562 0.998073217726397 NA
0.0208090956452186 0.666666666666667 NA
0.00913917466928523 0.998577524893314 NA
0.119817404673153 0.987341772151899 NA
0.01123519041912 0.998043052837573 NA
0.0161685819806427 0.997150997150997 NA
0.00674664826863936 0.998522895125554 NA
0.0095200801679427 0.998360655737705 NA
0.0173818630020726 0.997542997542998 NA
0.015883699396344 0.997641509433962 NA
0 0 NA
0.499999999942029 0.75 NA
0.00800972183408676 0.998084291187739 NA
0.0253708423698779 0.995983935742972 NA
0.00524475951877587 0.998459167950693 NA
0.217058886307195 0.985074626865672 NA
0.0303858276274334 0.994318181818182 NA
0.0200993272513883 0.996894409937888 NA
0.0127043699476327 0.99746192893401 NA
0.0159592660619613 0.997619047619048 NA
0 0 NA
0 0 NA
0.0111155661144744 0.998230088495575 NA
0 0 NA
0.00824979849604526 0.9981718464351 NA
0.0316203039534268 0.99672131147541 NA
0 0 NA
0 0 NA
0.0281010226717866 0.995614035087719 NA
0.00291862751823112 0.998500749625187 NA
0.00386312966303703 0.998659517426273 NA
0.0134414433892179 0.998015873015873 NA
0.0663962681537767 0.994318181818182 NA
0.0214650834005441 0.99645390070922 NA
0.014606280919653 0.99820788530466 NA
0.012611054646419 0.997767857142857 NA
0.0137058166091109 0.99780701754386 NA
0.0100963711775585 0.99812734082397 NA
0.0565191140937723 0.994186046511628 NA
0.0331224439117856 0.996978851963746 NA
0.00148299541079691 0.998548621190131 NA
0 0 NA
0.0150665775320379 0.997524752475248 NA
0.0124577795866358 0.998447204968944 NA
0.0358035191471541 0.995726495726496 NA
0.0145726937624719 0.997732426303855 NA
0.491890107048137 0.933333333333333 NA
0 0 NA
0.0283967963630413 0.996732026143791 NA
0.00848684556215797 0.998381877022654 NA
0.0110772750608731 0.998405103668262 NA
0.0179077910553592 0.997402597402597 NA
0.00812972970368396 0.998272884283247 NA
0 0 NA
0 0 NA
0.110351147406188 0.989247311827957 NA
0.00784660151356587 0.998475609756098 NA
0.00849906040367345 0.998087954110899 NA
0.0110140217658989 0.997821350762527 NA
0 0 NA
0.0580175404842735 0.994594594594595 NA
0.00978847524267691 0.99836867862969 NA
0.0189208012236031 0.997142857142857 NA
0.0163750630758591 0.997198879551821 NA
0.0562626268369761 0.995024875621891 NA
0.00554881803758573 0.998516320474777 NA
0 0 NA
0 0 NA
0.0343987065430925 0.996309963099631 NA
0.0621608005503429 0.995121951219512 NA
0.305430429230402 0.875 NA
0.0118545243532012 0.998313659359191 NA
0.0384796200121275 0.996402877697842 NA
0 0 NA
0.011034477776256 0.998278829604131 NA
0.0636746515437572 0.993421052631579 NA
0.013396430081229 0.998046875 NA
0.021866876058657 0.997014925373134 NA
0.00613622965226563 0.998595505617977 NA
0.0125212060516444 0.997711670480549 NA
0.023062503565068 0.99780701754386 NA
0.0240460919779593 0.996960486322188 NA
0.0417722243222663 0.993710691823899 NA
0.170437223372534 0.983606557377049 NA
0 0 NA
0.0381136502646287 0.995983935742972 NA
0.00380931252668642 0.998461538461538 NA
0.0313903896101554 0.995744680851064 NA
0.0110445883897815 0.998531571218796 NA
0 0 NA
0.028563539266665 0.996296296296296 NA
0.0101872250429189 0.998220640569395 NA
0.00721308142361782 0.998214285714286 NA
0.0177028007186686 0.997816593886463 NA
0.0426013467457721 0.993865030674847 NA
0.051116126848158 0.995260663507109 NA
0.0274801693397089 0.995762711864407 NA
0.5 0.75 NA
0.5 0.5 NA
0.00508834220689208 0.998376623376623 NA
0.0147632993022677 0.998046875 NA
0.0122323735750925 0.998336106489185 NA
0.02153241403531 0.997109826589595 NA
0.0307092094182992 0.995633187772926 NA
0 0 NA
0.0110806247155193 0.997946611909651 NA
0.134907932689091 0.986486486486486 NA
0.0242804062635226 0.997101449275362 NA
0.00781749193046074 0.998363338788871 NA
0.10727425804881 0.989010989010989 NA
0.00620201160511169 0.998422712933754 NA
0.00700404146306779 0.998487140695915 NA
0.00803548279583948 0.998347107438017 NA
0.0163062650568416 0.997830802603037 NA
0.0238273060675311 0.996913580246914 NA
0 0 NA
0.012209360158467 0.997237569060774 NA
0.00705834865007553 0.998347107438016 NA
0.666666666666667 0.666666666666667 NA
0 0 NA
0.0126318120188593 0.997876857749469 NA
0.006981896693862 0.998427672955975 NA
0.0134984881048647 0.997361477572559 NA
0.5 0.5 NA
0.00876167991446509 0.998011928429423 NA
0.0300409548691471 0.996168582375479 NA
0.5 0.5 NA
0.435068860337753 0.8 NA
0 0 NA
0 0 NA
0.232440136197043 0.956521739130435 NA
0.0540382778079037 0.994974874371859 NA
0.00771416854264774 0.998575498575498 NA
0.0107971175798136 0.997782705099778 NA
0.00418492642915663 0.998659517426273 NA
0.0192083798913752 0.997260273972603 NA
0.0104463879944684 0.997663551401869 NA
0.0719885727888571 0.75 NA
0.0131338020792401 0.997542997542998 NA
0.0069558167876815 0.998447204968944 NA
0.5 0.5 NA
0.020736886628296 0.997590361445783 NA
0.00881648306971652 0.998392282958199 NA
0.00796128575972043 0.998491704374057 NA
0 0 NA
0.00561401563660607 0.998387096774193 NA
0.018019582475398 0.997578692493947 NA
0 0 NA
0.0452680111900791 0.994594594594595 NA
0.5 0.5 NA
0.0231155454783233 0.997134670487106 NA
0.00936565797193327 0.998257839721254 NA
0.0081898158042281 0.997722095671982 NA
0 0 NA
0 0.5 NA
0.00946622569918595 0.998287671232877 NA
0.0893599807846408 0.991869918699187 NA
0.0256183975930851 0.996415770609319 NA
0.0130288284301754 0.997275204359673 NA
0.333333333333333 0.666666666666667 NA
0.0203979323818363 0.996240601503759 NA
0.0117707216495132 0.997840172786177 NA
0.0242752062162154 0.996941896024465 NA
0.05773451189961 0.994350282485876 NA
0.0261261919652493 0.995850622406639 NA
0.253249110933992 0.975609756097561 NA
0.010028617988804 0.99814126394052 NA
0.00935672564061165 0.997987927565392 NA
0.0127019703541309 0.997701149425287 NA
0.5 0.5 NA
0.0105284566607355 0.997448979591837 NA
0.0100015384011207 0.997933884297521 NA
0.00655469624038182 0.998347107438016 NA
0 0 NA
0 0.5 NA
0.0546374599347974 0.995 NA
0.0425501413246572 0.996197718631179 NA
0.00908644489543352 0.998366013071895 NA
0.0286311381542773 0.996763754045307 NA
0.013198008942629 0.998381877022654 NA
0 0.5 NA
0.0345021883929448 0.995412844036697 NA
0.0185225653688499 0.997032640949555 NA
0.0189251697829949 0.997267759562842 NA
0.00812215081742699 0.998201438848921 NA
0.00931236694231033 0.99812382739212 NA
0.058094091400595 0.991735537190083 NA
0.0104213009065178 0.998260869565217 NA
0 0 NA
0 0 NA
0 0 NA
0.042750323360609 0.995305164319249 NA
0.0869415250607286 0.988235294117647 NA
0 0 NA
0.0118971547356893 0.998296422487223 NA
0.30197321483696 0.954545454545454 NA
0.333333333333333 0.666666666666667 NA
0.0141117430851943 0.998275862068965 NA
0.0119446023270592 0.998278829604131 NA
0 0 NA
0.5 0.5 NA
0.373134492154781 0.947368421052632 NA
0.0103764694065494 0.998069498069498 NA
0.5 0.5 NA
0.00418267691296439 0.998344370860927 NA
0.00651888125701457 0.998461538461539 NA
0.0249462712633287 0.995762711864407 NA
0 0.5 NA
0.0103572803390392 0.998230088495575 NA
0.0325927327748895 0.996212121212121 NA
0.0303963562694884 0.996031746031746 NA
0 0 NA
0 0.5 NA
0.0535904354716692 0.993464052287582 NA
0.0913333726888922 0.990384615384615 NA
0.0863449063384614 0.992424242424242 NA
0.0153023166683238 0.997416020671835 NA
0.0203271898025522 0.997572815533981 NA
0.0158988012723112 0.99792531120332 NA
0.0143590756988591 0.997674418604651 NA
0 0 NA
0.00930512747946074 0.997912317327766 NA
0.0108128021423335 0.99746192893401 NA
0.0319222016901864 0.996815286624204 NA
0.0105145459006373 0.997907949790795 NA
0.0196065238133855 0.99780701754386 NA
0.0217349164491993 0.996124031007752 NA
0.0410831712362746 0.99609375 NA
0.0106943225681674 0.997983870967742 NA
0.0157178763264451 0.997635933806147 NA
0.0410350090680292 0.995391705069124 NA
0.00777917038390918 0.99830220713073 NA
0.0374529067045884 0.995652173913044 NA
0.501091736089423 0.928571428571429 NA
0.0107358813422747 0.997987927565392 NA
0.5 0.5 NA
0.0348586272168714 0.994871794871795 NA
0.00739233728759421 0.998449612403101 NA
0.168018278618313 0.987341772151899 NA
0.0180128926262832 0.997549019607843 NA
0.094490608173494 0.992647058823529 NA
0.0129761713761866 0.998116760828625 NA
0.246318687193127 0.973684210526316 NA
0.00923383857029652 0.998204667863555 NA
0.0709062855356715 0.99375 NA
0.0272502743019345 0.99645390070922 NA
0.0202348089417158 0.997252747252747 NA
0.0129970970679706 0.997894736842105 NA
0.02071525154874 0.997289972899729 NA
