0.0242277166702701 0.996774193548387 0.0182118010370831
0.0186722045449905 0.99618320610687 0.015866059191113
0.465584066306403 0.947368421052632 0.361461337243588
0.0159575838863841 0.997933884297521 0.0103056431995443
0.0156141960529668 0.997304582210243 0.0123207547526912
0.0226341393811429 0.996587030716723 0.0169192449488761
0.0595045749526577 0.995169082125604 0.0396852829117305
0.191824925229526 0.981132075471698 0.141823380060994
0.0131516075437836 0.997830802603037 0.00885200528514469
0 0 NA
0.016736618381264 0.996884735202492 0.0127105415960533
0 0 NA
0.0149439834585425 0.997727272727273 0.0101563067562131
0.0809938344864626 0.994413407821229 0.0523751824109919
0.0142425277412059 0.997967479674797 0.00869711473793026
0.0716304133726213 0.990825688073394 0.0463063560362994
0.00732042219454431 0.998533724340176 0.00500498316546388
0.0262204489568254 0.995145631067961 0.0182796313630744
0.0290143919220709 0.996996996996997 0.0195678312149053
0.666666666666667 0.666666666666667 1
0 0 NA
0.0269512216694912 0.997167138810198 0.0183799234350689
0.021249028131869 0.996539792387543 0.0151108725565881
0.0495576288257561 0.994285714285714 0.029652700060386
0.00884016714763413 0.998087954110899 0.00590465927243544
0.00768565471492501 0.998223801065719 0.00519380607566157
0.0357885885514791 0.994594594594595 0.0267114248126524
0.0115778672841224 0.997742663656885 0.008246355010321
0.0144899669040648 0.997844827586207 0.0112758634676317
0.0107584162533322 0.998422712933754 0.00689628852299896
0.0173743098190254 0.997695852534562 0.0114734781738536
0 0 NA
0.0137205564825273 0.99815157116451 0.00720680174222523
0.333333333330718 0.666666666666667 0.5
0.0461887010826942 0.993464052287582 0.0349436241802552
0.0280397190364481 0.996551724137931 0.0215330324667317
0.0777270637548452 0.992753623188406 0.0528930799420269
0.75 0.75 1
0.00565591263365364 0.998319327731092 0.00478125286321108
0.233677829241226 0.981481481481482 0.154587769323576
0.203270714683296 0.978723404255319 0.186729392193766
0.00781012019847738 0.997894736842105 0.00551739783738175
0 0 NA
0.187490480011602 0.888888888888889 0.272408152226802
0 0 NA
0.0482260229997539 0.993377483443709 0.0323557911362401
0.00692047575888396 0.998502994011976 0.00495603236737171
0.0128978155474769 0.997442455242967 0.00979378311004575
0.0216773744718292 0.997032640949555 0.0140639010329502
0.0136385321828814 0.997894736842105 0.00852348921853374
0.00852716469174749 0.998214285714286 0.00542451749516034
0.0931755942322767 0.991596638655462 0.0543196915681866
0.0383117424607968 0.996336996336996 0.0221885092179706
0.0100823090159918 0.998447204968944 0.00552266212125101
0.109860341286378 0.987179487179487 0.0911026722730374
0.0245752442311168 0.996515679442509 0.0154521305212801
0.0281855591872672 0.997050147492625 0.0181280947852161
0.0409525420864166 0.994974874371859 0.0256003042491506
0.0123360053060573 0.998381877022654 0.00714511672145313
0.0619724190253471 0.994318181818182 0.042908579481516
0.0120167453157874 0.998278829604131 0.00715202398906211
0.0939097441494435 0.991666666666667 0.0655817214519947
0 0 NA
0 0 NA
0.030412058294246 0.996428571428571 0.0230539849961645
0 0 NA
0.0297284132605632 0.996551724137931 0.0176870193939146
0 0 NA
0.0122220167991126 0.997858672376874 0.00911741328730005
0.00899970024521027 0.998475609756098 0.00629494856590285
0.0313482833589721 0.996732026143791 0.0211099678059748
0.30546565487679 0.833333333333333 0.18890929388093
0.0124483891229827 0.99830220713073 0.00689052806073231
0.00686520094318078 0.998245614035088 0.00431335562710715
0.00779054587226271 0.99792531120332 0.00613059776701306
0.00652216826115719 0.998724489795918 0.00268802531970437
0.0500778534624185 0.99438202247191 0.038984314080337
0.0096759202090477 0.998168498168498 0.00702360290103037
0 0 NA
0.012995906327462 0.998263888888889 0.00743540707768842
0.0605955074818462 0.994565217391304 0.0412940657405796
0.150189139306586 0.98780487804878 0.106720111400976
0.499999949133376 0.833333333333333 0.530607024314479
0.00734084535869622 0.997716894977169 0.00792313267157466
0.333311696900033 0.833333333333333 0.200000002129222
0.0150116592022529 0.997635933806146 0.010854883066234
0.0125795233417099 0.998507462686567 0.00632705775067323
0.0370506608602349 0.995192307692308 0.0298981998798516
0.0527654514402352 0.993788819875776 0.0324063248975666
0 0 NA
0.00996694257717527 0.998422712933754 0.00649038996249913
0.333333333333333 0.666666666666667 0.499999994766299
0.0138525906827606 0.997787610619469 0.0086704075843377
0.0120486401075567 0.998263888888889 0.00652383176872674
0.173889152655509 0.985915492957746 0.11558519387452
0.0498138440419254 0.995305164319249 0.0320373792016163
0.0068512007483233 0.998522895125554 0.00461533568840393
0.061877890524434 0.993710691823899 0.0415560682472696
0.5 0.5 1
0.0170165689351088 0.99746835443038 0.0133119890776124
0.0110677571500214 0.998134328358209 0.00740173497445654
0.0331964097922091 0.996598639455782 0.0194835179768082
0.0848482774539382 0.98989898989899 0.0686308281620476
0.0432997753292938 0.993670886075949 0.0306589389051143
0 0.5 0
0.0189017081592679 0.997854077253219 0.0123763443870764
0.0165414247589294 0.997237569060773 0.0123835501959147
0.0787190444855823 0.993288590604027 0.0476771189023801
0.00698928394372709 0.998581560283688 0.00457512898237989
0.0182696574170463 0.997435897435897 0.0122550167118367
0.00330600381813895 0.998201438848921 0.00179462577690416
0.0153435249532739 0.997084548104956 0.0105655150925321
0 0 NA
0.017360100192122 0.997757847533632 0.0112383758260929
0.132422123500031 0.988888888888889 0.0841090349924074
0 0 NA
0.348841077796661 0.974358974358974 0.261005447114427
0.022186426344559 0.996774193548387 0.015503161196493
0.0103315441939887 0.998310810810811 0.00735791905003289
0.0100518389530759 0.997894736842105 0.00691441648408695
0.110220003810471 0.990825688073394 0.0648707548399429
0.0282069346457763 0.996153846153846 0.0175231993450562
0.0370656935828788 0.995098039215686 0.024156578080222
0.0775938622513443 0.991228070175439 0.0487587738902993
0.00835517014385727 0.998587570621469 0.00495046970394858
0.0187604106221835 0.997607655502392 0.0120416144744365
0.0134207655766616 0.998046875 0.00971969932010936
0.0154013115082159 0.997816593886463 0.00928304556020409
0 0.5 0
0.083355820876287 0.992125984251969 0.0555362645176513
0 0 NA
0.00763118805359494 0.99859943977591 0.00403444080924231
0 0 NA
0.0127282647941641 0.99812382739212 0.0083565401302062
0.00741563669032278 0.998161764705882 0.00511548393978949
0 0 NA
0.00950374082829295 0.998363338788871 0.00557701163994057
0.0392559269162633 0.995169082125604 0.027332124508391
0.066956423215395 0.993710691823899 0.0456765223116702
0.0134469859918065 0.99811320754717 0.0070165230881253
0.0141478743602417 0.997282608695652 0.0114633249196537
0.028881303609468 0.996563573883161 0.0200728411908981
0 0 NA
0.0193516916600183 0.996884735202492 0.0138613585689649
0 0 NA
0.00738691426864838 0.998293515358362 0.00530646815693114
0.00871747848754831 0.998158379373849 0.00593567717465103
0.333333333333333 0.666666666666667 0.250000000200653
0.5 0.75 0.666431987472944
0.0188245287268995 0.996904024767802 0.0145569414337877
0.00574682363261573 0.998194945848375 0.00506296802731832
0.0179406705406064 0.997619047619048 0.0105896464375161
0.0829826083692938 0.992537313432836 0.0616120046485967
0.0112635552700346 0.997772828507795 0.00862576809833969
0.146306965287385 0.983050847457627 0.110828813540323
0.0470669720665389 0.996153846153846 0.0308149473392916
0.0154966331478001 0.997422680412371 0.00996569066555301
0.0168613984362528 0.996323529411765 0.0133284610691817
0.01604429438517 0.997706422018349 0.0105987309957204
0.00918399430300994 0.99851411589896 0.00609169955919974
0 0.5 0
0.666666666666667 0.666666666666667 1
0 0 NA
0 0 NA
0.00924798173287567 0.997983870967742 0.00642899335631541
0 0 NA
0.0188138844990709 0.997198879551821 0.0143872817888662
0 0.5 0
0.193384822068412 0.977272727272727 0.160655440922735
0.0452047259361852 0.991525423728814 0.0381699757219907
0.046631887313598 0.995951417004049 0.0290335983584386
0 0 NA
0.0126121861750677 0.997549019607843 0.00935272135257747
0.217225902336032 0.986486486486487 0.151294684054242
0.00906810289441798 0.998137802607076 0.0060836415207461
0.0158138795151493 0.997304582210243 0.0108496133066884
0.0612253397987146 0.992700729927007 0.0461401196676371
0.00938254586042694 0.998278829604131 0.00593190243848023
0.131535895904955 0.98780487804878 0.0718662884425198
0 0 NA
0.0217468444549588 0.99625468164794 0.017485053651532
0.0218923911550792 0.996621621621622 0.0136750937135346
0.0244825154050115 0.997050147492625 0.0157575253356732
0 0.666666666666667 0
0.0144211418917409 0.99792531120332 0.0066786857474721
0.0146775377511989 0.997777777777778 0.0107329276146844
0.0129959576537578 0.997975708502024 0.0091658883391736
0.0152370431795766 0.99749373433584 0.0101411556410133
0.368864524208887 0.9375 0.301576960173932
0.0119778813052909 0.997530864197531 0.00929315385531461
0 0 NA
0.00981871036472799 0.998407643312102 0.00585219526924316
0.0527565690733167 0.993975903614458 0.0390988006276404
0.016969346870583 0.997899159663865 0.00922707862210122
0.0291885311847883 0.9957805907173 0.0211900724929858
0.5 0.5 1
0.572013727286874 0.916666666666667 0.43299084583601
0.0245628185264846 0.997435897435897 0.0149973502575488
0.0273274568853713 0.996575342465753 0.0162309644774242
0 0 NA
0.00809240720333937 0.998417721518987 0.00450303505508036
0.0568004358940282 0.993710691823899 0.0276350219680605
0.0186336785103629 0.997635933806147 0.0124754095787358
0.00869012822490453 0.997983870967742 0.00615596378895716
0.011944952748714 0.997578692493947 0.00896198149327846
0.0112384785013631 0.998327759197324 0.0073064817221197
0.0177869290316874 0.99746835443038 0.0118780695341661
0.061380465662798 0.993421052631579 0.0352430709222365
0.5 0.5 1
0.0505394361576551 0.995555555555556 0.0385206503253892
0.0117143936722254 0.99748743718593 0.00812430185515429
0.0481848062337776 0.993939393939394 0.0366925303134568
0.0141495659503718 0.998095238095238 0.00915107770531294
0.0108492334367481 0.997767857142857 0.00722678860113013
0 0 NA
0.0186893743199132 0.996784565916399 0.0148077197429272
0 0 NA
0.5 0.5 1
0.0112044866564228 0.997601918465228 0.00708448968357735
0.0349565435602766 0.995 0.023788487269931
0.0126489239392449 0.998181818181818 0.00741975226260257
0.0114843290800615 0.998185117967332 0.00820635635301154
0.285714314034235 0.857142857142857 0.169953059484335
0.0189539098067527 0.997641509433962 0.010957289645713
0.0138546873057043 0.997685185185185 0.011768719224914
0.0139461132358099 0.997542997542998 0.00984310619187926
0.0289289529560129 0.996363636363636 0.0201671773359498
0.203335982347542 0.984848484848485 0.152254554144672
0.0195143233484741 0.997222222222222 0.0111595768433172
0.0146055118723055 0.996677740863787 0.0113872953432608
0.00854071346933155 0.998470948012232 0.00566531716641735
0.0378516087075024 0.995283018867924 0.0233064114562368
0.0401217096994127 0.996376811594203 0.0305564942832241
0.019444536890304 0.99781181619256 0.0113290994499854
0.03709335564983 0.995145631067961 0.0229207790851467
0.0214546217454683 0.997319034852547 0.0123582289343415
0.00997943237985483 0.997711670480549 0.0071040794059899
0.0589612597689106 0.994444444444444 0.0329942385262058
0.0792466684377677 0.992481203007519 0.0510059853986093
0.00938452256894527 0.998260869565217 0.00824564198452622
0.0107760498477669 0.997624703087886 0.00840941939972877
0.0831792464317153 0.991379310344828 0.0499702653432713
0.00780590465812165 0.998102466793169 0.00520364298500775
0.333333333333333 0.666666666666667 0.5
0.0286017193715369 0.996 0.0205469788707545
0.0213931479667327 0.996845425867508 0.0120186495364997
0.00593930489447545 0.998058252427184 0.00595204697910805
0.0317746715606962 0.997134670487106 0.0176466404343397
0.018825671786561 0.997041420118343 0.0123902519180533
0.0175086597738966 0.99789029535865 0.00877690639210854
0.0145529125008766 0.997711670480549 0.00991402384199636
0.0198049797232602 0.997183098591549 0.0129015660239303
0 0 NA
0.0080027306533379 0.998491704374057 0.00499572845402503
0.0126017319799874 0.998080614203455 0.00748229189530916
0 0.5 0
0 0 NA
0.149227439963295 0.980769230769231 0.0982443329169609
0.0646040597430511 0.991935483870968 0.0443951725354432
0.0409933656895132 0.995327102803738 0.0241981659487452
0 0 NA
0.329129471422235 0.857142857142857 0.347646505127222
0.00898181345570093 0.997716894977169 0.00648177130515738
0.00713084113943359 0.998194945848375 0.00490587871433233
0.0200532911514195 0.997601918465228 0.012006348667661
0.49792345632015 0.875 0.362995756074416
0 0 NA
0.0778015117119486 0.993548387096774 0.0375696573034465
0.00605052487308792 0.998454404945904 0.00390225630707486
0.0239669842034903 0.99644128113879 0.0158263962843856
0.0195783731329784 0.997142857142857 0.014146714082486
0.00867476904093518 0.998525073746313 0.00525249787514094
0 0 NA
0.019634509489606 0.996978851963746 0.013586255624875
0.0125885066395444 0.997916666666667 0.00725551661827138
0.0101321186615002 0.998245614035088 0.00612771867265325
0.0104457793194974 0.997658079625293 0.00823168577760884
0.0105347205961787 0.998269896193772 0.00707274963383912
0.5 0.5 1
0.0184317359610978 0.997326203208556 0.0142732840279826
0.0273287822914609 0.996632996632997 0.0183112385527288
0.0145680584210858 0.997297297297297 0.00792428825615998
0.00910785474486631 0.998236331569665 0.00538622083831945
0.0481402475013368 0.995555555555556 0.033925133574998
0.00667032673915829 0.998507462686567 0.00539631030501499
0.0103898016997475 0.998175182481752 0.0063231053775238
0.00696343134087698 0.99822695035461 0.00455605986478545
0.0843872605724678 0.988372093023256 0.0833600991421405
0.0374659008374673 0.995215311004785 0.0258888300049152
0.00710796227754081 0.998310810810811 0.00457959834571229
0.0448960335867522 0.994845360824742 0.0306610359464873
0.0139548509201496 0.998046875 0.00960720488776989
0 0 NA
0.00842548105599572 0.997967479674797 0.00637474218631014
0.0794527000686538 0.993710691823899 0.0437939934497016
0.00943315204512964 0.998257839721254 0.00447019829828287
0.0116181115140634 0.998084291187739 0.00761417052292532
0 0.5 0
0.00818520071982486 0.998106060606061 0.00610155813678587
0.0206785017375937 0.997252747252747 0.0135807288473225
0.0708274221997881 0.993006993006993 0.0504475084232841
0 0 NA
0 0 NA
0.5 0.75 0.666666666666667
0.266436132605547 0.961538461538462 0.213602655985835
0.0319901851340061 0.994252873563218 0.0229571194881667
0.0105826185805632 0.998509687034277 0.00635372580484846
0.0331159593745657 0.995575221238938 0.027715551298644
0 0 NA
0.0166723443101142 0.996598639455782 0.0130371347232708
0.272356168534274 0.971428571428572 0.229255454508854
0.0288126560196388 0.996996996996997 0.019648518759912
0.0133529832641515 0.997826086956522 0.00891019058642191
0.0327863871953064 0.994652406417112 0.0240607457926739
0.00866042057387923 0.998405103668262 0.00510891674488204
0.279049876654878 0.970588235294118 0.204359203185484
0 0 NA
0.00819775599432838 0.99830220713073 0.00556021075422864
0.0108992885952451 0.998223801065719 0.00717880255580874
0.185083692511091 0.977777777777778 0.152465495279992
0 0 NA
0 0.5 0
0.0081081445287092 0.998039215686275 0.00643570220579704
0.406110860892418 0.96875 0.329689848441423
0.0137534921788339 0.997058823529412 0.0106422779697615
0.040106767057673 0.995744680851064 0.023606607547781
0.0103981080804086 0.998284734133791 0.00761272707223151
0.0100043122689512 0.998422712933754 0.00664993021977662
0.0105999621660914 0.998204667863555 0.00624988709769251
0.016635428931992 0.997560975609756 0.0121864469573615
0.00767027674473496 0.99812030075188 0.00566993305895981
0.75 0.75 1
0.022244603266176 0.997830802603037 0.0132354857924106
0.00861635760053164 0.997572815533981 0.00606776346901037
0.0105514846159387 0.998248686514886 0.00635819162824674
0.0125015469877177 0.997849462365591 0.0101936690409675
0.0143112121062842 0.998039215686275 0.00815071417534701
0.00854342829752969 0.998031496062992 0.00507543436950144
0.0099817518934734 0.997792494481236 0.00596713836372665
0.0284283261170976 0.996587030716723 0.0179576674250082
0.114240299155593 0.984848484848485 0.0839335659698434
0.0115851645219248 0.998355263157895 0.00631856929210078
0.25 0.75 0.333331635440314
0.0138588487016408 0.997762863534676 0.00942594755185709
0.0134209070388888 0.997782705099778 0.00767921492931175
0.5 0.5 1
0.666666666666667 0.666666666666667 1
0 0.5 0
0.0133741984480365 0.997737556561086 0.00756091862613715
0.0198977465951963 0.996563573883162 0.0140296931863363
0.0125764023819015 0.997742663656885 0.0102393810429648
0.00838645937910219 0.998242530755712 0.00585077476721029
0.0173190858764036 0.997722095671982 0.0122705074317766
0.0053870259206961 0.998477929984779 0.00275506781697098
0.0171013633644906 0.997635933806147 0.0106024294602495
0.0091330253707885 0.99837925445705 0.00580504838340609
0.0197375620073963 0.996389891696751 0.0124417968558213
0.0303080892377574 0.996376811594203 0.0155668691568555
0 0.666666666666667 0
0 0 NA
0.33333333333333 0.666666666666667 0.249999999999999
0.00487927050667313 0.998644986449864 0.00312626954375272
0.0281158987900044 0.995901639344262 0.017944321878012
0.444444434135615 0.888888888888889 0.438321830821113
0.0066038759181615 0.998675496688742 0.00475691962617222
0.333333333333333 0.666666666666667 0.5
0.00740713937097219 0.998376623376623 0.00491397769374196
0.00859198488024373 0.998430141287284 0.00473426801300905
0.0398508737513731 0.995575221238938 0.0247047800437923
0.0171872438068655 0.99749373433584 0.0115343410818743
0.019791685687489 0.997297297297297 0.0107765003480202
0.00980306163136849 0.998491704374057 0.0052974530086087
0.0138900915950776 0.997933884297521 0.00912099910486701
0.0155768710080895 0.997084548104956 0.0101401560871304
0 0 NA
0.012033655086694 0.998109640831758 0.00724410859802188
0.0128649518327328 0.997797356828194 0.0088059103655962
0.025068350964172 0.995850622406639 0.0192509668249543
0.0104168664747905 0.998098859315589 0.00760315249018181
0.0361396294327671 0.995098039215686 0.0261526700161362
0.0102956400983922 0.998310810810811 0.00529562209010629
0.101207821779495 0.991304347826087 0.0773144057518669
0.0203877342739441 0.996951219512195 0.0146160466718696
0.00740514118482677 0.998482549317147 0.00463441620460962
0.0101001679701681 0.998567335243553 0.00533544324274378
0.251416762547915 0.982142857142857 0.20643447625761
0.5 0.75 0.666659057507971
0 0 NA
0 0 NA
0.0341652968625551 0.996031746031746 0.0233976961386377
0.333333333333333 0.666666666666667 0.252413583321936
0.0229806214786687 0.997237569060774 0.0148766764975892
0.250776563734099 0.75 0.33436554533185
0.0309960133330972 0.995192307692308 0.0235261724109931
0.0519340923699965 0.994011976047904 0.0381001696337069
0.0283655951699573 0.996688741721854 0.0224796052205411
0.149962318889911 0.75 0.134190736113411
0.100929441942545 0.990825688073395 0.0800767316887101
0.0192693779561982 0.997126436781609 0.0125774459939626
0.5 0.75 0.663044152808408
0.0363528312394396 0.995798319327731 0.0223591848212908
0.0241020322092673 0.996491228070175 0.0166193171300151
0.25 0.75 0.333333333333333
0 0 NA
0 0 NA
0.018642631304556 0.997613365155131 0.0117456393997006
0.0084184683834425 0.998336106489185 0.00564588859890898
0.011325553462539 0.997979797979798 0.00661796154177984
0.0589728979273582 0.993288590604027 0.0450143618909519
0.18597900061795 0.979166666666667 0.104503943018156
0.0136100694018431 0.997109826589595 0.00937148482653735
0.0314495820587368 0.99604743083004 0.0230413404077191
0.0164055467081514 0.997275204359673 0.0118383214813698
0 0 NA
0.0212569216494187 0.997416020671835 0.014858696319995
0.00616886872934074 0.998546511627907 0.00438085562431589
0 0 NA
0.00786446037388063 0.997711670480549 0.00483375149464974
0.00408803528381741 0.998587570621469 0.00245627920929762
0 0 NA
0.0276296252163406 0.996753246753247 0.0199569013241373
0.00694818976598666 0.998595505617977 0.00388630769132745
0.0162978960699607 0.997658079625293 0.00785300947198309
0.0213971615755086 0.997601918465228 0.013268367566965
0.0204400014400591 0.997435897435897 0.0110022870578326
0.0203381711969404 0.997229916897507 0.0139379075160386
0.046542737908171 0.995633187772926 0.0303172134999729
0.0154412179321052 0.997566909975669 0.01059899869746
0.159649741308181 0.985714285714286 0.0947489842113175
0.0176517475885025 0.997767857142857 0.0129074247144831
0.0880984099475389 0.992 0.0637572850398265
0.254508245673009 0.982142857142857 0.183593035467062
0.00825695331852672 0.998333333333333 0.00496568728516635
0.00968586138785817 0.99812734082397 0.00626501485388896
0.012495024644967 0.997971602434077 0.00892962498164468
0 0 NA
0.00887604770949029 0.998565279770445 0.00462115444725228
0 0 NA
0.013137986268804 0.998165137614679 0.00840494886088361
0.317458674738247 0.916666666666667 0.249950235125215
0 0.666666666666667 0
0 0 NA
0.0224291902096542 0.996478873239437 0.0150548117696249
0.0093146808545896 0.998336106489185 0.00484038658628207
0.0128761955206182 0.998236331569665 0.00726817986961913
0.00989256417441168 0.997742663656885 0.00658114029558656
0.0443896459546963 0.995283018867924 0.0356422204850199
0.0208042192766336 0.996598639455782 0.0139840049520445
0.026354485427286 0.996478873239437 0.0197621875481952
0.5 0.875 0.571428571428571
0.0084059222099609 0.997858672376874 0.00537511049835839
0.0236407053954656 0.996575342465753 0.0163741298048104
0.0170945504257395 0.997252747252747 0.00895139364176651
0.005169993350003 0.998644986449865 0.00266632385492262
0.0183578971463107 0.997549019607843 0.0122780213353539
0.0884088776202281 0.992592592592593 0.05113498392754
0.0090808515252008 0.998130841121495 0.00653332462430667
0.0253807264087379 0.996644295302013 0.0174063712324017
0.0113649474324663 0.997955010224949 0.00731510229153836
0.00905268559526885 0.998310810810811 0.00631658059389699
0.016702262426701 0.996825396825397 0.0129743998516237
0.38446871213905 0.923076923076923 0.279410721612453
0.00879726249361895 0.997991967871486 0.00691800768006632
0.100778455607855 0.991228070175439 0.0686498656772937
0.0608355277340644 0.993333333333333 0.0432405196366482
0.0121571595703591 0.997975708502024 0.00611321074236727
0 0 NA
0.299208836389455 0.9375 0.304440211595337
0.0108121546114709 0.998565279770445 0.00613261890690258
0.0453653588519944 0.99290780141844 0.0402032648816476
0 0 NA
0.24520857667836 0.987012987012987 0.166358699229397
0 0 NA
0.00432024548895101 0.998489425981873 0.00309854121382149
0.0249114661211365 0.996323529411765 0.0142167072724616
0.0143759591287322 0.997560975609756 0.00970389515973128
0.100474260557922 0.987654320987654 0.0796274613888171
0 0 NA
0.0229166422407379 0.996551724137931 0.0175697514164671
0.0102333609574416 0.998407643312102 0.00546657740269904
0.103971638193433 0.993006993006993 0.0752801617288304
0 0 NA
0.0158576910000941 0.996884735202492 0.0118928392010332
0.0089909220129435 0.997929606625259 0.00653613255422413
0.0123476277421689 0.998260869565217 0.0069988468337318
0.0112223139608904 0.997885835095137 0.00655454085776886
0.0122099582352989 0.998130841121495 0.00880223234443191
0.00589286312538298 0.998405103668261 0.0037711339703052
0.0115452023289688 0.998102466793169 0.00792254125995382
0 0 NA
0.0354097881507052 0.99492385786802 0.0267848381871386
0.0142771086392244 0.997536945812808 0.00865790852139856
0 0 NA
0.014077624054464 0.997354497354497 0.00985769756238466
0.0210202054924245 0.996884735202492 0.0160190880155729
0.713872099476199 0.857142857142857 0.749548881740918
0 0 NA
0.00835964854373051 0.998106060606061 0.00590865477083866
0 0 NA
0 0 NA
0 0.666666666666667 0
0 0 NA
0.033343722964749 0.996323529411765 0.0264775928922129
0.5 0.5 1
0.5 0.5 1
0.0376018701096403 0.995412844036697 0.0243608373968449
0 0 NA
0.00874428688150249 0.998397435897436 0.0059212382756163
0 0 NA
0.0241600969701357 0.996978851963746 0.0175002926759817
0 0 NA
0.0175702581540329 0.996491228070175 0.010114415761042
0.0148521276953981 0.996941896024465 0.0112476296501909
0.0126750469764743 0.997214484679666 0.00799281172187373
0.0471953109273503 0.994011976047904 0.0297749596682849
0.0473859710048619 0.994152046783626 0.029598094619542
0.0394532119217042 0.993710691823899 0.0312881174460215
0 0 NA
0.00756043669754951 0.998204667863555 0.00522449214157378
0.00950769255306384 0.998407643312102 0.00594546927812569
0.00957802277324816 0.998447204968944 0.00658420059065716
0.0155221818009798 0.996466431095406 0.0116680947735378
0.0259071951329082 0.996941896024465 0.0184055218951178
0.0742243972291965 0.99468085106383 0.0495500386866351
0.0079777676520259 0.998319327731092 0.00504219070155682
0.0138442212110354 0.997727272727273 0.00772137570396239
0.0141444341343857 0.997652582159624 0.00907729247106828
0.0313173331889937 0.996 0.0163727461277864
0 0 NA
0.103095484966788 0.990384615384615 0.0676054810096514
0.0145510226225208 0.998347107438016 0.0082290248218095
0.0117802257058415 0.998201438848921 0.00748968382405073
0.00763015989813869 0.998098859315589 0.00626449914569544
0.00996686552384827 0.998366013071895 0.00583004628975841
0.0264612947688887 0.997389033942559 0.0152596251250553
0.0171846939044116 0.997524752475248 0.0114630816379732
0.359020306934819 0.941176470588235 0.30604082767612
0.0370222166004148 0.996168582375479 0.0213073479747339
0.0110884684863584 0.998062015503876 0.00804834052724179
0.0160052215401626 0.997647058823529 0.0118204701074734
0.0187327695127516 0.996941896024465 0.0114541810775626
0.0177596468082601 0.997311827956989 0.0135939357495913
0.0054043485619137 0.99802371541502 0.00483491317673332
0.0285789942399977 0.996268656716418 0.0215820491350661
0.666666666666667 0.666666666666667 1
0.0336142635688177 0.995348837209302 0.0229577532350333
0.0331117777438773 0.996268656716418 0.0212875230641798
0.0133304249374848 0.99812382739212 0.0072701155342203
0.019716072576552 0.996987951807229 0.0164770163788004
0.00691233392886315 0.998701298701299 0.00417038784378922
0.00914712878318599 0.997732426303855 0.00519518529684949
0 0 NA
0.0261224690464852 0.995098039215686 0.0194062622494256
0.112334361796535 0.98936170212766 0.071061993992868
0.0208906568958742 0.996699669966997 0.0135312233492395
0 0 NA
0.0138609152960911 0.997067448680352 0.00921288913749862
0.0117927040008653 0.998175182481752 0.00611306408438755
0.0126033212191525 0.998062015503876 0.00739784830717418
0 0 NA
0 0 NA
0 0.5 0
0.0113596346215296 0.998178506375228 0.00696579573626964
0.75 0.75 1
0.045361960100818 0.994764397905759 0.0341048540707297
0.0079592909214642 0.99859943977591 0.00462101638708671
0.571428571420142 0.857142857142857 0.583248542769076
0.0120470516205573 0.998080614203455 0.0068159178404485
0.5 0.5 1
0.0132292097816402 0.99749373433584 0.00892677407111553
0.0191816000455959 0.997109826589595 0.0132180378464453
0.0217464026190383 0.997167138810198 0.0150286727846641
0.0135090667959961 0.997422680412371 0.00865759826885969
0.0192888984849241 0.997596153846154 0.0123276793700998
0.0309417960417229 0.995708154506438 0.0188467720394781
0.0231768568267909 0.99702380952381 0.0165153787064066
0.0401948224387704 0.992481203007519 0.0387330193411803
0.0141208612194704 0.997630331753554 0.0108415847230004
0.00861391270697305 0.998456790123457 0.00539927065938767
0.0164846383221345 0.997512437810945 0.0117181136987143
0.0091135558060904 0.998333333333333 0.00624507414501636
0.00984433174144617 0.998384491114701 0.00510906304957471
0.5 0.5 1
0.0664017168730633 0.994871794871795 0.0339360403347503
0.0114057210694654 0.998347107438016 0.00629310758265698
0.120379861602542 0.988636363636364 0.113352921602771
0 0 NA
0.0299713051099205 0.99645390070922 0.0216872577029879
0.0711762968644264 0.994047619047619 0.0363595651620923
0.0164388890761429 0.997402597402597 0.0112278672352727
0.00461660537141786 0.998552821997106 0.0024992000617694
0.00996351442981917 0.998178506375228 0.00622868696946007
0.0936439130709757 0.988505747126437 0.0754117832838828
0.00412691974645525 0.998719590268886 0.00236266395034074
0.00918185443356863 0.998444790046656 0.00598644338127995
0.0430532607648546 0.995145631067961 0.0301121262293714
0.0105099873958838 0.998344370860927 0.00600824709114482
0.01989207377236 0.997067448680352 0.0143349349766984
0.00885480014615378 0.99800796812749 0.00663453585610955
0.0938017559715816 0.990909090909091 0.0695894344597646
0.0170710029578932 0.997435897435897 0.0114093122141284
0.0572494400247676 0.993243243243243 0.0377868080126664
0.0183809972226426 0.997076023391813 0.010916687930473
0.013153822962628 0.997872340425532 0.00954975375520865
0.0246108235504955 0.996732026143791 0.0166476528565359
0.074255142293077 0.993055555555555 0.0494137923032909
0.0330417412507255 0.996212121212121 0.0226041315274375
0.0209622915934957 0.997183098591549 0.0117141766030091
0.0157487931575762 0.998046875 0.0082440578338904
0.00872262150789647 0.998211091234347 0.00554594149923874
0.0568067582481901 0.99438202247191 0.0403210666138109
0.0711033548441717 0.992592592592593 0.0430098868282805
0.011096023334379 0.99822695035461 0.00692648630865468
0.5 0.5 1
0.0139451417538919 0.998299319727891 0.00679253105148309
0.0169292940246008 0.997946611909651 0.00893171202626449
0 0.5 0
0.207246838211603 0.973684210526316 0.163555599706705
0.0451946400565234 0.993939393939394 0.0357640932842414
0.0154581301123551 0.997647058823529 0.0113712338481697
0 0 NA
0.00496612472467484 0.998284734133791 0.0033968989355462
0.0119708138199397 0.997835497835498 0.0071914527232241
0.0817868531267869 0.992481203007519 0.0472568253726269
0.00834548395519735 0.998430141287284 0.00594837601252654
0.0237167830281449 0.997354497354497 0.0160668078670947
0.0320250890575434 0.995305164319249 0.0257220923099452
0.0526785821150311 0.994444444444444 0.0293753366725445
0 0 NA
0.0125653441483143 0.998106060606061 0.00809574396902552
0.0113874189146984 0.997757847533632 0.00932851340171816
0.0133622301867746 0.997971602434077 0.0076254081589006
0.0208541465286478 0.997118155619596 0.0143580146083263
0.00927207460072626 0.998011928429423 0.00754783404647244
0.0930303452673162 0.988372093023256 0.0543581712727564
0 0 NA
0.0138543822607304 0.998054474708171 0.00819539845308891
0 0 NA
0.0204618032951062 0.997442455242967 0.0126581603639087
0 0 NA
0.0160112175650113 0.997506234413965 0.0081377356240303
0.00488813388014269 0.998463901689708 0.00387212418174188
0 0 NA
0.0407359428285937 0.995049504950495 0.0233621490991493
0.666666666666667 0.888888888888889 0.566880691146547
0.0157899068887713 0.997792494481236 0.00911648670234059
0.0398379817942198 0.996323529411765 0.0255246817556397
0.007165510703219 0.998 0.00592362828341041
0.00701854609154901 0.998327759197324 0.00416857796104413
0 0 NA
0.00809608768462862 0.998347107438017 0.00580715131024296
0.00839628968112205 0.998463901689708 0.00539528615699118
0.0128229169834735 0.997701149425287 0.00672972606288781
0.0302287248080332 0.995967741935484 0.0205838561417699
0.0137323085881638 0.997912317327766 0.00852650017053318
0.065248782317808 0.994252873563218 0.0471863282194881
0.0150913367460299 0.997867803837953 0.010051469587177
0.00993716897772238 0.998405103668262 0.00639890789055754
0.012730547343782 0.997854077253219 0.00772685331938165
0.0104925864629931 0.998554913294798 0.00572229511206962
0.011257184923547 0.998027613412229 0.00707332213698791
0.00761151492232161 0.998569384835479 0.00436417494172446
0.00974402869661035 0.997429305912596 0.0080008776632597
0.00841744032908487 0.998389694041868 0.00598434965878326
0.0348419370989266 0.996610169491525 0.0241014432611307
0.0190866438408232 0.997481108312343 0.0121134029462282
0.0158564558271365 0.99749373433584 0.00810519880220446
0.0942043542395052 0.991596638655462 0.0740415484356785
0.0181626103484292 0.997183098591549 0.0112020849242315
0.0654377888773281 0.993589743589744 0.041251342730452
0 0 NA
0.0226090295561935 0.996491228070175 0.0154502347126093
0.0227778110309607 0.997183098591549 0.0167912132643116
0.0176483652261331 0.997894736842105 0.0108028221194094
0 0 NA
0.0128565153375807 0.998054474708171 0.00924821000320225
0.0190451633448171 0.997222222222222 0.0132777493734572
0.00552072955820822 0.998475609756098 0.004107095254192
0.0127106932217127 0.998397435897436 0.0075236443006998
0 0 NA
0.0205938954019576 0.997014925373134 0.013330835932007
0.0100654371399574 0.998233215547703 0.00673338250910164
0.0216157201087535 0.997126436781609 0.0132905281759519
0.0179201774265149 0.997742663656885 0.0107345469655401
0.0175852882058519 0.997050147492625 0.0117419688586851
0.0213367367050713 0.996363636363636 0.0145420442163018
0.0292609938713372 0.996402877697842 0.0161953862666069
0.035113344369788 0.995098039215686 0.0286213188776046
0 0 NA
0.0236270838415782 0.996763754045307 0.0167752888039307
0 0 NA
0.00835347713899621 0.99825479930192 0.00594732403610634
0.5 0.5 1
0.0109169685603527 0.998165137614679 0.00651827551069125
0.139944445901014 0.974358974358974 0.0859042066845295
0.0333869249744733 0.995555555555556 0.0215535613751956
0.0265096227599152 0.99622641509434 0.020649150389607
0.00802834385014949 0.998491704374057 0.0059812073121439
0.666666666666667 0.666666666666667 1
0.0107655882246501 0.997297297297297 0.0077646953581093
0.0934306594322338 0.993464052287582 0.0696210875686055
0.014793601006249 0.997762863534676 0.00895131481337331
0.198547236572542 0.983870967741935 0.134518800137217
0 0 NA
0.0167753701957964 0.997777777777778 0.0105505761370965
0.0125783336155858 0.99812734082397 0.00650923281804472
0.0115322791676396 0.99781181619256 0.00764997069219688
0.00730905034701304 0.998330550918197 0.00453551742630999
0 0 NA
0.00754769082257562 0.998535871156662 0.00471208402999683
0.0195215814395622 0.996677740863787 0.0158786036862734
0.0112422022272743 0.998102466793169 0.00705524613603316
0.06236667251782 0.993288590604027 0.049520319846289
0.0128059458586044 0.998257839721254 0.00767545386037415
0.0316561239140643 0.997032640949555 0.023009760977372
0.0459539554431348 0.995708154506438 0.0311394181883631
0.599999999999994 0.8 0.624999999999992
0.00738188602230874 0.99837925445705 0.00525235993976364
0.0116727494233252 0.997435897435897 0.00818217352390837
0.0123309751746464 0.997435897435897 0.00834548017304257
0.0272076213729113 0.99609375 0.02125354655037
0.019924239383311 0.997142857142857 0.0135055314999582
0.009648737974555 0.997757847533632 0.00717378495649912
0.166209276837256 0.833333333333333 0.133220720138721
0.0253668399382897 0.996587030716723 0.0202342884860514
0 0 NA
0.0279668952735115 0.996774193548387 0.0190370332310046
0.0124595825104658 0.99789029535865 0.00941406752899804
0.442022740127836 0.888888888888889 0.375001223527217
0.139370468076333 0.9875 0.103775820806845
0.0570084406191466 0.994708994708995 0.0390441799956073
0.0099944211770548 0.998430141287284 0.00653562766079704
0.0108077192213653 0.998043052837573 0.00735847952504285
0 0 NA
0.5 0.5 1
0.333333333333333 0.666666666666667 0.499999996170943
0.00949658148420593 0.997955010224949 0.00655468569796815
0 0 NA
0.0128687799508659 0.997872340425532 0.00846513585102724
0.201474021828004 0.8 0.253706023366283
0.0266979350873963 0.996551724137931 0.0213030673341677
0.0289923048599246 0.996336996336996 0.020119598865252
0.0133589838504294 0.998389694041868 0.00758512291621226
0.00860490638807018 0.998217468805704 0.00450529093731183
0 0 NA
0.00222328180170962 0.99874686716792 0.00173872556069058
0.0924673007665167 0.988095238095238 0.0756248874334951
0.00880136057303713 0.998525073746313 0.00602667138047891
0.0277099994457117 0.996610169491525 0.0204545186717732
0 0 NA
0.00887342660691646 0.998444790046656 0.00564130607840372
0.0160855413972562 0.998073217726397 0.00916588770520521
0.0208090956452186 0.666666666666667 0.5
0.00913917466928523 0.998577524893314 0.0054350091309235
0.119817404673153 0.987341772151899 0.0899885805009199
0.01123519041912 0.998043052837573 0.00716863719098128
0.0161685819806427 0.997150997150997 0.0111815966535197
0.00674664826863936 0.998522895125554 0.00420097384950423
0.0095200801679427 0.998360655737705 0.00634345706737953
0.0173818630020726 0.997542997542998 0.0123021765218683
0.015883699396344 0.997641509433962 0.00976217569153283
0 0 NA
0.499999999942029 0.75 0.499999999980676
0.00800972183408676 0.998084291187739 0.00564646113963319
0.0253708423698779 0.995983935742972 0.0210076497595433
0.00524475951877587 0.998459167950693 0.00440990757235042
0.217058886307195 0.985074626865672 0.133241077008779
0.0303858276274334 0.994318181818182 0.0259210504308963
0.0200993272513883 0.996894409937888 0.0149084154315469
0.0127043699476327 0.99746192893401 0.0095691342417468
0.0159592660619613 0.997619047619048 0.00961428069972956
0 0 NA
0 0 NA
0.0111155661144744 0.998230088495575 0.00627838763280858
0 0 NA
0.00824979849604526 0.9981718464351 0.00640337823027222
0.0316203039534268 0.99672131147541 0.0224353130375316
0 0 NA
0 0 NA
0.0281010226717866 0.995614035087719 0.022709603748666
0.00291862751823112 0.998500749625187 0.00163137999450269
0.00386312966303703 0.998659517426273 0.00255530057560733
0.0134414433892179 0.998015873015873 0.00829419735358753
0.0663962681537767 0.994318181818182 0.0450054924144046
0.0214650834005441 0.99645390070922 0.0154650788869794
0.014606280919653 0.99820788530466 0.0083314695974196
0.012611054646419 0.997767857142857 0.0079198836162021
0.0137058166091109 0.99780701754386 0.00986286698388138
0.0100963711775585 0.99812734082397 0.00647738886574762
0.0565191140937723 0.994186046511628 0.0420927125703935
0.0331224439117856 0.996978851963746 0.017880012268082
0.00148299541079691 0.998548621190131 0.00108177270894158
0 0 NA
0.0150665775320379 0.997524752475248 0.00983963468915852
0.0124577795866358 0.998447204968944 0.00634374864640557
0.0358035191471541 0.995726495726496 0.0248714507996325
0.0145726937624719 0.997732426303855 0.0103838915486001
0.491890107048137 0.933333333333333 0.491355840104859
0 0 NA
0.0283967963630413 0.996732026143791 0.0208833786444781
0.00848684556215797 0.998381877022654 0.00490908079229098
0.0110772750608731 0.998405103668262 0.00667928625707116
0.0179077910553592 0.997402597402597 0.0100927983716169
0.00812972970368396 0.998272884283247 0.00602570700193236
0 0 NA
0 0 NA
0.110351147406188 0.989247311827957 0.0605470533530209
0.00784660151356587 0.998475609756098 0.00569618183773689
0.00849906040367345 0.998087954110899 0.0056517424161924
0.0110140217658989 0.997821350762527 0.00667757660250374
0 0 NA
0.0580175404842735 0.994594594594595 0.0425627680638379
0.00978847524267691 0.99836867862969 0.00595364784162745
0.0189208012236031 0.997142857142857 0.0126842184085638
0.0163750630758591 0.997198879551821 0.0100064601204558
0.0562626268369761 0.995024875621891 0.0408246949560046
0.00554881803758573 0.998516320474777 0.00382474117165376
0 0 NA
0 0 NA
0.0343987065430925 0.996309963099631 0.0231338188700589
0.0621608005503429 0.995121951219512 0.0332796149019427
0.305430429230402 0.875 0.339887703149327
0.0118545243532012 0.998313659359191 0.0082707516591559
0.0384796200121275 0.996402877697842 0.0243348742207453
0 0 NA
0.011034477776256 0.998278829604131 0.00813433063187209
0.0636746515437572 0.993421052631579 0.0468552335665955
0.013396430081229 0.998046875 0.00813512187388769
0.021866876058657 0.997014925373134 0.0154522562979866
0.00613622965226563 0.998595505617977 0.00415301555374634
0.0125212060516444 0.997711670480549 0.00858701331128675
0.023062503565068 0.99780701754386 0.012399877133902
0.0240460919779593 0.996960486322188 0.0153042046514265
0.0417722243222663 0.993710691823899 0.0320904545227224
0.170437223372534 0.983606557377049 0.107516830326639
0 0 NA
0.0381136502646287 0.995983935742972 0.0321644924462708
0.00380931252668642 0.998461538461538 0.00228386703663616
0.0313903896101554 0.995744680851064 0.0229061893039775
0.0110445883897815 0.998531571218796 0.0050824303309525
0 0 NA
0.028563539266665 0.996296296296296 0.0176553239445382
0.0101872250429189 0.998220640569395 0.00432075630750601
0.00721308142361782 0.998214285714286 0.00469138826149387
0.0177028007186686 0.997816593886463 0.0104697556075099
0.0426013467457721 0.993865030674847 0.0374490031345305
0.051116126848158 0.995260663507109 0.0321541297922725
0.0274801693397089 0.995762711864407 0.0195561064789225
0.5 0.75 0.666666666666667
0.5 0.5 1
0.00508834220689208 0.998376623376623 0.00296717834039313
0.0147632993022677 0.998046875 0.0112575419988691
0.0122323735750925 0.998336106489185 0.00695791174831446
0.02153241403531 0.997109826589595 0.0148806727687218
0.0307092094182992 0.995633187772926 0.0222721430016332
0 0 NA
0.0110806247155193 0.997946611909651 0.00751882163545128
0.134907932689091 0.986486486486486 0.0767415666869599
0.0242804062635226 0.997101449275362 0.0145682619883118
0.00781749193046074 0.998363338788871 0.00521605288607541
0.10727425804881 0.989010989010989 0.0740503894139807
0.00620201160511169 0.998422712933754 0.00428729170212103
0.00700404146306779 0.998487140695915 0.00455314958542472
0.00803548279583948 0.998347107438017 0.00503232868325165
0.0163062650568416 0.997830802603037 0.0134130237733878
0.0238273060675311 0.996913580246914 0.016295311583568
0 0 NA
0.012209360158467 0.997237569060774 0.0102645843092106
0.00705834865007553 0.998347107438016 0.00412502416405579
0.666666666666667 0.666666666666667 1
0 0 NA
0.0126318120188593 0.997876857749469 0.00873720761273923
0.006981896693862 0.998427672955975 0.00436367564563995
0.0134984881048647 0.997361477572559 0.00884282795048054
0.5 0.5 1
0.00876167991446509 0.998011928429423 0.00459900548843502
0.0300409548691471 0.996168582375479 0.0205416787300229
0.5 0.5 1
0.435068860337753 0.8 0.498816169312576
0 0 NA
0 0 NA
0.232440136197043 0.956521739130435 0.243861025288392
0.0540382778079037 0.994974874371859 0.0409727964403103
0.00771416854264774 0.998575498575498 0.00464045911753233
0.0107971175798136 0.997782705099778 0.00712810258144802
0.00418492642915663 0.998659517426273 0.00307058751374039
0.0192083798913752 0.997260273972603 0.013756552056166
0.0104463879944684 0.997663551401869 0.00813709854992729
0.0719885727888571 0.75 0.33333333333153
0.0131338020792401 0.997542997542998 0.0105181479157127
0.0069558167876815 0.998447204968944 0.0057921041499986
0.5 0.5 1
0.020736886628296 0.997590361445783 0.0135669998284215
0.00881648306971652 0.998392282958199 0.00549707758267148
0.00796128575972043 0.998491704374057 0.00497059131346755
0 0 NA
0.00561401563660607 0.998387096774193 0.00358987313151069
0.018019582475398 0.997578692493947 0.0112840039785591
0 0 NA
0.0452680111900791 0.994594594594595 0.0336737515048711
0.5 0.5 1
0.0231155454783233 0.997134670487106 0.0115348351820501
0.00936565797193327 0.998257839721254 0.00613455057010165
0.0081898158042281 0.997722095671982 0.00609737390918583
0 0 NA
0 0.5 0
0.00946622569918595 0.998287671232877 0.00581711987401989
0.0893599807846408 0.991869918699187 0.0532728726949207
0.0256183975930851 0.996415770609319 0.0173621187725603
0.0130288284301754 0.997275204359673 0.0108134732131326
0.333333333333333 0.666666666666667 0.5
0.0203979323818363 0.996240601503759 0.0142378137094712
0.0117707216495132 0.997840172786177 0.00861628206345974
0.0242752062162154 0.996941896024465 0.0188862887253149
0.05773451189961 0.994350282485876 0.0438193588382595
0.0261261919652493 0.995850622406639 0.0185761420824545
0.253249110933992 0.975609756097561 0.219130944403804
0.010028617988804 0.99814126394052 0.00709442855873212
0.00935672564061165 0.997987927565392 0.00559286407773996
0.0127019703541309 0.997701149425287 0.010673767878516
0.5 0.5 1
0.0105284566607355 0.997448979591837 0.00737133395171163
0.0100015384011207 0.997933884297521 0.00671925431689683
0.00655469624038182 0.998347107438016 0.00449446480960733
0 0 NA
0 0.5 0
0.0546374599347974 0.995 0.044036642877309
0.0425501413246572 0.996197718631179 0.0320836242993818
0.00908644489543352 0.998366013071895 0.00585080189536536
0.0286311381542773 0.996763754045307 0.0183774803228501
0.013198008942629 0.998381877022654 0.0075032886539417
0 0.5 0
0.0345021883929448 0.995412844036697 0.0188716396430009
0.0185225653688499 0.997032640949555 0.0127927072953269
0.0189251697829949 0.997267759562842 0.00910764227871406
0.00812215081742699 0.998201438848921 0.00494880723533886
0.00931236694231033 0.99812382739212 0.00600507023154761
0.058094091400595 0.991735537190083 0.0390511958025638
0.0104213009065178 0.998260869565217 0.00611068153282972
0 0 NA
0 0 NA
0 0 NA
0.042750323360609 0.995305164319249 0.0288010835612397
0.0869415250607286 0.988235294117647 0.0583650805587888
0 0 NA
0.0118971547356893 0.998296422487223 0.00837876898512682
0.30197321483696 0.954545454545454 0.249906612061773
0.333333333333333 0.666666666666667 0.250050570414629
0.0141117430851943 0.998275862068965 0.00698133068879378
0.0119446023270592 0.998278829604131 0.00676460149000803
0 0 NA
0.5 0.5 1
0.373134492154781 0.947368421052632 0.27060708385994
0.0103764694065494 0.998069498069498 0.00764834890253196
0.5 0.5 1
0.00418267691296439 0.998344370860927 0.00358052341847155
0.00651888125701457 0.998461538461539 0.00486099145567991
0.0249462712633287 0.995762711864407 0.0206274873725032
0 0.5 0
0.0103572803390392 0.998230088495575 0.00602450097072135
0.0325927327748895 0.996212121212121 0.0246855496642047
0.0303963562694884 0.996031746031746 0.0225034499164542
0 0 NA
0 0.5 0
0.0535904354716692 0.993464052287582 0.0391849342844802
0.0913333726888922 0.990384615384615 0.0659881431220455
0.0863449063384614 0.992424242424242 0.0581010907419533
0.0153023166683238 0.997416020671835 0.0120579499365143
0.0203271898025522 0.997572815533981 0.0130689519303989
0.0158988012723112 0.99792531120332 0.0097498560695458
0.0143590756988591 0.997674418604651 0.0118926554277867
0 0 NA
0.00930512747946074 0.997912317327766 0.00593273986315977
0.0108128021423335 0.99746192893401 0.00784242880118042
0.0319222016901864 0.996815286624204 0.0224323402360119
0.0105145459006373 0.997907949790795 0.00770337834865154
0.0196065238133855 0.99780701754386 0.0096899328830407
0.0217349164491993 0.996124031007752 0.0199569755264419
0.0410831712362746 0.99609375 0.0268424420304977
0.0106943225681674 0.997983870967742 0.00749715808080078
0.0157178763264451 0.997635933806147 0.010741076596512
0.0410350090680292 0.995391705069124 0.0279452062965896
0.00777917038390918 0.99830220713073 0.00459669207786836
0.0374529067045884 0.995652173913044 0.0244141395890474
0.501091736089423 0.928571428571429 0.431747585579704
0.0107358813422747 0.997987927565392 0.00833624252111777
0.5 0.5 1
0.0348586272168714 0.994871794871795 0.0190825743511625
0.00739233728759421 0.998449612403101 0.0051612432836175
0.168018278618313 0.987341772151899 0.115197495416889
0.0180128926262832 0.997549019607843 0.0124460387528612
0.094490608173494 0.992647058823529 0.0625970690239092
0.0129761713761866 0.998116760828625 0.00876358221635189
0.246318687193127 0.973684210526316 0.165631387538786
0.00923383857029652 0.998204667863555 0.0070657958146864
0.0709062855356715 0.99375 0.043487039148441
0.0272502743019345 0.99645390070922 0.0181431717736217
0.0202348089417158 0.997252747252747 0.0149732609091317
0.0129970970679706 0.997894736842105 0.0079214787922834
0.02071525154874 0.997289972899729 0.0128707768544686
