0.159675842003883
0.0915944263289589
0.187437230801724
0.241953589236479
0.106666361471689
0.20703354293931
0.257629020531723
0.235665545776635
0.17079422975973
0.283847261896095
0.21110390723602
0.306765752583062
0.367313001999348
0.191834887457061
0.207743227390694
0.172528848654897
0.175608002751062
0.21476864388909
0.168804995371526
0.285290425547135
0.287585381843087
0.166848941080508
0.301434552075499
0.0774377698670041
0.34368838889431
0.212132247100667
0.274444695702847
0.240740258257544
0.205972249487264
0.19629251861218
0.125890047138693
0.187541856699581
0.213423011295522
0.169323064577727
0.151163527335233
0.224923853312151
0.211073355855864
0.213285441730878
0.18820591388253
0.218857289503323
0.254828072618613
0.285090303320138
0.129653557528701
0.304652707863503
0.341805228830375
0.131341755614275
0.179450830169827
0.176808577258062
0.16044457985685
0.13042963803327
0.33351664862934
0.147041871338204
0.207556182884378
0.234866743182645
0.266779353293311
0.0890102235183647
0.290918532219053
0.152199389648546
0.361212940074779
0.244687602732592
0.216166714043092
0.249474015665177
0.10905943206079
0.214370487579983
0.233823797846198
0.187985062584804
0.0936044758527994
0.0886269354441763
0.239813933396861
0.160770369610844
0.20491976028335
0.185291788144066
0.176878392699712
0.18164189525214
0.271131018777812
0.26699124721862
0.108483579860874
0.155588345288476
0.153636531845931
0.188773912851782
0.159891662845102
0.210776744805504
0.322808322878128
0.372783877911731
0.141232364606208
0.1880281491312
0.20701310983442
0.124574585318061
0.104495824641467
0.154076078985964
0.155779340322475
0.249139743048645
0.153719755006026
0.324099922867414
0.204961488231614
0.251986195668186
0.243248219168088
0.192460241722331
0.15002151984979
0.322196595999391
0.293469534078546
0.170461920193526
0.225909767293798
0.293689533941365
0.182213589021432
0.213931824885151
0.179133171227858
0.217453971393678
0.126885732844198
0.156796127266829
0.389620161449836
0.203074520564202
0.188518780008508
0.330868064678365
0.0950115385032674
0.18536488592692
0.223552874468724
0.120932309048389
0.347961089426677
0.135983995796482
0.220887963882049
0.32911121070568
0.156304224020495
0.276479977187098
0.141991935814371
0.239498130664823
0.0883701980396679
0.183163846856371
0.192085162832733
0.249965605650142
0.159045330655957
0.210051733677602
0.174546534893314
0.12647669721592
0.302500375917653
0.202656048568252
0.138604914517692
0.219268784101101
0.166912253082858
0.160100744660629
0.234534277054188
0.31543141547562
0.324524000519793
0.096635015863399
0.160121333034631
0.251522688041119
0.235051809461677
0.311913396723027
0.311113978896821
0.206165784942697
0.160542429620323
0.118454727624964
0.207511437726556
0.119703034842029
0.113714094081455
0.0997233716096625
0.161852912285443
0.18212096244676
0.136027130236343
0.160629663126175
0.169849249518417
0.161760759879646
0.117557734383949
0.32004897978506
0.203658042378861
0.349496298965256
0.181865666634667
0.274867742284755
0.243287870602923
0.208422999700703
0.153319495833934
0.22656319918766
0.169400076511799
0.222707730195213
0.249568641729593
0.208623402126366
0.176733255828266
0.297131812512094
0.318835333440492
0.191484155950801
0.223806328852096
0.169399759539688
0.111150993062014
0.287573164493113
0.184658169722437
0.156517574942747
0.124863819850498
0.176960171741706
0.238180592196366
0.228996211511537
0.145269081246423
0.176020761229565
0.218247566277043
0.149190086855019
0.116765075566787
0.180571483731057
0.265843886215621
0.145163161314216
0.213125402743499
0.123677638326455
0.166209879310913
0.133381983895902
0.150229246249135
0.23552373433386
0.195342950792411
0.236295160033443
0.207315366500531
0.212627289226787
0.355468718544569
0.321077319120501
0.15331435973875
0.260595462087787
0.161409750190214
0.449318995352685
0.177922026527427
0.197828781059188
0.126826441201555
0.212544392397279
0.155951537752487
0.124701278966716
0.41696156278258
0.24387426869313
0.211820037912583
0.144788475893077
0.179157739142664
0.155506045923069
0.119874954445016
0.221727304552082
0.187643224889797
0.175889974013412
0.178300926543545
0.0884970327254757
0.206610611877804
0.195580439927531
0.207585211747651
0.211404081476741
0.187585954056636
0.227021840347924
0.142233984311589
0.207323668257081
0.204025701791355
0.177854454551216
0.192251225435432
0.233375579595384
0.289188746210282
0.18280594372624
0.259404201628037
0.11292250089764
0.239441893477766
0.107188649816422
0.0952557658647008
0.246375548823918
0.27417145462776
0.277107296127162
0.12866567990144
0.185868358786882
0.226192243685969
0.0985626364558863
0.119671535708096
0.259343397181312
0.263425860890779
0.103158672946129
0.349644067744784
0.158365564073564
0.135270756550654
0.19352366037652
0.202511005272488
0.162611808261688
0.157554909829412
0.265893217930508
0.207720662448186
0.210503093885663
0.181832131591954
0.117643138398945
0.207575769156128
0.227782168516749
0.203984385972715
0.153513998703739
0.182139533390215
0.486537503732241
0.155648553767567
0.123318184074319
0.152557853265863
0.337180057312306
0.391181120780226
0.274983698358825
0.181023838031646
0.231774306086429
0.216498492328108
0.266509216990619
0.296461833999521
0.223003556962005
0.134752479424
0.128559699639437
0.310086937109291
0.139956886769015
0.127725775901454
0.228413751359347
0.251392684335189
0.216131498882432
0.244470642876025
0.227990153428615
0.26744783148585
0.131966825123444
0.271798319033131
0.169302837832404
0.321567895563199
0.103131038984575
0.305207279203646
0.178494082180141
0.131362952909149
0.361556192509853
0.196450964824846
0.269095576126986
0.228254416657553
0.207819864607132
0.168316277761463
0.19059804362061
0.23678726622244
0.188980706187207
0.141964080495679
0.178908041737175
0.309323203316536
0.391296074631665
0.198748977968035
0.237292867854456
0.171007139983481
0.180461998730766
0.219673841085548
0.342491499551628
0.2177750258068
0.153061262528609
0.156208120194905
0.24625455487634
0.209665326626345
0.115884470212275
0.188758826588029
0.340921154928083
0.133650138425507
0.17311682051685
0.119305559089137
0.330249230141521
0.167713649279281
0.288348567664836
0.277031497014091
0.155731247729873
0.185824473244896
0.245961453049721
0.153665124820927
0.100381423486787
0.290815266309555
0.241293264683178
0.290105828339888
0.166259152514068
0.117416634455817
0.196832277544216
0.191573078364434
0.198048644708512
0.271806295968855
0.18600225321127
0.130189187089123
0.221340553329032
0.161500288940065
0.225493463008668
0.1870877887298
0.278309799326486
0.257025884435629
0.161529669076922
0.203518361342714
0.248459906082563
0.269575316389879
0.198140957367325
0.177672888971989
0.180627849287507
0.139029856529376
0.217989710413177
0.142274790188636
0.261731320542071
0.234312773674047
0.257533948049139
0.201639231605448
0.255087826965279
0.168371744145128
0.121091133735375
0.183385386852518
0.149281196321111
0.213771979329488
0.173766731662483
0.335599750809114
0.216707303104474
0.159228996151071
0.192204890287051
0.183019785521464
0.262148708723594
0.228242404565645
0.158408465608627
0.280916635424034
0.245495606218782
0.184097920045762
0.231734704265223
0.123371705282683
0.20635142794556
0.292272524838702
0.256172922502091
0.159356343630644
0.118696262320576
0.159856537475421
0.278141117754191
0.132320731985098
0.247456425838354
0.323615400511375
0.312802169832492
0.238010084824401
0.373339424342741
0.223022660709977
0.149876844641497
0.160293363499255
0.304197348972655
0.171685618523497
0.236417555380242
0.295562285251297
0.138645155898829
0.181913850627127
0.257663812333653
0.162422565395345
0.346217784052901
0.233489871786614
0.185880179395632
0.162980265377817
0.174864042445988
0.210923909681818
0.261680575898065
0.204315973420699
0.179652288017376
0.129595085047709
0.199921168359824
0.15126914075281
0.183553678706641
0.186940185142377
0.365973463691875
0.408447078299243
0.354913910031282
0.192677288062502
0.241854923750626
0.153512592546043
0.235632813970807
0.183107660945071
0.275168346139029
0.275798836776918
0.198615339555326
0.150842491843444
0.175444501919703
0.232738194263526
0.32358798647538
0.110580306425315
0.180778728090519
0.13171503946402
0.224891851099859
0.342491645389405
0.0948365693434611
0.241916597226706
0.088725580944606
0.119324749446005
0.275155747634654
0.174929052676056
0.197263669225913
0.290806145292383
0.192823857059242
0.170424716233012
0.153626144392604
0.141902414478946
0.280534756641488
0.175948649729964
0.356754248379696
0.236210360292884
0.201639781212482
0.201924917166586
0.174643552349186
0.208725021284888
0.104010635988657
0.278149503138078
0.201517184461459
0.155907458540751
0.231718697200561
0.198191796265038
0.415532763011248
0.296488250294177
0.187019834666936
0.127249287621217
0.181540739716874
0.201936003806175
0.282568194453635
0.217232871200011
0.16108224993294
0.21475803777194
0.238512581744023
0.148845704733467
0.208921941540713
0.186630350952654
0.156751978242162
0.252973238783669
0.143361925566102
0.154938257022299
0.351077870355803
0.264321317460031
0.243872158281382
0.072986565277181
0.201852770145167
0.0975685837210302
0.244348376627124
0.199896625319059
0.110602717846202
0.183429841487672
0.155042969961906
0.280264320463415
0.195411599127934
0.20688684688906
0.163188367825546
0.317392749686613
0.175433318628148
0.171909849444316
0.319540687407933
0.105815380472359
0.195917028643819
0.25883788102179
0.345446536517729
0.295250996759227
0.245277827454897
0.290385379874579
0.197481686099655
0.245128930296852
0.159563748129837
0.0962784602805696
0.103025906331143
0.172741505895531
0.168928163371694
0.229448361527385
0.22327725254911
0.313935864303552
0.138070637691511
0.218908679988712
0.28430152405248
0.265087060828465
0.170694706771674
0.299683907535749
0.157298262825554
0.174796053373499
0.250062833569042
0.194664954013622
0.116852897427643
0.223072944831688
0.148389817686936
0.238224100429832
0.203305565024314
0.265558953031351
0.204480148531732
0.173629304810689
0.293311152352872
0.206136947403918
0.187251376278747
0.156419787202684
0.179092707367166
0.119757118548848
0.237633977414031
0.336840813599764
0.22827717887724
0.265001330621772
0.255770731685946
0.176437950809821
0.238983309240862
0.181737007004577
0.288279218987067
0.237994129633633
0.187455184549306
0.311087331394628
0.20730489986393
0.179791484678349
0.22659050922149
0.226171522563014
0.17194651027161
0.142403918776293
0.24606460905348
0.225206655752828
0.179638025267119
0.433783887849496
0.25640545835326
0.236321372463272
0.321067715646398
0.20302449105747
0.20597927083883
0.237719184340202
0.169178289619597
0.248197215343021
0.301373895480625
0.210490355779766
0.20750880748674
0.224674246836886
0.295622242206871
0.182454480096984
0.286741901088527
0.235433793577587
0.234239162150092
0.137205625154349
0.316022512995198
0.238160021615116
0.276833963201939
0.273934613840432
0.225058416764565
0.161728286790647
0.146775554797832
0.222271032316381
0.202851589498562
0.24632145172513
0.15706037980263
0.222368635164647
0.129177668952152
0.241826254043386
0.185806508721556
0.186187250758542
0.322847445588596
0.178722823833701
0.16274674447352
0.18756128650276
0.112799788406586
0.33149017216519
0.082027887228602
0.163884653730203
0.193198410426901
0.178226399048975
0.123884956617195
0.15935989133422
0.249853020275174
0.224609897635625
0.262447621330389
0.161311069308201
0.172943715405269
0.351297791104145
0.169141256506251
0.102003871743365
0.219186506069126
0.220206637041805
0.298310052571179
0.186335476483532
0.158693363572748
0.117139778805749
0.152303105436289
0.209021893893794
0.216889657765494
0.198696970116177
0.198699311938715
0.12123467987586
0.132548494822924
0.310726258108175
0.210028283588275
0.108122297028023
0.109324025746901
0.186154893140503
0.301411768678902
0.0961160615335541
0.282795516845438
0.186724211267582
0.258453313663102
0.135000855768777
0.164541136925694
0.219490696519356
0.176096543863744
0.217236743608554
0.337800366301155
0.15183794876786
0.215299466070264
0.187866858021607
0.154250636113752
0.192529140003285
0.22104041081583
0.375644787496021
0.256995784198654
0.232448196672559
0.228541889216379
0.30004510526376
0.247176114455252
0.225292775435439
0.140622470651146
0.269089950971041
0.201462862066124
0.38260172694132
0.147784531702975
0.2056103367361
0.340765131251554
0.157922625349855
0.181494398746444
0.113681558798521
0.256437936120692
0.204079898930227
0.238153658570559
0.166677385479967
0.174565289528963
0.347506043072386
0.307151075059928
0.253548927307159
0.163526923327995
0.399791578115785
0.0859651756287046
0.228970889243406
0.255081541625579
0.236375815341527
0.125221038619082
0.389672749391883
0.269323800690846
0.149136625111681
0.232918028406028
0.295726678378172
0.246337313182665
0.231904569318483
0.208911453502109
0.183386781356898
0.142089358833496
0.198224586232118
0.256593045228604
0.186739795622632
0.189705230319919
0.331595542704811
0.197315864424414
0.146300695163506
0.333609813743957
0.155893773316249
0.209930419018312
0.146581795546339
0.17748526099418
0.147170262968536
0.162589331281583
0.257812689845529
0.198013266174274
0.169305834862911
0.145342642282408
0.198676066192456
0.123467897891206
0.183165149108114
0.153425871152192
0.190524817140555
0.177200751617285
0.166803634831613
0.153616817930433
0.274925761474439
0.220721484000916
0.252909040158132
0.192113157873503
0.169397639961631
0.376379898298898
0.239952911668762
0.128429098204047
0.168494777721711
0.232669269809908
0.173189696733583
0.242305572804604
0.297962973480884
0.148755070061417
0.220782834339556
0.208898598740499
0.149697670329661
0.174309370357952
0.122952667070369
0.221756229400066
0.181396202171747
0.245523352131003
0.166964479835652
0.216724178798166
0.189429328233034
0.286028519759184
0.160509500150021
0.265395264175769
0.241416098488813
0.148118380574638
0.13974166667948
0.134225194300035
0.163589132926152
0.277520852263353
0.165568008448055
0.24599557430434
0.321840713830368
0.116699091077207
0.316725443797202
0.170779348499918
0.30104225625025
0.211760361025665
0.152707806587622
0.101766231308999
0.168639370387658
0.29822134552284
0.385778133593581
0.176554778648669
0.248024550482512
0.0943727954019008
0.207248693963059
0.0693877560631257
0.195075851215455
0.125694180137396
0.302198442254944
0.442231061415303
0.190727966757549
0.206720219938528
0.249504463811409
0.231706857924952
0.245615127177282
0.263050283991962
0.30810001669652
0.23075334011871
0.18988998870032
0.137001487867393
0.219325943943906
0.197310338984528
0.247138546542795
0.187363328797397
0.130597071006939
0.174002762886071
0.0940106216289717
0.211683578738132
0.131850373744233
0.146694824693801
0.135654490055449
0.21682592405382
0.218903426856281
0.238545685667001
0.333020962853875
0.103334213510203
0.180321329886505
0.244874050613194
0.224677262499387
0.355771354730095
0.286252565138409
0.15923169758227
0.189654331439106
0.266889686392397
0.0998467338600159
0.24568263249589
0.330947126661357
0.139872407274176
0.0896600579258369
0.352435183097651
0.294423351095011
0.221525739093529
0.237362745198104
0.210700427417934
0.244211971568142
0.176762841705323
0.141340595207408
0.188578737083418
0.26505528886918
0.219454907734692
0.173863384763777
0.22476457475985
0.187578756953547
0.187077202538809
0.244965850057912
0.161791059084775
0.12353475338704
0.180267092938343
0.216599959097997
0.209391256110578
0.261955136996912
0.160961738886077
0.329855874053852
0.12290193161672
0.207587422120892
0.144216981342875
0.215302062827816
0.211817828010551
0.16140206591795
0.301265196144458
0.128934415610383
0.156480014541001
0.177903305020223
0.132363224490874
0.145158732879328
0.183552691302828
0.0950254063082819
0.262765514881781
0.20338652433674
0.210571305909649
0.230962599302555
0.250181459681391
0.148618687260456
0.255311643311972
0.260936237897837
0.221022179993088
0.206758125593473
0.241321272356363
0.211073888397581
0.342426854651726
0.162519659759532
0.247209037261632
0.0958946322387427
0.160973509016091
0.210018666546545
0.134941981694001
0.127429719016571
0.254068878189312
0.294114851967635
0.226532913984296
0.19060911990681
0.159598298887475
0.178405396384197
0.115386444578978
0.128186405342327
0.137158851012135
0.201206184891163
0.177073255613262
0.194885894008056
0.230187102398498
0.155839887318754
0.163044836459045
0.154485564641749
0.162498097729508
0.0971550742079746
0.177632968814526
0.243850307322431
0.215110815657609
0.113284974028783
0.194411397043264
0.193493731952631
0.244899274228546
0.109536683947698
0.188068265637318
0.317055648816226
0.213975894284598
0.274542156760125
0.16472519286561
0.172892928512955
0.234296582901455
0.377100683180361
0.215140612097294
0.240827395246243
0.201503904479955
0.333111696343822
0.235615467153773
0.23922984989897
0.188920749949278
0.171996138436801
0.293293470158745
0.0930667870542671
0.145750151210216
0.239866446492109
0.249584421567553
0.213936984727473
0.147793455048472
0.124622667598166
0.17174337593564
0.321918660853182
0.264469446431495
0.211370655569462
0.134647154292577
0.150557787239479
0.188950854190352
0.309274530689207
0.224205980291057
0.180998659365723
0.231973800922607
0.222024191398811
0.144469879848928
0.209034084759453
0.128903952116903
0.200268429823053
0.210465696915716
0.24594283057635
0.159739056051776
0.294866110646697
0.180256259931559
0.229228925762378
0.125941646770239
0.131545146467367
0.143410911109706
0.233140416653077
0.236845470937821
0.199088060550048
0.101084029344074
0.117606886782871
0.253041367126609
0.254020852752822
0.137863971328936
0.18488353869024
0.176341547881409
0.336907564634536
0.342721795806084
0.105996057398407
0.338115303267865
0.189573877888037
0.220300254898572
0.222717133550526
0.136263383720175
0.211031243040839
0.146880013000293
0.151185494090501
0.370606123562922
0.24702760199791
0.208778924469085
0.133908243103578
0.14377467883207
0.242404080606016
0.165489603549885
0.232679974013025
0.290627766434725
