0.480769230769231 0.442307692307692 0.100461361453235
0.539130434782609 0.48695652173913 0.0608379358553384
0.587628865979381 0.56701030927835 0.119187096003851
0.590163934426229 0.524590163934426 0.125892491119994
0.608 0.56 0.0581970059735124
0.581081081081081 0.513513513513513 0.116495626110492
0.508474576271186 0.491525423728814 0.174520217265172
0.560606060606061 0.53030303030303 0.148083055612285
0.607843137254902 0.598039215686274 0.093206317194185
0.6 0.584615384615385 0.155507174095106
0.591549295774648 0.507042253521127 0.129288836498573
0.595744680851064 0.553191489361702 0.158867812793034
0.6 0.55 0.184830257324823
0.571428571428571 0.467532467532468 0.117995706073566
0.585714285714286 0.485714285714286 0.12766531857456
0.613861386138614 0.534653465346535 0.087659251234946
0.550724637681159 0.507246376811594 0.116188179218861
0.605633802816901 0.52112676056338 0.104932493524188
0.553571428571429 0.446428571428571 0.0781105002207482
0.533333333333333 0.511111111111111 0.173019804197373
0.622641509433962 0.566037735849057 0.14081547375862
0.571428571428571 0.549450549450549 0.0965662620687448
0.622222222222222 0.511111111111111 0.164592372229179
0.565891472868217 0.51937984496124 0.047210009951053
0.56 0.48 0.240578057355065
0.666666666666667 0.59375 0.112267023083282
0.581395348837209 0.511627906976744 0.136911247911862
0.578947368421053 0.56140350877193 0.118382853076118
0.594594594594595 0.540540540540541 0.107419847921199
0.6 0.6 0.125236450980908
0.476190476190476 0.412698412698413 0.0679621741836323
0.535211267605634 0.492957746478873 0.104482335797908
0.5 0.375 0.135944339772433
0.579545454545455 0.5 0.0961518250462958
0.649253731343284 0.604477611940298 0.0974000061660911
0.622448979591837 0.591836734693878 0.138951703181865
0.5 0.517241379310345 0.121130499139415
0.597701149425287 0.574712643678161 0.138630739531031
0.524590163934426 0.459016393442623 0.10805700543854
0.584615384615385 0.569230769230769 0.11674238861925
0.40625 0.375 0.196815341130738
0.613333333333333 0.6 0.157245055078787
0.581818181818182 0.536363636363636 0.0713721232625981
0.485714285714286 0.485714285714286 0.176562552821677
0.571428571428571 0.523809523809524 0.18571686901838
0.5875 0.4625 0.0623744540511129
0.581395348837209 0.476744186046512 0.108698621443092
0.591549295774648 0.507042253521127 0.101876625227152
0.48780487804878 0.341463414634146 0.0879028098941449
0.545454545454545 0.474747474747475 0.0846013562041768
0.527777777777778 0.472222222222222 0.210517414550456
0.450980392156863 0.392156862745098 0.100791692123913
0.627906976744186 0.534883720930233 0.115969821543795
0.655913978494624 0.612903225806452 0.118322553704599
0.566037735849057 0.509433962264151 0.139801841631374
0.595092024539877 0.56441717791411 0.0621593928192342
0.596153846153846 0.519230769230769 0.142109365633099
0.626262626262626 0.565656565656566 0.0856256427543993
0.627450980392157 0.529411764705882 0.235367225106922
0.518518518518518 0.425925925925926 0.175723343232385
0.61 0.59 0.121564086208721
0.6 0.56 0.141699864927637
0.544 0.528 0.0745096910866635
0.294117647058824 0.235294117647059 0.197232076112981
0.564516129032258 0.5 0.147196666255547
0.528571428571429 0.528571428571429 0.115056012235479
0.611842105263158 0.526315789473684 0.059721424528069
0.521739130434783 0.504347826086956 0.0603616837724113
0.607142857142857 0.571428571428571 0.13907652238662
0.617021276595745 0.563829787234043 0.0801202174812208
0.548387096774194 0.516129032258065 0.11608937247294
0.532258064516129 0.483870967741935 0.113112871717597
0.515151515151515 0.484848484848485 0.127228836826602
0.648936170212766 0.627659574468085 0.0850042378016504
0.53125 0.4375 0.159138492526094
0.571428571428571 0.448979591836735 0.141924911126891
0.58273381294964 0.503597122302158 0.0743022446224729
0.572916666666667 0.5 0.0881411774749646
0.628571428571429 0.542857142857143 0.0562725319506398
0.594202898550725 0.492753623188406 0.100646587614208
0.558441558441558 0.493506493506494 0.076431130563632
0.428571428571429 0.357142857142857 0.15484181807361
0.558823529411765 0.5 0.252839582134841
0.473684210526316 0.473684210526316 0.325540387484327
0.526315789473684 0.43859649122807 0.0797304838861263
0.552631578947368 0.5 0.0969180056897126
0.558823529411765 0.470588235294118 0.125911907268931
0.606060606060606 0.553030303030303 0.0853336359155271
0.5 0.445945945945946 0.0605144314537171
0.491803278688525 0.442622950819672 0.0810775328922782
0.539473684210526 0.473684210526316 0.0947855871861578
0.545454545454545 0.545454545454545 0.15611891972772
0.573170731707317 0.5 0.0896338505339007
0.484848484848485 0.454545454545455 0.205809762017579
0.461538461538462 0.384615384615385 0.107102256267172
0.625 0.5 0.130424681032999
0.575757575757576 0.515151515151515 0.141884739485469
0.623376623376623 0.493506493506494 0.103888496924416
0.549450549450549 0.505494505494505 0.0920002864645459
0.636363636363636 0.581818181818182 0.173209627108796
0.654320987654321 0.604938271604938 0.167676771189711
0.564356435643564 0.504950495049505 0.108540283322909
0.567164179104478 0.552238805970149 0.115195075460683
0.523809523809524 0.452380952380952 0.202124646074824
0.515625 0.5 0.103892993575066
0.6 0.55 0.114219743528652
0.571428571428571 0.547619047619048 0.111375881909645
0.61038961038961 0.584415584415584 0.109418878254214
0.611650485436893 0.514563106796116 0.0631993634300181
0.62037037037037 0.583333333333333 0.0808147601557133
0.677966101694915 0.644067796610169 0.195830221220065
0.452380952380952 0.357142857142857 0.122615700062769
0.5875 0.55 0.0902709493595331
0.538461538461538 0.41025641025641 0.24080002922647
0.547826086956522 0.504347826086956 0.0645144088994048
0.612903225806452 0.559139784946237 0.0953815882532802
0.545454545454545 0.509090909090909 0.121061117313173
0.5 0.342105263157895 0.0819271422325824
0.605263157894737 0.552631578947368 0.184426552009815
0.573913043478261 0.504347826086956 0.0854512506996735
0.572916666666667 0.572916666666667 0.137924474309149
0.676923076923077 0.6 0.184850600130908
0.5 0.424242424242424 0.094518429954882
0.614035087719298 0.56140350877193 0.152069656473131
0.601941747572815 0.543689320388349 0.0720319028642861
0.590163934426229 0.524590163934426 0.121262481362442
0.513157894736842 0.473684210526316 0.0531054296096412
0.629213483146067 0.51685393258427 0.0945249457730445
0.623376623376623 0.532467532467532 0.097033212735132
0.6125 0.5875 0.142041344158595
0.62962962962963 0.555555555555556 0.091896122520327
0.569230769230769 0.523076923076923 0.105999117990041
0.589473684210526 0.578947368421053 0.0851652151942092
0.5125 0.45 0.0741591508597846
0.547169811320755 0.547169811320755 0.171037125927846
0.567901234567901 0.530864197530864 0.133727206093319
0.605504587155963 0.55045871559633 0.0758203349675716
0.56 0.46 0.134629380924773
0.5375 0.5125 0.0912029884813639
0.597560975609756 0.51219512195122 0.0858682089667203
0.603448275862069 0.568965517241379 0.113609962512787
0.661764705882353 0.617647058823529 0.160827593569464
0.625 0.625 0.196311317517207
0.6 0.55 0.0545425904594053
0.633333333333333 0.555555555555556 0.0764259420557321
0.630769230769231 0.630769230769231 0.12898483450223
0.618421052631579 0.565789473684211 0.143826812901427
0.604651162790698 0.581395348837209 0.155957837253927
0.529411764705882 0.470588235294118 0.198618464742252
0.375 0.34375 0.152549639267409
0.517241379310345 0.459770114942529 0.106097053405202
0.580952380952381 0.504761904761905 0.0705335317126007
0.6 0.585714285714286 0.106636905908765
0.468354430379747 0.443037974683544 0.0817831301396274
0.521276595744681 0.425531914893617 0.080005728715835
0.553191489361702 0.414893617021277 0.0536515690188596
0.655172413793103 0.568965517241379 0.0849585256202543
0.466666666666667 0.466666666666667 0.112207555557944
0.577319587628866 0.494845360824742 0.0700903646477324
0.565656565656566 0.545454545454545 0.0864088914898122
0.5 0.421875 0.0933878197213015
0.579545454545455 0.511363636363636 0.0947549326954092
0.56701030927835 0.54639175257732 0.0761306635776729
0.636363636363636 0.6 0.178148111331509
0.602272727272727 0.545454545454545 0.114737341745003
0.529411764705882 0.5 0.227954981438241
0.514705882352941 0.514705882352941 0.105212979723476
0.641025641025641 0.58974358974359 0.144174462212484
0.576923076923077 0.5 0.118705363798149
0.482758620689655 0.431034482758621 0.131965410699622
0.44 0.4 0.0984419038828787
0.571428571428571 0.517857142857143 0.138664712369358
0.555555555555556 0.492063492063492 0.0925134617692918
0.623655913978495 0.559139784946237 0.122704249861953
0.583333333333333 0.533333333333333 0.157825817472177
0.604938271604938 0.54320987654321 0.121036526556498
0.592105263157895 0.513157894736842 0.0997977908159194
0.612244897959184 0.530612244897959 0.147990308862184
0.56 0.56 0.189278686784787
0.642857142857143 0.540816326530612 0.0997356785210515
0.611764705882353 0.552941176470588 0.107641329408874
0.634408602150538 0.559139784946237 0.0814501832917881
0.493670886075949 0.468354430379747 0.0657815904940039
0.616666666666667 0.566666666666667 0.156142960062847
0.618421052631579 0.526315789473684 0.0907623756868829
0.63 0.53 0.0848951296130261
0.603603603603604 0.540540540540541 0.0750772844454949
0.627906976744186 0.593023255813954 0.0752379281534985
0.553191489361702 0.468085106382979 0.157283258804718
0.616438356164384 0.575342465753425 0.123938415379497
0.571428571428571 0.519480519480519 0.0792195214548148
0.567901234567901 0.54320987654321 0.0909085889992259
0.635135135135135 0.527027027027027 0.109624399833453
0.60952380952381 0.552380952380952 0.083255708249878
0.5 0.471428571428571 0.0672626410046831
0.575757575757576 0.545454545454545 0.10960528787874
0.655172413793103 0.603448275862069 0.10921178059798
0.601851851851852 0.592592592592593 0.0746634494077371
0.587301587301587 0.507936507936508 0.116270311312871
0.584745762711864 0.516949152542373 0.0733452355294671
0.545454545454545 0.5 0.0834887651272933
0.56043956043956 0.461538461538462 0.0879713294674821
0.593406593406593 0.527472527472527 0.0896087161524951
0.542372881355932 0.508474576271186 0.14708459973394
0.571428571428571 0.528571428571429 0.0995536061400315
0.538461538461538 0.519230769230769 0.133972281983989
0.576470588235294 0.529411764705882 0.122177417223902
0.551020408163265 0.469387755102041 0.123584979783164
0.648148148148148 0.62962962962963 0.23402968110575
0.636363636363636 0.590909090909091 0.190910016298464
0.532467532467532 0.506493506493506 0.0883238786117265
0.551724137931034 0.46551724137931 0.157785226079123
0.542372881355932 0.491525423728814 0.102776068442742
0.592592592592593 0.592592592592593 0.355263244472187
0.612903225806452 0.591397849462366 0.101850880040838
0.546666666666667 0.533333333333333 0.109826245124215
0.568807339449541 0.55045871559633 0.0808225610433862
0.5 0.458333333333333 0.11831430298342
0.535714285714286 0.428571428571429 0.0979811099020953
0.607692307692308 0.592307692307692 0.0728436197294618
0.526315789473684 0.421052631578947 0.296350075804258
0.606060606060606 0.545454545454545 0.156967293477109
0.666666666666667 0.555555555555556 0.109240748955581
0.605769230769231 0.538461538461538 0.0800382607992834
0.573033707865168 0.50561797752809 0.097266068146865
0.568627450980392 0.431372549019608 0.0787736870575115
0.618320610687023 0.580152671755725 0.0728173946019705
0.530612244897959 0.510204081632653 0.126414164720411
0.625 0.583333333333333 0.0908371155934537
0.606382978723404 0.563829787234043 0.088557804918635
0.573033707865168 0.573033707865168 0.0946063932026706
0.642857142857143 0.531746031746032 0.0439828783850061
0.567901234567901 0.518518518518518 0.121728613942956
0.6 0.564705882352941 0.0993223198027451
0.447368421052632 0.289473684210526 0.160355008815453
0.63953488372093 0.593023255813954 0.0909523261776431
0.545454545454545 0.454545454545455 0.095096735711955
0.5 0.41304347826087 0.130391782757049
0.591836734693878 0.520408163265306 0.0771897619450972
0.584615384615385 0.523076923076923 0.103432931100862
0.521739130434783 0.456521739130435 0.125005085253067
0.548780487804878 0.5 0.0979713206813147
0.619565217391304 0.576086956521739 0.100236809023166
0.608695652173913 0.550724637681159 0.121532403614115
0.523809523809524 0.523809523809524 0.150988123273705
0.581395348837209 0.5 0.102456791617052
0.538461538461538 0.480769230769231 0.146576512150421
0.614173228346457 0.535433070866142 0.0687277265558703
0.525 0.525 0.162344640311733
0.561224489795918 0.469387755102041 0.0572943095750745
0.491228070175439 0.421052631578947 0.0560839558775504
0.651685393258427 0.561797752808989 0.137758370302887
0.607142857142857 0.571428571428571 0.135121008184166
0.549019607843137 0.490196078431373 0.169639943537342
0.542553191489362 0.478723404255319 0.0623053101181456
0.571428571428571 0.492063492063492 0.0895673199106723
0.531914893617021 0.446808510638298 0.131432720687658
0.519480519480519 0.480519480519481 0.0576601658557842
0.551724137931034 0.425287356321839 0.0662045238796594
0.527272727272727 0.436363636363636 0.150364427834633
0.541666666666667 0.520833333333333 0.165441664684866
0.577777777777778 0.511111111111111 0.0492051959420216
0.67741935483871 0.612903225806452 0.173973820755587
0.550561797752809 0.528089887640449 0.0956778388124426
0.532608695652174 0.478260869565217 0.083386488111336
0.620689655172414 0.563218390804598 0.106024916481974
0.622222222222222 0.577777777777778 0.106481416991056
0.58974358974359 0.512820512820513 0.0783868759729131
0.509803921568627 0.411764705882353 0.0913599600870635
0.551020408163265 0.530612244897959 0.126557517250638
0.648148148148148 0.592592592592593 0.11595937440948
0.583333333333333 0.516666666666667 0.103641258216932
0.569620253164557 0.518987341772152 0.11207892893954
0.612903225806452 0.505376344086022 0.057093140275823
0.568627450980392 0.470588235294118 0.0920364066872961
0.6 0.509090909090909 0.142908958431511
0.519230769230769 0.442307692307692 0.10880651021222
0.612903225806452 0.591397849462366 0.0825430471870214
0.549295774647887 0.492957746478873 0.109541841154268
0.608695652173913 0.521739130434783 0.355213139534751
0.528571428571429 0.457142857142857 0.0785272509365055
0.538461538461538 0.487179487179487 0.0665801549305174
0.554054054054054 0.472972972972973 0.0783553841108089
0.58974358974359 0.538461538461538 0.204141584769133
0.673076923076923 0.653846153846154 0.23105342494915
0.577777777777778 0.533333333333333 0.137016418562945
0.625 0.579545454545455 0.0849720184597565
0.542372881355932 0.440677966101695 0.137058011573451
0.636363636363636 0.606060606060606 0.112927230087476
0.529411764705882 0.470588235294118 0.167524814387776
0.661016949152542 0.542372881355932 0.139135030229557
0.569444444444444 0.5 0.149158130185497
0.573033707865168 0.550561797752809 0.0723068099665753
0.482758620689655 0.413793103448276 0.0668715678413229
0.55 0.45 0.202494638692937
0.622047244094488 0.574803149606299 0.077433389792103
0.617647058823529 0.529411764705882 0.0703851918042664
0.575757575757576 0.53030303030303 0.115358827598029
0.568181818181818 0.5 0.142327207040947
0.580246913580247 0.592592592592593 0.111363727159559
0.670103092783505 0.649484536082474 0.120345799927175
0.596774193548387 0.516129032258065 0.116156760368798
0.541666666666667 0.5 0.163927198862649
0.462962962962963 0.351851851851852 0.0854588810504286
0.596153846153846 0.538461538461538 0.17203714584005
0.56701030927835 0.525773195876289 0.117103064876133
0.575 0.5 0.185034931201592
0.536082474226804 0.515463917525773 0.0595003770287252
0.44 0.36 0.188217173962799
0.602272727272727 0.534090909090909 0.0929136064431015
0.583333333333333 0.447916666666667 0.0712617567575425
0.622641509433962 0.60377358490566 0.227078840074903
0.510204081632653 0.387755102040816 0.100404688451565
0.589285714285714 0.482142857142857 0.17211840584413
0.551020408163265 0.510204081632653 0.134977695669073
0.478260869565217 0.41304347826087 0.113652997169809
0.566666666666667 0.466666666666667 0.0687204881811617
0.55 0.433333333333333 0.108781565986407
0.52 0.42 0.151538453063915
0.6 0.5375 0.104182106948047
0.490566037735849 0.30188679245283 0.073537828972674
0.588235294117647 0.564705882352941 0.0944257318711384
0.549019607843137 0.549019607843137 0.166106111150193
0.613636363636364 0.590909090909091 0.2405498921045
0.413793103448276 0.379310344827586 0.111591498709048
0.573333333333333 0.506666666666667 0.139792613974604
0.564102564102564 0.5 0.0935550445719648
0.6 0.566666666666667 0.0942247334921141
0.527272727272727 0.454545454545455 0.133824915352233
0.60377358490566 0.566037735849057 0.177610574256374
0.5 0.448275862068966 0.146240418012496
0.523076923076923 0.507692307692308 0.074831077132976
0.523076923076923 0.476923076923077 0.0913551186570174
0.6 0.55 0.122436143650125
0.557377049180328 0.459016393442623 0.121502650023838
0.521739130434783 0.434782608695652 0.0628166235760701
0.537313432835821 0.492537313432836 0.111068954667507
0.636363636363636 0.636363636363636 0.207910951398902
0.663865546218487 0.596638655462185 0.0760420616798206
0.584158415841584 0.534653465346535 0.0979308299887095
0.528735632183908 0.505747126436782 0.0755653407374733
0.35 0.3 0.294020103780107
0.563829787234043 0.51063829787234 0.100202101595476
0.623188405797101 0.550724637681159 0.136914072166577
0.566666666666667 0.466666666666667 0.175778898476896
0.516666666666667 0.45 0.0748490788791053
0.560606060606061 0.5 0.105737419302574
0.546875 0.515625 0.154266726205229
0.615384615384615 0.576923076923077 0.091775347294594
0.58974358974359 0.564102564102564 0.0555154790835687
0.603448275862069 0.551724137931034 0.178956837598247
0.549295774647887 0.492957746478873 0.16340097840004
0.520833333333333 0.458333333333333 0.217534632985911
0.511627906976744 0.395348837209302 0.0999595257979964
0.537634408602151 0.473118279569892 0.0608975625919967
0.51063829787234 0.446808510638298 0.121981579631053
0.584905660377358 0.490566037735849 0.111009316194942
0.539473684210526 0.460526315789474 0.128968345289556
0.484848484848485 0.424242424242424 0.173626178658477
0.593406593406593 0.538461538461538 0.106813812192755
0.523809523809524 0.492063492063492 0.0768829047299635
0.591549295774648 0.535211267605634 0.123706164346783
0.595505617977528 0.528089887640449 0.0905566493833723
0.602564102564103 0.576923076923077 0.117740335008889
0.59375 0.46875 0.0839245961000434
0.602941176470588 0.558823529411765 0.145892958022701
0.379310344827586 0.344827586206897 0.181601002820856
0.565217391304348 0.510869565217391 0.0982334100095514
0.441860465116279 0.395348837209302 0.134168892146965
0.51219512195122 0.390243902439024 0.19115864749391
0.552631578947368 0.5 0.169890354304534
0.627906976744186 0.546511627906977 0.111139380713338
0.541176470588235 0.482352941176471 0.115271840519089
0.5 0.44 0.112425426614991
0.380952380952381 0.238095238095238 0.110705013998046
0.40625 0.40625 0.151549895936554
0.587155963302752 0.55045871559633 0.0860810217144367
0.537037037037037 0.518518518518518 0.193151283719258
0.568965517241379 0.5 0.112855137258409
0.487179487179487 0.41025641025641 0.196680746074434
0.434782608695652 0.260869565217391 0.0934702520260376
0.568627450980392 0.509803921568627 0.135240010589121
0.56 0.48 0.102349099948017
0.589285714285714 0.464285714285714 0.0703142643579935
0.529411764705882 0.470588235294118 0.115482111544963
0.606060606060606 0.505050505050505 0.0761677014771501
0.52 0.4 0.135935874809942
0.492307692307692 0.415384615384615 0.110627528726547
0.615384615384615 0.615384615384615 0.18988816839077
0.619047619047619 0.555555555555556 0.115844736342125
0.551282051282051 0.474358974358974 0.0940436195668996
0.552238805970149 0.417910447761194 0.120632953672406
0.576086956521739 0.510869565217391 0.113280129637426
0.584905660377358 0.509433962264151 0.124205954812757
0.547619047619048 0.428571428571429 0.129201934967967
0.507246376811594 0.463768115942029 0.0898507474331146
0.488372093023256 0.465116279069767 0.178275931388241
0.515151515151515 0.454545454545455 0.129083042470654
0.545454545454545 0.53030303030303 0.117330958305488
0.595238095238095 0.523809523809524 0.0968830817030364
0.546666666666667 0.44 0.0681883875243319
0.462962962962963 0.407407407407407 0.127466978157636
0.514285714285714 0.457142857142857 0.212202597045089
0.545454545454545 0.527272727272727 0.133842354145864
0.53968253968254 0.476190476190476 0.0763824239319462
0.591304347826087 0.51304347826087 0.0753820705981352
0.585858585858586 0.535353535353535 0.0881459290085121
0.523809523809524 0.476190476190476 0.208248654798756
0.539325842696629 0.438202247191011 0.0876858505249599
0.538461538461538 0.442307692307692 0.153886796026805
0.458333333333333 0.458333333333333 0.227632904135975
0.608695652173913 0.543478260869565 0.175251912434452
0.543859649122807 0.526315789473684 0.134393823255229
0.486486486486487 0.459459459459459 0.231918682600691
0.522727272727273 0.454545454545455 0.120232977107611
0.571428571428571 0.510204081632653 0.094184512498789
0.532467532467532 0.480519480519481 0.102329855488667
0.575757575757576 0.484848484848485 0.202340334154999
0.488888888888889 0.355555555555556 0.118202140438538
0.528571428571429 0.514285714285714 0.141430100535454
0.553191489361702 0.51063829787234 0.169556077980737
0.650406504065041 0.577235772357724 0.0729437829768383
0.533333333333333 0.45 0.102630943598925
0.490566037735849 0.490566037735849 0.19862918183561
0.594594594594595 0.486486486486487 0.0678983757104199
0.588235294117647 0.5 0.217502286064384
0.545454545454545 0.509090909090909 0.129956914147539
0.545454545454545 0.454545454545455 0.100986886319678
0.532258064516129 0.483870967741935 0.106829694752349
0.627659574468085 0.574468085106383 0.0837566914601079
0.56 0.506666666666667 0.130512003317855
0.481481481481481 0.37037037037037 0.184512206670725
0.619047619047619 0.583333333333333 0.106525599187123
0.56989247311828 0.516129032258065 0.105126550049773
0.585106382978723 0.521276595744681 0.0753097181513459
0.607476635514019 0.560747663551402 0.117825846958044
0.604166666666667 0.5625 0.0904015929593848
0.576923076923077 0.5 0.103332862584804
0.578947368421053 0.491228070175439 0.0809225426406563
0.5 0.461538461538462 0.218481151646347
0.571428571428571 0.571428571428571 0.283151885325857
0.555555555555556 0.472222222222222 0.231737929694355
0.55952380952381 0.547619047619048 0.120565118654039
0.550724637681159 0.536231884057971 0.134731474666528
0.6 0.57 0.0770847209419924
0.552238805970149 0.477611940298507 0.131501904182027
0.525423728813559 0.457627118644068 0.0992252321852351
0.636363636363636 0.560606060606061 0.163413093289378
0.5 0.45 0.21894973768036
0.578125 0.484375 0.117268651159358
0.544117647058823 0.529411764705882 0.0787042970394413
0.525423728813559 0.440677966101695 0.107431946675871
0.46875 0.40625 0.140009382124622
0.482758620689655 0.482758620689655 0.248698036673725
0.634328358208955 0.611940298507463 0.0605267719056877
0.490566037735849 0.452830188679245 0.107073248257284
0.513157894736842 0.447368421052632 0.0791068484013859
0.527272727272727 0.436363636363636 0.138629363531798
0.515151515151515 0.454545454545455 0.242278569107375
0.651612903225806 0.593548387096774 0.0534003055535657
0.625 0.479166666666667 0.128274752448221
0.538461538461538 0.43956043956044 0.0491286924928494
0.614754098360656 0.573770491803279 0.0642529982896275
0.602739726027397 0.561643835616438 0.152260964470221
0.567164179104478 0.492537313432836 0.0980326554925728
0.569767441860465 0.476744186046512 0.119920890664632
0.555555555555556 0.574074074074074 0.164999622723202
0.595744680851064 0.595744680851064 0.107764835157777
0.564516129032258 0.5 0.0933684986172511
0.604166666666667 0.510416666666667 0.0842300913222145
0.608 0.592 0.0743435229732465
0.571428571428571 0.523809523809524 0.1778620452737
0.593023255813954 0.511627906976744 0.0951614285393957
0.535714285714286 0.5 0.219734245242443
0.606060606060606 0.545454545454545 0.120671841962255
0.529411764705882 0.470588235294118 0.0873977931296278
0.565217391304348 0.449275362318841 0.112820627855422
0.607594936708861 0.481012658227848 0.0766072948291164
0.579710144927536 0.536231884057971 0.114166561352374
0.578947368421053 0.511278195488722 0.0601897754917319
0.555555555555556 0.466666666666667 0.173106553672742
0.582417582417582 0.56043956043956 0.115203515595034
0.5 0.416666666666667 0.0844220513801933
0.567567567567568 0.527027027027027 0.145728210011519
0.5 0.423076923076923 0.117236847292456
0.571428571428571 0.5 0.288316550117627
0.618181818181818 0.527272727272727 0.176686319515546
0.574074074074074 0.481481481481481 0.107601020697654
0.4 0.4 0.0779307085077815
0.575471698113208 0.556603773584906 0.11375792082847
0.490196078431373 0.411764705882353 0.128392446707591
0.543478260869565 0.478260869565217 0.160350375230781
0.629213483146067 0.584269662921348 0.109165248814708
0.557377049180328 0.491803278688525 0.0880795278519438
0.553571428571429 0.517857142857143 0.128247820787119
0.593406593406593 0.571428571428571 0.13273527547184
0.594827586206897 0.568965517241379 0.0949777054797509
0.632183908045977 0.551724137931034 0.124293705187747
0.5 0.391304347826087 0.126907245903865
0.601851851851852 0.546296296296296 0.0932994437181569
0.580645161290323 0.564516129032258 0.150631803691641
0.604166666666667 0.520833333333333 0.0742709539154461
0.643410852713178 0.596899224806202 0.093832111670087
0.634615384615385 0.576923076923077 0.176957614734289
0.48 0.36 0.167099311350585
0.6375 0.575 0.129310573282155
0.612121212121212 0.575757575757576 0.0496644847477664
0.556701030927835 0.536082474226804 0.137675089313152
0.565217391304348 0.469565217391304 0.0553217984784583
0.526315789473684 0.526315789473684 0.130036860119972
0.597938144329897 0.56701030927835 0.110416364839477
0.6 0.552 0.0660501534631575
0.5625 0.484375 0.0866139165270587
0.5875 0.45 0.0791192732845065
0.555555555555556 0.511111111111111 0.188718411179016
0.536231884057971 0.507246376811594 0.106008947829169
0.609756097560976 0.548780487804878 0.109052671190056
0.444444444444444 0.416666666666667 0.0977910016629861
0.565217391304348 0.565217391304348 0.146478488014056
0.532467532467532 0.467532467532468 0.109103835189783
0.573170731707317 0.463414634146341 0.108556106086532
0.581395348837209 0.465116279069767 0.219274543076975
0.612403100775194 0.573643410852713 0.0644373572858004
0.5875 0.525 0.111924785942213
0.543478260869565 0.5 0.157196353099563
0.478260869565217 0.434782608695652 0.222538426951058
0.529411764705882 0.441176470588235 0.162965291207322
0.611111111111111 0.583333333333333 0.12087907364785
0.56140350877193 0.508771929824561 0.159989782800991
0.594202898550725 0.536231884057971 0.115128659946056
0.555555555555556 0.555555555555556 0.123921091724596
0.563829787234043 0.563829787234043 0.0794921462331387
0.577981651376147 0.467889908256881 0.0530503645087416
0.5 0.460526315789474 0.0555285907765611
0.611111111111111 0.544444444444444 0.0923843303001077
0.604166666666667 0.53125 0.0780517900796564
0.55 0.425 0.1248204007116
0.547169811320755 0.490566037735849 0.111356085258711
0.612244897959184 0.530612244897959 0.182448967268871
0.555555555555556 0.493827160493827 0.0825359530022181
0.635416666666667 0.583333333333333 0.106554097584647
0.619047619047619 0.571428571428571 0.152629148765302
0.551020408163265 0.489795918367347 0.169081165284098
0.588235294117647 0.541176470588235 0.0897977925214651
0.531914893617021 0.51063829787234 0.151083877217242
0.555555555555556 0.5 0.0944199723556902
0.565789473684211 0.539473684210526 0.0903503480073222
0.470588235294118 0.411764705882353 0.173120578728227
0.579710144927536 0.507246376811594 0.107192716074145
0.55045871559633 0.513761467889908 0.0763402839487166
0.424242424242424 0.333333333333333 0.163541333889681
0.606382978723404 0.542553191489362 0.077389686158194
0.574074074074074 0.481481481481481 0.131614532800813
0.636363636363636 0.575757575757576 0.112765177080161
0.51219512195122 0.439024390243902 0.177970116462708
0.552631578947368 0.513157894736842 0.117952687864605
0.610526315789474 0.578947368421053 0.0965161050374471
0.53125 0.46875 0.167515198196776
0.509090909090909 0.454545454545455 0.108397306726129
0.583333333333333 0.5 0.103816922602172
0.566265060240964 0.530120481927711 0.101079927446233
0.597402597402597 0.545454545454545 0.0986157376484596
0.608333333333333 0.575 0.0639196489148729
0.568965517241379 0.53448275862069 0.135615531122411
0.567567567567568 0.513513513513513 0.221014766736993
0.567164179104478 0.522388059701492 0.126926084643348
0.542857142857143 0.428571428571429 0.133072082933995
0.441860465116279 0.418604651162791 0.175734664767231
0.52 0.506666666666667 0.100561781371538
0.561643835616438 0.561643835616438 0.142911454791582
0.53125 0.5 0.104503151406199
0.407407407407407 0.407407407407407 0.201717336759476
0.508474576271186 0.491525423728814 0.133752729371399
0.618556701030928 0.56701030927835 0.108970204638609
0.638297872340426 0.531914893617021 0.164636934790224
0.56140350877193 0.473684210526316 0.118280283768416
0.458333333333333 0.479166666666667 0.10208566966499
0.553191489361702 0.48936170212766 0.121785445379237
0.670731707317073 0.609756097560976 0.120588765941469
0.553191489361702 0.5 0.0965592236467942
0.552941176470588 0.529411764705882 0.0911534695821717
0.5 0.4375 0.152675982239622
0.625 0.513888888888889 0.131302590594335
0.626168224299065 0.607476635514019 0.0885397331758565
0.518518518518518 0.481481481481481 0.287916300712252
0.614457831325301 0.614457831325301 0.134395685880373
0.53448275862069 0.5 0.134967408083583
0.555555555555556 0.472222222222222 0.262720915507076
0.593220338983051 0.542372881355932 0.0956531049135161
0.546875 0.46875 0.128132107432951
0.681318681318681 0.626373626373626 0.113286102438003
0.596330275229358 0.568807339449541 0.107849410732733
0.625 0.597222222222222 0.127748644484045
0.553191489361702 0.531914893617021 0.158505416787536
0.592105263157895 0.486842105263158 0.110123747375611
0.563380281690141 0.47887323943662 0.122277740131038
0.524590163934426 0.524590163934426 0.143532279162776
0.551020408163265 0.510204081632653 0.17696250890214
0.490566037735849 0.490566037735849 0.0842018680318728
0.653333333333333 0.6 0.135637442238215
0.603174603174603 0.53968253968254 0.11720026307886
0.641975308641975 0.592592592592593 0.0981652812259756
0.630630630630631 0.522522522522523 0.082005744073752
0.48 0.44 0.221117776564671
0.461538461538462 0.384615384615385 0.181407715291918
0.5625 0.520833333333333 0.154631507564074
0.596153846153846 0.538461538461538 0.12982211103238
0.590909090909091 0.53030303030303 0.144530980197071
0.514285714285714 0.428571428571429 0.10104090136421
0.583333333333333 0.5 0.0790167878718279
0.511111111111111 0.422222222222222 0.129596806175535
0.620689655172414 0.609195402298851 0.102484260267509
0.621621621621622 0.594594594594595 0.127721965438432
0.462686567164179 0.417910447761194 0.105285916772429
0.602564102564103 0.538461538461538 0.125970457425257
0.62037037037037 0.481481481481481 0.0649253528464721
0.604938271604938 0.567901234567901 0.136532995078461
0.545454545454545 0.46969696969697 0.0997061080124513
0.583333333333333 0.533333333333333 0.0975318978660024
0.620689655172414 0.551724137931034 0.200155485119172
0.490196078431373 0.411764705882353 0.11658654963966
0.593406593406593 0.538461538461538 0.0921085613449554
0.578947368421053 0.460526315789474 0.112516065335669
0.611111111111111 0.515873015873016 0.06789358672671
0.55 0.45 0.179714959396869
0.629411764705882 0.582352941176471 0.0537169504989827
0.584269662921348 0.49438202247191 0.102639548554283
0.604651162790698 0.581395348837209 0.0938956785194025
0.571428571428571 0.523809523809524 0.0949998859386966
0.567567567567568 0.495495495495495 0.0706418627673318
0.563380281690141 0.492957746478873 0.0839052865697382
0.623188405797101 0.579710144927536 0.131326574739965
0.565217391304348 0.456521739130435 0.14938379610325
0.5625 0.546875 0.172922022654997
0.554054054054054 0.472972972972973 0.0949096751554453
0.464285714285714 0.446428571428571 0.099501683967112
0.517241379310345 0.482758620689655 0.252574065809409
0.573033707865168 0.50561797752809 0.0942475705316167
0.5 0.397058823529412 0.04637346846665
0.619047619047619 0.587301587301587 0.110930470915973
0.558823529411765 0.529411764705882 0.144363828852555
0.5625 0.520833333333333 0.174157583088489
0.625 0.586538461538462 0.107835623573557
0.566666666666667 0.466666666666667 0.0859828578935918
0.559322033898305 0.542372881355932 0.0655228865047524
0.509090909090909 0.436363636363636 0.0869819257382102
0.48936170212766 0.425531914893617 0.125373435136265
0.6 0.56 0.111947049647084
0.602739726027397 0.520547945205479 0.106161563086584
0.607594936708861 0.556962025316456 0.112354126915613
0.5 0.439393939393939 0.0642616895652096
0.48 0.44 0.0809930679452791
0.565217391304348 0.565217391304348 0.171899399861489
0.602941176470588 0.558823529411765 0.111160035464031
0.647058823529412 0.594771241830065 0.0630372509039783
0.567567567567568 0.540540540540541 0.0689861634877628
0.594202898550725 0.521739130434783 0.112075814622123
0.533333333333333 0.5 0.188427780648199
0.588235294117647 0.504201680672269 0.0618231969232175
0.541666666666667 0.5 0.154185914296177
0.470588235294118 0.470588235294118 0.105320272302581
0.5 0.46 0.149403322384175
0.62037037037037 0.546296296296296 0.0711577195622352
0.528571428571429 0.485714285714286 0.101476211545728
0.490196078431373 0.450980392156863 0.136201573699951
0.588888888888889 0.577777777777778 0.0948071111410226
0.592105263157895 0.5 0.116026829250887
0.666666666666667 0.623188405797101 0.172437335382006
0.59047619047619 0.495238095238095 0.0886230261528041
0.481481481481481 0.425925925925926 0.121735543790276
0.45 0.4 0.120321287064263
0.5875 0.475 0.088950521554158
0.625 0.596153846153846 0.102318781176304
0.6 0.516666666666667 0.110605387449212
0.627906976744186 0.581395348837209 0.227067721599933
0.63013698630137 0.547945205479452 0.137227994469547
0.615384615384615 0.58974358974359 0.123683611110777
0.578947368421053 0.539473684210526 0.125902651178951
0.671052631578947 0.592105263157895 0.16212408786246
0.632352941176471 0.588235294117647 0.106079735571701
0.528301886792453 0.452830188679245 0.116285176977234
0.557894736842105 0.484210526315789 0.082949520764144
0.553191489361702 0.51063829787234 0.165636481233752
0.571428571428571 0.514285714285714 0.11990599393934
0.571428571428571 0.523809523809524 0.215263830744799
0.51685393258427 0.471910112359551 0.0867804823220434
0.621212121212121 0.53030303030303 0.10947045825785
0.5 0.4375 0.20809926179413
0.544444444444444 0.488888888888889 0.102214511225271
0.472727272727273 0.363636363636364 0.102250090686384
0.582608695652174 0.504347826086956 0.0665857731717612
0.583333333333333 0.541666666666667 0.153265254298749
0.593023255813954 0.534883720930233 0.111484307410331
0.597222222222222 0.569444444444444 0.126760477970632
0.597560975609756 0.5 0.0988665970506795
0.578313253012048 0.518072289156627 0.0938429579924504
0.605263157894737 0.526315789473684 0.176840505518749
0.588235294117647 0.549019607843137 0.149326948218074
0.627118644067797 0.576271186440678 0.120581624708551
0.5625 0.4625 0.0992592741700475
0.575 0.575 0.267222344450415
0.5 0.423913043478261 0.052493382998682
0.540983606557377 0.459016393442623 0.16562157171399
0.557692307692308 0.5 0.159529419757586
0.611111111111111 0.569444444444444 0.130683801949527
0.592920353982301 0.530973451327434 0.0771776694939302
0.56 0.44 0.244259990870693
0.444444444444444 0.407407407407407 0.157001705391989
0.617977528089888 0.51685393258427 0.081211662219599
0.470588235294118 0.411764705882353 0.181486343330578
0.625 0.541666666666667 0.140963254690541
0.593220338983051 0.542372881355932 0.142304490655977
0.517857142857143 0.517857142857143 0.14731900982238
0.591397849462366 0.602150537634409 0.133962220441335
0.622448979591837 0.540816326530612 0.101379782248263
0.547169811320755 0.433962264150943 0.0674596221042632
0.509803921568627 0.490196078431373 0.107120582887004
0.520833333333333 0.479166666666667 0.15088525735253
0.491525423728814 0.474576271186441 0.119391999409298
0.626262626262626 0.585858585858586 0.0777078925287406
0.578947368421053 0.552631578947368 0.16623454569689
0.636363636363636 0.590909090909091 0.102277777071992
0.605042016806723 0.529411764705882 0.0801132188814962
0.514285714285714 0.428571428571429 0.229903024696665
0.578313253012048 0.506024096385542 0.0909598718648127
0.63855421686747 0.55421686746988 0.103776557318524
0.541666666666667 0.510416666666667 0.0919823176841047
0.60952380952381 0.533333333333333 0.104889285658469
0.597701149425287 0.505747126436782 0.0744728431543904
0.571428571428571 0.467532467532468 0.10050588833064
0.619718309859155 0.563380281690141 0.131708165089922
0.546875 0.5 0.118048634884775
0.666666666666667 0.641025641025641 0.082672145286393
0.525641025641026 0.487179487179487 0.0971081600519833
0.509090909090909 0.509090909090909 0.123869355541628
0.604651162790698 0.511627906976744 0.0788772632841365
0.580645161290323 0.548387096774194 0.0989095550274984
0.491525423728814 0.440677966101695 0.0874826996530133
0.44 0.38 0.133129582834105
0.552941176470588 0.576470588235294 0.101103082126356
0.520547945205479 0.506849315068493 0.0928061990526497
0.588888888888889 0.533333333333333 0.0785077715168874
0.576271186440678 0.559322033898305 0.154983058154041
0.589285714285714 0.535714285714286 0.111349892325495
0.447368421052632 0.368421052631579 0.174016624246611
0.535714285714286 0.5 0.100968424732546
0.525641025641026 0.461538461538462 0.10017566942407
0.536585365853659 0.48780487804878 0.25866670974955
0.584415584415584 0.571428571428571 0.141448101729463
0.587719298245614 0.517543859649123 0.0785717373264169
0.542857142857143 0.414285714285714 0.0877335199771246
0.557692307692308 0.461538461538462 0.141484933630147
0.52112676056338 0.408450704225352 0.112643671849995
0.595744680851064 0.48936170212766 0.130231652460193
0.514285714285714 0.4 0.211271990819719
0.492307692307692 0.461538461538462 0.0810719932525224
0.611111111111111 0.537037037037037 0.0932043590923084
0.604938271604938 0.567901234567901 0.116797364115713
0.669117647058823 0.595588235294118 0.0790007796574546
0.53030303030303 0.424242424242424 0.128738739098104
0.585858585858586 0.515151515151515 0.0700827651948102
0.5 0.425925925925926 0.145433611508495
0.592592592592593 0.54320987654321 0.0953214097871365
0.617283950617284 0.592592592592593 0.113072843514203
0.5 0.388888888888889 0.0892349869733137
0.488888888888889 0.444444444444444 0.141938162870554
0.6 0.493333333333333 0.0895074872535428
0.581818181818182 0.527272727272727 0.147255429970513
0.58695652173913 0.554347826086957 0.106226300841172
0.6 0.584615384615385 0.146426497342012
0.461538461538462 0.41025641025641 0.165973911375729
0.627659574468085 0.531914893617021 0.084242166998431
0.640350877192982 0.570175438596491 0.0784700414046625
0.506329113924051 0.481012658227848 0.0856585357526544
0.551724137931034 0.431034482758621 0.0888941595844206
0.568627450980392 0.529411764705882 0.15150498588789
0.5 0.464285714285714 0.0846249341265874
0.536585365853659 0.51219512195122 0.123221062904285
0.583333333333333 0.527777777777778 0.186713526382354
0.597122302158273 0.539568345323741 0.0753496717983198
0.564102564102564 0.487179487179487 0.184209704800106
0.536231884057971 0.492753623188406 0.0920563370593926
0.644444444444444 0.533333333333333 0.147303767208498
0.5 0.425 0.110000253480352
0.588888888888889 0.522222222222222 0.0895930079882557
0.598484848484849 0.553030303030303 0.0674485318862894
0.333333333333333 0.291666666666667 0.0928265668253164
0.529411764705882 0.509803921568627 0.189516865723281
0.606060606060606 0.575757575757576 0.325190135229247
0.60377358490566 0.556603773584906 0.108248908844228
0.588235294117647 0.529411764705882 0.122074581634441
0.603174603174603 0.579365079365079 0.051604410010666
0.551724137931034 0.46551724137931 0.122355879295705
0.503649635036496 0.496350364963504 0.0491616494788764
0.533333333333333 0.493333333333333 0.110242516854459
0.557894736842105 0.494736842105263 0.072922671016299
0.576271186440678 0.576271186440678 0.168465595914818
0.565217391304348 0.478260869565217 0.316483526377506
0.564516129032258 0.483870967741935 0.0936439665136011
0.575342465753425 0.452054794520548 0.133786618285832
0.5 0.5 0.162519668139561
0.511111111111111 0.444444444444444 0.142926719698612
0.428571428571429 0.357142857142857 0.165599759183484
0.55 0.45 0.193657656769511
0.630769230769231 0.584615384615385 0.156111969052616
0.537037037037037 0.5 0.128987873692563
0.5 0.442307692307692 0.10140770397977
0.633333333333333 0.583333333333333 0.0804492565703981
0.592105263157895 0.552631578947368 0.119473929959488
0.558139534883721 0.534883720930233 0.121896031815422
0.473684210526316 0.421052631578947 0.147438085257395
0.590361445783133 0.530120481927711 0.100602198978424
0.635036496350365 0.591240875912409 0.0728943695392648
0.573170731707317 0.524390243902439 0.0908751734669998
0.592356687898089 0.547770700636943 0.0631346885092576
0.573770491803279 0.442622950819672 0.0951443594516164
0.602040816326531 0.5 0.0629376633167767
0.545454545454545 0.454545454545455 0.0806965434476758
0.5 0.459459459459459 0.0776260624658986
0.61038961038961 0.545454545454545 0.114789863962327
0.6 0.485714285714286 0.0973786527086065
0.662921348314607 0.617977528089888 0.124563003820417
0.574468085106383 0.553191489361702 0.208676124624742
0.58 0.48 0.056522683060381
0.590361445783133 0.55421686746988 0.0789472129808807
0.611111111111111 0.597222222222222 0.11640650129077
0.555555555555556 0.5 0.110589365180936
0.636363636363636 0.568181818181818 0.177105318647172
0.616666666666667 0.583333333333333 0.145808741971464
0.546666666666667 0.52 0.0826800199302808
0.537037037037037 0.462962962962963 0.10636347768602
0.609375 0.5625 0.15751383651306
0.598425196850394 0.52755905511811 0.0626156561668117
0.563380281690141 0.563380281690141 0.153975263566104
0.585365853658537 0.439024390243902 0.24023131989521
0.58252427184466 0.475728155339806 0.0927423872896694
0.581967213114754 0.516393442622951 0.0454406794726919
0.433333333333333 0.433333333333333 0.257762969970081
0.633333333333333 0.5 0.162711631755448
0.618421052631579 0.539473684210526 0.120234706369325
0.593220338983051 0.525423728813559 0.13001073604019
0.534246575342466 0.493150684931507 0.124568705001197
0.488888888888889 0.377777777777778 0.146168726410888
0.617283950617284 0.481481481481481 0.0946451591326643
0.587155963302752 0.559633027522936 0.0807989361543413
0.633663366336634 0.584158415841584 0.104533754077413
0.451612903225806 0.419354838709677 0.169702637138018
0.611111111111111 0.462962962962963 0.115512746342825
0.550724637681159 0.507246376811594 0.0836648269241907
0.545454545454545 0.439393939393939 0.136239394840248
0.595238095238095 0.571428571428571 0.103019613626582
0.520833333333333 0.416666666666667 0.112294992542122
0.512820512820513 0.487179487179487 0.127409747686604
0.576086956521739 0.543478260869565 0.0914065506385856
0.603448275862069 0.525862068965517 0.0589133694172121
0.594339622641509 0.556603773584906 0.098292163906093
0.588235294117647 0.558823529411765 0.117700930132114
0.604651162790698 0.569767441860465 0.122846522476725
0.609375 0.5625 0.151305468605626
0.492537313432836 0.462686567164179 0.088000638937144
0.511627906976744 0.488372093023256 0.236163139242627
0.51219512195122 0.439024390243902 0.0773515108723764
0.604651162790698 0.488372093023256 0.119328799190533
0.532467532467532 0.480519480519481 0.079682475144588
0.595238095238095 0.571428571428571 0.100397657180882
0.531914893617021 0.446808510638298 0.120719935590379
0.555555555555556 0.486111111111111 0.0888367493486935
0.604166666666667 0.5625 0.179310437030911
0.575471698113208 0.490566037735849 0.0704655359232569
0.63 0.55 0.0774348455478438
0.591549295774648 0.47887323943662 0.0993767880531742
0.513888888888889 0.444444444444444 0.0740249909422888
0.571428571428571 0.505494505494505 0.09210078288922
0.576271186440678 0.491525423728814 0.130808613434451
0.6 0.507692307692308 0.0593920581539021
0.6 0.4 0.186926247876733
0.652777777777778 0.569444444444444 0.102275250972973
0.647727272727273 0.602272727272727 0.0985070362640247
0.613333333333333 0.546666666666667 0.121031063873475
0.621621621621622 0.581081081081081 0.136974137674845
0.519480519480519 0.506493506493506 0.0821404528671575
0.448275862068966 0.379310344827586 0.209666659502569
0.602941176470588 0.558823529411765 0.160390435531676
0.509433962264151 0.415094339622642 0.145921461428644
0.573770491803279 0.524590163934426 0.10037741466646
0.555555555555556 0.5 0.135661239727965
0.517241379310345 0.448275862068966 0.120727524865308
0.607142857142857 0.5 0.284334404133625
0.4 0.314285714285714 0.0773329601891663
0.626666666666667 0.613333333333333 0.118970508701969
0.57843137254902 0.490196078431373 0.058094319300305
0.6 0.533333333333333 0.0968617710748796
0.608108108108108 0.554054054054054 0.122523033574638
0.506172839506173 0.469135802469136 0.0917822329301638
0.630252100840336 0.571428571428571 0.0697380427232085
0.630952380952381 0.595238095238095 0.131628408867732
0.629032258064516 0.596774193548387 0.168629033076372
0.621621621621622 0.567567567567568 0.111353653359158
0.565789473684211 0.486842105263158 0.118923630115376
0.663636363636364 0.581818181818182 0.0735070870319918
0.604166666666667 0.552083333333333 0.095304740218165
0.633093525179856 0.546762589928058 0.0655803083209787
0.490909090909091 0.418181818181818 0.0666651868168888
0.557894736842105 0.473684210526316 0.0786113396814968
0.569444444444444 0.513888888888889 0.116189876190195
0.557142857142857 0.5 0.109456130981936
0.521739130434783 0.434782608695652 0.104230953938665
0.63855421686747 0.626506024096386 0.116269881927663
0.473684210526316 0.456140350877193 0.083789850051323
0.5 0.466666666666667 0.110325736983428
0.52 0.466666666666667 0.092351526594698
0.608108108108108 0.513513513513513 0.0877534599602655
0.598591549295775 0.549295774647887 0.0625342914263473
0.608247422680412 0.556701030927835 0.109013686054162
0.5 0.441176470588235 0.160105644467743
0.564516129032258 0.548387096774194 0.133280408410173
0.605263157894737 0.517543859649123 0.0613980346548505
0.64367816091954 0.528735632183908 0.1017490741124
0.597701149425287 0.528735632183908 0.10591062374326
0.583333333333333 0.458333333333333 0.138794555545185
0.461538461538462 0.369230769230769 0.0693086762588527
0.623529411764706 0.552941176470588 0.0921809985905045
0.639344262295082 0.622950819672131 0.152919138171569
0.630952380952381 0.571428571428571 0.126175712275021
0.641509433962264 0.584905660377358 0.127504706396735
0.608695652173913 0.489130434782609 0.0997909595225961
0.414634146341463 0.341463414634146 0.107001612170237
0.56 0.5 0.148452439992325
0.535714285714286 0.5 0.228868989053614
0.470588235294118 0.411764705882353 0.151399037070485
0.5 0.5 0.142605479050119
0.576470588235294 0.494117647058824 0.133936053105782
0.666666666666667 0.636363636363636 0.18159824747858
0.538461538461538 0.5 0.127029602974904
0.602941176470588 0.558823529411765 0.110872769060536
0.58695652173913 0.510869565217391 0.102345094876949
0.563218390804598 0.528735632183908 0.0877934908247281
0.586206896551724 0.53448275862069 0.145648315404912
0.577464788732394 0.5 0.0617462706239995
0.557142857142857 0.471428571428571 0.0609186488630897
0.633802816901408 0.563380281690141 0.129864219802354
0.543859649122807 0.526315789473684 0.141649220639125
0.525 0.475 0.118929623291855
0.515625 0.453125 0.0928851780047825
0.492753623188406 0.434782608695652 0.0725993019394885
0.523076923076923 0.4 0.113002158317589
0.636363636363636 0.581818181818182 0.180182386052623
0.623376623376623 0.584415584415584 0.13813772264248
0.632183908045977 0.540229885057471 0.113489948186083
0.547945205479452 0.506849315068493 0.073735404171663
0.534090909090909 0.5 0.109347921437756
0.571428571428571 0.506493506493506 0.102269765513985
0.529411764705882 0.441176470588235 0.196075805006651
0.346153846153846 0.346153846153846 0.149905947223825
0.490909090909091 0.436363636363636 0.0995500076132358
0.584615384615385 0.553846153846154 0.144122620545709
0.590909090909091 0.46969696969697 0.130129418222409
0.535714285714286 0.476190476190476 0.0931114356798436
0.5 0.48 0.120042877925341
0.641891891891892 0.587837837837838 0.0705987611346171
0.552238805970149 0.507462686567164 0.106740909388167
0.623529411764706 0.541176470588235 0.111640609874227
0.596774193548387 0.5 0.112274066511806
0.533333333333333 0.5 0.0912093808424062
0.534883720930233 0.511627906976744 0.182522889229851
0.53030303030303 0.484848484848485 0.104903230732721
0.522727272727273 0.431818181818182 0.155457497362444
0.537634408602151 0.419354838709677 0.0769467126414097
0.525641025641026 0.487179487179487 0.0755232566127653
0.557692307692308 0.548076923076923 0.0820028312303596
0.578947368421053 0.56140350877193 0.13676157928388
0.6 0.569230769230769 0.140855574893242
0.545454545454545 0.436363636363636 0.10855865822231
0.598425196850394 0.511811023622047 0.0583514046680001
0.585106382978723 0.446808510638298 0.0567852504723551
0.617283950617284 0.592592592592593 0.15327626100959
0.620689655172414 0.586206896551724 0.117924399570472
0.536231884057971 0.434782608695652 0.0813126699627358
0.576271186440678 0.440677966101695 0.108412204943937
0.62 0.58 0.101013390792523
0.538461538461538 0.512820512820513 0.207453079257831
0.607843137254902 0.568627450980392 0.22046366942046
0.472727272727273 0.4 0.06267734178441
0.555555555555556 0.533333333333333 0.230302654867129
0.649484536082474 0.597938144329897 0.100784310858513
0.4 0.4 0.115205666532024
0.670886075949367 0.594936708860759 0.0978000435987038
0.59375 0.552083333333333 0.0826186763273173
0.577464788732394 0.52112676056338 0.131537458647564
0.547619047619048 0.476190476190476 0.0807456328752297
0.595505617977528 0.539325842696629 0.0789486602069221
0.590909090909091 0.522727272727273 0.215004441135392
0.608695652173913 0.507246376811594 0.129917408901922
0.520833333333333 0.4375 0.0988209361042044
0.524752475247525 0.475247524752475 0.0771150577800436
0.534246575342466 0.438356164383562 0.0794175445460444
0.551020408163265 0.469387755102041 0.154621477834905
0.551020408163265 0.5 0.124604247735771
0.6 0.538461538461538 0.124470001638478
0.574074074074074 0.537037037037037 0.161575950029526
