0 0 6.62730508657938e-59
0 0.0172413793103448 0.00242104855780216
0 0 3.60315474255677e-08
0 0.0175438596491228 0.00234645374401354
0 0.0363636363636364 0.0103872995416036
0 0.0208333333333333 0.00153345332011752
0 0 3.05715786223055e-14
0 0 0
0 0.0392156862745098 0.00337638987575876
0 0 3.49605857338463e-17
0 0.0178571428571429 0.00553039769704337
0 0.0444444444444444 0.00284979343786086
0 0.0192307692307692 0.00708346521308085
0 0.0344827586206897 0.01769852474039
0 0 3.25356794376801e-80
0 0.0625 0.0103202804820514
0 0.0178571428571429 0.00124080191024851
0 0.0172413793103448 0.000453661311646238
0 0.0217391304347826 0.0018353859098591
0 0.0175438596491228 1.19949637901776e-09
0 0.0227272727272727 5.67201905190831e-06
0 0.0222222222222222 0.00418495574141995
0 0.0158730158730159 0.000350541625221656
0 0 1.16902414134064e-13
0 0 3.57868788837674e-12
0 0.0714285714285714 0.00893210349109821
0 0.0204081632653061 0.0063847522513889
0 0.0208333333333333 7.83281843702381e-09
0 0.0178571428571429 0.0037110241747983
0 0 1.28644762080732e-26
0 0 2.98910234879839e-40
0 0.0416666666666667 0.00987171267171334
0 0 4.83913291713489e-05
0 0.04 0.0139527555120652
0 0 5.32015214831083e-08
0 0 2.04095714626997e-57
0 0.0188679245283019 0.00357930350794612
0 0 8.59661419000246e-175
0 0 0
0 0 2.96445621889389e-100
0 0.0408163265306122 0.0101188095492499
0 0 1.70810204272001e-12
0 0 1.47946099144472e-115
0 0.0256410256410256 0.000617162902942292
0 0.0192307692307692 0.00831484825279229
0 0 1.36591786350434e-18
0 0.0588235294117647 0.00378445583774609
0 0 1.73143681928912e-18
0 0 0.00311507307715924
0 0.037037037037037 0.000215519751366649
0 0.0178571428571429 0.00720726614144207
0 0.037037037037037 0.00436704514862243
0 0 0.000420731178316603
0 0 4.72744845829444e-20
0 0.0425531914893617 0.0428972499920917
0 0.0408163265306122 0.00641623791122123
0 0 3.09491558642385e-06
0 0.0227272727272727 0.00812855552266041
0 0.0338983050847458 0.00161158718187086
0 0 5.99344533488069e-19
0 0.0181818181818182 1.41182491258493e-08
0 0 5.60313972588363e-12
0 0.02 1.57342421844905e-05
0 0.0444444444444444 0.00754067541789893
0 0.0555555555555556 0.0102803583289771
0 0.0178571428571429 0.00592607776215092
0 0 1.07766783810376e-07
0 0 0
0 0 0.0101949747957441
0 0 5.16174560345723e-05
0 0.0232558139534884 0.0112477061795076
0 0.0212765957446809 0.00548167546502518
0 0 4.88214501189556e-05
0 0 1.73263003544827e-14
0 0.0444444444444444 0.00784187641808287
0 0.0188679245283019 8.67925107507129e-08
0 0 8.48665452840569e-08
0 0.0217391304347826 2.50724670952342e-05
0 0 8.37679634759966e-11
0 0.0204081632653061 0.0103208156099739
0 0.0196078431372549 5.24019449558923e-06
0 0.0256410256410256 3.9393712401969e-09
0 0.0697674418604651 0.00206907375018397
0 0 6.89833168243582e-06
0 0.0350877192982456 0.00811434545743956
0 0.037037037037037 0.018399523369267
0 0 1.70956450467536e-21
0 0 1.96801081912193e-10
0 0.0363636363636364 0.0191970039755773
0 0.0181818181818182 2.57709424299075e-07
0 0.02 0.000984125314738267
0 0.0222222222222222 0.000294192513248034
0 0.0476190476190476 0.00511472713988784
0 0.0212765957446809 0.00729892514065673
0 0.0175438596491228 0.000121694143797845
0 0.0175438596491228 0.00356787657775771
0 0.02 3.18121169264881e-10
0 0 4.72973559844532e-10
0 0.0294117647058824 0.0195294828097684
0 0.0212765957446809 0.0011020289850539
0 0.0217391304347826 1.69227623152082e-09
0 0 4.1251093000851e-07
0 0.0212765957446809 2.25281628989816e-06
0 0.0217391304347826 0.00300799549266903
0 0.0185185185185185 3.41573324225172e-05
0 0.0188679245283019 7.72865091878398e-06
0 0 2.46462012902031e-248
0 0.0188679245283019 3.70594396542072e-08
0 0.0512820512820513 0.0205342163719943
0 0 1.54363399444818e-20
0 0 2.89615181532446e-36
0 0.0178571428571429 0.00180610595203347
0 0.0212765957446809 4.13449938828701e-07
0 0.05 0.00617041331697391
0 0.0208333333333333 6.38866743787195e-05
0 0 0.000149388606272531
0 0.0212765957446809 0.00359190485728463
0 0 3.55787337257937e-47
0 0.0222222222222222 0.00121900116581232
0 0.0192307692307692 0.00186625494271132
0 0.024390243902439 0.00917794911023676
0 0.03125 0.00567408594351118
0 0 1.09018158249344e-118
0 0.0185185185185185 0.0100238237618567
0 0.024390243902439 0.023689847251462
0 0 5.00195999622244e-27
0 0.0701754385964912 0.00789025186209628
0 0 5.02824297737862e-16
0 0.0208333333333333 8.6243459670745e-05
0 0.06 0.0166914584598521
0 0.0454545454545455 0.0142843453799179
0 0 2.75637714280075e-05
0 0 6.12727652947265e-07
0 0 3.60387875444366e-13
0 0 8.87526933315652e-32
0 0.024390243902439 0.00327138883184594
0 0 0.00017008602283744
0 0 5.05206678060094e-19
0 0.0185185185185185 0.000639011246513655
0 0 3.19913564508428e-42
0 0 1.2610941367117e-50
0 0.0612244897959184 0.023484378054557
0 0 4.44402237854469e-06
0 0 1.92521774777379e-11
0 0.0377358490566038 0.00672066306746405
0 0 3.76530598788839e-59
0 0 9.89588563935345e-45
0 0.0175438596491228 0.00130006767519299
0 0 0.0129354983825133
0 0.0238095238095238 0.00539421459186143
0 0 9.9561892443519e-38
0 0.0232558139534884 0.000152278627370361
0 0 1.72193261362321e-203
0 0.0689655172413793 0.0325917102190338
0 0.0227272727272727 6.95323337811885e-09
0 0 5.30549956423991e-11
0 0 0
0 0 6.43763305224822e-19
0 0.0535714285714286 0.00222888355623911
0 0.0350877192982456 0.00347862104943985
0 0.0212765957446809 0.001946447190892
0 0.0566037735849057 0.00723547505350762
0 0 1.29080474980767e-20
0 0 6.06266612908101e-17
0 0.0465116279069767 0.0191817566736198
0 0.0222222222222222 0.0112317370217909
0 0.0256410256410256 0.0263080080364897
0 0 6.35538748336251e-05
0 0 1.82591778013376e-61
0 0.0192307692307692 0.00869414487320054
0 0.0208333333333333 0.0106398199623307
0 0.0208333333333333 0.000164243513147955
0 0.0357142857142857 0.00507813375073186
0 0 1.10320694334519e-05
0 0.025 0.000475258475505518
0 0.0204081632653061 0.000463141557946748
0 0.0227272727272727 7.87279097646851e-06
0 0 0.000266858494116293
0 0.0204081632653061 0.00369783401759519
0 0.06 0.00337961797991094
0 0.02 0.000274114775912111
0 0.0384615384615385 0.00535499798512628
0 0.0238095238095238 1.22640190880054e-08
0 0.0204081632653061 0.00661875609792363
0 0.0357142857142857 0.00623100297150238
0 0 2.13461688545795e-58
0 0 6.99434078553452e-09
0 0.02 6.48890735090399e-05
0 0.0196078431372549 0.0051196320121648
0 0 1.30416204776576e-10
0 0 1.27084020326146e-247
0 0.0384615384615385 0.00266744939254944
0 0.04 0.0139412790548204
0 0.0178571428571429 1.56350898445985e-05
0 0.06 0.0145338219159362
0 0.0701754385964912 0.00684363379619484
0 0.0222222222222222 1.54585944801564e-06
0 0.0217391304347826 0.00114619037673175
0 0.0163934426229508 0.00442127939450783
0 0.0196078431372549 0.00360807515010023
0 0.0175438596491228 2.9807327707984e-07
0 0 1.80482845200868e-05
0 0.0175438596491228 0.00870495492702483
0 0.0434782608695652 0.00221550235245287
0 0 1.64939440378212e-09
0 0.0217391304347826 2.94928711349992e-06
0 0.04 0.00203368662602845
0 0 4.35479743516519e-09
0 0.0434782608695652 0.00756768115504189
0 0 8.22192794305052e-10
0 0.0238095238095238 4.73952143561424e-09
0 0.032258064516129 4.39551899962898e-06
0 0 2.97663643432417e-60
0 0.0444444444444444 0.00832634023028897
0 0.0363636363636364 0.00487209182399104
0 0 1.58854382163655e-46
0 0.0555555555555556 0.0114594428996134
0 0.0185185185185185 0.000125079203664044
0 0 4.30965703845019e-22
0 0.0652173913043478 0.0238507925552868
0 0.0238095238095238 2.05354795846065e-05
0 0.0363636363636364 0.00381432102443636
0 0.0163934426229508 0.000327615973739487
0 0 4.39351832493349e-07
0 0.0566037735849057 0.00787625083822114
0 0 2.21992695014778e-84
0 0 1.32794963776583e-07
0 0 1.49355338166009e-12
0 0.0208333333333333 0.0106759866964044
0 0 1.32201038630022e-57
0 0.0576923076923077 0.00481679775771233
0 0 3.81744148246398e-76
0 0 2.81566961566213e-79
0 0.0172413793103448 6.34725449117168e-05
0 0 1.25875545636977e-09
0 0.0517241379310345 0.00189279564913147
0 0.0377358490566038 0.00649691676085823
0 0.0338983050847458 0.0138854527198618
0 0.0408163265306122 0.0118734743406844
0 0 1.00242439045253e-24
0 0 4.53074872543291e-30
0 0.0188679245283019 0.00899720974206748
0 0.0377358490566038 0.0132453609728634
0 0.08 0.0147693684629199
0 0.0465116279069767 0.000123229777125808
0 0.0185185185185185 1.75813163608547e-08
0 0.0196078431372549 0.0172504291603525
0 0.0196078431372549 5.40066686127059e-05
0 0.0333333333333333 0.00118102674897179
0 0 7.60911870375647e-11
0 0 2.11429625105074e-11
0 0 5.56685185521571e-26
0 0 1.41998689847466e-61
0 0 2.78198370319849e-07
0 0.0222222222222222 0.000202425784920287
0 0 1.38269895982039e-08
0 0 5.39247616134717e-62
0 0.02 5.14780689730034e-07
0 0.0196078431372549 1.15411523901641e-09
0 0 4.54874966234896e-10
0 0.0363636363636364 0.00332455974483502
0 0.025 0.00474853090942106
0 0 1.78250914578415e-24
0 0.0416666666666667 0.00390486724404303
0 0 2.44668272842393e-122
0 0.0238095238095238 0.0121933642352927
0 0.0392156862745098 0.00348820861263201
0 0 9.03345506615077e-105
0 0 2.36366779000869e-14
0 0 2.3708863585961e-235
0 0.0192307692307692 0.00848709650123545
0 0 1.23998395137106e-11
0 0.0181818181818182 0.00510982197801416
0 0 9.044797520412e-77
0 0.0196078431372549 0.00311624400636827
0 0.0416666666666667 0.0100376923347799
0 0 1.47599860029539e-18
0 0.0172413793103448 0.0100821981476802
0 0 3.51316439880587e-17
0 0.0204081632653061 3.15561643643558e-06
0 0 0
0 0.0208333333333333 0.0025180421411071
0 0.024390243902439 0.00665585135757256
0 0.0425531914893617 0.0124343235505772
0 0.0263157894736842 0.00725007754997202
0 0.02 0.00121655054163582
0 0.0185185185185185 0.000524921803610918
0 0 3.16863567238179e-318
0 0 2.11523272108272e-19
0 0 4.42451467318572e-08
0 0 4.40568184522021e-72
0 0.0731707317073171 0.0109952738949848
0 0 0
0 0 1.45424267135198e-43
0 0 4.83724795572952e-61
0 0.0204081632653061 3.58320687581574e-07
0 0.02 3.75879765796773e-05
0 0.0208333333333333 0.000811222043635615
0 0.0175438596491228 0.00712161235739671
0 0.0188679245283019 0.000357655250514303
0 0.0232558139534884 6.13157417014998e-06
0 0 4.47574574583186e-64
0 0.0377358490566038 6.1672622268268e-05
0 0 8.02701211506843e-13
0 0.0196078431372549 0.00897499439713813
0 0.0185185185185185 0.00141876095961989
0 0.037037037037037 0.0104681749785223
0 0.0357142857142857 0.00294413746403456
0 0.0638297872340425 4.07474880805168e-06
0 0.0434782608695652 0.000268756225105329
0 0 1.98534744323922e-247
0 0.0204081632653061 0.0208333333333333
0 0.0192307692307692 1.16503150729752e-05
0 0.0212765957446809 0.000131000767829785
0 0.0508474576271186 0.0110695233920202
0 0.0277777777777778 0.0057166305732444
0 0 1.74078643185321e-97
0 0.0222222222222222 0.00201004597299234
0 0.027027027027027 0.0304500357363539
0 0.0545454545454545 0.00567137198812129
0 0.0344827586206897 0.00784120500235822
0 0.0806451612903226 0.0120944754202786
0 0.0181818181818182 0.00320140644095688
0 0.0232558139534884 0.001772957477203
0 0.0227272727272727 0.0212862398074392
0 0 4.91201589402687e-75
0 0.0526315789473684 0.00516293448215995
0 0.0204081632653061 0.00689751287424388
0 0.0392156862745098 0.000587817387483258
0 0.0185185185185185 0.00487422231851129
0 0.0204081632653061 0.00318832265162534
0 0.0188679245283019 6.66553116789564e-05
0 0.0212765957446809 0.0149386963875183
0 0.0181818181818182 0.00591105132455925
0 0 2.81925516743848e-34
0 0 3.61138613336159e-33
0 0 2.63515040547796e-209
0 0.0666666666666667 0.0107065105120541
0 0.0204081632653061 0.00443105257690092
0 0.0222222222222222 0.000177261965144091
0 0 9.52715954911891e-60
0 0.0508474576271186 0.0024371940818029
0 0.0465116279069767 0.0344684997236022
0 0 3.53902233636723e-80
0 0.0555555555555556 0.00254276243806004
0 0.04 0.0110536590876361
0 0.0217391304347826 6.06612968588747e-10
0 0 0.000178718184649216
0 0.0196078431372549 9.93262056415453e-08
0 0.0217391304347826 6.88065249757329e-06
0 0 2.40297655309841e-23
0 0 2.25348930191579e-51
0 0 1.69383883157502e-46
0 0.0444444444444444 0.00608143762718252
0 0 3.88365521234545e-37
0 0 4.90232318031616e-223
0 0.0166666666666667 0.000820754300930412
0 0.0188679245283019 0.00247181443844349
0 0.0526315789473684 0.0242709789318726
0 0.0222222222222222 0.00178770294292138
0 0.0192307692307692 0.0063184329963353
0 0 3.00094095740996e-08
0 0.0384615384615385 0.00586504352254868
0 0.0357142857142857 0.00514169553387843
0 0 2.57179626740545e-285
0 0 6.10341976099514e-06
0 0 1.30096032574667e-29
0 0 1.29017694362568e-12
0 0 2.05956049275875e-07
0 0.0185185185185185 0.00579684603416174
0 0.0217391304347826 0.00125689486076505
0 0.0181818181818182 0.016277461229086
0 0.0196078431372549 0.00135606997255226
0 0.0181818181818182 5.65635700244841e-05
0 0.0555555555555556 0.00907419517161612
0 0 7.42527770449107e-14
0 0 3.19927370871204e-309
0 0.0350877192982456 0.00649890803161913
0 0.0172413793103448 8.53006273755118e-07
0 0.0625 0.00307001713363574
0 0.0208333333333333 0.00355364626597533
0 0.0638297872340425 0.0183559464675008
0 0.0232558139534884 2.0295704562818e-05
0 0 4.80378320308832e-14
0 0 4.15937611764461e-07
0 0 6.35374822549832e-12
0 0 1.94417559551478e-29
0 0.0888888888888889 0.0232144083709846
0 0.0227272727272727 0.0118283366375244
0 0.0454545454545455 0.000156537827638706
0 0.024390243902439 0.0064026856826914
0 0 3.44519381856575e-81
0 0.0178571428571429 0.000153863998883204
0 0.0377358490566038 0.00477019459072555
0 0 5.40977466628119e-30
0 0 2.0501458495214e-54
0 0 5.23819840106996e-06
0 0 5.94385541241598e-25
0 0.0425531914893617 0.00730166246320831
0 0 1.74896242324467e-294
0 0.0212765957446809 0.0039703236177587
0 0 0.00447875304948809
0 0 1.11279884908959e-10
0 0.0169491525423729 0.00282095958913849
0 0.02 0.00774681395459444
0 0.0740740740740741 0.0209661552409312
0 0 8.05403819964079e-53
0 0.0178571428571429 0.00403745135858449
0 0 1.42385544452418e-210
0 0.0681818181818182 0.0117701018132595
0 0.0377358490566038 0.00774577178354652
0 0.0392156862745098 0.00734046644342477
0 0 2.18642319095012e-145
0 0 3.99744828745426e-36
0 0 6.28513067760241e-65
0 0.0638297872340425 0.0173512184787036
0 0 0
0 0 6.2791933063674e-55
0 0.0196078431372549 0.000662852783630803
0 0 0
0 0.0232558139534884 0.0030436900051258
0 0.06 0.0101819631304827
0 0 1.0357662836898e-08
0 0.04 0.00297663740210109
0 0.0188679245283019 9.59000344114934e-05
0 0.0172413793103448 3.45184278247658e-08
0 0.0166666666666667 0.00383619372039215
0 0 6.95398077457742e-159
0 0.0192307692307692 0.00166878774341044
0 0 6.95977016342088e-35
0 0.0212765957446809 0.00376534429196479
0 0 7.44165828697712e-76
0 0 2.7813152533581e-13
0 0 1.01403137863922e-09
0 0.0425531914893617 0.0023230660371915
0 0.0169491525423729 0.00101645702401629
0 0.0204081632653061 2.74690826371618e-05
0 0 8.60761562268658e-13
0 0 4.78947591148584e-29
0 0 5.95331982071372e-64
0 0 3.44645074856854e-11
0 0 2.07387391753127e-65
0 0.0208333333333333 0.0217189304107341
0 0.0425531914893617 0.015822312260714
0 0 1.56023165856978e-11
0 0.0163934426229508 0.0036578522473571
0 0.0476190476190476 0.019733893587635
0 0 3.20458731428573e-38
0 0.0350877192982456 0.00690944339648932
0 0.0192307692307692 0.0106761182325606
0 0 2.49696227270567e-43
0 0 2.32494239620061e-21
0 0.0357142857142857 0.010235266889376
0 0 4.60677592041171e-13
0 0.0208333333333333 5.56357313688667e-06
0 0 2.25670007877593e-09
0 0 4.0748221020016e-10
0 0 4.61573331643496e-139
0 0.0576923076923077 0.00768665585698558
0 0.0185185185185185 0.00379327034802622
0 0.0178571428571429 0.00151206690020159
0 0 8.9134861142063e-14
0 0.0357142857142857 0.00357883788294711
0 0 1.38633202790363e-136
0 0.0350877192982456 0.0176466777553623
0 0.0196078431372549 2.1400781157618e-07
0 0 0
0 0.02 0.000968223214696244
0 0.0181818181818182 0.00853188714296255
0 0 0
0 0.037037037037037 0.00310180174094648
0 0.0363636363636364 0.00930046473508121
0 0 7.54490048230332e-06
0 0.0350877192982456 0.000115711282604715
0 0 1.17612753613698e-14
0 0 3.51523485379895e-10
0 0.0178571428571429 0.0032713541010254
0 0 6.52459651944779e-93
0 0 5.29073708409129e-19
0 0 2.54067010633437e-32
0 0 2.96384679543678e-10
0 0.0181818181818182 0.00484584166958039
0 0.0416666666666667 0.00786336241170496
0 0.0384615384615385 0.0106883633352007
0 0 1.30926149361872e-05
0 0 1.17957385840793e-24
0 0 6.79266653111291e-14
0 0.0588235294117647 0.00937877036704806
0 0 7.88599964828805e-176
0 0 7.62541638061918e-38
0 0.0465116279069767 0.00193604991745028
0 0 8.94439533954936e-160
0 0.0208333333333333 0.00591737436511616
0 0 1.64828136292043e-91
0 0.0227272727272727 0.000185958612365762
0 0.0196078431372549 0.00511675911371144
0 0.0175438596491228 0.00122458742705803
0 0.0212765957446809 0.00748545727877756
0 0.0192307692307692 0.00852975148634698
0 0.0217391304347826 0.00659835963851008
0 0.0377358490566038 0.0370410705140411
0 0.0377358490566038 0.00191122583123545
0 0.0185185185185185 0.0185692386376557
0 0.087719298245614 0.0218919179740493
0 0 7.25694128153015e-34
0 0 7.60325383020458e-66
0 0 1.23349150194684e-23
0 0.0227272727272727 0.00488750043061274
0 0 7.476040799585e-119
0 0.0181818181818182 0.00679600792204963
0 0 2.54663983695246e-05
0 0 4.28872504963455e-11
0 0.0208333333333333 0.00460938584504178
0 0.0196078431372549 7.79340438299962e-09
0 0 5.39943277631854e-101
0 0.0444444444444444 0.00162356545370965
0 0 8.16192742023991e-12
0 0.0357142857142857 0.014515700702671
0 0 2.81742381234801e-10
0 0.0208333333333333 0.00868797723950967
0 0.0196078431372549 0.000421157534887344
0 0.0222222222222222 0.00285130478729274
0 0 1.11806220824182e-14
0 0.0212765957446809 0.000991205291271973
0 0.0169491525423729 0.00813057254676582
0 0 9.60907900707325e-244
0 0.0454545454545455 0.0044563223368169
0 0 7.13652893923374e-05
0 0.0208333333333333 2.06820423327874e-06
0 0.0181818181818182 0.00370438086691783
0 0 1.08108614578362e-05
0 0.0196078431372549 0.0199999999900276
0 0 8.04274790057981e-20
0 0.0175438596491228 0.00309550379096983
0 0.0163934426229508 0.00534693888349268
0 0.0232558139534884 6.02458205057585e-07
0 0.0222222222222222 0.000187882813670628
0 0.02 0.00737732471822432
0 0 6.59761383883542e-12
0 0 1.38233808380676e-36
0 0 5.30804658349737e-25
0 0 1.6294471900541e-05
0 0 1.96348608990805e-06
0 0.0535714285714286 0.0277265028727498
0 0 5.73443049176544e-36
0 0 2.3122959166339e-10
0 0.0256410256410256 6.78880706891857e-05
0 0 0
0 0 0.000461694059510929
0 0.0384615384615385 0.00805977219054548
0 0.0222222222222222 1.27252314264665e-05
0 0.037037037037037 0.00797517101889397
0 0.0333333333333333 0.00271513466095231
0 0 2.42839324296134e-08
0 0 1.34658982742468e-13
0 0.0222222222222222 0.00860123207723312
0 0.0434782608695652 0.012942533868742
0 0.0192307692307692 0.00526104360634534
0 0 2.10281600960532e-08
0 0.0181818181818182 1.16878777981675e-09
0 0 2.42654928067659e-08
0 0.0175438596491228 6.42092179858503e-05
0 0.0212765957446809 0.00941071969198459
0 0 3.0003131135603e-09
0 0 1.3819812272152e-15
0 0 5.70786357467366e-72
0 0.0208333333333333 6.57916980865998e-09
0 0.0172413793103448 0.00558523889888942
0 0.0350877192982456 0.000643582820063594
0 0.0204081632653061 0.00430757446420191
0 0.0185185185185185 0.00477117408698672
0 0 0
0 0.0576923076923077 0.0198148978274959
0 0.0303030303030303 0.0104349545301514
0 0 4.53029621973064e-09
0 0.024390243902439 1.07560874414861e-08
0 0.0487804878048781 0.0249672062387658
0 0.0204081632653061 0.0164184795888514
0 0.0689655172413793 0.0128500044570104
0 0 1.13962823202711e-24
0 0.0192307692307692 0.00285182264046301
0 0.0408163265306122 0.0141422838349508
0 0 5.16678707934034e-26
0 0 5.42190379607877e-13
0 0.0256410256410256 0.0137458708452776
0 0 2.24528491543678e-97
0 0 2.64168587725111e-15
0 0 4.42919883868888e-18
0 0 3.0656352356274e-57
0 0.0181818181818182 0.000110579663166168
0 0 1.71388019644731e-18
0 0 4.90165894839404e-51
0 0.0434782608695652 0.00270585145925809
0 0.0384615384615385 3.33457574579876e-07
0 0.0363636363636364 0.0181722090213154
0 0 5.85831014938538e-06
0 0 2.61976819894953e-99
0 0.0204081632653061 3.05092842515912e-05
0 0.0350877192982456 0.00873062467489809
0 0.0217391304347826 9.79111558983387e-10
0 0.04 0.0126248843244734
0 0 9.10229084200668e-06
0 0 5.1936360179137e-12
0 0.0377358490566038 0.0168735145594862
0 0 3.81633969661944e-74
0 0 5.39143108041866e-15
0 0.04 0.00477015197116765
0 0 3.05580655014301e-07
0 0 0.00140372710120498
0 0.0238095238095238 1.896713978692e-07
0 0.0181818181818182 0.000972259569168446
0 0 1.20537963892379e-07
0 0 5.80826212194298e-161
0 0.0185185185185185 0.0023768767118654
0 0.0212765957446809 2.7242416010701e-06
0 0 5.27288501247412e-27
0 0.0188679245283019 0.00709160668186952
0 0 1.03698844549102e-36
0 0 1.89653673730266e-26
0 0.0208333333333333 4.73900248446251e-05
0 0.0487804878048781 0.00144454875409119
0 0.0178571428571429 9.60027901334504e-09
0 0 9.61223658237141e-07
0 0 7.92619542158759e-06
0 0.0444444444444444 0.00496947232208147
0 0.02 0.00302326108579888
0 0.0222222222222222 0.00476769564171815
0 0 0
0 0 7.91407708925701e-76
0 0.0357142857142857 0.012118192721593
0 0 1.34572518165706e-09
0 0 5.23864609719539e-309
0 0.0217391304347826 0.0072680539785144
0 0.0181818181818182 0.00015244442170144
0 0 1.02933592323011e-11
0 0 0
0 0.0384615384615385 0.00634426989021231
0 0 1.2642571748311e-14
0 0.0416666666666667 0.0172834039421757
0 0 4.21246599196685e-14
0 0.0166666666666667 3.47282887553632e-08
0 0.0701754385964912 0.0148446305661346
0 0.0208333333333333 0.0231541614004572
0 0.0217391304347826 2.28671110069824e-07
0 0 4.65966658268833e-12
0 0 4.04324484368113e-70
0 0 0
0 0 3.4002197280835e-11
0 0.0384615384615385 5.42525210115893e-06
0 0.024390243902439 3.05915375879582e-05
0 0 5.18616515978632e-06
0 0.0217391304347826 0.00449349010420861
0 0.0222222222222222 0.0216170042453405
0 0 0
0 0.0192307692307692 2.09228264679262e-07
0 0 1.85160016262527e-06
0 0 5.06217965638744e-10
0 0.0425531914893617 0.0156129203734227
0 0.0204081632653061 0.0151814840225663
0 0.0192307692307692 0.00453509554897606
0 0.0204081632653061 0.00382505493873067
0 0.0416666666666667 0.00425497783795508
0 0.0416666666666667 0.0425282764206096
0 0.0487804878048781 0.00458785199991094
0 0.0344827586206897 0.00360811941442885
0 0 3.36804351506334e-06
0 0.0192307692307692 0.0001705443967472
0 0 7.28175505119959e-238
0 0.0256410256410256 3.64651900781395e-09
0 0 2.0669048242975e-66
0 0.037037037037037 0.0131683171770607
0 0.0227272727272727 0.00767121302050447
0 0.0212765957446809 0.000235316849479381
0 0 1.71898854886429e-11
0 0.0227272727272727 1.68800187781967e-08
0 0.025 7.22701244117182e-09
0 0.0172413793103448 0.00394021497960572
0 0.0508474576271186 0.0116406476310694
0 0 1.07141489820445e-13
0 0.02 0.00484411525320019
0 0.032258064516129 0.0170069015771973
0 0 9.17630622653735e-66
0 0 7.75386613586735e-33
0 0.0172413793103448 4.48400457252366e-07
0 0.037037037037037 0.00745844841986033
0 0 3.4302588353388e-52
0 0 7.28882050849141e-23
0 0.0212765957446809 0.00935857493435501
0 0.0384615384615385 0.00528330827325062
0 0 4.56959412708753e-07
0 0.0222222222222222 0.00107126659893159
0 0.024390243902439 0.0101525218379057
0 0.0204081632653061 7.71323227485088e-05
0 0.0377358490566038 0.00837085112790865
0 0 9.54719728646637e-12
0 0 6.74276756971396e-165
0 0.0192307692307692 0.000297955771505005
0 0.0222222222222222 0.0227246227378451
0 0 1.14428996994771e-65
0 0.05 0.0185668443445801
0 0.0392156862745098 0.00479310453878259
0 0 4.98120947695713e-32
0 0.0384615384615385 0.0193715515589162
0 0.0566037735849057 0.00599125208159208
0 0.0169491525423729 3.61769913892322e-08
0 0.0377358490566038 0.0267143880408136
0 0.02 1.02101177854728e-07
0 0 1.40259542107296e-67
0 0.037037037037037 0.0102962021020912
0 0.0238095238095238 0.00119029194715742
0 0.0344827586206897 0.0110723875270959
0 0.0192307692307692 4.68370247021155e-07
0 0.0256410256410256 0.0057554996209436
0 0 5.63503370803199e-128
0 0.0212765957446809 0.0101925790201875
0 0 3.83276105106052e-14
0 0.0172413793103448 0.000101269498609571
0 0.0384615384615385 9.10039480510241e-07
0 0.0196078431372549 0.00831289124584599
0 0.0392156862745098 0.00393289108708564
0 0.0196078431372549 0.00293712671798353
0 0.0217391304347826 0.00340829943146631
0 0.02 0.00940060484506611
0 0 1.88801376939903e-16
0 0 5.60504346574999e-09
0 0.0188679245283019 0.00359828518868021
0 0.0697674418604651 0.0295800557969466
0 0.0222222222222222 1.54482635663287e-08
0 0 5.30450994116475e-111
0 0 5.53029056573585e-11
0 0.05 0.0209016094944078
0 0 2.30842926146396e-07
0 0 4.80278616358889e-205
0 0 7.68905369889745e-05
0 0 6.20607831299237e-11
0 0.0204081632653061 0.00691625492924408
0 0 1.40141422873847e-23
0 0.0652173913043478 0.0224809701618589
0 0.0465116279069767 0.00793486197589852
0 0 1.53346411674139e-19
0 0.0217391304347826 0.00477682055887178
0 0.024390243902439 1.77696315131628e-06
0 0.0476190476190476 0.000624428937380926
0 0.0208333333333333 0.00553714337827506
0 0 3.39246243858001e-27
0 0.0576923076923077 0.0202733307139104
0 0 1.49079096271866e-30
0 0 1.04733228559915e-24
0 0.04 0.000663365892158624
0 0.0192307692307692 1.71688307668183e-10
0 0 5.31270967290166e-184
0 0.0392156862745098 0.00299529287523349
0 0.0217391304347826 1.2172881217752e-05
0 0 8.64822781978529e-17
0 0.0566037735849057 0.00624160172876804
0 0.0526315789473684 0.00884510443258398
0 0.0576923076923077 0.00289039826823382
0 0 1.52228647238335e-11
0 0.0181818181818182 0.000659478038559465
0 0.0151515151515152 1.06076031213272e-06
0 0.037037037037037 0.00478113808120318
0 0.0285714285714286 0.00724044533712139
0 0.0232558139534884 0.00188879771513923
0 0.037037037037037 0.00818757395716056
0 0 3.23857781347833e-14
0 0.0212765957446809 5.88273957381794e-05
0 0 2.9341945237072e-07
0 0.0476190476190476 0.0223788798869167
0 0 0.000296808637957374
0 0.0188679245283019 0.000379312205723787
0 0 7.38987046997402e-27
0 0.0416666666666667 0.0295100039219883
0 0.0204081632653061 0.00195634601343887
0 0.06 0.00891367764344187
0 0.025 0.00746974963365604
0 0 3.83774380373171e-06
0 0.02 1.85558773606645e-08
0 0.0192307692307692 0.00386840037434159
0 0.024390243902439 0.00489832441763147
0 0.0227272727272727 7.1091418110939e-05
0 0 4.0794034022443e-12
0 0.0232558139534884 0.0131459265299636
0 0 4.05837627807323e-27
0 0.0185185185185185 0.000405021437839672
0 0.0217391304347826 0.00649031589736697
0 0.0384615384615385 0.0101880740956499
0 0.0204081632653061 0.000637531246693732
0 0.0196078431372549 0.0190695166124208
0 0.0204081632653061 0.00557833153403438
0 0 9.29868711341936e-36
0 0.0434782608695652 0.0203892472558615
0 0.024390243902439 0.00119880044521846
0 0 1.97042550907109e-92
0 0.0416666666666667 0.00957060600580318
0 0 4.74305721744422e-135
0 0 6.10069304591044e-30
0 0.0227272727272727 0.000384636398898539
0 0.0434782608695652 0.00677878776330077
0 0.0185185185185185 7.68121632889525e-07
0 0.0153846153846154 0.00302899364946025
0 0.0535714285714286 0.00839022859309548
0 0 1.78790399961583e-07
0 0 8.03825494316894e-18
0 0.0175438596491228 1.58563181249392e-05
0 0.0188679245283019 1.9940189977307e-08
0 0.0175438596491228 0.0178535726413484
0 0.0217391304347826 9.5884328814579e-08
0 0 1.05007919778789e-57
0 0.0217391304347826 0.0180551784042313
0 0.0294117647058824 0.00702457578635728
0 0.0217391304347826 0.0140879368882401
0 0.0217391304347826 4.31052922364085e-09
0 0.0172413793103448 0.000365465854546558
0 0.0204081632653061 0.00759339782000248
0 0.0204081632653061 2.31539289581178e-05
0 0.0188679245283019 3.8156247674293e-06
0 0.04 0.00793418669589086
0 0 1.40814422179957e-27
0 0.0416666666666667 0.000958104493665335
0 0 1.54864403691907e-35
0 0.0483870967741935 0.0109552969979075
0 0 2.38048567517188e-33
0 0 3.79350699225053e-89
0 0.0576923076923077 0.00436621162788264
0 0.0227272727272727 1.24355174089933e-07
0 0.0344827586206897 0.0232167991983759
0 0 0.000695575069993509
0 0 2.02777968887851e-24
0 0.0188679245283019 0.00699157736044534
0 0.0238095238095238 0.000776741579975099
0 0.0566037735849057 0.00151406090474609
0 0.0192307692307692 0.00362388245642335
0 0.0238095238095238 0.00380032194875033
0 0 1.53332811375646e-05
0 0.037037037037037 0.0176710482329287
0 0.0196078431372549 0.00818787994889776
0 0 1.2370501715744e-12
0 0 1.4763875762582e-11
0 0 8.10071422926643e-20
0 0.0204081632653061 0.0193977130152686
0 0 1.10586615837586e-31
0 0 4.22342046591445e-38
0 0 5.2360295400867e-168
0 0.0392156862745098 0.0123109368152508
0 0.0204081632653061 7.33752113603965e-05
0 0 1.51942633767639e-09
0 0.037037037037037 0.00588569445364564
0 0.0454545454545455 0.00104176447726311
0 0.0208333333333333 0.00280497266795011
0 0 4.37033805430450e-13
0 0 5.68945275613426e-79
0 0.0465116279069767 0.0114139900660739
0 0.0238095238095238 0.00513589468549016
0 0.0222222222222222 0.00937194933724746
0 0.0185185185185185 1.61353559980111e-08
0 0.0208333333333333 0.00145591898834845
0 0.0555555555555556 0.00304322354926115
0 0 5.44586110180449e-60
0 0 1.54537400207941e-274
0 0.0185185185185185 0.0161249422434857
0 0.0175438596491228 3.43534763346377e-07
0 0 4.48032751386883e-11
0 0 0
0 0.0222222222222222 4.2529316712226e-06
0 0 4.71622486893171e-10
0 0.0535714285714286 0.00818209497639289
0 0.0204081632653061 0.000412012421431482
0 0 2.17667798821057e-40
0 0.0196078431372549 0.00799695429602748
0 0.0344827586206897 0.00314932694322355
0 0.0714285714285714 0.0062653185639738
0 0 2.58308090509307e-95
0 0.0588235294117647 0.00635448391802099
0 0 3.93028419681477e-08
0 0.0204081632653061 0.00187073921743642
0 0.0227272727272727 0.000862946383007303
0 0.0256410256410256 0.00558866895124294
0 0.027027027027027 0.00122185150348871
0 0.0425531914893617 0.000103841172039467
0 0 1.79262217926664e-09
0 0.024390243902439 2.25015235959513e-10
0 0.0227272727272727 0.0230175249744582
0 0.0327868852459016 0.00341162074869638
0 0.0444444444444444 0.00632914493672185
0 0 4.19101044500444e-251
0 0.0222222222222222 0.00365175390413275
0 0.0204081632653061 0.0176778404028192
0 0 8.48326098399867e-222
0 0 9.25462462739972e-31
0 0 1.07326670653813e-14
0 0 1.82308931613883e-90
0 0.0196078431372549 0.00567001935762339
0 0.0555555555555556 0.00317158679117438
0 0.0222222222222222 0.0131481846229679
0 0 8.08447390568507e-19
0 0.0196078431372549 0.0030449915720332
0 0.04 0.0111707177699368
0 0.0222222222222222 0.00380577459414516
0 0 2.71493249011023e-24
0 0 1.18291093582411e-12
0 0 0.00229457364102221
0 0.0217391304347826 6.60196399005755e-08
0 0 4.09145795045777e-11
0 0.0666666666666667 0.00290624885235081
0 0.0188679245283019 0.00222388703960099
0 0 1.05368410894747e-65
0 0 9.51240657709222e-282
0 0.0425531914893617 0.0172505577317011
0 0.0175438596491228 0.00839216023073984
0 0.0612244897959184 0.0155338161506988
0 0.0535714285714286 0.0266757905438426
0 0 3.61168100043896e-08
0 0 1.18425312149479e-06
0 0.0192307692307692 0.000493865753989755
0 0.0192307692307692 0.000434265914786216
0 0 0
0 0.0416666666666667 0.0143554696501879
0 0.0357142857142857 0.00400959171690695
0 0.0434782608695652 2.5844356250956e-06
0 0.02 0.00456073446032552
0 0.0377358490566038 0.00543201080400506
0 0.0192307692307692 0.00843310657063499
0 0 5.692580894593e-159
0 0 4.67735504108785e-33
0 0.0227272727272727 0.00779452744053273
0 0.0638297872340425 0.0192528545257269
0 0 1.40964040770414e-53
0 0 0.000253144637108371
0 0 4.09478024726085e-174
0 0 1.13820857540453e-259
0 0 1.47729792926334e-121
0 0.0208333333333333 8.32238761574844e-07
0 0.0384615384615385 0.00391476676427101
0 0 1.00347314124658e-09
0 0.0208333333333333 0.000152448822665655
0 0.0425531914893617 0.000218684629606465
0 0.0444444444444444 0.00396385873518267
0 0.0217391304347826 0.00857338512386509
0 0 4.41592442278814e-15
0 0.04 0.000677243004415964
0 0.0576923076923077 0.0148859141958527
0 0.0392156862745098 0.00247041916248429
0 0.0204081632653061 0.00526251873694513
0 0 9.67535382319306e-131
0 0 2.79731186818479e-20
0 0.0178571428571429 0.000294098295085344
0 0.0175438596491228 0.00562709097093466
0 0.0212765957446809 1.95934538180247e-05
0 0.04 0.000882241833673152
0 0.0212765957446809 4.3641610024418e-08
0 0.0677966101694915 0.0116220622545877
0 0.0434782608695652 0.00186688288139517
0 0.0392156862745098 8.42598045750545e-05
0 0.0444444444444444 0.0217900542852191
0 0.0350877192982456 0.0120215431064246
0 0 2.91435568173168e-70
0 0.0192307692307692 0.000388416676970982
0 0 5.9133645787024e-19
0 0.0192307692307692 0.00110341111483054
0 0.0178571428571429 1.90606004525911e-07
0 0 1.39170924599993e-104
0 0.0227272727272727 0.00140550771842502
0 0.0588235294117647 0.0211972311396886
0 0.0212765957446809 0.00279248649230618
0 0 0.0232558139534972
0 0 1.03316997042681e-09
0 0 9.08082902698568e-11
0 0 8.6021022890387e-07
0 0.0204081632653061 4.88516166024268e-08
0 0.0909090909090909 0.0301997187813607
0 0.0185185185185185 4.45946603225633e-07
0 0.0149253731343284 1.6682719659636e-08
0 0.0363636363636364 0.00857055174355458
0 0 2.08286824885073e-56
0 0.0208333333333333 0.000250234836495441
0 0.0208333333333333 0.00538990804830009
0 0.0208333333333333 0.00222652535701853
0 0.0204081632653061 0.00540605788832624
0 0.0434782608695652 0.00511578693665963
0 0.0377358490566038 0.00576117766432152
0 0.0188679245283019 0.012798104614696
0 0.0178571428571429 0.00713404678543764
0 0 2.38992067152933e-29
0 0.0204081632653061 1.387831073067e-05
0 0.0181818181818182 0.00269221623158157
0 0.0487804878048781 0.00619377692353004
0 0.0212765957446809 0.000433758829613896
0 0 1.80686551147556e-70
0 0 1.77397217680949e-05
0 0.0392156862745098 0.00804360256360024
0 0 1.00274719917641e-25
0 0 6.50254190940339e-193
0 0 2.38269783209831e-55
0 0 7.83537831883855e-10
0 0 3.27650694729026e-13
0 0.0172413793103448 0.00053760432946872
0 0 1.33490212896304e-07
0 0 6.54855852599859e-116
0 0 4.91023358156934e-178
0 0.0192307692307692 0.00815017885858787
0 0 9.41440925145205e-169
0 0.0185185185185185 0.00103693181072852
0 0 3.60721855231197e-24
0 0.0317460317460317 0.00176160991764054
0 0.032258064516129 0.00261133980127683
0 0 5.3648467588336e-07
0 0.037037037037037 0.00440685515177232
0 0.037037037037037 0.0115478015269151
0 0.0222222222222222 0.00137350453916538
0 0.0545454545454545 0.0104652810389328
0 0.0425531914893617 0.0236747543005019
0 0 0
0 0 5.50176106578733e-05
0 0 5.42965797960025e-108
0 0.0175438596491228 0.00598004660069716
0 0 1.71682417799891e-05
0 0 1.04656036639243e-24
0 0 2.37577542080873e-183
0 0.0638297872340425 0.00380713309438829
0 0.0384615384615385 0.020104816616373
0 0 3.93343779758907e-09
0 0.0196078431372549 1.48683845891917e-08
0 0.0204081632653061 0.0203741513664849
0 0 2.10488549644016e-121
0 0 6.19559991328719e-05
0 0.0208333333333333 0.000816337701118987
0 0.0192307692307692 0.00274908518350967
0 0.0178571428571429 0.00147044260045974
0 0.0185185185185185 0.00374665378349623
0 0.02 0.0037215128229579
0 0.0434782608695652 0.000169067695535176
0 0 1.18717686311242e-90
0 0.0344827586206897 0.00746870435410895
0 0.0384615384615385 0.0318392166543285
0 0.0338983050847458 0.00541913940872473
0 0 0
0 0 5.23377786722822e-37
0 0.0185185185185185 0.0041037238553763
0 0 5.18928710671898e-06
0 0.0166666666666667 0.00107531111515635
0 0.0566037735849057 0.00466576106579702
0 0 1.5623751212473e-36
0 0.0408163265306122 0.0174948372691796
0 0.0196078431372549 2.30639814115524e-08
0 0 0
0 0.0444444444444444 0.00894143912342965
0 0 1.14108899542053e-285
0 0 3.12343127042831e-55
0 0.0192307692307692 0.00490999508573461
0 0.0169491525423729 0.00399730094712219
0 0 0.00197390741175184
0 0.0204081632653061 2.501641796768e-07
0 0 0.00393588047006729
0 0 4.86662640057269e-06
0 0.032258064516129 5.92458664133621e-05
0 0.0434782608695652 0.0183688705506511
0 0.0188679245283019 0.00345423373926918
0 0.0444444444444444 0.00476261709604499
0 0.0192307692307692 2.74457121514278e-06
0 0.0232558139534884 0.0067566254923681
0 0.0363636363636364 0.0050232028151018
0 0.0416666666666667 0.00729002154566886
0 0.0222222222222222 0.0221810738334515
0 0.0192307692307692 0.0105138918978744
0 0.0392156862745098 0.0116145524535053
0 0 2.30850771560244e-08
0 0.0425531914893617 6.87631465442428e-06
0 0.0175438596491228 0.0174214488273976
0 0.0212765957446809 0.0216492487075602
0 0 3.72382335337856e-35
0 0.0338983050847458 9.77312009920302e-05
0 0 1.31207783901472e-06
0 0.0185185185185185 0.00962496420092664
0 0.0363636363636364 0.00341601060884307
0 0 1.50745791475586e-34
0 0.0192307692307692 0.00559906426166272
0 0.037037037037037 0.0307447614051631
0 0 3.86393605403795e-11
0 0.0377358490566038 0.000449219067761017
0 0 1.52070455660736e-13
0 0 1.32922505517176e-15
0 0.0425531914893617 0.0212446323938137
0 0 3.26025932844403e-06
0 0 1.24206460301815e-81
0 0.0714285714285714 0.00892361074671648
0 0.0208333333333333 6.02584452625982e-06
0 0.0178571428571429 0.00195908138011658
0 0.0196078431372549 7.22922022205566e-05
0 0.0208333333333333 0.0107884941477118
0 0 1.72583664937028e-12
0 0.0444444444444444 0.0271690391334169
0 0.0350877192982456 0.000366798206110069
0 0.02 0.0172631352694342
0 0.0181818181818182 0.0126166942746226
0 0.0232558139534884 0.0144354064901002
0 0 7.16596364668359e-45
0 0 1.30605654834299e-07
0 0.0208333333333333 0.00616209660997348
0 0 1.55502241020069e-29
0 0 8.80779868084602e-10
0 0.0392156862745098 0.00299614856245674
0 0.04 0.000530673294462714
0 0.02 0.000324038618544501
0 0.0181818181818182 0.00275025734748111
0 0.0212765957446809 8.51585808331574e-09
0 0.0545454545454545 0.00423650527949306
0 0 1.12364094626663e-08
0 0.0434782608695652 0.0101286533681703
0 0 1.57367167260417e-27
0 0.0217391304347826 9.32199930721026e-07
0 0 8.6514254233194e-318
0 0 1.68430447539207e-10
0 0 1.59905684906944e-16
0 0 1.93612523286569e-20
0 0.0652173913043478 0.0284555092132835
0 0.0178571428571429 0.0168935220971841
0 0 2.92500349298677e-99
0 0 0
0 0 6.82310195920776e-18
0 0.0181818181818182 2.62792075329776e-06
0 0.0212765957446809 0.000264274449422594
0 0.0444444444444444 0.0222918955181297
0 0.0408163265306122 0.00648477756018942
0 0 5.00543893998744e-08
0 0.104166666666667 0.0424825890397108
0 0 1.91507480159734e-17
0 0 1.5742337535171e-82
0 0.0208333333333333 0.00025182644766575
0 0.0416666666666667 0.00569444779328306
0 0.0217391304347826 0.00863760607914709
0 0 3.73938771812718e-60
0 0 3.12008824592593e-13
0 0 0
0 0 0
0 0.0545454545454545 0.00497942598965363
0 0.0357142857142857 0.00944897072140231
0 0 5.58759967039441e-08
0 0.0625 0.00669014237808389
0 0 3.08185635057595e-15
0 0.0175438596491228 4.15242992856932e-10
0 0.04 0.0011648735085302
0 0 1.30306403972576e-06
0 0.0181818181818182 0.0184699245456352
0 0.0487804878048781 0.0250248895018303
0 0.0175438596491228 0.00496487540018372
0 0.0454545454545455 0.000288863896715932
0 0.0227272727272727 0.00201729757131728
0 0.0212765957446809 0.000218251178872336
0 0.0377358490566038 0.00671474679074625
0 0.0188679245283019 0.0051949890128464
0 0.0178571428571429 0.00158017731268235
0 0 4.61572111957896e-09
0 0.0185185185185185 0.00624755167307127
0 0 6.5976343637692e-14
0 0 2.91953736735059e-18
0 0.0188679245283019 1.70246482745118e-08
0 0 8.66492887133351e-05
0 0.02 0.0081890282293585
0 0.04 0.00398937879122521
0 0.0454545454545455 0.0104373496904159
0 0.0188679245283019 2.81795328900481e-06
0 0.0188679245283019 0.00431254294095448
0 0.0238095238095238 0.00775715935801088
0 0.0232558139534884 0.00990106740084752
0 0.0172413793103448 0.00417567713010495
0 0.0178571428571429 1.5686285732955e-07
0 0 2.30643998411943e-49
0 0.0217391304347826 0.00166004030684138
0 0.0232558139534884 0.00310325298999814
0 0 2.10754115386712e-14
0 0 9.48653269717381e-18
0 0.02 0.0130516857729266
0 0 1.52120269853177e-15
0 0 8.15267197178324e-135
0 0.0555555555555556 0.011972840242209
0 0.0217391304347826 0.00597904773914863
0 0 0
0 0.0192307692307692 0.0192464888653715
0 0 3.05902562913189e-53
0 0.0416666666666667 0.00776143279068314
0 0.037037037037037 0.0054447352249256
0 0 8.16316115400646e-13
0 0.0238095238095238 2.25608781458424e-05
0 0 2.22469052056975e-12
0 0 2.25226839886167e-94
0 0.0204081632653061 3.37815886525476e-06
0 0.0217391304347826 0.0090425753163589
0 0 7.76819188235313e-12
0 0 2.19217407861652e-19
0 0.0181818181818182 0.00830651996745991
0 0.0212765957446809 0.00831816640680032
0 0.0212765957446809 0.00456607045963047
0 0.0508474576271186 0.000277231388200037
0 0.0465116279069767 0.0150264502760485
0 0.0416666666666667 0.000117223313798126
0 0 7.40201582229704e-06
0 0.0204081632653061 0.0255420554226568
0 0 0
0 0.0212765957446809 5.18319554091556e-07
0 0 1.10264275958452e-06
0 0.0222222222222222 0.00502798231794881
0 0.0212765957446809 0.00015672144815974
0 0 2.56501551931892e-17
0 0.0350877192982456 0.00331897490212569
0 0 1.75019284884478e-50
0 0.037037037037037 0.00430315692930281
0 0.0222222222222222 3.50724779636341e-06
0 0 1.76813664169789e-08
0 0.0238095238095238 5.18421199736097e-06
0 0.0625 0.0122028492497491
0 0.04 0.000316004383500071
0 0.0204081632653061 0.00951868526663745
0 0.037037037037037 2.46924813435509e-07
0 0.0512820512820513 0.0105338003164888
0 0.0434782608695652 0.000107944210837763
0 0.0238095238095238 0.000121098445006201
0 0 3.43895766930744e-21
0 0.0204081632653061 0.0105036034343477
0 0 1.8704222569302e-14
0 0 4.35308439207473e-23
0 0 1.47434146381289e-08
0 0 3.10604489320962e-109
0 0.0196078431372549 0.00638725998828544
0 0.0285714285714286 0.0211917621213346
0 0.0681818181818182 0.0338291635804105
0 0.024390243902439 0.00119361666243348
0 0 2.26211107776591e-12
0 0.02 1.43159075974493e-08
0 0.0222222222222222 0.0228356338364398
0 0 0.0232558139541205
0 0.0169491525423729 0.000919128631752859
0 0 1.44843008279748e-14
0 0.0175438596491228 5.59641907948975e-07
0 0.0181818181818182 5.97288264862528e-05
0 0.0377358490566038 0.00807032614302947
0 0.0344827586206897 0.000309375427403784
0 0 1.85173857021657e-72
0 0.0434782608695652 0.01360992722916
0 0 3.59106261241531e-12
0 0 1.16027550499136e-110
0 0 1.38049531890642e-83
0 0.0754716981132075 0.034881811487799
0 0.0222222222222222 0.0066109477246671
0 0.04 0.00398180631933272
0 0.0384615384615385 0.00593649542586045
0 0.0566037735849057 0.000415026176450808
0 0.0212765957446809 0.00272381970615877
0 0.0204081632653061 6.8372076163844e-06
0 0.0465116279069767 0.0145755646404669
0 0.0204081632653061 0.000594149506934833
0 0.0454545454545455 0.0156609566581611
0 0.0576923076923077 0.0207699319701826
0 0 9.93463248808696e-11
0 0.0208333333333333 5.75434454856828e-07
0 0 1.88614564970602e-07
0 0 3.87167820796967e-73
0 0 1.97598799002917e-09
0 0 1.06768602671534e-14
0 0 4.12632714079504e-49
0 0 2.3376362732442e-13
0 0.0208333333333333 0.000915295607621807
0 0 8.80965967917215e-07
0 0.0392156862745098 0.0183655109351704
0 0 5.41963297270221e-06
0 0.0208333333333333 0.00825037786084315
0 0.02 1.32156132476906e-07
0 0.0161290322580645 0.00424891543802334
0 0 4.06712251776596e-61
0 0.0344827586206897 0.0194461011349187
0 0.0178571428571429 0.0159881651106973
0 0 2.9278114762759e-19
0 0 2.94196439089401e-233
0 0.0217391304347826 2.33903233616572e-07
0 0.0217391304347826 3.75626434846824e-08
0 0 9.69186524071155e-160
0 0 8.58674878449012e-61
0 0.0178571428571429 0.00209270835627738
0 0 8.79468955993963e-06
0 0.0163934426229508 0.0027773397143607
0 0.024390243902439 0.00681729341096754
0 0 4.23924728583604e-06
0 0.0566037735849057 0.0121522772033413
0 0 7.40410697554376e-09
0 0.0444444444444444 0.0173614332391149
0 0 5.89753543605986e-10
0 0.0217391304347826 0.0123355384028587
0 0.0178571428571429 2.08963899727042e-06
0 0 4.58864405181605e-97
0 0.0338983050847458 3.93360733809466e-05
0 0.0384615384615385 0.00975805071625698
0 0 1.41773248384444e-13
0 0.0208333333333333 1.1784932797683e-06
0 0.0196078431372549 0.000448246525926081
0 0 4.85454018596746e-259
0 0 5.93045014182143e-14
0 0 4.45672573387326e-27
0 0.0392156862745098 0.00565343160435593
0 0.0178571428571429 0.00252057229179482
0 0.0178571428571429 0.000504522638122246
0 0 1.44664922242087e-08
0 0.046875 0.00972248946102121
0 0.0204081632653061 0.00710095331150177
0 0.0377358490566038 0.000860890488174711
0 0 9.97600963684429e-266
0 0.0222222222222222 0.00176953429014538
0 0.0377358490566038 0.00227599768784539
0 0 6.82862038569734e-23
0 0.0178571428571429 0.0197075969001969
0 0 1.24834149125847e-18
0 0 0
0 0 6.64415344683713e-05
0 0 2.51583381406006e-137
0 0.0416666666666667 0.0213338357905003
0 0.0217391304347826 0.00351119045297479
0 0 8.17648065298704e-06
0 0.04 0.00817331266322065
0 0 0.00028290068821547
0 0.0350877192982456 0.00818447529705834
0 0.0408163265306122 0.00450764593687216
0 0.0256410256410256 0.0229104502877733
0 0 1.58245664428599e-16
0 0.0454545454545455 0.00100014367220011
0 0 4.6511866900775e-183
0 0.0222222222222222 0.000459882899829003
0 0 5.15899867999607e-15
0 0 5.60558993748113e-13
0 0 5.36074206838674e-07
0 0 6.61251094471595e-36
0 0.0416666666666667 0.000334379347170354
0 0 1.23069977761106e-291
0 0 1.89115844628561e-77
0 0.0181818181818182 0.0026658356160253
0 0.02 3.76653249334646e-07
0 0.0384615384615385 0.00622702929356451
0 0 1.66969852572985e-240
0 0.0338983050847458 0.00783671138043891
0 0 1.54149108045015e-58
0 0 4.46517717861937e-20
0 0 5.84329942817993e-12
0 0.0465116279069767 0.00160404850528939
0 0 8.90980459815118e-10
0 0.0212765957446809 6.44516359532905e-05
0 0.024390243902439 0.0116585294899665
0 0 3.05188234751474e-09
0 0.0392156862745098 0.00952336956368121
0 0.0555555555555556 0.0159261243477999
0 0.0232558139534884 0.00986592862135429
0 0 1.91567984017166e-222
0 0.0384615384615385 0.00451499768098264
0 0.0185185185185185 0.00743671685385913
0 0 1.00885090051502e-27
0 0.0350877192982456 0.00915883210037972
0 0.0178571428571429 0.00061665609856984
0 0 0.00598259227361331
0 0 3.28854961075315e-06
0 0 1.31927960972702e-05
0 0 7.42728079642329e-42
0 0 3.37168993794708e-54
0 0 2.06131611803145e-50
0 0 1.40407995315682e-25
0 0.0408163265306122 0.004435573141065
0 0.0204081632653061 2.51807811393482e-05
0 0.0196078431372549 0.00903296093072973
0 0 4.52018964760046e-63
0 0.0545454545454545 0.00841851422109645
0 0.0638297872340425 0.0107057075074368
0 0 2.77377298900944e-145
0 0 2.39333603015201e-12
0 0 9.24916187787427e-53
0 0 5.32479113690363e-38
0 0 1.14076999389522e-83
0 0.0188679245283019 2.80833054965434e-08
0 0.02 0.0099488593411251
0 0 1.62880668111744e-12
0 0.0217391304347826 0.00753291379658263
0 0.0204081632653061 0.020023866228062
0 0.0208333333333333 0.00433175235039555
0 0.02 0.00187494473357655
0 0 1.84782901520547e-49
0 0.0181818181818182 5.89487676362734e-08
0 0.0333333333333333 0.0120304816188578
0 0.0681818181818182 0.00934738744959238
0 0 4.61474590422234e-12
0 0 1.74572641991104e-170
0 0.0208333333333333 2.458865203147e-05
0 0.0454545454545455 1.05165867079784e-06
0 0.0181818181818182 2.86370374161981e-05
0 0 1.10874828270466e-52
0 0.0217391304347826 0.00452162299105951
0 0 6.35576350830283e-13
0 0.0227272727272727 0.011127992952215
0 0 1.95013704104088e-37
0 0.02 0.000101411513149433
0 0.0212765957446809 0.021726215812373
0 0.0169491525423729 4.78001697760452e-08
0 0 9.27176401134045e-116
0 0 2.53328594647276e-13
0 0.0444444444444444 0.0109336866355467
0 0 2.23265692186963e-29
0 0.0588235294117647 0.00771994893131391
0 0.0238095238095238 0.00625191690097986
0 0.0212765957446809 0.000299103164305851
0 0.0227272727272727 0.00308444718298609
0 0 7.22068498172475e-17
0 0.0163934426229508 0.0089863558775723
0 0 9.83952282208735e-14
0 0.0204081632653061 7.66117438745594e-09
0 0.04 0.00798417404616687
0 0.0217391304347826 0.00974486312543747
0 0 2.41432078069851e-161
0 0 7.84728359370278e-213
0 0.0576923076923077 0.0128972103283912
0 0.0545454545454545 0.0056290372507337
0 0.0526315789473684 0.00153010590245895
0 0 2.27889738053025e-18
0 0.0238095238095238 0.0113099252171453
0 0.0172413793103448 2.42578558068236e-09
0 0.0222222222222222 0.00434106345166564
0 0.0208333333333333 0.0174207550859044
0 0 5.78743844163185e-131
0 0.0178571428571429 5.18534812834593e-07
0 0.0588235294117647 0.00243254741759534
0 0.0185185185185185 0.00210401215219231
0 0.025 6.64032764734518e-06
0 0 0
0 0.0612244897959184 0.0121445036882836
0 0.02 0.0177904095321068
0 0.0833333333333333 0.00720612878219996
0 0.0350877192982456 0.00986860770126882
0 0.0212765957446809 0.00689960361885714
0 0 0
0 0 3.71568121868868e-121
0 0 1.14820124362275e-297
0 0 4.03463906588792e-07
0 0.0212765957446809 0.000435428157901455
0 0 0
0 0.037037037037037 0.00691284079511068
0 0.0416666666666667 0.00154694886618552
0 0 3.84902458638443e-81
0 0.0217391304347826 0.00675641927131972
0 0.0196078431372549 0.00169353800759254
0 0.0208333333333333 0.0042682141878277
0 0.0517241379310345 0.0126375690422478
0 0.0222222222222222 4.59550715136931e-06
0 0 1.33262205547386e-58
0 0.0175438596491228 0.0165604399255701
0 0.0545454545454545 0.0084591852748362
0 0.0566037735849057 0.00571639882899103
0 0 6.44224683045931e-59
0 0.0465116279069767 0.0110126589560529
0 0.0212765957446809 0.00340244595568699
0 0 4.99158832582586e-09
0 0.0333333333333333 0.00427289195928418
0 0.0363636363636364 4.54090610421893e-08
0 0.0169491525423729 8.14641707358536e-05
0 0.0535714285714286 0.0055548433421454
0 0 9.71946372675355e-08
0 0 5.43216157560407e-21
0 0 1.405060596208e-10
0 0.0588235294117647 0.0134522747518775
0 0.0476190476190476 0.0190654463743058
0 0.0227272727272727 2.48757252956184e-07
0 0 1.48392876615939e-20
0 0.0217391304347826 0.00760641055492866
0 0 0
0 0.0645161290322581 0.011220173538429
0 0 2.50439905879335e-31
0 0 2.25164879802791e-05
0 0.0512820512820513 0.00173895723553591
0 0.0784313725490196 0.0271591253609416
0 0.0465116279069767 0.00520087187028064
0 0.0416666666666667 0.000571067849237611
0 0.024390243902439 0.00328577762505059
0 0.02 2.75338789045378e-05
0 0.0363636363636364 0.0022205544386981
0 0.0425531914893617 0.00817854071012054
0 0 2.8800374681419e-12
0 0.0208333333333333 0.00373115360535999
0 0 0
0 0 2.11150972887019e-60
0 0 3.87353844454095e-12
0 0.0377358490566038 0.00133249780640401
0 0 1.37696844621377e-11
0 0 2.81635195247305e-09
0 0.02 0.00158749769673632
0 0 0.000238067124016876
0 0 5.76146095474234e-88
0 0.0465116279069767 0.0127561269152349
0 0.0185185185185185 0.000600069837110956
0 0.0181818181818182 0.017041764719211
0 0 5.69477954054636e-14
0 0.0256410256410256 0.0156762558954953
0 0.0227272727272727 6.47782383306979e-06
0 0 1.12017151802086e-05
0 0 7.0153647116629e-13
0 0.0392156862745098 0.0184178992607343
0 0.0222222222222222 0.00622485165672958
0 0.02 7.70501872271606e-05
0 0.0204081632653061 5.68315011522813e-05
0 0.0188679245283019 1.4653616686533e-10
0 0.0425531914893617 0.011368373004817
0 0.0377358490566038 0.00180185144248425
0 0.0192307692307692 2.68265000255624e-09
0 0.02 3.74671458076752e-07
0 0.0416666666666667 0.00802098850278373
0 0.0344827586206897 0.017364101008539
0 0.0545454545454545 0.000174628977597833
0 0.0217391304347826 0.0068197986902405
0 0 2.58691871769396e-12
0 0 1.25472478106747e-51
0 0 1.9617042986522e-66
0 0 5.46973332346426e-248
0 0.025 0.000825774037545961
0 0 2.15435996428732e-55
0 0 7.64824121666183e-63
0 0.0392156862745098 0.00349077147955557
0 0 1.42101247361961e-06
0 0 5.70186458108717e-43
0 0 5.36117318720643e-11
0 0 1.29915982800642e-09
0 0.0714285714285714 0.00926939809034783
0 0 3.21269008331814e-47
0 0.0188679245283019 9.62572091603837e-06
0 0 0
0 0.02 0.00368689256878123
0 0.0178571428571429 0.00335001007417505
0 0.0217391304347826 0.00809668066815258
0 0 2.05860203204396e-25
0 0.02 0.0170516580319256
0 0.0204081632653061 0.00780627297158535
0 0.0377358490566038 0.00564481437839513
0 0.0517241379310345 0.00299038341455248
0 0.0212765957446809 0.00626172940945736
0 0.02 9.37148729824452e-07
0 0.0208333333333333 0.0202207283463495
0 0.024390243902439 0.00358369438277385
0 0 8.7226513658313e-21
0 0 1.33717798001046e-297
0 0 5.90519252714294e-09
0 0 9.74606672261583e-06
0 0.0487804878048781 0.00915945839978852
0 0 2.97095087362538e-39
0 0.0217391304347826 0.00554186935798448
0 0.02 0.00505421374906327
0 0 2.05286190507117e-12
0 0.06 0.0140446304200839
0 0 2.76207893791806e-08
0 0.0192307692307692 0.00893878907482973
0 0.0416666666666667 0.00825889305671321
0 0 1.86623509079808e-153
0 0.0625 0.00826996812906482
0 0 4.66441161216293e-16
0 0 7.2374961125115e-07
0 0 0
0 0.0188679245283019 8.11511635776707e-05
0 0 0
0 0.0454545454545455 0.00345954122240872
0 0.0227272727272727 0.00267052718655702
0 0.0425531914893617 3.98421110712608e-09
0 0.0212765957446809 2.60764949578168e-09
0 0 1.24727914955608e-09
0 0 2.25112334884929e-09
0 0 7.48788209355339e-31
0 0 1.03482100181091e-12
0 0 7.48566252844507e-15
0 0.025 7.10569960261159e-06
0 0 3.84058652205971e-183
0 0.0188679245283019 7.70933338976102e-05
0 0 2.23752301622074e-29
0 0.0576923076923077 0.00565986076896411
0 0 5.63297404772898e-82
0 0.0535714285714286 0.00933317312387645
0 0.0526315789473684 0.00544631191083029
0 0 4.51059232467271e-08
0 0 5.91872155277312e-116
0 0 7.2284976657734e-08
0 0 3.06037208217366e-13
0 0.0491803278688525 0.0123355107317912
0 0.04 0.0102344456828104
0 0.0151515151515152 0.00525404075360104
0 0.0363636363636364 0.000617253681430704
0 0.0217391304347826 0.0114738658265049
0 0 1.02637204435377e-09
0 0.04 0.00631171245797582
0 0.0188679245283019 0.00800610044337747
0 0.0217391304347826 0.0143225113603443
0 0 2.98566837378824e-32
0 0.0192307692307692 0.008501056992744
0 0.0178571428571429 8.11315518684436e-05
0 0 3.23441745734255e-15
0 0 7.07078831751489e-70
0 0 3.07482920919019e-13
0 0.0208333333333333 0.00558378682775054
0 0.0232558139534884 0.0223055540559169
0 0 0
0 0.0192307692307692 0.000281641624706788
0 0.024390243902439 0.000631012500242549
0 0 6.12306791701587e-08
0 0.0256410256410256 0.000737582008386256
0 0 0.000129986732048097
0 0 1.95433548340196e-255
0 0 1.45960079801373e-12
0 0 4.33494569279269e-13
0 0.0444444444444444 0.00485327098916756
0 0 1.81975499083604e-153
0 0 2.46846583876629e-118
0 0.0666666666666667 0.00931284485195329
0 0.0172413793103448 0.00358155944300816
0 0.0425531914893617 0.000885438664755737
0 0.0217391304347826 0.00011832454250195
0 0.025 0.00411309763545058
0 0.0666666666666667 0.025541927870003
0 0 4.4565364842879e-13
0 0 6.26765118818309e-91
0 0.0212765957446809 0.00859435720993044
0 0 1.41639870794733e-133
0 0 1.66285683014211e-11
0 0.0434782608695652 0.0140883487374973
0 0.0166666666666667 0.00119867573975554
0 0 1.70519112172893e-07
0 0.02 0.000508791118115161
0 0 4.80604407727058e-206
0 0.0238095238095238 0.000374035762300812
0 0 1.30300933019719e-82
0 0.0434782608695652 1.03412590993741e-07
0 0.06 0.0070444144426666
0 0.024390243902439 0.00831283641269343
0 0.0217391304347826 2.79966363204851e-06
0 0.0217391304347826 1.72597395991958e-09
0 0.0208333333333333 0.00150695154242821
0 0 3.09645724052624e-16
0 0.0188679245283019 0.00990001793015808
0 0.0196078431372549 0.000519593167702616
0 0 4.29125702396579e-09
0 0 5.40000943666195e-22
0 0 8.36364348620809e-12
0 0.0333333333333333 0.00701560602652804
0 0 1.15041774383032e-08
0 0.0377358490566038 0.00919205819770504
0 0 5.24828382146678e-50
0 0 0
0 0.0192307692307692 6.90621651745528e-07
0 0.0188679245283019 0.00960434894361777
0 0.024390243902439 2.97155384336486e-09
0 0.0227272727272727 8.01918579035386e-07
0 0.0588235294117647 0.00431180224341384
0 0.0163934426229508 0.00579965056057575
0 0 5.69204818325977e-10
0 0.0188679245283019 0.00397212353485652
0 0.0208333333333333 8.43985588663904e-06
0 0 1.45259807394519e-08
0 0.0204081632653061 0.0103246570997058
0 0.0232558139534884 2.31894543208542e-08
0 0.0434782608695652 0.000557029295352383
0 0 3.38457656324772e-13
0 0.0212765957446809 0.000816652774640686
0 0.0425531914893617 0.0194334833014482
0 0.0535714285714286 0.0107571978699895
0 0.0232558139534884 2.71129234036648e-06
0 0.0204081632653061 9.37339387786945e-05
0 0 1.35310173559693e-73
0 0.0487804878048781 0.00752078085192645
0 0 3.78206116577309e-13
0 0 8.90480216090867e-140
0 0.0377358490566038 0.00492243793759912
0 0 3.81655972479395e-05
0 0.037037037037037 0.00694466230597646
0 0 0
0 0.0377358490566038 0.0241315165298663
0 0.0204081632653061 0.00333495714198095
0 0.0444444444444444 0.00658014325577687
0 0.0612244897959184 0.00760044081104494
0 0.0204081632653061 0.00388603902128949
0 0 1.66895063283669e-07
0 0 0
0 0 0
0 0 5.72867330000581e-14
0 0.0192307692307692 3.22443452066785e-08
0 0.02 1.56785973623995e-06
0 0.0204081632653061 1.28412966124446e-06
0 0.0158730158730159 0.00177541894773538
0 0 4.02588771607982e-41
0 0.0232558139534884 0.001707277715688
0 0 7.68915790230295e-23
0 0.0185185185185185 0.006109766619532
0 0 5.05172347773705e-12
0 0.0363636363636364 7.34201026537516e-05
0 0 0.0268636678766265
0 0 3.43820268291214e-06
0 0 2.47714290239192e-269
0 0.0217391304347826 3.92698948453119e-06
0 0.0222222222222222 0.00694578340860597
0 0 7.3067552631971e-08
0 0.0465116279069767 0.0238105628480315
0 0.02 0.00429768749191225
0 0.0350877192982456 0.00695354134003647
0 0.037037037037037 0.00633991462463481
0 0.0212765957446809 0.00014567900469449
0 0.0232558139534884 0.0036457832254236
0 0.0217391304347826 0.000748785911018684
0 0.0217391304347826 9.29901383922484e-05
0 0 3.96539276649488e-205
0 0.0196078431372549 0.00443753418785588
0 0 5.68658865057321e-10
0 0 4.09753731979037e-65
0 0 1.1665685258887e-12
0 0 1.18027845012172e-07
0 0.0344827586206897 0.00496220617161729
0 0.0566037735849057 0.011370349356659
0 0.027027027027027 0.00120640924951343
0 0.0555555555555556 0.0103008993009737
0 0.0476190476190476 0.00763973961220353
0 0.0232558139534884 0.00393950804214351
0 0 3.11017037725002e-10
0 0 8.24183033684353e-08
0 0.0384615384615385 0.0138440510751174
0 0.02 0.00362494276935937
0 0 5.03719329865753e-224
0 0 1.41375569544478e-08
0 0 4.69861812626529e-26
0 0.0185185185185185 0.00861916437358118
0 0.04 0.0101049097718973
0 0 0
0 0 0
0 0 1.06544773666024e-09
0 0.0196078431372549 0.000343903543977651
0 0 0
0 0.025 0.0218917278730781
0 0 2.72871405970313e-19
0 0.0384615384615385 0.00917225000890479
0 0 6.15203392349977e-26
0 0 1.6868424587746e-44
0 0.0384615384615385 0.00704306891525247
0 0.0185185185185185 5.98276107421256e-07
0 0.0363636363636364 0.00604999118869696
0 0.0217391304347826 7.31720081401119e-09
0 0.0192307692307692 1.36379140989712e-05
0 0 1.19109672058472e-09
0 0 8.69564800980638e-08
0 0 6.63982817010261e-72
0 0.0208333333333333 0.00263316793493999
0 0.0204081632653061 0.00833973978607991
0 0.02 0.00163646668611537
0 0.0238095238095238 0.000835065056295387
0 0 4.16979537115685e-10
0 0 1.12000348701387e-134
0 0.0425531914893617 0.00890367560004092
0 0.0588235294117647 0.00189758541228441
0 0.0204081632653061 0.000373555879860651
0 0.0208333333333333 1.51787089469724e-06
0 0.0204081632653061 0.0136669096423921
0 0.0222222222222222 0.00776728485914569
0 0.0188679245283019 0.00367780401493099
0 0 7.17729013080918e-14
0 0 2.4994702246169e-31
0 0.0196078431372549 2.91120764964382e-06
0 0.0408163265306122 0.0233658406633218
0 0 0
0 0 2.54704762732517e-150
0 0 6.86154346442781e-14
0 0.0192307692307692 3.00261450648798e-10
0 0 9.65909436731239e-91
0 0.04 2.12888561066771e-05
0 0.02 0.00843294861317511
0 0.027027027027027 0.00397413657238541
0 0.0833333333333333 0.0167305070135891
0 0.0175438596491228 0.00443609805565842
0 0.0212765957446809 0.00013803522968878
0 0 5.74872853655171e-25
0 0 7.94498233861479e-07
0 0.0357142857142857 0.00567296350701819
0 0.0204081632653061 0.00561992520352949
0 0 8.64912870612045e-12
0 0.0208333333333333 0.000375826419896411
0 0.0217391304347826 0.000499170560350517
0 0 2.59257846139581e-08
0 0.0196078431372549 0.00249704873775022
0 0 2.73854695676642e-10
0 0 1.42696663788871e-13
0 0.0185185185185185 0.000152438152059282
0 0 0
0 0 3.31590215806212e-75
0 0 1.09198937316173e-13
0 0 8.44060113141475e-35
0 0 7.21557311150089e-55
0 0 1.73428766274283e-42
0 0.0169491525423729 1.38194495432578e-05
0 0.0377358490566038 0.000311042589522038
0 0 2.03373943702604e-13
0 0 4.53676984361334e-08
0 0.0392156862745098 0.00988668074101321
0 0 3.82622717973911e-41
0 0.0212765957446809 6.0102781236276e-05
0 0.0204081632653061 0.00632253271116374
0 0 6.62589105531496e-42
0 0.106382978723404 0.0121487613551619
0 0.0185185185185185 0.000445960764078026
0 0 1.6082219829108e-13
0 0 8.16664021535743e-27
0 0 2.0878492488392e-11
0 0.0196078431372549 0.00740219707644126
0 0 3.47571057474416e-83
0 0 1.63639465238014e-37
0 0.0192307692307692 0.00598956496291935
0 0.0204081632653061 8.4185074025171e-08
0 0.0204081632653061 0.0166861057416933
0 0.0178571428571429 0.00527723051922271
0 0 1.81898271842117e-123
0 0.0416666666666667 0.0212612532091019
0 0.0425531914893617 0.0213372440464222
0 0.0487804878048781 0.0170825280104411
0 0.0208333333333333 0.00277559962040701
0 0 2.85726679634912e-14
0 0 1.69466919691215e-62
0 0.0172413793103448 0.000765042875363835
0 0 4.76276867841849e-31
0 0.0181818181818182 6.44038122513682e-06
0 0 0
0 0 8.67439039056721e-16
0 0 0
0 0.0169491525423729 0.00243939610383565
0 0 1.76784732750787e-66
0 0 1.05524450048374e-23
0 0.0212765957446809 0.00025678684225373
0 0.05 0.0232848797496168
0 0 1.19787722082955e-14
0 0.0384615384615385 0.0031715520092549
0 0.037037037037037 0.0094442197811024
0 0 9.21470939866501e-06
0 0.0188679245283019 0.00326637306218875
0 0.0487804878048781 0.0124418822154919
0 0.0181818181818182 0.00345553350628551
0 0.0350877192982456 0.012088997795954
0 0 1.42688197496142e-202
0 0.0740740740740741 0.0205173697059034
0 0.0363636363636364 0.000345159501267464
0 0 0.000120810485073364
0 0.0169491525423729 0.00638902358400415
0 0.0166666666666667 0.00243843513539513
0 0.0416666666666667 0.00281019201075166
0 0.0384615384615385 0.000242264702986839
0 0.02 6.81577751848414e-06
0 0 1.3514627856313e-07
0 0.0344827586206897 0.0107158343555602
0 0 2.69866422058438e-06
0 0.0196078431372549 0.0105852032761022
0 0.0196078431372549 0.0101046824033312
0 0 4.67811324168315e-173
0 0.0208333333333333 0.0036559837441241
0 0.0192307692307692 5.70881433175849e-10
0 0.0384615384615385 0.00754036723648713
0 0.02 1.99063644373985e-08
0 0.037037037037037 0.00184667441800786
0 0.0232558139534884 0.0133504131880508
0 0.0350877192982456 0.00849348414154746
0 0 3.92425752491738e-47
0 0.0212765957446809 3.15796671529063e-08
0 0.0204081632653061 0.00925827256643482
0 0.0232558139534884 0.000529970671508968
0 0 2.05095986022547e-05
0 0 0
0 0 1.49843181754341e-35
0 0 6.42376669319687e-09
0 0.0185185185185185 0.0154552474883156
0 0.0217391304347826 7.47052262222819e-09
0 0.0196078431372549 0.0132157913159916
0 0 2.73204755867928e-11
0 0.0169491525423729 9.89710445977312e-10
0 0.0392156862745098 0.000425243619944141
0 0.0222222222222222 0.000665304816593918
0 0.0476190476190476 0.0133599356012555
0 0.0384615384615385 0.0176196558317644
0 0.0222222222222222 1.60526655550155e-05
0 0.0196078431372549 9.9515526043925e-06
0 0.04 0.00659363125975784
0 0 3.58051105723735e-11
0 0 1.48772478571711e-19
0 0.037037037037037 0.00162590548861016
0 0.0192307692307692 7.93741281272731e-07
0 0 5.22821270526188e-25
0 0 4.13154884833603e-05
0 0.0526315789473684 0.00370676042469226
0 0.0188679245283019 5.20504720600652e-08
0 0.0212765957446809 6.70810453061907e-05
0 0.0212765957446809 0.00182598036737252
0 0.0196078431372549 0.000295106116946848
0 0 3.19297442383026e-05
0 0 0
0 0.0222222222222222 6.2918778212496e-05
0 0 5.79089381641025e-34
0 0 1.05435797842197e-83
0 0.02 6.19931604896671e-05
0 0 3.48985339203112e-18
0 0.0196078431372549 0.00570901030987091
0 0.0163934426229508 0.00506508416173831
0 0 4.31704211233954e-06
0 0.0212765957446809 0.00289010509626406
0 0.02 0.00789055077812032
0 0.0181818181818182 0.00356284316032268
0 0.0303030303030303 0.00482632478728675
0 0 5.24434583428422e-168
0 0.0363636363636364 0.0119811690340656
0 0.0185185185185185 0.0011004627932548
0 0.0196078431372549 0.00126325131028243
0 0.0434782608695652 0.00399327090761898
0 0 8.51344624650977e-47
0 0.0975609756097561 0.0306513760600483
0 0 2.56651186229214e-07
0 0 7.03847089408781e-17
0 0.0188679245283019 0.00948195898103626
0 0.0192307692307692 0.0125342707483152
0 0 6.74619073433852e-05
0 0 1.32124003567457e-12
0 0 1.97777962686118e-45
0 0.025 0.000527863251723768
0 0.0476190476190476 0.00637930244299887
0 0.04 0.00534593315460185
0 0 6.52006350696055e-10
0 0 9.1938731271732e-10
0 0.0204081632653061 0.0198821598665537
0 0.0545454545454545 0.0105867028405711
0 0.0408163265306122 0.00373351453037239
0 0.0540540540540541 0.0288315020805808
0 0 2.42755654635021e-24
0 0 1.84990948508331e-18
0 0.0377358490566038 0.0105595717282723
0 0.0188679245283019 0.00477995473595543
0 0 8.33277948796149e-09
0 0 2.60603142939457e-12
0 0.0192307692307692 3.45001852540478e-05
0 0 8.18539534982179e-203
0 0.0535714285714286 0.0166042796819346
0 0 6.1253915483069e-31
0 0.0163934426229508 0.00263468506181237
0 0.0188679245283019 0.00734956259899586
0 0.0172413793103448 1.7719387084503e-08
0 0.0227272727272727 0.00295355580051904
0 0.0377358490566038 0.00726246270290769
0 0.0377358490566038 0.00714234902282542
0 0 7.10424560979994e-09
0 0 4.18810626428079e-11
0 0.0175438596491228 0.000413420463523839
0 0.0169491525423729 0.0100665540442394
0 0 3.0758416524534e-08
0 0 7.29561815704944e-11
0 0 1.99227587188156e-97
0 0 1.55307363330425e-30
0 0.04 0.00673621062890792
0 0.0185185185185185 0.00529533230037301
0 0.0227272727272727 4.40081825887051e-06
0 0 2.34894886588316e-153
0 0 2.72319471787773e-12
0 0.0175438596491228 0.00579761085359939
0 0.0416666666666667 5.96622995380197e-08
0 0.0178571428571429 0.00104564284959271
0 0 1.93257379872659e-308
0 0 4.04878146319808e-07
0 0.0232558139534884 0.000139057119992789
0 0 1.25950078329543e-111
0 0 0.0218680727123097
0 0.0192307692307692 0.00752609424800494
0 0.0208333333333333 0.00335595440032624
0 0.0196078431372549 9.82911430386921e-05
0 0.0263157894736842 0.013301659477054
0 0.0185185185185185 0.00271960071049029
0 0.0192307692307692 2.27665462651746e-09
0 0.024390243902439 0.00147572308065426
0 0.0212765957446809 9.38246283436726e-05
0 0.0208333333333333 0.0210540896938715
0 0.06 0.00825598309135028
0 0.0434782608695652 0.00238977275353478
0 0 1.61153023925485e-125
0 0 4.46638982870096e-42
0 0.0181818181818182 1.15925496721433e-06
0 0 4.17877092763345e-05
0 0.0357142857142857 0.0178474733086277
0 0.0357142857142857 0.00512591059964617
0 0 5.0300729776561e-10
0 0 2.49936646767148e-60
0 0.0208333333333333 0.00207614501864194
0 0.0350877192982456 0.00387055347115212
0 0.0638297872340425 0.0168402505137981
0 0.037037037037037 0.00644787551938792
0 0.0483870967741935 0.00349279346328703
0 0.0222222222222222 2.14546899799817e-08
0 0.0344827586206897 0.0212188567310302
0 0.0185185185185185 0.000875115554470524
0 0.0204081632653061 0.0205677470583273
0 0.02 8.41201517024719e-07
0 0.0172413793103448 3.52219717524573e-05
0 0 1.52383279168644e-08
0 0 6.23210239442272e-251
0 0 8.98215933411256e-57
0 0.0178571428571429 0.0114213001529104
0 0.0222222222222222 0.000238389171062021
0 0.0517241379310345 0.00349165744136778
0 0.0175438596491228 0.00151623489123024
0 0 0.000555444797366611
0 0.0188679245283019 0.00275584367674025
0 0.0188679245283019 0.0106408439306883
0 0.0222222222222222 0.0186274191729976
0 0.0192307692307692 0.00702215826215996
0 0 2.4144777323842e-08
0 0.0416666666666667 0.012657764977965
0 0 7.78380045793733e-08
0 0.0192307692307692 0.00181119958588822
0 0 3.74443749840029e-13
0 0 6.2316942985377e-118
0 0 2.53929346227866e-10
0 0.0344827586206897 0.00229706016679298
0 0.0526315789473684 0.0442353539004366
0 0.037037037037037 0.00160499568617394
0 0.024390243902439 0.00560474118525728
0 0 0
0 0.0408163265306122 2.50247212233244e-05
0 0 5.00576233313459e-07
0 0.0192307692307692 5.84057717015619e-08
0 0 2.21920255270438e-30
0 0.0175438596491228 8.016456979678e-08
0 0.0217391304347826 0.00713801100708726
0 0.0612244897959184 0.00102012465395185
0 0.0408163265306122 0.0176197690109862
0 0 4.41455407911812e-14
0 0.0185185185185185 0.0041363273817947
0 0 6.99109885293167e-227
0 0 2.23436373421338e-09
0 0.037037037037037 0.000257598138935835
0 0.0408163265306122 0.00416702811363054
0 0.02 5.15908249051819e-05
0 0.0612244897959184 0.00212553111478244
0 0.0196078431372549 0.0111333481417816
0 0 3.67890764244082e-95
0 0.0181818181818182 5.0482208380442e-09
0 0 0
0 0.075 0.0058853077030392
0 0 2.45964925130068e-15
0 0 1.09107009070705e-139
0 0 0.000179916816029315
0 0.0277777777777778 0.000548899371249214
0 0 5.9654773120893e-92
0 0.0212765957446809 1.35408602507673e-09
0 0.02 1.71759023570439e-09
0 0.0227272727272727 0.00199040556342892
0 0.0377358490566038 0.0179753077228115
0 0 2.1420983297934e-10
0 0 0
0 0.0212765957446809 0.00790008307889896
0 0 7.85854116207234e-112
0 0 1.16422868863602e-66
0 0 0
0 0.04 0.014887636417468
0 0.04 0.0148739137048849
0 0.0740740740740741 0.0165739676032924
0 0.037037037037037 0.00261967599277034
0 0.0185185185185185 0.00782616656713035
0 0.0175438596491228 0.000694254095391436
0 0.0454545454545455 0.0071917036570566
0 0.0327868852459016 0.0046570370143453
0 0.0666666666666667 0.0340655469799406
0 0.0185185185185185 7.69635823616254e-05
0 0 8.44209433332145e-33
0 0 0.000109381638680497
0 0 1.90511267674184e-09
0 0.0188679245283019 0.00476354330883713
0 0 1.13059959566229e-10
0 0.0181818181818182 0.00230698619593132
0 0.0454545454545455 0.00574456899650192
0 0.0175438596491228 0.000192031193120068
0 0.0192307692307692 2.22597961301164e-06
0 0.0377358490566038 0.00832876107966758
0 0.04 0.00902404744139276
0 0 6.96018875807855e-119
0 0.0816326530612245 0.00632374349115956
0 0 2.69850202393401e-49
0 0 1.9489454235076e-17
0 0 5.14046129968607e-11
0 0.0344827586206897 0.0117160924589039
0 0.0425531914893617 0.0110611543541559
0 0 2.92165577643441e-16
0 0.0188679245283019 0.00453543576050425
0 0 7.73438337272418e-11
0 0 1.50082055418099e-31
0 0.0425531914893617 0.00942509721553844
0 0.06 0.00365463474210773
0 0.0222222222222222 3.94291685229298e-05
0 0.075 0.0159504489641172
0 0 1.71899000245599e-168
0 0 6.87524167618993e-12
0 0.0344827586206897 0.00809718104503248
0 0 4.49170053842925e-11
0 0.0222222222222222 0.00621527002610851
0 0.0363636363636364 0.00491306888655971
0 0.0377358490566038 0.00423063894565427
0 0.0169491525423729 0.000261621400339186
0 0.0188679245283019 7.72042903603309e-10
0 0.0188679245283019 0.00162409792115281
0 0.0357142857142857 0.00715859097294528
0 0.037037037037037 0.0229911762091331
0 0.0408163265306122 0.0117734066551238
0 0.0196078431372549 0.00570897394847201
0 0.0652173913043478 0.00457734196244003
0 0.0188679245283019 0.00935556458955606
0 0.0363636363636364 0.00914811077129698
0 0.06 0.00425333119114726
0 0.0238095238095238 0.0049364759216282
0 0 4.35432901404264e-212
0 0 1.58227026611262e-11
0 0.027027027027027 0.0112296422521753
0 0.0178571428571429 1.4219397890286e-07
0 0.04 0.00446576540200853
0 0 4.8193776136199e-19
0 0 1.16634740969348e-44
0 0 1.29278118817149e-166
0 0 2.77259426097028e-19
0 0 4.51969608791644e-15
0 0.0185185185185185 0.00497541413207734
0 0 6.93873810231335e-08
0 0.0196078431372549 9.98924848667367e-06
0 0.0434782608695652 0.0120486865447943
0 0.0769230769230769 0.0282891134775452
0 0.0185185185185185 0.0125099602285653
0 0 1.01945263127965e-07
0 0.02 2.99316934730446e-05
0 0 6.7865051863022e-61
0 0.0181818181818182 0.00979417620366599
0 0.0212765957446809 0.0187985736411031
0 0.0535714285714286 0.0102511418038227
0 0 1.23028837465644e-269
0 0.0192307692307692 0.00309707427916669
0 0.0196078431372549 0.00783830813263161
0 0 2.17412902010971e-13
0 0.0357142857142857 5.30299724563913e-06
0 0.0185185185185185 0.00019470085517287
0 0.0217391304347826 0.0031697872721041
0 0.0689655172413793 0.0118030197356489
0 0.0181818181818182 2.60748563385527e-10
0 0 3.14157554996384e-36
0 0 2.02200442290954e-09
0 0.0188679245283019 7.50562337899749e-09
0 0 3.04421959539005e-08
0 0 1.78423072207065e-08
0 0.0384615384615385 0.0052674740082801
0 0 8.20781558978308e-06
0 0.0307692307692308 0.00711066293902771
0 0.0181818181818182 0.00764281799214224
0 0.0208333333333333 0.00462250746230645
0 0.0192307692307692 0.00655841491036997
0 0 1.46279298558146e-12
0 0.0222222222222222 0.00808028309035879
0 0 0.000131440368711292
0 0.0196078431372549 0.00488584422833551
0 0 2.2622871609309e-12
0 0.0227272727272727 0.00304048101038023
0 0 4.75334184719981e-13
0 0.0384615384615385 1.23118595460673e-05
0 0 2.05902454981099e-11
0 0 1.37147636337975e-202
0 0.05 0.0207763429867929
0 0.1 0.0212215511920855
0 0 3.38868833117847e-27
0 0.0444444444444444 0.00550874027053495
0 0.0185185185185185 0.000130544849989293
0 0.0212765957446809 7.59368213494559e-05
0 0.0204081632653061 0.00675686992253517
0 0.0188679245283019 2.01145401804312e-06
0 0 2.88932801886447e-113
0 0.0181818181818182 0.0244687622291756
0 0.0161290322580645 0.015001275886987
0 0.0588235294117647 0.0114093411336138
0 0.0188679245283019 0.00695473886677209
0 0.0727272727272727 0.0214211673567362
0 0.0196078431372549 3.28257916940827e-08
0 0.0196078431372549 2.92558849120936e-06
0 0 2.02991481561749e-60
0 0.0545454545454545 0.0175170642162606
0 0 9.76315479991611e-99
0 0.0576923076923077 0.0196422812549366
0 0 6.04319705994911e-12
0 0.0172413793103448 0.000124254705699588
0 0.0545454545454545 0.00429440620268957
0 0.0222222222222222 0.0169739910537919
0 0.0217391304347826 0.00260479107733143
0 0 3.56744665460562e-19
0 0.0192307692307692 0.00209891897991015
0 0.0208333333333333 0.00415919946968501
0 0 1.10197271869445e-05
0 0.0350877192982456 0.00922520283912491
0 0.0204081632653061 0.0049751851929229
0 0 0.0207504942669986
0 0.04 0.00103763805818803
0 0.0169491525423729 0.00260447373522392
0 0.0263157894736842 2.91707999458544e-05
0 0 1.02917813220365e-09
0 0 2.34728886558419e-05
0 0.0238095238095238 0.013282363904036
0 0.0816326530612245 0.0167309294076866
0 0.0377358490566038 0.00370517279078477
0 0 1.88886468479962e-49
0 0 5.80559235501131e-08
0 0.0425531914893617 0.00676741108590527
0 0.02 0.00240457722473557
0 0.024390243902439 0.00010465842301089
0 0 2.11894239871518e-11
0 0.0212765957446809 4.87918314449628e-08
0 0 2.00239570079914e-13
0 0 4.63225519578106e-82
0 0 2.62407697270254e-180
0 0.0196078431372549 0.00570108667112016
0 0.0185185185185185 1.11345330489005e-05
0 0 3.4357415695132e-69
0 0.0204081632653061 0.00101735866997953
0 0.0204081632653061 1.48343354059798e-05
0 0.05 0.00722497586358146
0 0.0535714285714286 0.0098655897720267
0 0.115384615384615 0.00873743521575865
0 0.0188679245283019 0.000355115585063632
0 0 4.99615817817296e-08
0 0.0655737704918033 0.0116784018735893
0 0.0175438596491228 1.55241104962317e-07
0 0 1.9595811239897e-145
0 0 3.06725475498246e-180
0 0.025 5.07133088365543e-06
0 0.0465116279069767 0.00548003040688172
0 0 0
0 0 1.27550167337067e-72
0 0.0166666666666667 0.00178145603240338
0 0 4.86962803740096e-05
0 0 6.27974163447361e-15
0 0 6.95749507034066e-14
0 0.0172413793103448 0.00144491228422105
0 0 7.80950334087552e-21
0 0 7.62756447614119e-270
0 0 5.497353018387e-08
0 0.0208333333333333 9.08125127539625e-08
0 0.037037037037037 0.00339730044945111
0 0.0217391304347826 1.67299817286495e-07
0 0.0181818181818182 0.000851346852205023
0 0 3.17925443143727e-11
0 0.0208333333333333 0.0029796014145604
0 0.0172413793103448 0.0038365843595074
0 0 1.96434787336762e-22
0 0.0377358490566038 0.000657017994128637
0 0.0384615384615385 0.000899260330911794
0 0.0384615384615385 0.006858236221385
0 0.0238095238095238 0.00742152642973785
0 0 1.14088617406156e-09
0 0.0192307692307692 0.00875996967123383
0 0.0196078431372549 6.23108988614317e-09
0 0 1.40982122802168e-123
0 0.0196078431372549 0.00666737103162175
0 0.0204081632653061 0.003858084154742
0 0.0625 0.0253177020544643
0 0.0196078431372549 0.00558161729832703
0 0 3.47240031868727e-06
0 0.0454545454545455 0.00101689282295302
0 0.0232558139534884 0.00411922987788522
0 0 2.28835198331671e-14
0 0 4.9233213350805e-35
0 0.02 1.53519859210689e-06
0 0 5.18111288619308e-11
0 0 3.78221297677197e-85
0 0.0204081632653061 0.0017327254534968
0 0 0.00233779051750978
0 0 3.51394611490656e-168
0 0.0392156862745098 0.00724603517234078
0 0.0212765957446809 0.00313113816725019
0 0 2.87338610174521e-41
0 0.0416666666666667 5.03494458551535e-07
0 0.02 0.00475409916996177
0 0.0181818181818182 0.000792522621603899
0 0.0196078431372549 0.00491119843956573
0 0.024390243902439 0.0247719875801511
0 0 5.50142937489605e-12
0 0.02 1.24922287894896e-07
0 0.0166666666666667 0.0128398473296779
0 0.0163934426229508 0.00506847731090097
0 0 1.8442409345205e-48
0 0 2.62736188265606e-24
0 0 1.34511257622762e-24
0 0 2.34079746206136e-28
0 0.0232558139534884 0.00322364303554651
0 0.0204081632653061 3.76293081417602e-05
0 0.0227272727272727 0.0101647429886006
0 0 1.054532944114e-06
0 0 2.67520179951279e-06
0 0.0169491525423729 1.76878477424827e-08
0 0 4.04964370769791e-05
0 0.0217391304347826 0.00485489619188111
0 0 2.76435645093518e-05
0 0 4.49423078853821e-08
0 0.024390243902439 0.00213297220658442
0 0 3.0932907118144e-35
0 0.02 0.00673302088321611
0 0.02 5.60073008787167e-07
0 0.0185185185185185 2.45235645098413e-05
0 0.0204081632653061 0.000599754867726536
0 0.037037037037037 0.000139075410544495
0 0.0392156862745098 0.0217917171006851
0 0.027027027027027 0.0143320950875236
0 0.0172413793103448 0.000251150163362892
0 0.0222222222222222 0.00390654510059766
0 0.0377358490566038 0.00652515660449251
0 0 2.29818642884347e-22
0 0.0344827586206897 0.0112926624077287
0 0.0434782608695652 0.0280407804925863
0 0.0217391304347826 0.0098948850967642
0 0 1.29732543690047e-28
0 0.0377358490566038 0.00774968601295414
0 0.0454545454545455 0.00689897280155695
0 0.0208333333333333 0.0019501563179726
0 0 4.40642180698228e-09
0 0 1.02217718306769e-55
0 0 5.22085208472043e-12
0 0.024390243902439 2.73994413407674e-07
0 0 4.30427933578089e-13
0 0.0208333333333333 7.83418906434311e-09
0 0.0681818181818182 0.00395639539118146
0 0.0444444444444444 0.00292290831755282
0 0.0232558139534884 0.0168649332179797
0 0.037037037037037 0.0111909518341446
0 0 5.46865700099063e-106
0 0.0256410256410256 0.00757458455284365
0 0.0192307692307692 0.0189812588827115
0 0.0192307692307692 0.0194227935778803
0 0 3.52823736018925e-07
0 0.0727272727272727 0.00522479414625072
0 0.0172413793103448 0.0018265250084896
0 0.0227272727272727 0.0232169453858782
0 0 1.18006344837378e-201
0 0 3.22868815563011e-84
0 0.0384615384615385 0.0114769451123206
0 0.0192307692307692 0.00549800176746619
0 0 2.88802839739012e-118
0 0.0535714285714286 0.00496782940289409
0 0 3.10378421481759e-08
0 0.037037037037037 0.00475705674927693
0 0.0217391304347826 0.0119176621481079
0 0.02 0.00824950541601676
0 0 1.37802454593233e-17
0 0 9.21077061174194e-109
0 0 7.57340627099949e-102
0 0 0
0 0.08 0.0178768224702692
0 0 7.72282168293737e-54
0 0 3.17642124492156e-16
0 0.0566037735849057 0.00931995973872357
0 0 8.19043534683692e-05
0 0.0454545454545455 0.00606793890477094
0 0 3.44753266136822e-22
0 0.02 0.00713176154250507
0 0 0.00180519375106782
0 0 0
0 0.0454545454545455 0.000141040973421743
0 0.0408163265306122 0.0210496465554865
0 0.0350877192982456 0.0080636621632737
0 0.0204081632653061 0.0220523829482035
0 0.0425531914893617 0.00327923665637651
0 0.0222222222222222 0.00567714392030353
0 0 3.21270025475882e-11
0 0 1.59676507309704e-05
0 0 7.74886947274625e-06
0 0 1.5158760932767e-15
0 0 3.92692020608384e-41
0 0.0487804878048781 0.000136774154780307
0 0.0232558139534884 0.000634237403083698
0 0.0408163265306122 0.00763110664827608
0 0 2.61763837862215e-14
0 0 6.25630409704981e-305
0 0 4.98679464506698e-13
0 0.0204081632653061 0.0106026905637395
0 0 0
0 0.0175438596491228 7.44066173478993e-06
0 0 1.21659633309713e-09
0 0.0416666666666667 1.34781374158899e-06
0 0.0196078431372549 0.0030956458087406
0 0.02 0.00215888501231184
0 0.0350877192982456 0.0149464359005555
0 0.0204081632653061 0.00367619942243142
0 0 3.4853888600186e-05
0 0.0185185185185185 0.00295862005948289
0 0 6.22180094458187e-99
0 0.0227272727272727 0.000285688666806536
0 0.0181818181818182 0.000125298797931764
0 0.0588235294117647 0.0483360081372707
0 0.0222222222222222 0.00196853947501146
0 0.02 0.000266416878832724
0 0 1.61693076716203e-14
0 0 3.92067909848385e-60
0 0.0208333333333333 0.00644635350992886
0 0 1.36781955376671e-05
0 0.0217391304347826 0.0266088271248916
0 0.0425531914893617 0.0111493982116059
0 0 1.45255083175826e-16
0 0.0196078431372549 0.0109057213859269
0 0 6.61235066294096e-11
0 0.0384615384615385 0.0169038797009482
0 0.0204081632653061 0.00614117709195912
0 0.0188679245283019 0.00993237640663138
0 0 6.22695652454326e-16
0 0 1.94667467305229e-33
0 0.0208333333333333 9.87521540800044e-07
0 0.0158730158730159 0.000154785665459995
0 0 1.09232854547007e-11
0 0.025 0.0036602760818832
0 0.0508474576271186 3.46171627277814e-05
0 0.0625 0.0118941751141168
0 0 6.35489960549693e-13
0 0 1.64784651160696e-09
0 0 9.2457165155926e-10
0 0.024390243902439 2.27396338343309e-06
0 0.0384615384615385 0.00793996002662057
0 0 0.000432426800334481
0 0 2.67354007578886e-58
0 0.0196078431372549 3.64390614165314e-07
0 0 2.71610078142614e-11
0 0 4.51867846483344e-10
0 0.04 0.00984058752913466
0 0 4.60251762918782e-14
0 0.0185185185185185 0.00289888716849174
0 0 7.41426382291186e-16
0 0.0181818181818182 0.00201118039870888
0 0.0175438596491228 0.0062338635324794
0 0 2.80870431712064e-52
0 0.0227272727272727 0.00626636556130558
0 0 2.63074108162495e-31
0 0 2.37009461317469e-77
0 0.025 0.00488095749275581
0 0.02 0.000167959577889917
0 0 1.62462196086773e-50
0 0 1.11023514393254e-07
0 0.0408163265306122 1.97667692090333e-06
0 0 1.55785492209193e-19
0 0.02 0.0024462030929903
0 0 6.28647024382435e-12
0 0 1.42387255434563e-83
0 0 4.93526546613052e-07
0 0.0208333333333333 9.67104332223065e-07
0 0.0196078431372549 0.0121256183361298
0 0 1.71838631587841e-13
0 0 2.14096889624962e-24
0 0.0465116279069767 0.0121386208113959
0 0.0566037735849057 0.0068839257813356
0 0.0384615384615385 0.00694715178810437
0 0.0416666666666667 0.0107168043767179
0 0.0232558139534884 0.000119104297988504
0 0 2.19764471826067e-05
0 0.0208333333333333 0.00424027028422188
0 0.0357142857142857 0.000273663716569874
0 0.0196078431372549 6.77567523291674e-05
0 0 0
0 0.0208333333333333 0.00820043501833507
0 0.0172413793103448 0.00132186700683947
0 0 2.64938469530099e-183
0 0.0227272727272727 4.76696925153944e-05
0 0.0188679245283019 0.0027090847042523
0 0.0208333333333333 0.00298547969172924
0 0 4.50826891604507e-104
0 0.0188679245283019 0.006484426562706
0 0 9.97905473704892e-12
0 0.0188679245283019 0.00468671521975699
0 0.0425531914893617 0.0200077278022709
0 0.0185185185185185 0.0032482236889691
0 0.025 0.000947778413466787
0 0 1.01717031691773e-16
0 0 8.82525310992052e-30
0 0.0217391304347826 0.00062985493218542
0 0.0408163265306122 0.000496958943464628
0 0.0454545454545455 0.00937164494593574
0 0.0384615384615385 0.0074612778492648
0 0 1.5340322645617e-11
0 0.0384615384615385 0.0109574972597954
0 0.0188679245283019 0.00416500668892337
0 0.0697674418604651 0.0154421649084965
0 0 2.68543825513528e-57
0 0.0175438596491228 0.00257057901129294
0 0.0384615384615385 4.42445588179823e-06
0 0 1.5610533580576e-21
0 0.0212765957446809 3.66850063711931e-09
0 0.0540540540540541 0.0118303135350547
0 0.0350877192982456 0.0175570273924402
0 0.0204081632653061 0.00671920549247859
0 0 6.63830036788869e-16
0 0 0.000265134453695735
0 0.0212765957446809 2.03574456491401e-10
0 0.0204081632653061 0.00177271564526694
0 0 5.67725087085914e-10
0 0.0185185185185185 8.22301454031801e-05
0 0.0384615384615385 3.92685796377896e-05
0 0.04 0.00926374496017772
0 0 1.11891637312915e-31
0 0.0158730158730159 4.86057200084723e-07
0 0 5.14597151084325e-82
0 0 5.31827381604711e-17
0 0.0196078431372549 0.00541626534682719
0 0.0192307692307692 0.0182263146188399
0 0 5.12303283198058e-257
0 0.0333333333333333 0.00886148332747159
0 0 1.6226093126251e-94
0 0 1.07836283812196e-113
0 0 1.49451616073335e-53
