0 0.037037037037037 0.00386501701593157
0 0.0288461538461538 0.000186595412076792
0 0.043010752688172 0.00371532591070245
0 0.0495049504950495 0.00843766253601272
0 0.0421052631578947 0.00128715288967436
0 0.0480769230769231 0.00145846676572347
0 0.0693069306930693 0.00778456306324392
0 0.0465116279069767 0.00753686227531172
0 0 7.90573532466997e-12
0 0.0614035087719298 0.00741140936927657
0 0.0297029702970297 0.00651875061956816
0 0.0235294117647059 0.0111105992734271
0 0.0412371134020619 0.0168487560347031
0 0.010752688172043 3.86557759098632e-05
0 0.0315789473684211 0.00281094966490404
0 0.0412371134020619 0.00953254476388343
0 0.0736842105263158 0.0142619326239437
0 0.0297029702970297 1.13120418976004e-07
0 0.0606060606060606 0.00227174068614596
0 0.03 0.00556901254979739
0 0.027027027027027 0.00456328325768295
0 0.0111111111111111 0.00234423217370908
0 0.0619469026548673 0.00225900262869914
0 0.0485436893203883 0.00315300041404229
0 0.0412371134020619 0.00378052372358565
0 0.0377358490566038 0.00139575205723315
0 0.0112359550561798 1.18771692100415e-05
0 0.0105263157894737 0.00385099387131134
0 0.0272727272727273 0.00436990493853506
0 0.0357142857142857 0.000216504887875448
0 0.021978021978022 0.00365931314449549
0 0.0526315789473684 0.0045613661103735
0 0.0697674418604651 0.0126463199000728
0 0.0344827586206897 0.000279000098804568
0 0.0348837209302326 0.00552768422666774
0 0.0571428571428571 0.00110320116236145
0 0.0714285714285714 0.0088614528953281
0 0.0326086956521739 0.00419128338735628
0 0.027027027027027 0.00337152469464536
0 0.0103092783505155 0.00215126026040939
0 0.0208333333333333 0.00667623824964639
0 0.0222222222222222 0.00308715900386966
0 0.0384615384615385 0.000599549372505167
0 0.0454545454545455 0.00894533940969967
0 0.0222222222222222 2.84238290760756e-05
0 0 2.08921241551274e-33
0 0.0333333333333333 0.00212815036495001
0 0.0515463917525773 0.00787634398826769
0 0.0303030303030303 0.00142103504518052
0 0.036697247706422 0.00112802206225189
0 0 9.05484624167e-07
0 0.0555555555555556 0.00403206808459703
0 0.0555555555555556 0.000682550011513775
0 0.0333333333333333 0.00604852282801896
0 0.0444444444444444 0.0043193563931546
0 0.0303030303030303 1.02644414750926e-05
0 0.0630630630630631 0.00633147654531039
0 0.0510204081632653 0.00110707646865584
0 0.0566037735849057 0.00143073789516507
0 0.0204081632653061 0.000162162969908113
0 0.0119047619047619 0.00327497481605054
0 0.0337078651685393 0.00144470646659615
0 0 2.26127678711465e-07
0 0.0588235294117647 0.00523230091016337
0 0.0128205128205128 1.91529218582884e-05
0 0.0198019801980198 6.34089667123517e-05
0 0.0315789473684211 0.00316946672072701
0 0.0103092783505155 9.26727021878122e-05
0 0.0526315789473684 0.00280917482668877
0 0.0194174757281553 0.00170265149720612
0 0.0309278350515464 0.00406239634456596
0 0.043010752688172 0.00756428755898609
0 0.0490196078431373 0.00561828614339648
0 0.03125 0.000725511969319806
0 0.0206185567010309 0.00600454789503299
0 0.0204081632653061 0.0012652393481133
0 0.0619469026548673 0.00122903330314932
0 0.0561797752808989 0.0004623155315799
0 0.0465116279069767 0.000953064698943264
0 0.0348837209302326 0.0114113919241733
0 0.0192307692307692 0.00210176981009768
0 0.0506329113924051 0.00816916915398732
0 0.0555555555555556 0.0103313830965817
0 0.0515463917525773 0.00780669888773609
0 0.05 0.0112141685523855
0 0.0114942528735632 0.00195927959200282
0 0.0412371134020619 0.000254639273465456
0 0.043010752688172 0.00296481558225389
0 0.0186915887850467 0.00181527787959003
0 0.0431034482758621 0.00277774833632027
0 0.0297029702970297 0.00176455049124506
0 0.0224719101123595 0.00273801006104703
0 0.037037037037037 0.000541292600229852
0 0.0357142857142857 0.00351484427140247
0 0.0521739130434783 0.00326845643102942
0 0.0125 0.00430809968484006
0 0.0483870967741935 0.00394427587782546
0 0.0412371134020619 0.00146838939191229
0 0.029126213592233 0.0125338951952402
0 0.0387596899224806 0.00217927963378309
0 0.0603448275862069 0.00494364916722121
0 0.0108695652173913 0.000448138540764978
0 0.0192307692307692 0.00618173958417618
0 0.0303030303030303 0.00181316204863006
0 0.0566037735849057 0.00495071080647426
0 0.0396039603960396 0.000592561000994631
0 0.0707070707070707 0.00646352124499801
0 0.0172413793103448 1.3710674782364e-05
0 0.037037037037037 0.0008718308933039
0 0.0392156862745098 0.00243109183963366
0 0.0344827586206897 0.00272849068633339
0 0.0111111111111111 0.00324058179419242
0 0.0636363636363636 0.0084357150352452
0 0.021505376344086 0.00221577371022144
0 0.0212765957446809 0.00123231936884732
0 0.0204081632653061 0.00268580627972887
0 0.0353982300884956 0.00388745217774376
0 0.0919540229885057 0.0213233119317675
0 0.0576923076923077 0.0100971110343308
0 0.0222222222222222 0.00398746086118466
0 0.025 0.00541749741729114
0 0.0416666666666667 0.00189576443389422
0 0.0612244897959184 0.00769252741711818
0 0.043956043956044 0.00381197033685826
0 0.0192307692307692 9.29168483000997e-06
0 0.0373831775700935 0.00120637287376697
0 0.043010752688172 0.00363080646009232
0 0.027027027027027 0.000771200146970564
0 0.0505050505050505 0.00432391837283426
0 0.0338983050847458 9.55023469625497e-06
0 0.03125 9.26239056536713e-06
0 0.043010752688172 0.00671861128602687
0 0.0465116279069767 0.00218280520473617
0 0.0515463917525773 0.00746446894889704
0 0.0104166666666667 1.92024637241195e-10
0 0.03125 0.000468721082075878
0 0.0555555555555556 0.00709472887910489
0 0.0194174757281553 0.00151938198855199
0 0.0288461538461538 0.00163914741486561
0 0.0515463917525773 0.00756621176437674
0 0.0598290598290598 0.00421168908334484
0 0.0384615384615385 0.0017204809426357
0 0.032258064516129 0.000954722427820594
0 0.0462962962962963 0.000417565899219049
0 0.032258064516129 3.50940300007203e-05
0 0.0101010101010101 0.00343430528815578
0 0.0784313725490196 0.00784494417877093
0 0.0380952380952381 0.0032806847582632
0 0.0515463917525773 0.00186351878848056
0 0.0306122448979592 0.00153211881980062
0 0.0319148936170213 0.00462756377478766
0 0.0566037735849057 0.00619181117078371
0 0.0212765957446809 0.000113855486498409
0 0.0326086956521739 0.00579083896935522
0 0.0458715596330275 0.000331952017035236
0 0 1.00966211725522e-07
0 0.0217391304347826 0.00524850019011822
0 0.0392156862745098 0.0106228024961466
0 0.0515463917525773 0.00367245762400283
0 0.0113636363636364 0.00419795694966139
0 0.0625 0.00714267962563129
0 0.0326086956521739 0.00355854279643096
0 0.0804597701149425 0.00831899764488839
0 0.00943396226415094 0.000165927449684135
0 0.0224719101123595 0.00110086304568657
0 0.0636363636363636 0.00779715331947064
0 0.0609756097560976 0.0126123814328761
0 0.0412371134020619 0.00726345061122504
0 0.0319148936170213 0.00591362441264103
0 0.0227272727272727 0.00339044114951724
0 0.0116279069767442 1.49484032403828e-07
0 0.0306122448979592 0.000556725704785377
0 0.0208333333333333 0.00228388091766263
0 0.0594059405940594 0.00426975130301168
0 0.0416666666666667 0.00221626598229757
0 0.0357142857142857 0.00812727967240627
0 0.036144578313253 0.00288744206889348
0 0.036697247706422 0.0104136640301294
0 0.0283018867924528 0.0034859353905518
0 0.0543478260869565 0.00400405148020174
0 0.0309278350515464 0.000320863073419304
0 0.0319148936170213 0.00205568305390986
0 0.010752688172043 0.00155868352802374
0 0.0212765957446809 0.000139991199119854
0 0 8.24691599685581e-08
0 0.021978021978022 0.000142352705069463
0 0.0465116279069767 0.00826299596977834
0 0.0217391304347826 0.00339718302187456
0 0.029126213592233 8.08816000234861e-05
0 0.0444444444444444 0.00979624733322954
0 0.0265486725663717 0.00407909835811646
0 0.0106382978723404 7.36989880936159e-06
0 0.0449438202247191 0.00478931352281567
0 0.0338983050847458 0.00284489221146213
0 0 8.59838641540706e-06
0 0.0112359550561798 0.000819042920973142
0 0.0625 0.00529913392491167
0 0.03125 0.00437592686584168
0 0.0531914893617021 0.00431808936517046
0 0.0384615384615385 0.00561626569297061
0 0.029126213592233 0.00633044062425491
0 0.0196078431372549 1.95978660893984e-05
0 0.0404040404040404 0.00722219525055597
0 0.0471698113207547 0.000167141052726713
0 0.0526315789473684 0.00657359512606487
0 0.0638297872340425 0.000573475568220122
0 0.0408163265306122 0.00463680849131003
0 0.00980392156862745 0.00337029351978471
0 0.0571428571428571 0.00568333341412288
0 0.0434782608695652 0.00298854871759228
0 0.0769230769230769 0.00134404351563847
0 0.0294117647058824 0.000167864637731293
0 0.0425531914893617 0.00148736676520445
0 0.0344827586206897 0.00128113804921224
0 0.0495049504950495 0.00670897230541449
0 0.043010752688172 0.00270499456881824
0 0.0476190476190476 0.00448120821984222
0 0.0099009900990099 0.000865439790312196
0 0.0204081632653061 0.000387416390010892
0 0.0306122448979592 0.000159225014413909
0 0.0707070707070707 0.0177363698271677
0 0.0416666666666667 0.0107401305477732
0 0.0106382978723404 0.00454141314162337
0 0.019047619047619 0.000242255638673417
0 0.045045045045045 0.00063616448264701
0 0.03125 0.00238071935895339
0 0.0392156862745098 0.000189455303803838
0 0.0495049504950495 0.00600236864698883
0 0 2.84313271350697e-07
0 0.0449438202247191 0.000608632190165126
0 0.0506329113924051 0.00390560368463569
0 0.0208333333333333 0.00288827135041747
0 0.0526315789473684 0.00346738806024147
0 0 2.18029230258095e-08
0 0.019047619047619 0.00140589216998721
0 0.0408163265306122 0.0112297871605163
0 0.0714285714285714 0.00256901663157757
0 0.0297029702970297 0.000127226127214376
0 0.0618556701030928 0.00537190531967179
0 0.0396039603960396 0.00362112291874507
0 0.0454545454545455 0.00597148217325969
0 0.032258064516129 0.00332003363874447
0 0.0860215053763441 0.00833210255877677
0 0.018348623853211 0.00110578557322793
0 0.0326086956521739 0.00402061950052904
0 0.0392156862745098 0.0051065518332782
0 0.00952380952380952 0.000543359522509264
0 0.0645161290322581 0.00497593578383452
0 0.0421052631578947 0.00908702026767478
0 0.0442477876106195 0.00522633150785472
0 0.0238095238095238 0.0116804604299374
0 0.00943396226415094 0.000218549164754911
0 0.0625 0.00374868227289278
0 0.0480769230769231 0.00638069576725801
0 0.0238095238095238 0.000623071272646572
0 0.0413223140495868 0.00352713777886496
0 0.0434782608695652 0.00757715714482583
0 0.032967032967033 0.00182461328918148
0 0.0588235294117647 0.00248786838335295
0 0.0760869565217391 0.00307471837053063
0 0.0571428571428571 0.00724690939646477
0 0.0869565217391304 0.00572565419714621
0 0.0126582278481013 0.000366695391789868
0 0.032967032967033 0.0015214637744223
0 0.00980392156862745 7.8668647893511e-07
0 0.043010752688172 0.00583419499421413
0 0.03 0.0051457089182583
0 0.03125 7.23000698660162e-05
0 0.0588235294117647 0.000361648520376032
0 0.0454545454545455 0.00163612374711549
0 0.0625 0.0071129535156605
0 0.0408163265306122 0.000980018708377307
0 0.0792079207920792 0.0221077555625893
0 0.0196078431372549 1.21359261795904e-06
0 0.0102040816326531 3.76964878650163e-07
0 0.024390243902439 0.000675228608725392
0 0.0326086956521739 0.00258742150771091
0 0.0142857142857143 1.60883846952824e-08
0 0.0344827586206897 0.0036744364948261
0 0.0388349514563107 0.00434531561326478
0 0.0495049504950495 0.00455529198276798
0 0.0280373831775701 0.00722599287136952
0 0.05 0.0027616160356448
0 0.03 0.00217680533517903
0 0.019047619047619 0.0029092909480063
0 0.058252427184466 0.0050343340189762
0 0.058252427184466 0.00493754024349877
0 0.0434782608695652 6.07464510722274e-06
0 0.0504201680672269 0.0117128611652332
0 0.0612244897959184 0.00795286769340425
0 0.0465116279069767 0.0102274316938925
0 0.0198019801980198 0.000293968040715194
0 0.0373831775700935 0.0033296772079333
0 0.0232558139534884 0.00238307509426017
0 0.0588235294117647 0.00506006851559091
0 0.036697247706422 0.00264904395392526
0 0.0454545454545455 0.0062268346280088
0 0 4.6687822828498e-15
0 0.032258064516129 0.00426676180994701
0 0.0229885057471264 0.00097770998184239
0 0.0490196078431373 0.00352791413201701
0 0.021978021978022 0.000256219221026434
0 0.0198019801980198 0.00284315568075422
0 0.0256410256410256 0.00151860177908561
0 0.029126213592233 0.0115010258826277
0 0.0188679245283019 3.1671444615277e-06
0 0.0673076923076923 0.00517485811372522
0 0.0388349514563107 0.00061205064586895
0 0.04 0.00233591862114134
0 0.0113636363636364 2.28130811527131e-05
0 0.0459770114942529 0.00624034266452841
0 0.0326086956521739 0.00403173520745574
0 0.0227272727272727 0.00498796035914831
0 0.0421052631578947 0.004079676916742
0 0.0480769230769231 0.00484416100295444
0 0.0108695652173913 0.00345264381592038
0 0.0487804878048781 0.00838378017056715
0 0.0306122448979592 0.0068221088056965
0 0.05 0.00524467996722462
0 0.055045871559633 0.0102463085912205
0 0.0101010101010101 0.000439918289852512
0 0.0344827586206897 0.00368040286438465
0 0.03 9.7737062456562e-05
0 0.0206185567010309 0.0021348485516341
0 0.0309278350515464 0.0011545362516491
0 0.0606060606060606 0.0075851271455256
0 0.021978021978022 0.00103126258621072
0 0.036036036036036 0.00163467392297633
0 0.0188679245283019 0.000745662708551429
0 0 3.06605746868996e-08
0 0.0319148936170213 0.00211373359776548
0 0.0380952380952381 0.0103114968710538
0 0.0232558139534884 0.00480843529277986
0 0.02 0.0047134304604674
0 0.06 0.00241895663751534
0 0.0721649484536082 0.00889553517163517
0 0.0120481927710843 0.000356359108933505
0 0.0619469026548673 0.0031339578991948
0 0.0510204081632653 0.00889194730183827
0 0.045045045045045 0.00783034711052906
0 0.0851063829787234 0.00914951334874757
0 0.0272727272727273 0.0025853867439598
0 0.05 0.00337054573819687
0 0.0612244897959184 0.00831983876733769
0 0.0379746835443038 0.00854980519437879
0 0.0526315789473684 0.00356419219672216
0 0.0306122448979592 0.00433817467348594
0 0.0319148936170213 0.00475825388198302
0 0.055045871559633 0.00512734790149355
0 0.0217391304347826 0.00110908191002659
0 0.0113636363636364 0.00147174185716788
0 0.0198019801980198 0.00229112755095454
0 0.0235294117647059 0.00674614629713835
0 0.019047619047619 0.000901925267136916
0 0.0769230769230769 0.00420694097770716
0 0.010989010989011 0.00307340268924572
0 0.0114942528735632 0.00222321326858017
0 0.040983606557377 0.0035167078203813
0 0.0631578947368421 0.00258201476234193
0 0.0462962962962963 0.0080449197004052
0 0.043010752688172 0.00222094708628099
0 0.05 0.0015443406209238
0 0.0555555555555556 0.0104249887726366
0 0.0105263157894737 0.00256217360427158
0 0.032967032967033 0.00559825014522456
0 0.0297029702970297 0.000163232919281172
0 0.0294117647058824 0.00314646449935629
0 0.0594059405940594 0.00722238844304408
0 0.0210526315789474 0.00396472261294005
0 0.0404040404040404 0.000829582170953419
0 0.0252100840336134 0.00771594889841731
0 0.0434782608695652 0.00332393260892249
0 0.0530973451327434 0.00062980995708014
0 0.0102040816326531 2.61846705471126e-09
0 0.0882352941176471 0.0133793225324228
0 0.0120481927710843 7.88621085438927e-05
0 0.0545454545454545 0.00435989672675391
0 0.010989010989011 0.00119181401191647
0 0.03125 0.00603345619837435
0 0.0454545454545455 0.0051259931010645
0 0.0412371134020619 0.000313400059047015
0 0.00925925925925926 2.315077297885e-05
0 0.0471698113207547 0.00163476530141797
0 0.0606060606060606 0.00321772523746565
0 0.0545454545454545 0.00563669037961277
0 0.0315789473684211 0.00575720959060428
0 0.0434782608695652 0.00552965606355657
0 0.0693069306930693 0.00455195042401139
0 0.0380952380952381 0.00621831014453709
0 0.0309278350515464 0.000659182919115811
0 0.0588235294117647 0.00108347383899224
0 0.0776699029126214 0.00410014402731026
0 0.0462962962962963 0.00198802323655659
0 0.0594059405940594 0.0125654977696571
0 0.04 0.000303744844017213
0 0 2.81863797975747e-05
0 0.0232558139534884 0.0021757003804811
0 0.0315789473684211 0.000445276215434756
0 0.0173913043478261 0.00171631891694286
0 0.0204081632653061 0.001539285792062
0 0.00970873786407767 0.000428036393748574
0 0.0202020202020202 0.00235248337821418
0 0.043010752688172 0.00395770800128875
0 0.06 0.00734408102492755
0 0 3.59756957547174e-12
0 0.00793650793650794 0.000447382852567458
0 0.0113636363636364 1.76483876395645e-06
0 0.0238095238095238 0.000192215390100226
0 0.0679611650485437 0.0047600647240441
0 0.032967032967033 0.00407956170976673
0 0.0396039603960396 0.000120678350777524
0 0.0297029702970297 0.00211471900079633
0 0.0294117647058824 0.000291218127705887
0 0.0363636363636364 0.00267719981786141
0 0.0701754385964912 0.0098525935728131
0 0.03125 0.00780018792107526
0 0.0101010101010101 0.000981257038888866
0 0.0560747663551402 0.0067104594349908
0 0.0476190476190476 0.00737001136880172
0 0.0222222222222222 0.00797648810118077
0 0.036036036036036 0.000398327187665034
0 0.0545454545454545 0.00422581344145403
0 0.032967032967033 0.00698579289232157
0 0.021505376344086 0.000976734474490242
0 0.0404040404040404 0.00440566665378772
0 0.0260869565217391 0.00341855730604009
0 0.0396039603960396 0.00176442849303056
0 0.0530973451327434 0.00117638603314173
0 0.0294117647058824 0.0104220739226621
0 0.0521739130434783 0.010872719166349
0 0.0217391304347826 0.000948091117784631
0 0 1.19723197956192e-08
0 0.0531914893617021 0.00209016029731602
0 0.0561797752808989 0.0101395466190501
0 0.0377358490566038 0.00147029412565673
0 0.027027027027027 0.00122474123254947
0 0.029126213592233 0.00409594892026888
0 0.01 0.00102643680882251
0 0.0404040404040404 0.00170932777497814
0 0.0666666666666667 0.00603906207644215
0 0.0454545454545455 0.00780173403998219
0 0.0265486725663717 0.000823438383369508
0 0.021978021978022 0.000982661943767644
0 0.0315789473684211 0.000273246979279032
0 0.0144927536231884 2.36881979067027e-05
0 0.0594059405940594 0.00353843555237527
0 0.05 0.0209024410704682
0 0.0380952380952381 0.00184060022865147
0 0.0330578512396694 0.00239677849281055
0 0.0222222222222222 0.00418939430927792
0 0.0188679245283019 0.000108908524599177
0 0.0333333333333333 0.000737198088045302
0 0.0111111111111111 0.00201562086450818
0 0.0545454545454545 0.00528277759112708
0 0.0104166666666667 1.07075022940635e-08
0 0.0126582278481013 0.000226915310553313
0 0.0769230769230769 0.00714882858724576
0 0.0673076923076923 0.00637553417461045
0 0.0510204081632653 0.00489566517903205
0 0.0517241379310345 0.00355331842043413
0 0.02 0.00313852047813933
0 0.0106382978723404 0.000110361892310311
0 0.0256410256410256 0.0017351484002527
0 0.0121951219512195 5.75508192646794e-09
0 0.07 0.0145584374164293
0 0.0659340659340659 0.00907544303318427
0 0.0506329113924051 0.0132056645684095
0 0.027027027027027 0.000831307577657602
0 0.029126213592233 0.00162234112586716
0 0.0188679245283019 0.000275433602338545
0 0.0202020202020202 0.00103680685647067
0 0.0583333333333333 0.00456126677803218
0 0.043859649122807 7.45046298822789e-05
0 0.0309278350515464 0.000351494044197392
0 0.029126213592233 0.000905960519652336
0 0.0365853658536585 0.00889983389410789
0 0.0412371134020619 0.00438132142024633
0 0.0693069306930693 0.00545948455829294
0 0.0212765957446809 3.68544750409428e-05
0 0 8.73657187557779e-12
0 0.0421052631578947 0.0014019254974966
0 0.0425531914893617 0.0124571295974524
0 0.0297029702970297 0.00345252222490422
0 0.0377358490566038 8.01793527955207e-05
0 0.032258064516129 0.00152943785202052
0 0.0673076923076923 0.00747872686244073
0 0.0490196078431373 0.00545766683107311
0 0.029126213592233 0.0034559119774375
0 0.0194174757281553 0.000128205627588343
0 0.0212765957446809 0.00475779547261958
0 0.0294117647058824 0.00532396377907231
0 0.036697247706422 0.00745720271239398
0 0.0123456790123457 0.00167915530625106
0 0.021978021978022 0.00119461334954545
0 0.0285714285714286 0.00415952505856084
0 0.074468085106383 0.00558139835066208
0 0.0396039603960396 0.00271390313405304
0 0.0224719101123595 0.0021467623656848
0 0.0467289719626168 0.00908122060809508
0 0.0526315789473684 0.0146045369360722
0 0.0485436893203883 0.00167016669697305
0 0.0444444444444444 0.00141780633587631
0 0.0317460317460317 0.00216523105336156
0 0.0252100840336134 2.27620736065333e-05
0 0.0309278350515464 0.00439049494274464
0 0.0217391304347826 0.000276366129870193
0 0.0458715596330275 0.00897682651307304
0 0.0476190476190476 0.00551883768361291
0 0.0186915887850467 0.00387659045835031
0 0.0792079207920792 0.00525511317598318
0 0.03 0.00144097447515601
0 0.0288461538461538 0.00287270788159189
0 0.038961038961039 0.00663704918243784
0 0.0526315789473684 0.00776812786941302
0 0.0531914893617021 0.00440518116050366
0 0.0235294117647059 0.000441844532159261
0 0.0208333333333333 0.00382119274279012
0 0.07 0.0128188891068174
0 0.0630630630630631 0.000415025257509224
0 0.0434782608695652 0.00892414677415624
0 0.0202020202020202 0.000491391010601282
0 0.0823529411764706 0.00486713726546386
0 0.0434782608695652 0.00172325390731789
0 0.0625 0.00631152150388028
0 0.021505376344086 5.08603131414145e-05
0 0.08 0.00523292853414683
0 0.0348837209302326 0.00567600057898449
0 0.0425531914893617 0.00549928729675931
0 0.05 0.0172175407558817
0 0.0373831775700935 0.00639279965028844
0 0.0285714285714286 8.79248239700277e-05
0 0.0102040816326531 0.00316127910515115
0 0.0594059405940594 0.00160206304566887
0 0.0104166666666667 3.29863350569283e-06
0 0.0188679245283019 0.00140029254267927
0 0.0222222222222222 0.000524942941897186
0 0.019047619047619 0.000802384631640675
0 0.0340909090909091 0.00678085123376393
0 0.0246913580246914 0.00148326892067423
0 0.0319148936170213 0.00510676379650367
0 0.0631578947368421 0.0166265936903722
0 0.1 0.0215381203124979
0 0.0285714285714286 0.000427295285416509
0 0.0425531914893617 0.000198202416704517
0 0.021978021978022 0.0104894489979819
0 0.0630630630630631 0.00866629545921213
0 0.0425531914893617 0.003244860006741
0 0.0555555555555556 0.0005418637372466
0 0.0384615384615385 0.000933837918232996
0 0.0258620689655172 0.00197492599180418
0 0.0555555555555556 0.00685909560463919
0 0.0638297872340425 0.0089400153427521
0 0.0303030303030303 0.00131183879214125
0 0.0306122448979592 0.00899493669545547
0 0.032258064516129 0.0121850625049767
0 0.03 0.00195765154537256
0 0.0112359550561798 0.00193048400295496
0 0.0412371134020619 0.00967967490421658
0 0.0487804878048781 0.00706986971915515
0 0.0265486725663717 0.00295528337041244
0 0.0454545454545455 0.00050006521022473
0 0.0743801652892562 0.00425269524953041
0 0.00961538461538462 5.3012049545241e-07
0 0.0363636363636364 0.00765967550094581
0 0.0396039603960396 0.00536748502804534
0 0.0476190476190476 0.000813242379602239
0 0.0526315789473684 0.00196743719988131
0 0.0208333333333333 0.000190090283514931
0 0.0350877192982456 0.00172842985138609
0 0.0222222222222222 0.00152524470382706
0 0.0105263157894737 0.00104728145898172
0 0.010989010989011 0.00444842916858609
0 0.0454545454545455 0.000188815211707631
0 0.0303030303030303 0.00269857796128717
0 0.0204081632653061 0.00017205810285182
0 0.0247933884297521 0.00171303258948299
0 0.0280373831775701 0.00743042547912962
0 0.0133333333333333 3.93920734581148e-08
0 0.0434782608695652 0.00744980668401611
0 0.0315789473684211 0.0004337485692308
0 0.0394736842105263 0.00199126763686012
0 0 3.12771682287668e-08
0 0.021505376344086 0.00178754212037562
0 0.0747663551401869 0.00382302321011559
0 0.0212765957446809 0.00275376393749397
0 0.0462962962962963 0.00402331889527903
0 0.0421052631578947 0.00203533130086028
0 0.0111111111111111 0.000489834600418545
0 0.043010752688172 0.00150873753636909
0 0.0309278350515464 0.00262485989258057
0 0.0752688172043011 0.0084110465806633
0 0.0377358490566038 0.0040598214281382
0 0.0588235294117647 0.00472587403349505
0 0.0714285714285714 0.0035398187249844
0 0.0449438202247191 0.0126237904734585
0 0.0344827586206897 9.47790849746573e-05
0 0.0357142857142857 0.000101319410441089
0 0.0625 0.00627629410214566
0 0.0444444444444444 0.00117259058679631
0 0.0736842105263158 0.00754558325425099
0 0.0227272727272727 0.00347910312139533
0 0.0515463917525773 0.00723141958505787
0 0.0106382978723404 4.8271057386748e-08
0 0.0531914893617021 0.00267074867778491
0 0.04 0.0140859129330664
0 0.029126213592233 0.00463555411889186
0 0.0449438202247191 0.00582902517982703
0 0.043010752688172 0.00740090062041814
0 0.0113636363636364 0.000535988836363657
0 0.0210526315789474 0.0018268987778769
0 0.0449438202247191 0.004187712654681
0 0.02 0.00321172094782639
0 0.11340206185567 0.0129347184383418
0 0.0660377358490566 0.0166863732101496
0 0.00925925925925926 1.95189366253444e-05
0 0.0222222222222222 0.00230451742423572
0 0.0202020202020202 0.0038266433984944
0 0.0172413793103448 0.000190409326542071
0 0.0388349514563107 0.00485616157261876
0 0.0593220338983051 0.00570331140204619
0 0.0404040404040404 0.00136563003515149
0 0.021505376344086 0.00257750212500767
0 0.0326086956521739 0.000453045069928944
0 0.0117647058823529 0.000226013410096461
0 0.0210526315789474 1.90971249253764e-07
0 0.0350877192982456 0.00520306651015209
0 0.00862068965517241 0.000458576729457876
0 0.0434782608695652 0.0081567802121015
0 0.0120481927710843 0.00192223897306832
0 0.03125 0.000366185037851405
0 0.0505050505050505 0.00435432958159677
0 0 1.07618135500844e-10
0 0.0416666666666667 0.00249260341115272
0 0 1.22504577622091e-10
0 0.0537634408602151 0.00637533903558104
0 0 1.72677297763577e-05
0 0.0543478260869565 0.000604535155264939
0 0.0212765957446809 0.000427516369696385
0 0.0303030303030303 0.004938783370305
0 0.0217391304347826 4.23642954067763e-05
0 0.010752688172043 0.000950790791461594
0 0.0224719101123595 0.00256453501756894
0 0.0353982300884956 0.00384180095579118
0 0.0555555555555556 0.00158999953052848
0 0.0350877192982456 0.00527811968336339
0 0.0408163265306122 0.00550691290258935
0 0.0315789473684211 0.00221966339916172
0 0.0467289719626168 0.00282213480514429
0 0.0416666666666667 0.0130022161400145
0 0.0333333333333333 0.00272750692463981
0 0.0638297872340425 0.00803301242835406
0 0.029126213592233 0.0054793264543147
0 0 1.63971875518574e-05
0 0.0348837209302326 0.00104466077186576
0 0.0810810810810811 0.00590762898239834
0 0.0192307692307692 3.57410058419051e-05
0 0.0476190476190476 0.00593270802226717
0 0.0515463917525773 0.00474979223176075
0 0.0288461538461538 0.00189099277667934
0 0.0224719101123595 0.00538075075762022
0 0.0495049504950495 0.00520843201554531
0 0.0347826086956522 0.00384557334803389
0 0.0138888888888889 8.16698193152382e-08
0 0.032258064516129 0.00406633978024891
0 0.037037037037037 0.00193466731318257
0 0.0185185185185185 0.00203948589999828
0 0.024390243902439 0.00123649057294702
0 0.0232558139534884 0.000124634551242403
0 0.0272727272727273 0.00229438259324596
0 0.0212765957446809 0.00203296276084825
0 0.0421052631578947 0.00243330344139987
0 0.0652173913043478 0.0086752052287893
0 0.0404040404040404 0.00429600863710428
0 0 1.04108727549865e-09
0 0.00943396226415094 0.000341788600564434
0 0.029126213592233 0.00812683170874006
0 0 7.70020657359142e-17
0 0.0555555555555556 0.00681091178058484
0 0.0485436893203883 0.00174023498262519
0 0.05 0.00318400707225414
0 0.0377358490566038 0.00263852192964134
0 0.0568181818181818 0.0094949315684995
0 0.0515463917525773 0.00575963569953868
0 0.0186915887850467 0.0131665661210955
0 0.0505050505050505 0.00251868528187473
0 0.0476190476190476 0.000248655893719479
0 0.0521739130434783 0.0021982530681124
0 0.032258064516129 0.0041323464107244
0 0.0103092783505155 0.00162390148430332
0 0.0113636363636364 0.0114259115756894
0 0.0206185567010309 0.000923924983243675
0 0.00970873786407767 3.43332112394712e-05
0 0.0576923076923077 0.00397196399437957
0 0.0434782608695652 0.000428451727237867
0 0.0319148936170213 0.00447568251486536
0 0.0340909090909091 7.95426464195861e-05
0 0.0306122448979592 0.00256743065409069
0 0.0645161290322581 0.00591642528623255
0 0.0365853658536585 0.00412713441785543
0 0.0275229357798165 0.00879511560782793
0 0.0707070707070707 0.0152673267943282
0 0.0277777777777778 0.00410254049748825
0 0.0294117647058824 0.000292602345670269
0 0.0470588235294118 0.00439763532642096
0 0.0333333333333333 0.0064527271658683
0 0.0283018867924528 0.00157180636871077
0 0.0123456790123457 0.000153193996924034
0 0.03 0.00391087710320348
0 0.0659340659340659 0.00946735408757563
0 0.0434782608695652 0.0152958564584663
0 0.043010752688172 0.00667498986795256
0 0.0120481927710843 0.00127858151454239
0 0.0476190476190476 0.00334823372923959
0 0.05 0.00827793594739399
0 0.03 0.00852431902835386
0 0.08 0.0076613003296289
0 0.0465116279069767 0.00597838488618492
0 0.0606060606060606 0.0132565728812592
0 0.0340909090909091 0.00350971389706879
0 0.0206185567010309 0.000113603773093576
0 0.074468085106383 0.0023367312733299
0 0.0444444444444444 0.0118925626229309
0 0.0642201834862385 0.00311729037806813
0 0.0373831775700935 0.000668044289670464
0 0.0384615384615385 0.000589369162417182
0 0.0112359550561798 0.00128313512055133
0 0.0280373831775701 0.00271227326161825
0 0.0210526315789474 0.000749009067664995
0 0.0476190476190476 0.00309599070102695
0 0.0505050505050505 0.00113561341612431
0 0.0490196078431373 0.00446961375549078
0 0.0280373831775701 0.00377482158633477
0 0.04 0.00172526208613862
0 0.0106382978723404 0.000743840554721406
0 0.0114942528735632 4.64313660209268e-05
0 0.04 0.00335539047926053
0 0.029126213592233 0.00627018416051032
0 0.00925925925925926 6.42334256443706e-08
0 0.0319148936170213 0.00322053906172204
0 0.021505376344086 0.00102590105397311
0 0.0204081632653061 0.00353496226523191
0 0.0618556701030928 0.00309616077441805
0 0.0490196078431373 0.0052135419531985
0 0.012987012987013 2.36220160804333e-06
0 0.0526315789473684 0.00617746063416262
0 0.0267857142857143 0.000932084098743778
0 0 4.17445124044169e-14
0 0.0467289719626168 0.0140105170965776
0 0.0283018867924528 0.00442804982741907
0 0.099009900990099 0.00391228852517704
0 0.0480769230769231 0.00381967385901436
0 0.0227272727272727 0.00525798975151733
0 0.0202020202020202 0.00872849156117975
0 0.0520833333333333 0.00700939135267061
0 0.03125 0.00268167305819796
0 0.0196078431372549 0.00103856243994141
0 0.0222222222222222 0.00538909279667089
0 0.0531914893617021 3.91671303078987e-07
0 0.0181818181818182 0.00207696091779126
0 0.0326086956521739 0.00357011490728242
0 0.02 0.000594348349932642
0 0.0849056603773585 0.0180930605845032
0 0.0377358490566038 0.00455081683712048
0 0.029126213592233 0.00368757809286027
0 0.0849056603773585 0.00259872343380637
0 0.0280373831775701 0.00239881713163708
0 0.0396039603960396 0.00495519376744073
0 0.0476190476190476 0.0014038672354747
0 0.0789473684210526 0.00636054728622989
0 0.0396039603960396 0.00562941815105381
0 0.043010752688172 0.00370745123974826
0 0.0188679245283019 0.00241548350967223
0 0.0206185567010309 0.00226824913954754
0 0.0217391304347826 0.00223790000686817
0 0.0686274509803922 0.00849151402017371
0 0.0265486725663717 0.000495256336409214
0 0.0210526315789474 3.89658989437726e-05
0 0.0232558139534884 0.000212032287359521
0 0.0485436893203883 0.00896348801920769
0 0.0462962962962963 0.00501342956509459
0 0.029126213592233 0.00162445800991417
0 0.00961538461538462 0.00236904237716725
0 0.0517241379310345 0.00272292732338607
0 0.0459770114942529 0.00386244280374375
0 0.0123456790123457 0.000276416712518151
0 0.04 0.0014461601082872
0 0.0196078431372549 0.00124597608013155
0 0.036697247706422 0.00695060776718221
0 0.0380952380952381 0.0015725368487072
0 0.0602409638554217 0.000525505232141287
0 0.0272727272727273 0.000959467330430556
0 0.0105263157894737 9.33338882620788e-06
0 0 4.11693713735961e-13
0 0.0404040404040404 0.000116938485179566
0 0.0108695652173913 1.08441097669448e-06
0 0.0510204081632653 0.00371709343236764
0 0.0666666666666667 0.000877892058523985
0 0.025 0.00344133710413346
0 0.0285714285714286 0.0036772531078178
0 0.0480769230769231 0.00253920169531704
0 0.0686274509803922 0.014436810164674
0 0.055045871559633 0.0060873040062672
0 0.0425531914893617 0.00609794910093505
0 0.0666666666666667 0.00628492953900883
0 0.0212765957446809 0.000994296729235348
0 0.0408163265306122 0.0103882484191659
0 0.0842105263157895 0.0113279443992378
0 0.072 0.00232631465854678
0 0.0217391304347826 0.00699992924899954
0 0.043956043956044 0.00480713902078662
0 0.0309278350515464 0.00559521966260416
0 0.0113636363636364 5.30800662033523e-07
0 0.076271186440678 0.00230603787135933
0 0.0288461538461538 0.00157127543393191
0 0.0925925925925926 0.00546399289560352
0 0.037037037037037 0.00226955908488846
0 0.0363636363636364 0.0128693385404198
0 0.0421052631578947 0.00363893768416676
0 0.0380952380952381 0.00430663808599877
0 0.0560747663551402 0.00106601795902972
0 0.0515463917525773 0.00631268045658322
0 0.0101010101010101 0.00548159827579645
0 0.0714285714285714 0.0114172975408245
0 0.05 0.00409656191703542
0 0.0263157894736842 0.00275393424351096
0 0.0258620689655172 0.0023201115555973
0 0.00980392156862745 0.00471471061333649
0 0.00961538461538462 1.26733813202997e-09
0 0.0561797752808989 0.00225567667206271
0 0.0202020202020202 0.00241857250707119
0 0.0326086956521739 0.000725011041442185
0 0.0416666666666667 0.00512403820253245
0 0.074468085106383 0.00536759402699875
0 0 7.08262582687758e-13
0 0.0309278350515464 0.00842739444895127
0 0.0222222222222222 0.000304920577145518
0 0.0202020202020202 0.00212490528481181
0 0.0285714285714286 0.00145853396124263
0 0.0283018867924528 0.000227903124670917
0 0.0192307692307692 1.00977397738531e-07
0 0.043956043956044 0.00741403733303103
0 0.0357142857142857 0.00767584947349223
0 0.0212765957446809 0.00318548353207247
0 0.018018018018018 0.00115397540280007
0 0.0454545454545455 0.00264349544918292
0 0.0306122448979592 0.00633473171337238
0 0.0593220338983051 0.00338712522723051
0 0.0198019801980198 0.00107322705909214
0 0.106796116504854 0.0164586188795881
0 0.0425531914893617 0.00387707222763571
0 0.0113636363636364 2.853262175377e-08
0 0.0416666666666667 0.00300188872698551
0 0.0444444444444444 0.00554643621094228
0 0.0285714285714286 0.00118770403356483
0 0.0384615384615385 0.000600792211718246
0 0.0769230769230769 0.00717352153695623
0 0.0326086956521739 0.0056817864336332
0 0 3.48155677890713e-06
0 0.0760869565217391 0.0163433965542282
0 0.0384615384615385 0.00311562656024705
0 0.0714285714285714 0.00788936509027989
0 0.0493827160493827 0.00516107500122553
0 0.0462962962962963 0.00119675289616386
0 0.0526315789473684 0.00312680074771364
0 0.0112359550561798 0.000243575018695177
0 0.0192307692307692 0.00231847019348424
0 0.0384615384615385 0.00367819085453673
0 0.0319148936170213 0.00655072039996249
0 0.0319148936170213 0.004127348891237
0 0.0521739130434783 0.00306295674141171
0 0.0674157303370786 0.00593239323827425
0 0.0277777777777778 0.00268763264366262
0 0.0380952380952381 0.00700740666451851
0 0.0531914893617021 0.00484943173077127
0 0.021505376344086 7.47727826104075e-05
0 0.04 0.0035869023331832
0 0.0425531914893617 0.00220199595933826
0 0.0363636363636364 0.00239313692075915
0 0.0625 0.00717681554287425
0 0.0204081632653061 0.000296436357246163
0 0.0425531914893617 0.00360050041495906
0 0.0740740740740741 0.00476185166474364
0 0.0545454545454545 0.00264549500088657
0 0.0288461538461538 0.000346989453914269
0 0.0782608695652174 0.00379354641391344
0 0.0196078431372549 7.13011393687247e-05
0 0.0404040404040404 0.00223761771418359
0 0.037037037037037 0.00336539699744784
0 0.0549450549450549 0.00690237277671619
0 0.0555555555555556 0.00976074237001
0 0.0373831775700935 0.00260126558583941
0 0.0210526315789474 2.06783989014405e-06
0 0.0520833333333333 0.00448215657101342
0 0.0121951219512195 0.00176050404642828
0 0.0348837209302326 0.00238786281027401
0 0.0106382978723404 0.00199611580955671
0 0.0194174757281553 0.00173512151589019
0 0.00943396226415094 0.00110203511217166
0 0.0471698113207547 0.00889135248986035
0 0.0377358490566038 0.00608937135167461
0 0.043010752688172 0.00453281044997802
0 0.0380952380952381 0.00172746985863617
0 0.0319148936170213 0.000355204335751407
0 0.0108695652173913 0.00298671145435122
0 0.0232558139534884 9.36231299043223e-06
0 0.0490196078431373 0.00291187524024863
0 0.0465116279069767 0.0092169068184731
0 0.0373831775700935 0.000555555952152826
0 0.043956043956044 0.0063686596638313
0 0.0729166666666667 0.00872566295148701
0 0.0416666666666667 0.00801356171858654
0 0.0277777777777778 0.000483330795719576
0 0.0178571428571429 0.000131498857441584
0 0.0630630630630631 0.00716254461389362
0 0.043956043956044 0.00828698259150463
0 0.0277777777777778 0.00152779375186284
0 0.0104166666666667 1.21368656068957e-09
0 0.0576923076923077 0.00622478348366818
0 0.043859649122807 0.00302529503780571
0 0.02 0.000745648858515748
0 0.072 0.00183727597943116
0 0.0487804878048781 0.00169309943852397
0 0.0125 0.00530564472780808
0 0.0294117647058824 0.00725129771922462
0 0.032520325203252 0.00386163951042821
0 0.0108695652173913 5.43229412087806e-05
0 0.0288461538461538 0.00109262654224985
0 0.0365853658536585 0.00576404186275957
0 0.0535714285714286 0.00575334865713174
0 0.0481927710843374 0.00670725899740255
0 0.0625 0.00534591453340636
0 0.0471698113207547 0.00428665084901819
0 0.0224719101123595 0.00886465103004796
0 0.0309278350515464 0.00354735730797384
0 0.0280373831775701 0.00445811386165833
0 0.0117647058823529 0.000282390477979311
0 0.0485436893203883 0.0100053322179291
0 0.0210526315789474 0.000926058390891367
0 0.0425531914893617 0.00494113394923947
0 0.0619469026548673 0.0027284244075099
0 0.0337078651685393 0.00198061165695033
0 0.0333333333333333 0.00220182148782223
0 0.0333333333333333 7.4995957991029e-05
0 0 9.84400755160036e-13
0 0.0344827586206897 0.00448446560923899
0 0.0297029702970297 0.000349963785990246
0 0.04 0.000295412762690406
0 0.0560747663551402 0.00317632781311909
0 0.0309278350515464 0.00287069210271311
0 0.0784313725490196 0.00946626764420014
0 0 1.96118035470549e-05
0 0.032258064516129 0.0037611759442299
0 0.0490196078431373 0.00266496284285783
0 0.0336134453781513 0.00216636374348886
0 0.0408163265306122 0.00304996152590162
0 0.0267857142857143 0.00229411707526755
0 0.0515463917525773 0.00924859751220446
0 0.0258620689655172 0.00160801741920027
0 0.0222222222222222 0.00161626343916878
0 0.036697247706422 0.00433345330901476
0 0.0707070707070707 0.00902520423558297
0 0.0272727272727273 0.0026943020297417
0 0.0196078431372549 0.00333656222864041
0 0.0224719101123595 3.90018892883328e-05
0 0.0373831775700935 0.00264893085354198
0 0.03125 0.00755978564669145
0 0.0210526315789474 4.82569535719828e-05
0 0.029126213592233 0.00285915810935709
0 0.0495049504950495 0.00160905785048927
0 0.0421052631578947 0.00249388479381396
0 0.0260869565217391 0.00329739957818484
0 0.037037037037037 0.00202882353341755
0 0.0431034482758621 0.00246221431235158
0 0.0166666666666667 0.000501818312267402
0 0.0204081632653061 0.000414744360728559
0 0.0408163265306122 0.00261843035016681
0 0.029126213592233 0.000110420733524899
0 0.0384615384615385 0.00595095392837907
0 0.032258064516129 4.13862353233196e-05
0 0.0104166666666667 0.00130347113262823
0 0.0520833333333333 0.00448335407732779
0 0.0803571428571429 0.0115448700953964
0 0.010989010989011 5.4090151138761e-09
0 0.0373831775700935 0.00157479022976025
0 0.0309278350515464 0.00197440842642758
0 0.0487804878048781 0.00187259575011633
0 0.0416666666666667 0.00121235572155148
0 0.0560747663551402 0.00423825709759763
0 0.0102040816326531 6.46795176114586e-10
0 0 7.63411280916002e-06
0 0.0434782608695652 0.00616467792972285
0 0 4.94940026724127e-06
0 0.0208333333333333 0.00068508237624861
0 0.03 0.00870623064627197
0 0.0606060606060606 0.00371970499644645
0 0.0561797752808989 0.00109361002544596
0 0.0319148936170213 0.00321404582707973
0 0.0315789473684211 0.00238171874489701
0 0.0545454545454545 0.00865349917220021
0 0.0571428571428571 0.0022820855937341
