0 0.110749185667752 0.0039318950914256
0 0.1 0.0035829796477979
0 0.125 0.0019812031961839
0 0.105610561056106 0.00307812414992286
0 0.145762711864407 0.00471801214180281
0 0.0866666666666667 0.00441961729223971
0 0.0802675585284281 0.00198909940969542
0 0.0819672131147541 0.00139289059706426
0 0.121311475409836 0.00413793577234496
0 0.129568106312292 0.00363612657389834
0 0.119741100323625 0.00419811759451347
0 0.0906148867313916 0.00320647495835167
0 0.114754098360656 0.00491739319005634
0 0.114093959731544 0.00370587446549693
0 0.119741100323625 0.00474581978601937
0 0.108843537414966 0.00464300785858486
0 0.155844155844156 0.00540221071600467
0 0.121311475409836 0.00304535296846
0 0.106796116504854 0.00363938543790544
0 0.109965635738832 0.00361275006000364
0 0.120805369127517 0.00458329610272005
0 0.12624584717608 0.00401842627598068
0 0.0980392156862745 0.00474304802370492
0 0.13 0.00515561289471798
0 0.111111111111111 0.00490175154168748
0 0.104575163398693 0.00242107112893936
0 0.121621621621622 0.00339901177779653
0 0.101694915254237 0.00319655597036673
0 0.0993150684931507 0.00264896924220524
0 0.0891089108910891 0.00251829014373105
0 0.100649350649351 0.00559309361998962
0 0.141914191419142 0.0056325725507549
0 0.1438127090301 0.00565858558249133
0 0.089041095890411 0.00341478819047871
0 0.0887372013651877 0.00391978247800713
0 0.126279863481229 0.00416241124573375
0 0.087248322147651 0.002761269493595
0 0.100334448160535 0.00297397920308932
0 0.0769230769230769 0.00585673139542687
0 0.133105802047782 0.00333124613655117
0 0.120521172638436 0.00420733102934537
0 0.126666666666667 0.00370345376357521
0 0.0939597315436242 0.00236988067301538
0 0.115131578947368 0.00449946017144237
0 0.110367892976589 0.00316163038076726
0 0.119205298013245 0.00344508622091597
0 0.0996563573883162 0.00340661217537316
0 0.127090301003344 0.00355822982997849
0 0.11437908496732 0.0025032493073654
0 0.121311475409836 0.00417531517489725
0 0.111486486486486 0.00406918054261287
0 0.125850340136054 0.00403344250519381
0 0.0903010033444816 0.0025540684246134
0 0.116883116883117 0.00433487126020152
0 0.116279069767442 0.00495804198140939
0 0.0950819672131148 0.00328574465461947
0 0.125 0.00255288254402489
0 0.0909090909090909 0.00374699723795522
0 0.119741100323625 0.00438007992020627
0 0.100334448160535 0.0026546827936851
0 0.11038961038961 0.00297345956806824
0 0.14 0.00464010916928905
0 0.0958904109589041 0.00289599596203624
0 0.121212121212121 0.00397617176637821
0 0.112211221122112 0.00524367328114232
0 0.122033898305085 0.00995754804581945
0 0.109965635738832 0.00333004259552906
0 0.0945945945945946 0.00497789521494543
0 0.125 0.00655410710243507
0 0.125423728813559 0.00372633596511397
0 0.108910891089109 0.00245470762154174
0 0.0983606557377049 0.00259573337915167
0 0.117845117845118 0.00257184075453906
0 0.11340206185567 0.00247991301080188
0 0.121710526315789 0.00528203624227195
0 0.096989966555184 0.00320280648677429
0 0.0906040268456376 0.00501552818817506
0 0.0735785953177258 0.00190811792602761
0 0.103559870550162 0.00291099969212358
0 0.113333333333333 0.00278997153229552
0 0.120521172638436 0.00320421988670217
0 0.10958904109589 0.00373620920684665
0 0.108910891089109 0.0033427684445186
0 0.104918032786885 0.00449194787971079
0 0.123745819397993 0.00409670272732492
0 0.101351351351351 0.00456471642680789
0 0.0983050847457627 0.0057217231765017
0 0.0966666666666667 0.00469420288030792
0 0.105610561056106 0.00413332268179653
0 0.096989966555184 0.00181575764152658
0 0.099009900990099 0.00347471643418039
0 0.130434782608696 0.00382981451579946
0 0.0950819672131148 0.00308954782118626
0 0.137123745819398 0.00558393661608651
0 0.0955631399317406 0.00311381980493684
0 0.125850340136054 0.00392663726257805
0 0.151006711409396 0.00574438988648694
0 0.117056856187291 0.00428765031428511
0 0.0973154362416107 0.00100164110968537
0 0.0743243243243243 0.00291703708943007
0 0.096989966555184 0.00486894144227189
0 0.0836120401337793 0.00300573766005397
0 0.127035830618893 0.00525290251379277
0 0.114093959731544 0.00417927911171866
0 0.118421052631579 0.00339126148681515
0 0.121710526315789 0.0034250453254404
0 0.121621621621622 0.00349528164888861
0 0.115646258503401 0.00525905614719091
0 0.112211221122112 0.00413219642061564
0 0.097972972972973 0.00287457244458938
0 0.128813559322034 0.00454789923220205
0 0.122112211221122 0.00374256371495177
0 0.12751677852349 0.00405356640384527
0 0.0983606557377049 0.00191287887030675
0 0.120401337792642 0.00456076117145631
0 0.137123745819398 0.00274032642133698
0 0.106529209621993 0.00598403247911809
0 0.120274914089347 0.00347623470422873
0 0.097972972972973 0.00155263790707411
0 0.102649006622517 0.00228611091747698
0 0.109271523178808 0.0037581664425501
0 0.11 0.00361720017725929
0 0.100323624595469 0.00429690497123289
0 0.0973154362416107 0.00280583048258016
0 0.116883116883117 0.00310147238975594
0 0.118032786885246 0.00204638558797907
0 0.0786885245901639 0.00139180042326246
0 0.0996563573883162 0.00278183260193737
0 0.135135135135135 0.0048340538612418
0 0.11 0.00397713843913021
0 0.104575163398693 0.00536085349389059
0 0.0927835051546392 0.00387239515617995
0 0.107023411371237 0.00392532070211294
0 0.089041095890411 0.00225534501456376
0 0.136807817589577 0.00394996109329753
0 0.153061224489796 0.00617124060780262
0 0.0841750841750842 0.0030404299897026
0 0.0754098360655738 0.00202811572757364
0 0.0927152317880795 0.000968021006074075
0 0.0816993464052288 0.00288972079914462
0 0.0976430976430976 0.0030297129332125
0 0.0906040268456376 0.00233730065289096
0 0.113013698630137 0.00350898505474966
0 0.0830564784053156 0.00331085969569278
0 0.0955631399317406 0.00361891269676205
0 0.111475409836066 0.00362706636384795
0 0.122923588039867 0.00540169199320639
0 0.109215017064846 0.00282161343226152
0 0.130293159609121 0.00385841496306136
0 0.103559870550162 0.0027770603943078
0 0.105960264900662 0.00289806518887403
0 0.0941558441558442 0.00311724547702853
0 0.105610561056106 0.0029450478136782
0 0.109271523178808 0.00269931116873515
0 0.0695364238410596 0.00136246757595799
0 0.12621359223301 0.00347073921832401
0 0.116438356164384 0.00589870256517743
0 0.13 0.00502035466787527
0 0.096989966555184 0.00435947634824038
0 0.104026845637584 0.00430194717901898
0 0.110749185667752 0.00334153445537971
0 0.100671140939597 0.00295797064738707
0 0.116666666666667 0.00423389787222863
0 0.102310231023102 0.00255021804149305
0 0.135313531353135 0.00445196377616455
0 0.115894039735099 0.00380179340934062
0 0.100334448160535 0.00249941422423485
0 0.115646258503401 0.00224766072896274
0 0.110749185667752 0.00339836764844411
0 0.0912052117263844 0.00312925489903474
0 0.164948453608247 0.00669313496023045
0 0.101639344262295 0.00228787622705082
0 0.07 0.00201977873259936
0 0.0949152542372881 0.00255292978773306
0 0.10580204778157 0.00553013635939957
0 0.0882352941176471 0.00102961872043852
0 0.137254901960784 0.00419914263775413
0 0.0824742268041237 0.00366530692153929
0 0.0996563573883162 0.00507511777248097
0 0.0962199312714777 0.0017283980930955
0 0.124579124579125 0.00476182571819333
0 0.0915032679738562 0.00241528796378561
0 0.116666666666667 0.00312292677702957
0 0.120274914089347 0.00318610899601395
0 0.117056856187291 0.0041541728520521
0 0.0711864406779661 0.00257586836094437
0 0.116838487972509 0.00501315367191568
0 0.108474576271186 0.00287484012066818
0 0.0963455149501661 0.00369529242481623
0 0.103092783505155 0.0036749856460779
0 0.119205298013245 0.00281660858599414
0 0.119601328903654 0.00295352743303455
0 0.0924092409240924 0.00199946761854812
0 0.123745819397993 0.00511174693640914
0 0.118032786885246 0.00311856201547626
0 0.12751677852349 0.00284267526462939
0 0.101351351351351 0.00398088898462652
0 0.116666666666667 0.00334456059961357
0 0.105960264900662 0.00288290806350502
0 0.106529209621993 0.00402811468480285
0 0.111486486486486 0.00446798066107278
0 0.118421052631579 0.00580834926472037
0 0.120805369127517 0.00516782574352684
0 0.106164383561644 0.00451480487609241
0 0.123376623376623 0.00370070087349249
0 0.11 0.00427776841816886
0 0.068259385665529 0.00308290747517422
0 0.127946127946128 0.00435132502687038
0 0.0949152542372881 0.00391806963467122
0 0.11437908496732 0.00364014549211204
0 0.0859106529209622 0.00266478531578354
0 0.132450331125828 0.00284513095184559
0 0.129251700680272 0.00468859956931516
0 0.0547945205479452 0.00200902243665516
0 0.112211221122112 0.0020387831866794
0 0.0754098360655738 0.0032832984137082
0 0.114478114478114 0.00237528234785351
0 0.101639344262295 0.00369319323068174
0 0.120521172638436 0.00565715312896244
0 0.12012987012987 0.00357936602678532
0 0.12624584717608 0.00424065072790735
0 0.100323624595469 0.00294419062204385
0 0.103896103896104 0.00319289056616003
0 0.0745762711864407 0.0021289618841793
0 0.102739726027397 0.00280713778421085
0 0.129251700680272 0.00346167827914068
0 0.114478114478114 0.00270577719291116
0 0.12012987012987 0.00415896953983428
0 0.106666666666667 0.00416685424754709
0 0.11437908496732 0.00404568974865663
0 0.129251700680272 0.00316940752286521
0 0.120805369127517 0.00323247506580538
0 0.104377104377104 0.00246573666480251
0 0.11864406779661 0.00439668633580405
0 0.0927835051546392 0.00179695798027801
0 0.126666666666667 0.00312574509104606
0 0.096989966555184 0.00217714621750697
0 0.112956810631229 0.00280189974353435
0 0.126666666666667 0.00453896062310836
0 0.119205298013245 0.00701481127877986
0 0.102040816326531 0.00324615639507649
0 0.0853242320819113 0.00408050499012904
0 0.116040955631399 0.00349703506635576
0 0.106666666666667 0.00430984989527824
0 0.0787671232876712 0.00216885083899806
0 0.0915254237288136 0.00463257076084716
0 0.0850340136054422 0.001355086872709
0 0.105084745762712 0.00304012656895822
0 0.0863787375415282 0.00201327851388512
0 0.0983606557377049 0.00208714866344956
0 0.100671140939597 0.00302191875697733
0 0.103896103896104 0.00314444189865785
0 0.09 0.00220448708718584
0 0.125850340136054 0.00479131065281542
0 0.108910891089109 0.00353804934469433
0 0.108552631578947 0.00296386532343555
0 0.106796116504854 0.00320160999713038
0 0.113013698630137 0.00362170485750792
0 0.110749185667752 0.00392434440192234
0 0.12 0.00383971066395355
0 0.109634551495017 0.00370717578042712
0 0.104377104377104 0.00242691532260959
0 0.0958904109589041 0.00299542883400344
0 0.0802675585284281 0.00181775740863337
0 0.124183006535948 0.00332161272551065
0 0.0844594594594595 0.00382133304240205
0 0.0866666666666667 0.00395620553427752
0 0.104377104377104 0.00276613700536711
0 0.0942760942760943 0.00234040548010083
0 0.100977198697068 0.00150380676641876
0 0.126712328767123 0.00487034237394465
0 0.103559870550162 0.00191535586190068
0 0.104026845637584 0.002749501292056
0 0.100671140939597 0.00426992163596596
0 0.0912162162162162 0.00275325110249168
0 0.106312292358804 0.00273587913765797
0 0.125 0.00375358699435403
0 0.102389078498294 0.00309547061256132
0 0.0830564784053156 0.00387065092087744
0 0.107491856677524 0.00263605412883833
0 0.135922330097087 0.00407018864531642
0 0.11340206185567 0.00518184203653277
0 0.0618556701030928 0.00216308883986659
0 0.101694915254237 0.00465696957059908
0 0.119047619047619 0.00699130564035432
0 0.119047619047619 0.00301918087136838
0 0.142372881355932 0.00491037947915966
0 0.120915032679739 0.00572211569781103
0 0.126666666666667 0.00284219406607575
0 0.104575163398693 0.00353049301756683
0 0.144295302013423 0.00560281557801199
0 0.129692832764505 0.00511605051864032
0 0.11371237458194 0.00413553999268525
0 0.0794701986754967 0.00244365405916304
0 0.146757679180887 0.0049196444845057
0 0.0909090909090909 0.00264954371537022
0 0.107023411371237 0.00473121196491466
0 0.125 0.00565955056509004
0 0.102389078498294 0.0032641487059551
0 0.135593220338983 0.00389485265591452
0 0.105084745762712 0.00321544738827488
0 0.115646258503401 0.00346645448317925
0 0.101010101010101 0.00232554111819976
0 0.132013201320132 0.00385625949260072
0 0.089041095890411 0.00346163069729023
0 0.111111111111111 0.00348232377479573
0 0.108196721311475 0.00313921591825545
0 0.0963455149501661 0.00195279947172104
0 0.120401337792642 0.00456164945281992
0 0.0906148867313916 0.00271342038613297
0 0.13013698630137 0.00308678205607059
0 0.0887372013651877 0.00196663552755847
0 0.108474576271186 0.0030331229745516
0 0.107023411371237 0.00392157949598891
0 0.0996563573883162 0.00363126760035793
0 0.11744966442953 0.00439316483427757
0 0.101351351351351 0.00396173826225273
0 0.100977198697068 0.00350114851748201
0 0.0986842105263158 0.00495185292184908
0 0.0927152317880795 0.00273428358388167
0 0.0989761092150171 0.0038179868462998
0 0.0912162162162162 0.00347247816933856
0 0.104026845637584 0.00304645863172158
0 0.101351351351351 0.00188970724665451
0 0.110749185667752 0.00244701117783433
0 0.0827814569536424 0.00395667630364581
0 0.122516556291391 0.00486231787832995
0 0.118811881188119 0.00358046673370574
0 0.133550488599349 0.00409590576783922
0 0.138613861386139 0.00572428701081964
0 0.0771812080536913 0.00214896935493558
0 0.115894039735099 0.00372061542400193
0 0.121212121212121 0.00432952874264603
0 0.0921501706484642 0.00389830252341594
0 0.125 0.00349217093317737
0 0.111486486486486 0.00179440160038672
0 0.106666666666667 0.00403738770785268
0 0.0733333333333333 0.00288600781946747
0 0.130872483221477 0.00515488555577418
0 0.0996677740863787 0.00172782392326061
0 0.0894039735099338 0.00251023929880423
0 0.0986394557823129 0.00311178407871096
0 0.132890365448505 0.00451999942242384
0 0.0941558441558442 0.00359724568709268
0 0.0949152542372881 0.00315869003956572
0 0.119741100323625 0.00367120725260848
0 0.127450980392157 0.00482360169032054
0 0.102649006622517 0.00473554180161672
0 0.0810810810810811 0.00241402911170809
0 0.126623376623377 0.00544910889685588
0 0.109271523178808 0.00327692350169236
0 0.118811881188119 0.00409515346023547
0 0.0936454849498328 0.00593405518167804
0 0.123376623376623 0.00322455360506545
0 0.0927835051546392 0.00234585215962836
0 0.130872483221477 0.0041189150056613
0 0.12624584717608 0.00559063833143997
0 0.115131578947368 0.0029029867049592
0 0.0884353741496599 0.00292283694799456
0 0.130293159609121 0.00411255456859741
0 0.103333333333333 0.00367086789072241
0 0.114093959731544 0.00353609600134378
0 0.111111111111111 0.00307502089031829
0 0.136666666666667 0.0042087522150547
0 0.0983606557377049 0.00273510005917043
0 0.106666666666667 0.00300464984353661
0 0.118421052631579 0.00294972507281576
0 0.0838926174496644 0.00301083738293976
0 0.11038961038961 0.00323665090106445
0 0.116666666666667 0.00409096132170504
0 0.0983050847457627 0.0024596773353659
0 0.115894039735099 0.00510206919815988
0 0.131578947368421 0.00415803488556389
0 0.0894039735099338 0.00269533663314564
0 0.10958904109589 0.00387341419005709
0 0.0945945945945946 0.00296443264122721
0 0.0942760942760943 0.00293844201947795
0 0.119601328903654 0.00351161409885007
0 0.0863787375415282 0.0028306752002143
0 0.116279069767442 0.00527539984675607
0 0.134680134680135 0.00649671638332546
0 0.0809061488673139 0.00156695143773498
0 0.122866894197952 0.00487348732115555
0 0.119047619047619 0.00431342521539447
0 0.11744966442953 0.00375845202043105
0 0.0927835051546392 0.00330362905009605
0 0.120401337792642 0.00483409832323878
0 0.123333333333333 0.00151223261060687
0 0.118421052631579 0.00458324714024931
0 0.0993377483443709 0.00188797026717979
0 0.111864406779661 0.00456816101148467
0 0.143344709897611 0.00368674234910777
0 0.100977198697068 0.00245348428034949
0 0.0721649484536082 0.00268363156022176
0 0.126712328767123 0.00393207551062478
0 0.0993150684931507 0.00271858350468262
0 0.12751677852349 0.00512325407502321
0 0.111486486486486 0.00255476891297947
0 0.119047619047619 0.00458501649934546
0 0.107843137254902 0.00321364139148186
0 0.0844155844155844 0.00304938609631447
0 0.125412541254125 0.00275381800060779
0 0.111475409836066 0.00314414150360205
0 0.119047619047619 0.00348389788382723
0 0.107744107744108 0.00182910284046753
0 0.128813559322034 0.00548033692040075
0 0.119205298013245 0.0035239387762489
0 0.096989966555184 0.00360564066555755
0 0.122923588039867 0.00146497979177167
0 0.101351351351351 0.00318559019572208
0 0.0859106529209622 0.00230027774852118
0 0.131313131313131 0.00281393754389294
0 0.0677966101694915 0.00309974821870843
0 0.0887372013651877 0.00274869360885379
0 0.118421052631579 0.00375797796694352
0 0.117845117845118 0.00406401135380029
0 0.120805369127517 0.00320136215502852
0 0.0909090909090909 0.00297130801144498
0 0.138983050847458 0.00498447584400821
0 0.133986928104575 0.0042327832335178
0 0.0833333333333333 0.00120977529206284
0 0.121212121212121 0.00351842482207463
0 0.129139072847682 0.0036870021450516
0 0.104575163398693 0.00326160438284646
0 0.0953947368421053 0.00310463275937417
0 0.109271523178808 0.00207984332674986
0 0.0962199312714777 0.00346927372679395
0 0.107023411371237 0.00290435545027882
0 0.110032362459547 0.00379592817642857
0 0.122977346278317 0.00351694444918642
0 0.133333333333333 0.00640567914689493
0 0.0833333333333333 0.00301545278057461
0 0.102739726027397 0.00327705607675427
0 0.0863787375415282 0.00157818359011483
0 0.0933333333333333 0.00120104581269323
0 0.0949152542372881 0.00240144270207829
0 0.128289473684211 0.00491704196264068
0 0.0903010033444816 0.0035746917204695
0 0.0856164383561644 0.00338752255428634
0 0.115894039735099 0.00487751339518367
0 0.0993377483443709 0.00201812501911485
0 0.130434782608696 0.00509559923586937
0 0.158415841584158 0.00780296645643586
0 0.0906040268456376 0.00252152030753216
0 0.104918032786885 0.00526725260169004
0 0.0866666666666667 0.00549942086275681
0 0.0924657534246575 0.00364053507584985
0 0.0891089108910891 0.00264022670210019
0 0.139931740614334 0.00585711509004029
0 0.116666666666667 0.00350912128549186
0 0.107843137254902 0.00322580410968367
0 0.129449838187702 0.00536666313785187
0 0.0952380952380952 0.00438953113035521
0 0.131578947368421 0.00494226416303466
0 0.12012987012987 0.00575959110998596
0 0.111111111111111 0.00331888944322883
0 0.101694915254237 0.00385234608575468
0 0.0977198697068404 0.00409328199181312
0 0.107023411371237 0.00490543232183916
0 0.0921501706484642 0.00503698096552092
0 0.14527027027027 0.00513314780025911
0 0.121710526315789 0.0027990969187474
0 0.123287671232877 0.00395973098980495
0 0.101973684210526 0.00385680987842487
0 0.0989761092150171 0.00312934800997573
0 0.124161073825503 0.00300194599309391
0 0.0885245901639344 0.00169021214730396
0 0.0846905537459283 0.0035246270145043
0 0.106164383561644 0.00364379753128433
0 0.102389078498294 0.00300966629554815
0 0.106529209621993 0.00483896759067589
0 0.13013698630137 0.00523379566528128
0 0.117056856187291 0.00481357275566857
0 0.135761589403974 0.0037189151977597
0 0.110032362459547 0.00275093745484962
0 0.125412541254125 0.00322007923173703
0 0.0830564784053156 0.00247140749817209
0 0.0996677740863787 0.00328288331278889
0 0.0821917808219178 0.00242478996463757
0 0.148026315789474 0.00408725763357974
0 0.101010101010101 0.00386597400002477
0 0.11986301369863 0.00239711520315669
0 0.143322475570033 0.00421450381847357
0 0.128813559322034 0.00386340107515499
0 0.140468227424749 0.00329849174198111
0 0.113268608414239 0.00183817093645473
0 0.115894039735099 0.00327175876833537
0 0.11038961038961 0.00395372103023873
0 0.102739726027397 0.00396176262975009
0 0.111111111111111 0.00432059753689771
0 0.100977198697068 0.00355233903118136
0 0.0947712418300654 0.0027357853639152
0 0.108108108108108 0.00355885409759528
0 0.116279069767442 0.00276760801789069
0 0.106164383561644 0.00228703189714676
0 0.13 0.00558911240818757
0 0.0983606557377049 0.00404576938358221
0 0.135313531353135 0.00703106677568123
0 0.0787671232876712 0.00173459877226404
0 0.101351351351351 0.0017784654377568
0 0.108474576271186 0.00271480056161379
0 0.103896103896104 0.0053204180046754
0 0.0728476821192053 0.000918586663878047
0 0.0819112627986348 0.00349442153016935
0 0.107023411371237 0.00356603958304712
0 0.130718954248366 0.00510774329182586
0 0.10580204778157 0.00381427248482045
0 0.115254237288136 0.00476404783758818
0 0.0976430976430976 0.00325031918614158
0 0.138613861386139 0.00499860166221442
0 0.12012987012987 0.00271841008619592
0 0.11 0.00326065483162724
0 0.0858085808580858 0.00321964777395725
0 0.131578947368421 0.00406761828089321
0 0.0887372013651877 0.00214632844021467
0 0.113013698630137 0.00435040051615145
0 0.115511551155116 0.00424995314505864
0 0.110749185667752 0.00394138956808754
0 0.0918032786885246 0.00287179674432361
0 0.110367892976589 0.00375772170517197
0 0.0790378006872852 0.00191789954802971
0 0.0942760942760943 0.003279853208383
0 0.114864864864865 0.00363117406236685
0 0.108910891089109 0.00387533032632514
0 0.152597402597403 0.00454274954608073
0 0.147157190635452 0.00431397569465731
0 0.118421052631579 0.00540592542737546
0 0.116504854368932 0.0036096644398814
0 0.0745762711864407 0.00363599467919859
0 0.116504854368932 0.00182078587216311
0 0.103092783505155 0.00626156640493807
0 0.0993150684931507 0.00479781198548446
0 0.108910891089109 0.00210004927583832
0 0.122866894197952 0.00622594794386664
0 0.127035830618893 0.00527610767944646
0 0.112582781456954 0.00252890004198561
0 0.100977198697068 0.00258909669285494
0 0.104234527687296 0.00332179153729312
0 0.11437908496732 0.00601646967620808
0 0.0930232558139535 0.00415670686860287
0 0.112956810631229 0.00420836238010356
0 0.121621621621622 0.00313470217746237
0 0.0781758957654723 0.00139344237646903
0 0.0942760942760943 0.00374705344116195
0 0.153061224489796 0.00482817128850398
0 0.115511551155116 0.00358473386393122
0 0.123333333333333 0.00260333096564312
0 0.120915032679739 0.00300324500184632
0 0.0859106529209622 0.00213972476910081
0 0.129692832764505 0.00465166339099963
0 0.137123745819398 0.00410450055716487
0 0.113013698630137 0.00505663500861126
0 0.103896103896104 0.00283867739476403
0 0.118811881188119 0.00240965566061007
0 0.0949152542372881 0.00353341208447594
0 0.121621621621622 0.00404750514369568
0 0.100671140939597 0.00303649717406103
0 0.0841423948220065 0.00339132973305028
0 0.109215017064846 0.00412098772261146
0 0.0993377483443709 0.00297182687224039
0 0.110749185667752 0.004816015451414
0 0.120274914089347 0.00384614064956635
0 0.101010101010101 0.00289902544638162
0 0.12987012987013 0.00399391147253221
0 0.122977346278317 0.00437542806941225
0 0.110367892976589 0.00344536108756584
0 0.106529209621993 0.00419844756205387
0 0.13013698630137 0.00677164950886285
0 0.129139072847682 0.00407170631555965
0 0.134020618556701 0.00421402046190066
0 0.103092783505155 0.00315013992680751
0 0.111842105263158 0.00523635669334306
0 0.126279863481229 0.00475572240592241
0 0.109271523178808 0.00367921670212152
0 0.0819672131147541 0.00188484606866229
0 0.0989761092150171 0.00335262237251352
0 0.111842105263158 0.00439886981392112
0 0.130434782608696 0.00357689286750187
0 0.111111111111111 0.00416467694864674
0 0.108108108108108 0.00415475750469163
0 0.11437908496732 0.00388515874659619
0 0.114093959731544 0.00329533649609444
0 0.0833333333333333 0.00211006062276294
0 0.13265306122449 0.00538453542395859
0 0.108552631578947 0.002481704367722
0 0.141447368421053 0.00402192737991842
0 0.0786885245901639 0.00147262957983319
0 0.116279069767442 0.0030010519806802
0 0.114478114478114 0.00353303175961335
0 0.109271523178808 0.00474070929063838
0 0.0939597315436242 0.0044191365588653
0 0.108474576271186 0.00383655019080435
0 0.120915032679739 0.00573823721226926
0 0.116279069767442 0.00495104192641444
0 0.0983050847457627 0.00357662067300967
0 0.112582781456954 0.00311980462465728
0 0.125850340136054 0.00514366206580401
0 0.108108108108108 0.00272997057861623
0 0.099009900990099 0.00406790899924056
0 0.107491856677524 0.00747264968431175
0 0.0844155844155844 0.00200209854544779
0 0.103092783505155 0.00533466731011347
0 0.12621359223301 0.00279365847775036
0 0.142857142857143 0.00557734833968331
0 0.112211221122112 0.00359750074374383
0 0.119453924914676 0.00450561694076853
0 0.125 0.00525194565950399
0 0.0955631399317406 0.00479180496691559
0 0.0949152542372881 0.00194101499962957
0 0.0955631399317406 0.00332219577055655
0 0.109215017064846 0.00357774678744013
0 0.0973154362416107 0.00253027987346517
0 0.0924657534246575 0.00601108541004005
0 0.0903010033444816 0.00294984972841239
0 0.129449838187702 0.00366485858908841
0 0.117056856187291 0.00259890691581499
0 0.112627986348123 0.00337322777550349
0 0.099009900990099 0.00231820676239977
0 0.131578947368421 0.00379934428186859
0 0.112244897959184 0.00321609618617266
0 0.0996677740863787 0.00213580140040908
0 0.0996677740863787 0.0018930299458397
0 0.117263843648208 0.00483262376116558
0 0.109634551495017 0.00318610545986607
0 0.113333333333333 0.00262204530685439
0 0.112582781456954 0.00314074682913396
0 0.105263157894737 0.00292926968961921
0 0.152317880794702 0.00503179292922153
0 0.0952380952380952 0.0033213539439115
0 0.10958904109589 0.0033023519246289
0 0.147540983606557 0.00416495142435853
0 0.0844155844155844 0.00362900596454334
0 0.0993377483443709 0.00196034811266201
0 0.107843137254902 0.00473387994446607
0 0.101351351351351 0.0038942754098765
0 0.11340206185567 0.00658150700100144
0 0.124590163934426 0.00309197218199186
0 0.125850340136054 0.0059699772316955
0 0.127090301003344 0.00343601050760323
0 0.132686084142395 0.00462585562245267
0 0.119741100323625 0.00385855394779375
0 0.104575163398693 0.00273294377185472
0 0.142857142857143 0.00323336663456717
0 0.137254901960784 0.004502894539312
0 0.0976430976430976 0.00274416620694831
0 0.0944625407166124 0.00490006146836016
0 0.135593220338983 0.00306028345585115
0 0.101010101010101 0.00347983900421794
0 0.11400651465798 0.00410883749110082
0 0.10738255033557 0.00379959712316815
0 0.0966666666666667 0.00323963401088647
0 0.155405405405405 0.00678756784266102
0 0.119741100323625 0.00468962284340917
0 0.0974025974025974 0.00439597402898972
0 0.123745819397993 0.00269827793723188
0 0.116040955631399 0.00536856405878524
0 0.124590163934426 0.00442336758974242
0 0.0962199312714777 0.00388303619410471
0 0.0912162162162162 0.00256105192462871
0 0.133779264214047 0.00330755074292231
0 0.106666666666667 0.00340195845869625
0 0.131313131313131 0.00762783089327856
0 0.0942760942760943 0.00196415132094128
0 0.102739726027397 0.00385197872280328
0 0.0962199312714777 0.0057158125733266
0 0.103896103896104 0.0058371608593077
0 0.0933333333333333 0.00400505022881443
0 0.130293159609121 0.0044548641377879
0 0.101973684210526 0.00343390746217314
0 0.0930232558139535 0.00285169282364755
0 0.138047138047138 0.00525280666363475
0 0.106796116504854 0.00395002587711154
0 0.125 0.00333778015060654
0 0.0884353741496599 0.00310669022008015
0 0.0878378378378378 0.00460033941199121
0 0.118032786885246 0.00500489363746511
0 0.120521172638436 0.00353042452833773
0 0.0966666666666667 0.00365470292345885
0 0.102040816326531 0.00384066481870375
0 0.0974025974025974 0.00366787860096047
0 0.123376623376623 0.00405092176950758
0 0.0909090909090909 0.00213803781220523
0 0.0771812080536913 0.00217973126341241
0 0.109215017064846 0.00428052000552236
0 0.122033898305085 0.00422116672267713
0 0.0993150684931507 0.0029563498920609
0 0.101351351351351 0.00177045700353966
0 0.0983050847457627 0.00264953152567747
0 0.0976430976430976 0.00413290225155685
0 0.110738255033557 0.00382963664719745
0 0.0878378378378378 0.00280995906733915
0 0.158415841584158 0.00318883852485334
0 0.0866666666666667 0.00187643540517179
0 0.105442176870748 0.0025010652538194
0 0.144781144781145 0.00583794899426167
0 0.121710526315789 0.00404833761142298
0 0.0882352941176471 0.00355498557520347
0 0.0980392156862745 0.00452078988679254
0 0.097972972972973 0.00341629153787146
0 0.120521172638436 0.00617511720733139
0 0.138513513513514 0.00436296771029944
0 0.115894039735099 0.0035733196897404
0 0.126279863481229 0.00686581364429063
0 0.0894039735099338 0.00242462895723482
0 0.0906040268456376 0.00296588867563475
0 0.0879478827361563 0.00341137274972707
0 0.114864864864865 0.00357875715728585
0 0.144295302013423 0.0048900350101068
0 0.105960264900662 0.0046495862423176
0 0.115511551155116 0.00357600647198563
0 0.109271523178808 0.00471793617525331
0 0.139072847682119 0.00486358333237333
0 0.149659863945578 0.00330816200159275
0 0.0986394557823129 0.00276338497486091
0 0.12 0.002816324209694
0 0.0986394557823129 0.00442574655996055
0 0.0983606557377049 0.00174195591923621
0 0.135761589403974 0.00546358331069943
0 0.117845117845118 0.00483820654601921
0 0.133550488599349 0.00424501859609871
0 0.0906040268456376 0.00193329809253013
0 0.104026845637584 0.005442589139547
0 0.087248322147651 0.00184321575526559
0 0.105442176870748 0.0039213738902778
0 0.105084745762712 0.00350681589548702
0 0.102739726027397 0.00375935683775812
0 0.0986394557823129 0.00394622481686387
0 0.0906040268456376 0.00216047493220248
0 0.0847457627118644 0.00342702258246755
0 0.109965635738832 0.00373882654219108
0 0.139072847682119 0.00386776534809236
0 0.11744966442953 0.00442108693198621
0 0.120915032679739 0.00500207510643564
0 0.134228187919463 0.00511519550582554
0 0.114093959731544 0.00676635254343737
0 0.126666666666667 0.00616415469733144
0 0.118032786885246 0.00360557021388464
0 0.103559870550162 0.00239063255721169
0 0.11437908496732 0.00453226935485005
0 0.109965635738832 0.0036437178445092
0 0.0863787375415282 0.00372976220235666
0 0.0833333333333333 0.0029536194286096
0 0.10958904109589 0.00383480296239279
0 0.104234527687296 0.00199948107897212
0 0.110749185667752 0.00260498647803654
0 0.0960264900662252 0.00280911631062133
0 0.114093959731544 0.00296155144975789
0 0.138983050847458 0.00421171439475745
0 0.104234527687296 0.00243229939679082
0 0.0939597315436242 0.0031980433954339
0 0.110032362459547 0.00234650163723991
0 0.10958904109589 0.00464787187949845
0 0.0996677740863787 0.002672336131511
0 0.0963455149501661 0.0029383675717009
0 0.0894039735099338 0.00281437453650397
0 0.087378640776699 0.00373908463258471
0 0.0993377483443709 0.00292547832868928
0 0.0927152317880795 0.00283966252088688
0 0.138157894736842 0.00621295637616483
0 0.107744107744108 0.00499873486036913
0 0.0559210526315789 0.00117647697194317
0 0.0983606557377049 0.00401204222588255
0 0.0939597315436242 0.00590517309484588
0 0.118032786885246 0.00489848258579135
0 0.0918032786885246 0.00476659091054906
0 0.148867313915858 0.0068448895234407
0 0.14527027027027 0.00414485784441406
0 0.122866894197952 0.00545370551211318
0 0.115511551155116 0.00341201558755041
0 0.0930232558139535 0.0029434412373188
0 0.121621621621622 0.00578467399905501
0 0.0958904109589041 0.00257753573921881
0 0.125423728813559 0.00406295125330871
0 0.119205298013245 0.00415191170132974
0 0.116279069767442 0.00296736373929211
0 0.101307189542484 0.00289270551914989
0 0.119601328903654 0.00339143907749156
0 0.124183006535948 0.00252741822956598
0 0.122977346278317 0.00350417766982109
0 0.100977198697068 0.00302026230384323
0 0.126623376623377 0.00331828491686179
0 0.113333333333333 0.00424023463917377
0 0.088135593220339 0.00397860583327232
0 0.106666666666667 0.00157784271230407
0 0.158576051779935 0.00465653809652531
0 0.0824742268041237 0.00348884887450086
0 0.11340206185567 0.00572023833511763
0 0.118243243243243 0.00270254730057119
0 0.0810810810810811 0.00250178583347099
0 0.100334448160535 0.00226087749986008
0 0.0960264900662252 0.00358767262664603
0 0.11371237458194 0.00462286119855862
0 0.0983050847457627 0.00376985850826248
0 0.127450980392157 0.0043333685437566
0 0.116279069767442 0.00451869079776911
0 0.12751677852349 0.00298766811241401
0 0.106796116504854 0.00309652065164538
0 0.102649006622517 0.00331119693212576
0 0.09 0.00173976967662983
0 0.0962199312714777 0.00191328220443456
0 0.114093959731544 0.00362551715273328
0 0.0858085808580858 0.00295657897749348
0 0.121212121212121 0.0039674771552182
0 0.116666666666667 0.00336954807258647
0 0.0787671232876712 0.00214513793132934
0 0.11340206185567 0.00725522516892769
0 0.115646258503401 0.00351872855966197
0 0.11371237458194 0.00481997337310239
0 0.113268608414239 0.00365946269265493
0 0.11340206185567 0.00216191983549374
0 0.111475409836066 0.0036959274849891
0 0.11038961038961 0.00372426342321354
0 0.0745762711864407 0.00264922387602599
0 0.0933333333333333 0.00211228385009629
0 0.127035830618893 0.00459903846110355
0 0.0844594594594595 0.00223142683622051
0 0.0782312925170068 0.0028671580818005
0 0.0933333333333333 0.00217440743538331
0 0.120401337792642 0.00392825076033929
0 0.122516556291391 0.00363291638423132
0 0.106666666666667 0.00764469609896796
0 0.119205298013245 0.00418059153590034
0 0.0933333333333333 0.00176835589760807
0 0.131313131313131 0.00380262249152844
0 0.099009900990099 0.00509772472336852
0 0.0813559322033898 0.00305716663478147
0 0.0944625407166124 0.00364796421369883
0 0.0879478827361563 0.00268002573395466
0 0.139931740614334 0.00546296302324185
0 0.0983050847457627 0.00287911340108642
0 0.115131578947368 0.00739121405955667
0 0.134228187919463 0.00419158899143812
0 0.100334448160535 0.00264308483689069
0 0.0977198697068404 0.00254985643054301
0 0.101973684210526 0.00215476595302289
0 0.101973684210526 0.00192745261807851
0 0.0784982935153584 0.00283052443634874
0 0.12012987012987 0.00455582601910674
0 0.117263843648208 0.00347306133474326
0 0.0882352941176471 0.00387357307821504
0 0.145631067961165 0.00410253087465268
0 0.122448979591837 0.00534479497771256
0 0.114093959731544 0.00187780038842047
0 0.125 0.00361975175720278
0 0.121212121212121 0.00534830181859885
0 0.104377104377104 0.00420666656811465
0 0.119047619047619 0.00419731260652236
0 0.108474576271186 0.00561309292164938
0 0.112582781456954 0.00378546649960078
0 0.0958904109589041 0.00247761858718722
0 0.103559870550162 0.00319082638304115
0 0.089041095890411 0.00480294228211583
0 0.112582781456954 0.00295429211772436
0 0.134228187919463 0.00547347653844256
0 0.101973684210526 0.00403659370375219
0 0.116279069767442 0.0023817636851
0 0.0787671232876712 0.00234791499159396
0 0.100649350649351 0.00425726169623839
0 0.107744107744108 0.00274745347561838
0 0.13961038961039 0.00520818732057798
0 0.0939597315436242 0.00167495473329268
0 0.0790378006872852 0.0024062568700917
0 0.0993150684931507 0.00264603406247786
0 0.121212121212121 0.00252958643226995
0 0.0912162162162162 0.00418220736487863
0 0.0884353741496599 0.00151168004931806
0 0.123711340206186 0.00441019005710774
0 0.128813559322034 0.00394048601606475
0 0.124590163934426 0.00339908106328431
0 0.109215017064846 0.0037915699579957
0 0.0957095709570957 0.00293994243973
0 0.111864406779661 0.00337093275381885
0 0.0958904109589041 0.00234635283295829
0 0.0958904109589041 0.00274020669278527
0 0.0779661016949153 0.00401525555899012
0 0.0863787375415282 0.00325605692754815
0 0.124579124579125 0.00437716911267035
0 0.0936454849498328 0.00280079968897872
0 0.0989761092150171 0.00297898457525065
0 0.0891089108910891 0.00442330027619062
0 0.0863787375415282 0.00157037039065198
0 0.113268608414239 0.00264846458406841
0 0.138047138047138 0.0067239345103209
0 0.131313131313131 0.00511790341265871
0 0.127868852459016 0.00329898324075159
0 0.0744336569579288 0.00200518771720208
0 0.10580204778157 0.00380430360837418
0 0.112244897959184 0.00430767912484062
0 0.112211221122112 0.00325092412316109
0 0.0771812080536913 0.00304479617801639
0 0.0859106529209622 0.00438047239875547
0 0.126712328767123 0.00356975608382094
0 0.0915032679738562 0.00169654882735154
0 0.111111111111111 0.00384798635590106
0 0.0924092409240924 0.00325447899934675
0 0.126712328767123 0.00483156726618326
0 0.0942760942760943 0.00368636166749132
0 0.116666666666667 0.00442927660158172
0 0.0887372013651877 0.00388681504548777
0 0.124579124579125 0.0043018201240214
0 0.11437908496732 0.00422631899623749
0 0.0976430976430976 0.00350578261481237
0 0.113333333333333 0.00267377914982011
0 0.11400651465798 0.00369650375875546
0 0.0941558441558442 0.0034976911399294
0 0.112627986348123 0.00352953650312089
0 0.1 0.00196640626716681
0 0.0953947368421053 0.00295271900553459
0 0.0977198697068404 0.00286435219709901
0 0.106529209621993 0.00324175293002071
0 0.105610561056106 0.00270304020381747
0 0.124161073825503 0.00386281493527797
0 0.131578947368421 0.00687286531574553
0 0.0863787375415282 0.0025422152075854
0 0.107744107744108 0.0031518220594349
0 0.0787671232876712 0.00271610923039484
0 0.13745704467354 0.00407741168148139
0 0.118243243243243 0.00328799790555781
0 0.143835616438356 0.00322190658488207
0 0.125 0.00436219810437374
0 0.0952380952380952 0.00196702713849909
0 0.0986842105263158 0.00344940936274136
0 0.101351351351351 0.0037489079984232
0 0.0947712418300654 0.00269033790065012
0 0.0983606557377049 0.00422594117570662
0 0.0921501706484642 0.0031482363431672
0 0.0952380952380952 0.00303297417625808
0 0.134680134680135 0.00518849249177882
0 0.126666666666667 0.00469293548219267
0 0.138983050847458 0.00447868923961355
0 0.0980392156862745 0.00287057754246078
0 0.10958904109589 0.00425763738049023
0 0.102310231023102 0.00448291887625025
0 0.132890365448505 0.00403036269939639
0 0.0918367346938776 0.00549851112500549
0 0.103559870550162 0.00356468172936069
0 0.106164383561644 0.00311158938726594
0 0.12621359223301 0.0038368384062725
0 0.122112211221122 0.00430989231278759
0 0.111486486486486 0.00476825464065351
0 0.0955631399317406 0.00319125951183575
0 0.125 0.0031971928274753
0 0.137123745819398 0.00421675029245426
0 0.125 0.00624573455192666
0 0.0810810810810811 0.00242767173361519
0 0.125 0.00491093482857875
0 0.112582781456954 0.00382682397166271
0 0.102649006622517 0.00295147174874518
0 0.107744107744108 0.0039900156457488
0 0.118811881188119 0.00204822037312738
0 0.125850340136054 0.00382898402685078
0 0.0833333333333333 0.00197441058574455
0 0.10738255033557 0.00700635975395404
0 0.108843537414966 0.00462626423635481
0 0.122516556291391 0.00385654917051007
0 0.155115511551155 0.00438117967117891
0 0.1 0.00234413483872912
0 0.147260273972603 0.00419678798135852
0 0.0878378378378378 0.00492852975443597
0 0.133105802047782 0.00273912801087676
0 0.107744107744108 0.00474888014570962
0 0.112956810631229 0.00362903117441968
0 0.111475409836066 0.00634587013338707
0 0.122923588039867 0.0052493452649637
0 0.112627986348123 0.00458260799708034
0 0.103559870550162 0.00315439959165589
0 0.103333333333333 0.00233600617951967
0 0.133779264214047 0.00562868892480307
0 0.112211221122112 0.00631000436130567
0 0.101694915254237 0.00255601724213783
0 0.125850340136054 0.00406368145531745
0 0.107744107744108 0.00372915162464853
0 0.089041095890411 0.00231275810416616
0 0.111842105263158 0.00379320847095313
0 0.136212624584718 0.00520806796399239
0 0.129251700680272 0.00311748173211633
0 0.105610561056106 0.00318218786127309
0 0.104026845637584 0.00352132224408469
0 0.0635451505016722 0.00305618800194709
0 0.103559870550162 0.00401481238063458
0 0.147540983606557 0.00424600289127433
0 0.146103896103896 0.00501923006075237
0 0.126666666666667 0.00648848478958238
0 0.113268608414239 0.0042860835487138
0 0.124183006535948 0.00515921864227727
0 0.115511551155116 0.00377841933044408
0 0.110367892976589 0.00468438809290306
0 0.0939597315436242 0.0022173237595714
0 0.0942760942760943 0.00317241650078276
0 0.106312292358804 0.004061804930758
0 0.0869565217391304 0.00163600196298002
0 0.125 0.00329889852340427
0 0.15 0.00516652740552954
0 0.0906040268456376 0.00241588542804217
0 0.128289473684211 0.00228781289300909
0 0.117056856187291 0.00342188908520627
0 0.117845117845118 0.00501123709724844
0 0.13961038961039 0.00386565606657243
0 0.126623376623377 0.00456157626670474
0 0.107744107744108 0.00379392610648305
0 0.140468227424749 0.00384394745426833
0 0.134680134680135 0.00443534495359831
0 0.109271523178808 0.00379574757754663
0 0.118243243243243 0.00412817696243587
0 0.129139072847682 0.00304210030826521
0 0.0893470790378007 0.00512781022913957
0 0.124183006535948 0.00410051809887745
0 0.116279069767442 0.00330386601188836
0 0.0976430976430976 0.00434302753808994
0 0.12621359223301 0.00457304086733308
0 0.0789473684210526 0.00252682793941473
0 0.103092783505155 0.00343000140209827
0 0.12624584717608 0.00558701039378465
0 0.10958904109589 0.00273431357801326
0 0.119205298013245 0.00339877415033978
0 0.103092783505155 0.00434994127829199
0 0.126666666666667 0.0044003147881455
0 0.127450980392157 0.00314746598828762
0 0.146666666666667 0.00498895778119469
0 0.128378378378378 0.00507241386870858
0 0.0882352941176471 0.00365325214901358
0 0.0915254237288136 0.00434913488364086
0 0.0856164383561644 0.00351164638205002
0 0.133116883116883 0.004533597237646
0 0.14041095890411 0.00627374149464609
0 0.128712871287129 0.00480011372653137
0 0.111111111111111 0.00382180887200257
0 0.148867313915858 0.00407183150728743
0 0.122516556291391 0.00370055652940357
0 0.118811881188119 0.00505950506732824
0 0.0924657534246575 0.00291346240153535
0 0.13 0.00650111259678338
0 0.133116883116883 0.00358810949167006
0 0.100977198697068 0.00350958470341038
0 0.0966666666666667 0.00226886406681322
0 0.123376623376623 0.00300689622165382
0 0.125412541254125 0.0048560612992123
0 0.120915032679739 0.00343648866572326
0 0.105263157894737 0.00399044974044534
0 0.106164383561644 0.00237325428428232
0 0.124161073825503 0.00434668446886079
0 0.134868421052632 0.00581217698848756
0 0.120274914089347 0.00434434176536559
0 0.116438356164384 0.0039895689291146
0 0.113013698630137 0.00580356806171365
0 0.123333333333333 0.00373995312956981
0 0.0915254237288136 0.00365375748970987
0 0.112582781456954 0.00361558371549278
0 0.14527027027027 0.00394385749738254
0 0.125412541254125 0.00507332508826136
0 0.0986394557823129 0.0030050956612792
0 0.106796116504854 0.00404714070670843
0 0.117647058823529 0.00343925585733733
0 0.125850340136054 0.00395494362582555
0 0.113013698630137 0.00301545521589028
0 0.089041095890411 0.00142271385934303
0 0.13 0.00483534453243956
0 0.122923588039867 0.00338591555965523
0 0.0756013745704467 0.00215536858190444
0 0.117263843648208 0.00437821111369751
0 0.1 0.00422490834702941
0 0.136363636363636 0.00381228232351411
0 0.0787671232876712 0.00227865832172099
0 0.141414141414141 0.00546765906511709
0 0.0849673202614379 0.00380427103201727
0 0.102739726027397 0.00375909189242874
0 0.147651006711409 0.00366672570589521
0 0.105442176870748 0.00419817978859704
0 0.106666666666667 0.00326275566868654
0 0.156146179401993 0.00492931449616376
0 0.106312292358804 0.00237614111594035
0 0.122033898305085 0.00270678265197767
0 0.0888157894736842 0.00301218821677931
0 0.104234527687296 0.00421156216671531
0 0.111864406779661 0.00332159901380196
0 0.121311475409836 0.00452551728744917
0 0.127450980392157 0.00470301823719026
0 0.123333333333333 0.00570888552166148
0 0.0863787375415282 0.00177870010787018
0 0.11400651465798 0.00451996469840949
0 0.111111111111111 0.0023938389378446
0 0.119205298013245 0.00298265055599979
0 0.0921501706484642 0.00167079765457688
0 0.0888157894736842 0.00280674963673954
0 0.0644067796610169 0.00191916887976467
0 0.12751677852349 0.00722068626993341
0 0.110032362459547 0.00318705395278603
0 0.121311475409836 0.00630351970169705
0 0.10580204778157 0.00359693135424853
0 0.120521172638436 0.00326310605978755
0 0.118811881188119 0.00346584606597183
0 0.102649006622517 0.00202704249627363
0 0.106529209621993 0.00445089672329089
0 0.0822368421052632 0.00321452229827817
0 0.135761589403974 0.0035656674337408
0 0.12751677852349 0.00370333276352124
0 0.127035830618893 0.00653582757373348
0 0.0844155844155844 0.0037503097708244
0 0.10580204778157 0.00415139687012582
0 0.0836120401337793 0.00225505987553426
0 0.0790378006872852 0.00539583673478328
0 0.113636363636364 0.00450203367245635
0 0.12012987012987 0.00449414720548757
0 0.112956810631229 0.00326476979877365
0 0.0887372013651877 0.00318215320847252
0 0.116504854368932 0.00266631456676923
0 0.111864406779661 0.00376019259507612
0 0.101694915254237 0.00376429793340451
0 0.119741100323625 0.00483831122586447
0 0.0983050847457627 0.00268422722639835
0 0.144736842105263 0.00731787049427768
0 0.130584192439863 0.00202163952321686
0 0.097972972972973 0.00404981442585155
0 0.12751677852349 0.00767293880565105
0 0.0745762711864407 0.00376446803213619
0 0.13 0.00483505511818733
0 0.0986394557823129 0.00322718534915007
0 0.122866894197952 0.00402443222379985
0 0.126623376623377 0.00402542507500454
0 0.142372881355932 0.0036862024875125
0 0.127035830618893 0.00493888042438584
0 0.115894039735099 0.00350876365311406
0 0.104575163398693 0.00503965617046609
0 0.104918032786885 0.00249454069955389
0 0.131313131313131 0.00335023783856821
0 0.100323624595469 0.00663791620975337
0 0.111864406779661 0.00346945936137368
0 0.123376623376623 0.00294613238399243
0 0.106164383561644 0.00369795635294038
0 0.14 0.00412871796023581
0 0.162866449511401 0.00602256525813981
0 0.12012987012987 0.00377356653736678
0 0.122516556291391 0.0108783636321432
0 0.138613861386139 0.0042894849245319
0 0.115646258503401 0.00392637912897083
0 0.087248322147651 0.00532891915115311
0 0.11864406779661 0.00502495466659782
0 0.0927152317880795 0.0028286864861431
0 0.119205298013245 0.00453663421594442
0 0.097972972972973 0.00227947790657086
0 0.108196721311475 0.00271357795074833
0 0.112211221122112 0.00276302628147796
0 0.0980392156862745 0.00383305028052337
0 0.103678929765886 0.00242795688350636
0 0.0921501706484642 0.0049606032394881
0 0.0750853242320819 0.0031110324918004
0 0.103092783505155 0.00412093909785337
0 0.112211221122112 0.00319396684438532
0 0.107142857142857 0.00287020210685258
0 0.10738255033557 0.00294485743361974
0 0.118032786885246 0.00437833067092951
0 0.107744107744108 0.00476583551516805
0 0.106666666666667 0.00343837870924198
0 0.0996563573883162 0.00355202608464097
0 0.141447368421053 0.00343932055204621
0 0.111486486486486 0.00167094181654632
0 0.114093959731544 0.00344103984997266
0 0.0915032679738562 0.00345679109548162
0 0.115894039735099 0.00428803712813178
0 0.134680134680135 0.00617180484118032
0 0.0953947368421053 0.0024366846913507
0 0.100977198697068 0.00516236832652032
0 0.108196721311475 0.00210062382333103
0 0.129692832764505 0.00267973594374122
0 0.142372881355932 0.00550161631128439
0 0.0952380952380952 0.00320371743401588
0 0.105263157894737 0.00286986906060643
0 0.115646258503401 0.0060818314035318
0 0.09 0.00343853514214747
0 0.106796116504854 0.00334431422875982
0 0.119601328903654 0.0036064365125271
0 0.0789473684210526 0.00562874337878169
0 0.104026845637584 0.00225681967226343
0 0.129692832764505 0.00554539361518146
0 0.117263843648208 0.00445638878285012
0 0.109965635738832 0.00218495506237851
0 0.09 0.00330594216416671
0 0.0924092409240924 0.0041084166261562
0 0.0849673202614379 0.00208911563640034
0 0.105610561056106 0.00419076869666348
0 0.116438356164384 0.00393388705476521
0 0.127946127946128 0.00384676005826995
0 0.113268608414239 0.0024512693777737
0 0.130872483221477 0.00486385071735361
0 0.102310231023102 0.00378957568584681
0 0.0996563573883162 0.00328683966761244
0 0.131313131313131 0.00292830342985365
0 0.0894039735099338 0.00295093976458951
0 0.122516556291391 0.0034326623292005
0 0.120521172638436 0.00449064756485097
0 0.125850340136054 0.00502775618645634
0 0.132203389830508 0.00389641557086196
0 0.115894039735099 0.00265447878725915
0 0.112627986348123 0.00313119456500381
0 0.0779661016949153 0.00194858575842682
0 0.111842105263158 0.00386046994413693
0 0.129139072847682 0.00447803048405545
0 0.0976430976430976 0.00351023521213235
0 0.104575163398693 0.0029526085040471
0 0.0714285714285714 0.00199197468571774
0 0.134868421052632 0.00507265542507644
0 0.12751677852349 0.00384295025724376
0 0.107843137254902 0.00279871064900016
0 0.0952380952380952 0.00211413490624806
0 0.11038961038961 0.00376078497280364
0 0.0993377483443709 0.00289175141998484
0 0.0746753246753247 0.00133371331180017
0 0.118811881188119 0.00336602701965641
0 0.0989761092150171 0.00295267674538743
0 0.132013201320132 0.00444839011408645
0 0.097972972972973 0.00423633947598293
0 0.0792079207920792 0.00185571438185467
0 0.130434782608696 0.00714190911147111
0 0.0938511326860841 0.00439999426100351
0 0.131147540983607 0.00617112351621134
0 0.0958904109589041 0.00415656439616831
0 0.112582781456954 0.00482553214394117
0 0.106529209621993 0.00432410688853605
0 0.148148148148148 0.00452818900841365
0 0.100671140939597 0.00312915253400487
0 0.118811881188119 0.00325931428748119
0 0.107023411371237 0.00288215951556026
0 0.104234527687296 0.0035415901902959
0 0.0909090909090909 0.00350727210667829
0 0.101351351351351 0.00386278155655944
0 0.116040955631399 0.00371012144757628
0 0.111486486486486 0.00518447145931477
0 0.114754098360656 0.0040849914823382
0 0.107491856677524 0.00326396037954265
0 0.139455782312925 0.00474143815718147
0 0.135313531353135 0.00334163557384862
0 0.0875420875420875 0.00588315285440951
0 0.0909090909090909 0.00376368965551738
0 0.106164383561644 0.00355205599309754
0 0.0986842105263158 0.00356559266780924
0 0.0993377483443709 0.0019314254435386
0 0.153094462540717 0.00570239761824095
0 0.109271523178808 0.00380066873921338
0 0.105960264900662 0.00204589322352421
0 0.103092783505155 0.00366708051248622
0 0.12751677852349 0.00633544901574141
0 0.0841423948220065 0.00286609806344303
0 0.10580204778157 0.00338055337844088
0 0.124183006535948 0.00653272547532909
0 0.137254901960784 0.00351657773366804
0 0.136807817589577 0.00479057173742292
0 0.111864406779661 0.00426632177689379
0 0.111842105263158 0.00445971343057352
0 0.107744107744108 0.0039883561737768
0 0.0856164383561644 0.00451464110599679
0 0.116838487972509 0.00464803209653728
0 0.0970873786407767 0.00324541219162382
0 0.123778501628664 0.00450552067153223
0 0.111475409836066 0.00417684680009523
0 0.122977346278317 0.00357893392217098
0 0.103678929765886 0.00304283871695657
0 0.119601328903654 0.00752861346108951
0 0.0784982935153584 0.00247231437825981
0 0.0996677740863787 0.00222404002805979
0 0.0790378006872852 0.00411771460792021
0 0.13 0.00480929799045284
0 0.11371237458194 0.00364893230994954
0 0.0962199312714777 0.00298878498684221
0 0.0993150684931507 0.00406599262006592
0 0.0966666666666667 0.00313039110444632
0 0.145695364238411 0.00519257087647877
0 0.0786885245901639 0.00152619512207189
0 0.0830564784053156 0.00236307180788695
0 0.124161073825503 0.00361580855438223
0 0.110738255033557 0.00401393179611695
0 0.104575163398693 0.00318805474252359
0 0.111842105263158 0.00333197524271959
0 0.124161073825503 0.00355860093476447
0 0.117263843648208 0.00435738029583762
0 0.0887372013651877 0.00428169647513857
0 0.124579124579125 0.00406956468099329
0 0.0825082508250825 0.00400983060565694
0 0.114864864864865 0.00261135103302469
0 0.0853242320819113 0.00435388673663404
0 0.10472972972973 0.00249018336373584
0 0.135761589403974 0.00337246903053666
0 0.132890365448505 0.00500011017242158
0 0.0989761092150171 0.00255609957074252
0 0.101010101010101 0.00331431307683718
0 0.112211221122112 0.00351881126471601
0 0.10580204778157 0.00378152842071048
0 0.135135135135135 0.00418768218777028
0 0.116666666666667 0.00276429521540565
0 0.0949152542372881 0.00322981404491356
0 0.0983606557377049 0.00293182528020468
0 0.101639344262295 0.00237212590154652
0 0.123778501628664 0.00452734827017652
0 0.124161073825503 0.00348239205904309
0 0.0673400673400673 0.00255774280690523
0 0.0879478827361563 0.00254610806182601
0 0.111864406779661 0.00328134053972609
0 0.136054421768707 0.00495646893842393
0 0.0830564784053156 0.00373527531362353
0 0.12751677852349 0.00347026975564616
0 0.136212624584718 0.00516801158430022
0 0.11371237458194 0.00407452480864341
0 0.111842105263158 0.0033365311702926
0 0.139931740614334 0.00554781771725963
0 0.115894039735099 0.00391788598606599
0 0.10472972972973 0.00416052630029811
0 0.129568106312292 0.0031398485325191
0 0.101694915254237 0.00497404382807316
0 0.131313131313131 0.00621797572791544
0 0.118032786885246 0.00503859368790486
0 0.106312292358804 0.00260331079042116
0 0.150501672240803 0.00516886395250428
0 0.121621621621622 0.00281410243075713
0 0.102310231023102 0.00195797484880119
0 0.101639344262295 0.00575097511132067
0 0.12624584717608 0.00575067753715226
0 0.108474576271186 0.00302376695794618
0 0.115131578947368 0.00412154790327025
0 0.0983606557377049 0.00319498767051355
0 0.106529209621993 0.00354509725520005
0 0.103559870550162 0.00504867485204009
0 0.100671140939597 0.00345876044064946
0 0.104234527687296 0.00276137567612223
0 0.0891089108910891 0.00271686994422266
0 0.10738255033557 0.00291779663083694
0 0.116438356164384 0.0031171748947358
0 0.124183006535948 0.00340150747016315
0 0.127946127946128 0.00404567705619521
0 0.123376623376623 0.00510862444381605
0 0.116279069767442 0.00237569046135025
0 0.117845117845118 0.00596959162550956
0 0.0962199312714777 0.00406755844844777
0 0.101694915254237 0.00301444955437969
0 0.122923588039867 0.00618145676480697
0 0.126666666666667 0.00304796338984092
0 0.11437908496732 0.00327535158593281
0 0.121710526315789 0.00367419465632956
0 0.120915032679739 0.00580457613030665
0 0.0844594594594595 0.00347300418974423
0 0.096989966555184 0.00232806508203648
0 0.138513513513514 0.00392387360961671
0 0.125423728813559 0.00467447397468095
0 0.09 0.00109699683908114
0 0.108196721311475 0.00312288837754538
0 0.11400651465798 0.00423826041001138
0 0.126623376623377 0.00500118516692956
0 0.140983606557377 0.00337103765497468
0 0.124161073825503 0.00288728601730179
0 0.0962199312714777 0.00188294911868975
0 0.101351351351351 0.00235326105323365
0 0.108196721311475 0.00670079996840237
0 0.0915254237288136 0.00403767618830274
0 0.118811881188119 0.00295849323181985
0 0.113636363636364 0.00309989307549279
0 0.125 0.00619597795066598
0 0.109215017064846 0.00690350661153628
0 0.0944625407166124 0.00354009359641104
0 0.114478114478114 0.0049477686988221
0 0.102649006622517 0.00365934613517413
0 0.130584192439863 0.00333083908905808
0 0.125850340136054 0.00470543687624688
0 0.10738255033557 0.00297050368149095
0 0.0960264900662252 0.00188548998597307
0 0.116279069767442 0.00573227920345717
0 0.109965635738832 0.00411026154677659
0 0.101639344262295 0.0046729177426445
0 0.108474576271186 0.00351824752334737
0 0.157377049180328 0.00521888583733342
0 0.100323624595469 0.00479377067236315
0 0.114754098360656 0.00428685855458775
0 0.11744966442953 0.00139075292409525
0 0.112211221122112 0.00532003447921485
0 0.0909090909090909 0.00621964566114379
0 0.112956810631229 0.0042993215876125
0 0.130718954248366 0.00656827683711474
0 0.0918367346938776 0.00248990044901084
0 0.122112211221122 0.00621603095192366
0 0.121710526315789 0.0047572666306525
0 0.119601328903654 0.00463355263542762
0 0.108552631578947 0.00347831268167243
0 0.136054421768707 0.00482054937050381
0 0.133550488599349 0.00484946444597844
0 0.087248322147651 0.00487141785995208
0 0.10958904109589 0.00333727757431012
0 0.0912162162162162 0.00326707129346628
0 0.105960264900662 0.00417287905682672
0 0.120805369127517 0.00448283342605728
0 0.113268608414239 0.0024563762319578
0 0.136518771331058 0.00482695126689241
0 0.106666666666667 0.00333638399509724
0 0.134426229508197 0.00391682939262259
0 0.106529209621993 0.00399841853856043
0 0.132450331125828 0.00453265205169382
0 0.127450980392157 0.00387365872035965
0 0.0852459016393443 0.00287781847185354
0 0.112582781456954 0.00167842292967466
0 0.08 0.0033493650351457
0 0.0879478827361563 0.00249032186056569
0 0.0941558441558442 0.00305154316655996
0 0.102649006622517 0.00326874782161033
0 0.111486486486486 0.0038261770371734
0 0.0949152542372881 0.00338385327725876
0 0.116838487972509 0.00335563811127235
0 0.138613861386139 0.00524080722234702
0 0.0887372013651877 0.00677328344651436
0 0.102990033222591 0.00347729357371006
0 0.125 0.00452143914099754
0 0.101010101010101 0.00300370188033036
0 0.120274914089347 0.00455269412747438
0 0.122866894197952 0.00337326820576643
0 0.0962199312714777 0.00458887500409286
0 0.127868852459016 0.00334304893314729
0 0.100671140939597 0.00368052331154052
0 0.117647058823529 0.00480772669875705
0 0.10472972972973 0.00357395746355145
0 0.120805369127517 0.00289016658717041
0 0.114754098360656 0.00403454505022004
0 0.0912052117263844 0.00328138657959935
0 0.0980392156862745 0.0034250886422183
0 0.102739726027397 0.00617419460113623
0 0.136363636363636 0.00405787805003245
0 0.127147766323024 0.00573862258160465
0 0.0745762711864407 0.00398472071443651
0 0.147058823529412 0.00463080148971446
0 0.110749185667752 0.00407957178128813
0 0.126279863481229 0.00392701035444537
0 0.136986301369863 0.00382100464230457
0 0.116504854368932 0.0025903157238886
0 0.0844155844155844 0.00254554501127343
0 0.0936454849498328 0.00284507667009023
0 0.131313131313131 0.00331365093593871
0 0.100671140939597 0.0025610700827434
0 0.0866666666666667 0.00243417274213184
0 0.10472972972973 0.00276761517098032
0 0.119205298013245 0.00265494291923736
0 0.0847457627118644 0.00360953866006713
0 0.122866894197952 0.00410666634870322
0 0.111111111111111 0.00373047658909032
0 0.0962199312714777 0.00427697074685202
0 0.127868852459016 0.00279122950683469
0 0.116504854368932 0.00536391897087592
0 0.14041095890411 0.00315702914375968
0 0.121621621621622 0.00499849723770601
0 0.0909090909090909 0.00442237193261523
0 0.112582781456954 0.00364345770884817
0 0.112244897959184 0.00267737771101873
0 0.101973684210526 0.00354874718290869
0 0.089041095890411 0.00396358013388379
0 0.112956810631229 0.00343099090149919
0 0.102389078498294 0.00386648109190552
0 0.0879478827361563 0.00222473447883373
0 0.0836120401337793 0.00218008983218868
0 0.134868421052632 0.00523777375216646
0 0.113268608414239 0.0031358938591537
0 0.119741100323625 0.00443013851399698
0 0.0894039735099338 0.00233483703073194
0 0.115131578947368 0.00521125655362074
0 0.0790378006872852 0.00276189976524429
0 0.134868421052632 0.00622069007755289
0 0.130293159609121 0.00256846718736753
0 0.0830564784053156 0.0025893615284487
0 0.129139072847682 0.00399250963642038
0 0.138047138047138 0.0054669288080898
0 0.11864406779661 0.00354086042232415
0 0.111475409836066 0.00314726285090605
0 0.0850340136054422 0.00436980183360265
0 0.0960264900662252 0.00233546883524009
0 0.0993377483443709 0.0032837792569071
0 0.100977198697068 0.00233348509280465
0 0.103678929765886 0.00370255546704339
0 0.109215017064846 0.00434565688650727
0 0.0847457627118644 0.00193093231018653
0 0.0970873786407767 0.00372091838950466
0 0.0963455149501661 0.00450215307305833
0 0.0945945945945946 0.00363534204862963
0 0.13013698630137 0.00446919415264799
0 0.0996563573883162 0.00416313687978869
0 0.0652920962199313 0.00213046014429205
0 0.0921501706484642 0.00262692098119415
0 0.0810810810810811 0.00157191894280572
0 0.1 0.00362048469569759
0 0.142384105960265 0.00417153367045714
0 0.102649006622517 0.0027778301278599
0 0.124590163934426 0.00413949375928502
0 0.0950819672131148 0.00424453057676731
0 0.0719178082191781 0.00363407809488647
0 0.123711340206186 0.00419417243320832
0 0.0983606557377049 0.00279978899862618
0 0.0924092409240924 0.00253622267110975
0 0.108910891089109 0.00426453878190744
0 0.0836120401337793 0.00245719571990325
0 0.118421052631579 0.00260340659993098
0 0.0850340136054422 0.0070992711776955
0 0.0924657534246575 0.00347181939491839
0 0.0909090909090909 0.00285812125027815
0 0.1 0.0046555446223377
0 0.0924657534246575 0.00576515132040351
0 0.12 0.0026163188580835
0 0.156146179401993 0.00584576534026431
0 0.132013201320132 0.00617055008560081
0 0.0852459016393443 0.00347317298589161
0 0.105610561056106 0.00360970796287073
0 0.10472972972973 0.00337292674655802
0 0.0853242320819113 0.00274195199883312
0 0.106529209621993 0.00378092395847551
0 0.113333333333333 0.00343494984704526
0 0.117845117845118 0.00339029690507754
0 0.110032362459547 0.00344620244179457
0 0.134868421052632 0.00479398351382297
0 0.114093959731544 0.00252367597110977
0 0.0939597315436242 0.00340224932167269
0 0.0983050847457627 0.0024038778850179
0 0.12 0.00463545374822325
0 0.0962199312714777 0.00253420261360101
0 0.117263843648208 0.00343126239544662
0 0.0939597315436242 0.00316245290518904
0 0.0950819672131148 0.00325269591254837
0 0.11744966442953 0.00338986452456274
0 0.125 0.00406125638339579
0 0.129692832764505 0.00422606759827961
0 0.0950819672131148 0.00395852340285297
0 0.0973154362416107 0.00512152272959088
0 0.0805369127516778 0.00264979499733355
0 0.0977198697068404 0.00271924849389194
0 0.0876623376623377 0.0026950624867533
0 0.13 0.00455803356025582
0 0.151006711409396 0.00806305693718056
0 0.141414141414141 0.0054331881536652
0 0.0953947368421053 0.00282836797133885
0 0.109271523178808 0.00171719272155234
0 0.0963455149501661 0.00419268975896574
0 0.0888157894736842 0.00299337728860348
0 0.123778501628664 0.00439882780144404
0 0.109215017064846 0.00382156791306431
0 0.105610561056106 0.00276120151256958
0 0.136363636363636 0.00289629021402405
0 0.130718954248366 0.00421831404968775
0 0.0996563573883162 0.00202712223716666
0 0.133986928104575 0.00503942135144401
0 0.101351351351351 0.00233719666002155
0 0.108474576271186 0.00456621824127852
0 0.143322475570033 0.00690030392090485
0 0.104234527687296 0.00353114582961624
0 0.136518771331058 0.00748334946205091
0 0.112244897959184 0.0043722678701072
0 0.128813559322034 0.00247438370737776
0 0.105610561056106 0.00403302789550356
0 0.102990033222591 0.00450380044174464
0 0.0888157894736842 0.00292574605158507
0 0.0953947368421053 0.00281576187397778
0 0.129251700680272 0.0090131619435867
0 0.115511551155116 0.00385591433099802
0 0.113013698630137 0.00446571053282219
0 0.0819112627986348 0.0025798286636475
0 0.0955631399317406 0.00312108243162596
0 0.110749185667752 0.0031810083829287
0 0.105263157894737 0.00389282301431579
0 0.12751677852349 0.00273841287285846
0 0.144329896907216 0.00598175712522501
0 0.114754098360656 0.00260191618871692
0 0.0986394557823129 0.0028268397035304
0 0.128289473684211 0.00274062098618104
0 0.116666666666667 0.00319749341549754
0 0.108108108108108 0.0041197480569438
0 0.110367892976589 0.00340663401194869
0 0.103896103896104 0.00129801844136651
0 0.0921052631578947 0.00232077912020067
0 0.140522875816993 0.00423913169506242
0 0.0730897009966777 0.00216405874085507
0 0.119741100323625 0.00378257784077328
0 0.103092783505155 0.00317449545294787
0 0.0909090909090909 0.00363239066117138
0 0.0821917808219178 0.00243171514861555
0 0.128712871287129 0.00380564690771307
0 0.103559870550162 0.00344321194312777
0 0.115131578947368 0.00246100798769146
0 0.0885245901639344 0.00254483316029264
0 0.0869565217391304 0.00175085071899045
0 0.112211221122112 0.00366126653876608
0 0.0963455149501661 0.00284004464555029
0 0.122866894197952 0.00305712219165126
0 0.0858085808580858 0.00223391232089226
0 0.0960264900662252 0.0035123275901278
0 0.113013698630137 0.00453338685498388
0 0.111475409836066 0.00459136874754811
0 0.112956810631229 0.0031846717014979
0 0.0966666666666667 0.00289489911322524
0 0.0957095709570957 0.0053919321365043
0 0.0878378378378378 0.00275463225111136
0 0.108552631578947 0.0049268249385215
0 0.107142857142857 0.00315251808112113
0 0.120274914089347 0.003982868739203
0 0.128813559322034 0.00392624690824285
0 0.096989966555184 0.00333073881270913
0 0.11864406779661 0.00527894013383504
0 0.0856164383561644 0.00319727630274453
0 0.122448979591837 0.00387106891418495
0 0.0976430976430976 0.00184200282961646
0 0.125423728813559 0.00415378798842837
0 0.112582781456954 0.00318709943075852
0 0.113333333333333 0.00358358203580913
0 0.100334448160535 0.00307527242377418
0 0.136666666666667 0.00482071127594818
0 0.0882352941176471 0.00249739712800005
0 0.109271523178808 0.00383958177638227
0 0.12751677852349 0.00417266262815127
0 0.110367892976589 0.00373093577470392
0 0.103092783505155 0.0036603575723226
0 0.0766666666666667 0.00274135227646587
0 0.13758389261745 0.00474982939213626
0 0.087248322147651 0.00314599826963206
0 0.122866894197952 0.00631750786886545
0 0.121621621621622 0.0056784751572611
0 0.12621359223301 0.00564760362633586
0 0.099009900990099 0.00380233565379422
0 0.0933333333333333 0.00324510979300842
0 0.116279069767442 0.00387756677855628
0 0.0878378378378378 0.00544015621639324
0 0.0647249190938511 0.00171325469674742
0 0.0866666666666667 0.00319197048648152
0 0.109634551495017 0.00189273723760756
0 0.13 0.00291732931460736
0 0.121212121212121 0.00465997835029707
0 0.0962199312714777 0.00652523608315436
0 0.0794701986754967 0.00279067262813034
0 0.0825082508250825 0.00275532983593917
0 0.0986842105263158 0.00402084034809527
0 0.103333333333333 0.00484344583185166
0 0.107744107744108 0.00534770031338756
0 0.14 0.00568397490800241
0 0.134680134680135 0.00500063501005537
0 0.111111111111111 0.00317997309619522
0 0.113268608414239 0.00362275818804832
0 0.122448979591837 0.00481726891787559
0 0.12987012987013 0.00278079909097449
0 0.125850340136054 0.00294649554981193
0 0.126279863481229 0.0041884087627168
0 0.0957095709570957 0.00280288270834599
0 0.139072847682119 0.00573986209705743
0 0.125412541254125 0.00429413592231992
0 0.125850340136054 0.0044984155725469
0 0.12751677852349 0.00421237517263302
0 0.1 0.00229124232140053
0 0.117263843648208 0.00407087566433745
0 0.110738255033557 0.00520552094485012
0 0.102310231023102 0.00603711509331383
0 0.101639344262295 0.00566112678146346
0 0.128289473684211 0.00533621799380873
0 0.119047619047619 0.00347336799838462
0 0.0930232558139535 0.00378023712357492
0 0.107491856677524 0.00488848887577112
0 0.101010101010101 0.00445982312967709
0 0.0733333333333333 0.00390103716399798
0 0.147260273972603 0.00575496376395374
0 0.122516556291391 0.00358041695355749
0 0.132013201320132 0.00314696187155571
0 0.0726072607260726 0.00183789922358931
0 0.136054421768707 0.00461476249196392
0 0.125412541254125 0.00454056519754447
0 0.0884353741496599 0.00411804883281205
0 0.134228187919463 0.00476615877254156
0 0.0953947368421053 0.00303194854107864
0 0.111842105263158 0.003849668208974
0 0.103896103896104 0.00350159633741679
0 0.0885245901639344 0.0035675330154872
0 0.0853242320819113 0.00251442748158932
0 0.144295302013423 0.00521428675072092
0 0.121621621621622 0.00509899922678192
0 0.116040955631399 0.00245449290683729
0 0.125423728813559 0.00607799550421061
0 0.0993377483443709 0.00264503087509659
0 0.110749185667752 0.00416994640855965
0 0.134228187919463 0.00432493781184913
0 0.13915857605178 0.00590324099188761
0 0.118243243243243 0.00378954208410717
0 0.123287671232877 0.00445715843149925
0 0.136054421768707 0.00502735776184728
0 0.089041095890411 0.00345233314827381
0 0.121710526315789 0.00458027333347635
0 0.13915857605178 0.00341541698834032
0 0.0939597315436242 0.00577710896331099
0 0.0716723549488055 0.00266584795405169
0 0.111475409836066 0.0046462278946122
0 0.0976430976430976 0.00234147631407255
0 0.106796116504854 0.00344511186179686
0 0.087248322147651 0.00182333484709988
0 0.12 0.00394970404278375
0 0.100323624595469 0.00343669611039617
0 0.112956810631229 0.00397873243221094
0 0.138047138047138 0.00689820077796532
0 0.126666666666667 0.00469724360244399
0 0.109634551495017 0.00345858946162638
0 0.114478114478114 0.00345059895616099
0 0.116666666666667 0.00353774890571439
0 0.089041095890411 0.00311294062263776
0 0.0950819672131148 0.00163041107742392
0 0.103896103896104 0.00359682105247052
0 0.129449838187702 0.00433802927957293
0 0.105442176870748 0.00379428690271488
0 0.143790849673203 0.00339361105682269
0 0.127946127946128 0.0112013042476301
0 0.108474576271186 0.00324404049890849
0 0.127035830618893 0.00413397849366955
0 0.117845117845118 0.00363666945203795
0 0.125827814569536 0.00618847193188837
0 0.0903010033444816 0.00294367149878813
0 0.097972972972973 0.00361085428300433
0 0.076158940397351 0.00262823348727326
0 0.112244897959184 0.00434320041235989
0 0.0993150684931507 0.00344431811297552
0 0.103678929765886 0.00481870281353334
0 0.105610561056106 0.00471145092173255
0 0.108196721311475 0.00408468689040431
0 0.127868852459016 0.00468313657755138
0 0.0885245901639344 0.00267639155826999
0 0.109271523178808 0.0037362884918081
0 0.102739726027397 0.00340055863683386
0 0.12012987012987 0.00589078889783214
0 0.108474576271186 0.00283731597750812
0 0.0897009966777409 0.00171061702386124
0 0.106796116504854 0.00406901217149928
0 0.123745819397993 0.00394391650530478
0 0.112244897959184 0.00297691895501804
0 0.0962199312714777 0.00695271022665461
0 0.112244897959184 0.00307874598266912
0 0.136666666666667 0.00288257939284083
0 0.147058823529412 0.00344924225508082
0 0.0787671232876712 0.00409279761732329
0 0.133561643835616 0.00969520325657911
0 0.122112211221122 0.00357170837657471
0 0.103559870550162 0.00322405050837442
0 0.133779264214047 0.00409108949814022
0 0.0962199312714777 0.00256036659246216
0 0.108196721311475 0.00195772123040101
0 0.140939597315436 0.0042484784349428
0 0.100977198697068 0.00301368341212555
0 0.123745819397993 0.00530579432177927
0 0.115131578947368 0.00645893897923322
0 0.099009900990099 0.0037146625137346
0 0.125 0.00374667675485239
0 0.116504854368932 0.00502611314764549
0 0.11400651465798 0.00490445903568214
0 0.124579124579125 0.00413442871514544
0 0.0903010033444816 0.00508895083227865
0 0.171521035598705 0.00600646993572379
0 0.136212624584718 0.00437867476557661
0 0.096989966555184 0.00543298468298113
0 0.12012987012987 0.00412525573892003
0 0.0924092409240924 0.00270984431930664
0 0.121621621621622 0.00612076440048921
0 0.105084745762712 0.002320823304635
0 0.0714285714285714 0.00158205071580789
0 0.121710526315789 0.00482205049493301
0 0.130718954248366 0.00608362532148324
0 0.0936454849498328 0.00292145602943744
0 0.118243243243243 0.00580383831064199
0 0.0942760942760943 0.00282355073962045
0 0.130718954248366 0.00415954324515739
0 0.111111111111111 0.00281893528021588
0 0.146757679180887 0.00484436332113127
0 0.122923588039867 0.00282134892953521
0 0.0983606557377049 0.00303850982108095
0 0.0976430976430976 0.00266302500818352
0 0.106796116504854 0.00288445054605093
0 0.12 0.00296603124755828
0 0.0924657534246575 0.00254848124997287
0 0.129568106312292 0.00358146463565204
0 0.100323624595469 0.00328600835036268
0 0.145631067961165 0.00476044915157873
0 0.104575163398693 0.00345034295707956
0 0.118421052631579 0.00219213052919547
0 0.105960264900662 0.00425407334942634
0 0.104026845637584 0.0054194100174298
0 0.128712871287129 0.00554648122636462
0 0.0973154362416107 0.00311802626170323
0 0.116279069767442 0.0029221002839641
0 0.12751677852349 0.00497800665110868
0 0.104026845637584 0.00276080840278047
0 0.112956810631229 0.00426476222711693
0 0.115254237288136 0.00456647356062838
0 0.118032786885246 0.00429852883482497
0 0.104026845637584 0.00359663955923687
0 0.12751677852349 0.00406863516897683
0 0.0733333333333333 0.00168427309412449
0 0.109271523178808 0.00415143217485577
0 0.105084745762712 0.00397080989468981
0 0.11744966442953 0.00404807660470052
0 0.108552631578947 0.00369095685107533
0 0.0912052117263844 0.00349223145937988
0 0.0996563573883162 0.0027474716046677
0 0.104377104377104 0.00303612273848244
0 0.114864864864865 0.00384805617306639
0 0.118421052631579 0.00395992485531694
0 0.114478114478114 0.00345024427735025
0 0.0847457627118644 0.00299490882950547
0 0.122923588039867 0.00399889180602923
0 0.140939597315436 0.00426286540782797
0 0.137254901960784 0.00379125731588915
0 0.120521172638436 0.00374615731274703
0 0.133779264214047 0.0046405684204368
0 0.0859106529209622 0.00231986702633527
0 0.124183006535948 0.0050487207248495
0 0.151202749140893 0.00513942008598023
0 0.0833333333333333 0.00299802141078615
0 0.107023411371237 0.00617713651516148
0 0.0918367346938776 0.00404316985967708
0 0.128813559322034 0.00456569630534755
0 0.0903010033444816 0.00163787818808251
0 0.0996677740863787 0.00469009431639971
0 0.120274914089347 0.00432185715079469
0 0.115254237288136 0.00326397900417272
0 0.0955631399317406 0.00229859504205407
0 0.0774410774410774 0.00268750579363246
0 0.11864406779661 0.00400967959039255
0 0.11744966442953 0.00422709735409563
0 0.100334448160535 0.0023907726953263
0 0.11340206185567 0.00309391489033123
0 0.0927835051546392 0.00391345402646724
0 0.0936454849498328 0.00201877882361852
0 0.108843537414966 0.00282727544291081
0 0.0993377483443709 0.00324521109036414
0 0.101973684210526 0.00371312609848831
0 0.137123745819398 0.00488336808159636
0 0.118811881188119 0.00568494398015452
0 0.118421052631579 0.00386682870164607
0 0.0859106529209622 0.00269523566055355
0 0.138513513513514 0.00294788143461022
0 0.117647058823529 0.00398949506955564
0 0.129251700680272 0.00335741418417471
0 0.0790378006872852 0.00337000060741759
0 0.108108108108108 0.00717333338705376
0 0.0887372013651877 0.00198040394830349
0 0.152027027027027 0.00533916373241429
0 0.125 0.00429798263611932
0 0.113268608414239 0.00180448259792925
0 0.0983606557377049 0.00412610681061182
0 0.0939597315436242 0.0034663251092734
0 0.122516556291391 0.00398208517850496
0 0.112956810631229 0.00301923201181743
0 0.0963455149501661 0.00386924896493808
0 0.102739726027397 0.00240965241513804
0 0.0966666666666667 0.00158407016695983
0 0.12987012987013 0.00517397920516838
0 0.118811881188119 0.00480398571975671
0 0.125 0.00483913888176864
0 0.142394822006472 0.00322448882519853
0 0.120915032679739 0.0053506302968166
0 0.152597402597403 0.00501335713164057
0 0.103896103896104 0.00321917514902661
0 0.0912052117263844 0.00232039032621859
0 0.12987012987013 0.00264063642072616
0 0.0957095709570957 0.00407244515775683
0 0.109634551495017 0.00355328998678013
0 0.0894039735099338 0.00260340248553455
0 0.116883116883117 0.00257252105725108
0 0.0849673202614379 0.00300932904421054
0 0.0986842105263158 0.00273586135942422
0 0.0927835051546392 0.00289095641459814
0 0.0855263157894737 0.00314202250405986
0 0.129251700680272 0.00419888452263899
0 0.178451178451178 0.00770638924760897
0 0.0924092409240924 0.00328467315947433
0 0.11038961038961 0.00387360377968729
0 0.0941558441558442 0.00315280798867002
0 0.0977198697068404 0.00417238391353175
0 0.122112211221122 0.00283057116345514
0 0.122866894197952 0.004610569457252
0 0.128712871287129 0.00589170047151377
0 0.128289473684211 0.00438374273783928
0 0.120915032679739 0.00410146634558518
0 0.113636363636364 0.00442635452039237
0 0.11 0.00285820552114998
0 0.0816993464052288 0.00265135557750658
0 0.108910891089109 0.00319167015142165
0 0.112956810631229 0.00255826427427176
0 0.122866894197952 0.00522194372110578
0 0.0903010033444816 0.00302716738521936
0 0.0644067796610169 0.00192411776743321
0 0.110749185667752 0.00458554142720468
0 0.0949152542372881 0.00197108124405893
0 0.112582781456954 0.00316638777788829
0 0.0945945945945946 0.00195354580224497
0 0.0863787375415282 0.00193467953712121
0 0.1 0.003114944097723
0 0.114093959731544 0.00406236164366336
0 0.0986394557823129 0.0017320745957009
0 0.103896103896104 0.00299836484445683
0 0.0986842105263158 0.00250152639306055
0 0.133986928104575 0.00493855965306093
0 0.0738255033557047 0.00414932006612896
0 0.125 0.00444119379603448
0 0.122977346278317 0.00632875414221862
0 0.119601328903654 0.00407376119981944
0 0.0853242320819113 0.00377124017940505
0 0.0859106529209622 0.00279952657602754
0 0.106529209621993 0.00483769005426802
0 0.105610561056106 0.00309567905713263
0 0.115646258503401 0.00318612307819373
0 0.0960264900662252 0.00300423110283845
0 0.0841423948220065 0.0039319917622123
0 0.122923588039867 0.00585032822561717
0 0.0973154362416107 0.00185117497581938
0 0.139455782312925 0.00421814996495369
0 0.0996677740863787 0.00348305672434754
0 0.136363636363636 0.00337386078625276
0 0.128712871287129 0.00369073361050215
0 0.0950819672131148 0.00207445310977092
0 0.110749185667752 0.00435829265117384
0 0.0936454849498328 0.0039297718378089
0 0.111111111111111 0.00317697298999557
0 0.0915254237288136 0.00302147511342662
0 0.118243243243243 0.00373042610255626
0 0.128378378378378 0.00415925913601922
0 0.11744966442953 0.00370458716691092
0 0.0850340136054422 0.00268146947066714
0 0.100977198697068 0.00397785546898367
0 0.131147540983607 0.00418004000092293
0 0.0602006688963211 0.00300956586318466
0 0.0915032679738562 0.00387823927153909
0 0.0996677740863787 0.00285078384788846
0 0.122866894197952 0.00382745962503522
0 0.111864406779661 0.00465576028359591
0 0.104377104377104 0.00376281973229442
0 0.106796116504854 0.00327635940147807
0 0.0771812080536913 0.0030522084211723
0 0.0983050847457627 0.00177611044790575
0 0.126623376623377 0.0055737348709865
0 0.0816993464052288 0.002585602605331
0 0.0906040268456376 0.00230921650233818
0 0.113013698630137 0.00649920881249029
0 0.102739726027397 0.00411450791818957
0 0.115646258503401 0.00368773756212399
0 0.11864406779661 0.00355250983083082
0 0.120915032679739 0.00457963616529959
0 0.113013698630137 0.00417909344902998
0 0.0962199312714777 0.00262483882295812
0 0.111111111111111 0.00656830751647247
0 0.0816326530612245 0.00220658390127322
0 0.0858085808580858 0.00336058974832974
0 0.102739726027397 0.00377138080696989
0 0.108910891089109 0.00361168215686182
0 0.0973154362416107 0.00347169753471215
0 0.0993150684931507 0.00469563583927806
0 0.130434782608696 0.00567771864519945
0 0.0983050847457627 0.00263046428840752
0 0.116279069767442 0.00419822450884709
0 0.100334448160535 0.00450901680988118
0 0.100334448160535 0.00638449657604138
0 0.125412541254125 0.00445196508521613
0 0.112244897959184 0.00315608226395105
0 0.0955631399317406 0.00190836700917439
0 0.102739726027397 0.003625495449033
0 0.113268608414239 0.00179958963077021
0 0.128289473684211 0.00374006279474197
0 0.0927152317880795 0.00359597136250121
0 0.121311475409836 0.00367787968907861
0 0.120274914089347 0.00404408902708879
0 0.0983606557377049 0.00239906172647652
0 0.121212121212121 0.00534762246661967
0 0.106164383561644 0.00600313339523757
0 0.0942760942760943 0.00297213785667299
0 0.111111111111111 0.00399320664367545
0 0.0852459016393443 0.00262464352221602
0 0.112582781456954 0.00283399529341595
0 0.0884353741496599 0.00239455819418408
0 0.131147540983607 0.0033834000292769
0 0.126623376623377 0.00688620703480727
0 0.117647058823529 0.00432736560422996
0 0.106796116504854 0.0019980892732833
0 0.107142857142857 0.00329500310653888
0 0.0970873786407767 0.00398175850238025
0 0.11038961038961 0.0032549763001239
0 0.106666666666667 0.00209525952013761
0 0.122923588039867 0.00515070816420716
0 0.100334448160535 0.00469673899070037
0 0.106666666666667 0.00404539849204637
0 0.120521172638436 0.00433637333865568
0 0.141914191419142 0.00583658773197673
0 0.122977346278317 0.00333043560011151
0 0.135135135135135 0.00506363361838505
0 0.0850340136054422 0.0018149787646592
0 0.0781758957654723 0.00198302139710041
0 0.096989966555184 0.0069792850940096
0 0.135922330097087 0.00799061443545754
0 0.0993150684931507 0.00295545606982105
0 0.128378378378378 0.00469124413327475
0 0.096989966555184 0.00428597809450839
0 0.108108108108108 0.00405936388920536
0 0.11038961038961 0.00458622511422992
0 0.119453924914676 0.00380576139546129
0 0.116666666666667 0.00434036497782177
0 0.104575163398693 0.00143601184883051
0 0.123778501628664 0.0048844014721808
0 0.126712328767123 0.00485910992699716
0 0.13758389261745 0.00487396555924583
0 0.110738255033557 0.00325490263652243
0 0.0849673202614379 0.00178436773795962
0 0.130293159609121 0.00417569753549741
0 0.0802675585284281 0.00296476006268277
0 0.112956810631229 0.00367489782744622
0 0.0836120401337793 0.0022151298801479
0 0.0893470790378007 0.00253634458555492
0 0.108108108108108 0.0033175712928123
0 0.0958904109589041 0.0027923195598035
0 0.150819672131148 0.00554068205754454
0 0.112211221122112 0.00254925064595317
0 0.114864864864865 0.00296083779896144
0 0.0942760942760943 0.00383080924186655
0 0.138047138047138 0.00596599954268811
0 0.0942760942760943 0.00195472614379726
0 0.110367892976589 0.00343370558493911
0 0.114478114478114 0.00247915822434233
0 0.125423728813559 0.00456877096941873
0 0.138983050847458 0.00775947811802299
0 0.0993377483443709 0.00333648232178053
0 0.122516556291391 0.00335991354366939
0 0.106312292358804 0.00278370044619786
0 0.0939597315436242 0.0022490644572744
0 0.119601328903654 0.0033616344289322
0 0.097972972972973 0.00406423262120707
0 0.122866894197952 0.0045765724622458
0 0.101307189542484 0.00308328111773796
0 0.119047619047619 0.00497510231341968
0 0.118421052631579 0.00305998081409354
0 0.110738255033557 0.00432178242628813
0 0.088135593220339 0.0028122247817454
0 0.111111111111111 0.00405409970452551
0 0.111486486486486 0.0040759644425319
0 0.130293159609121 0.00469015781750292
0 0.0963455149501661 0.00217455249826366
0 0.10958904109589 0.00789386944749408
0 0.0855263157894737 0.00364833155227714
0 0.099009900990099 0.00295576666820021
0 0.0921501706484642 0.003713653792767
0 0.096989966555184 0.00295962804509179
0 0.0850340136054422 0.00233836478254342
0 0.132450331125828 0.0068893986531165
0 0.100334448160535 0.00391705041562528
0 0.133105802047782 0.00501408604657109
0 0.0858085808580858 0.00274983723159084
0 0.109215017064846 0.00324538463905553
0 0.133561643835616 0.00597265334847527
0 0.116883116883117 0.00484704107366214
0 0.11400651465798 0.00722615135675069
0 0.11038961038961 0.00264348482208558
0 0.122448979591837 0.00445666044266066
0 0.129449838187702 0.00331137354463554
0 0.125423728813559 0.00295088231894052
0 0.102040816326531 0.00267147438088368
0 0.106312292358804 0.00266429799175816
0 0.106529209621993 0.0026407206119606
0 0.132013201320132 0.00380683064828995
0 0.0921052631578947 0.00202767846353076
0 0.102040816326531 0.00273509982168799
0 0.128813559322034 0.00252865148818444
0 0.0821917808219178 0.00373223775341133
0 0.0973154362416107 0.00422309342011885
0 0.109634551495017 0.00393122837204692
0 0.111111111111111 0.00257540180214581
0 0.106312292358804 0.00370773777461436
0 0.10738255033557 0.00500303008140847
0 0.147651006711409 0.00450659868455394
0 0.122448979591837 0.00338643373145975
0 0.121710526315789 0.0026182099605979
0 0.0825082508250825 0.00305012855156395
0 0.0996677740863787 0.00470665061695637
0 0.125412541254125 0.0062378375163733
0 0.0858085808580858 0.00277751466600842
0 0.12 0.00345920029096178
0 0.103092783505155 0.00313638906413626
0 0.108843537414966 0.00351849290340438
0 0.108474576271186 0.00448643622858159
0 0.0853242320819113 0.00434367766240542
0 0.0952380952380952 0.0029856489101995
0 0.13265306122449 0.00431999394568302
0 0.100977198697068 0.00466547914858865
0 0.128289473684211 0.00392942974123427
0 0.133333333333333 0.00353875112313346
0 0.111475409836066 0.00401461081496871
0 0.117647058823529 0.00325777256134643
0 0.101694915254237 0.00440936616825617
0 0.0952380952380952 0.00287870121009496
0 0.133333333333333 0.00414370795887096
0 0.10958904109589 0.00449879645199721
0 0.107023411371237 0.00356223808581177
0 0.113268608414239 0.00385494530281324
0 0.0973154362416107 0.00371612220446701
0 0.0993377483443709 0.00268522652401392
0 0.12 0.00326841099153834
0 0.110749185667752 0.00308009115533308
0 0.0996677740863787 0.00550796263774433
0 0.13961038961039 0.00492238542437898
0 0.101307189542484 0.00398600048709176
0 0.130434782608696 0.00356084471169707
0 0.106164383561644 0.00420391605007964
0 0.108196721311475 0.00249972620059652
0 0.127868852459016 0.00312163323650358
0 0.0751633986928105 0.00385853699839656
0 0.108843537414966 0.00366517891798668
0 0.140893470790378 0.00525115871067823
0 0.127090301003344 0.00671362351228935
0 0.111475409836066 0.00602773718379563
0 0.119453924914676 0.00286487922063105
0 0.103092783505155 0.00285325325575822
0 0.144262295081967 0.00386575702485425
0 0.0918367346938776 0.00316882603744012
0 0.118421052631579 0.00461987559677578
0 0.140983606557377 0.00506933037157789
0 0.100334448160535 0.00305015724796483
0 0.117647058823529 0.00325494451458715
0 0.11437908496732 0.00344726993684975
0 0.138157894736842 0.00561397219096071
0 0.102990033222591 0.00333344712619105
0 0.122923588039867 0.00349735613547263
0 0.128289473684211 0.00612978759785448
0 0.0878378378378378 0.00382327255054697
0 0.132203389830508 0.0043120405428759
0 0.101010101010101 0.00251915466277863
0 0.128289473684211 0.0045838427352834
0 0.133333333333333 0.00437433149236419
0 0.115511551155116 0.00282616908222088
0 0.0866666666666667 0.00346109862078272
0 0.105442176870748 0.00297856273408667
0 0.0906148867313916 0.00294582611172692
0 0.101010101010101 0.00141079994674791
0 0.111111111111111 0.00319151203581311
0 0.116504854368932 0.00406027151383462
0 0.08 0.00379769175892016
0 0.131147540983607 0.00438450401714643
0 0.0936454849498328 0.00264721414296268
0 0.132686084142395 0.00367879611009502
0 0.0884353741496599 0.00340548490783031
0 0.0821917808219178 0.00327137400009857
0 0.10738255033557 0.00364519560582967
0 0.0933333333333333 0.00304650538226925
0 0.117647058823529 0.00510916896438665
0 0.0745762711864407 0.00228585427077
0 0.102310231023102 0.00393092085958633
0 0.088135593220339 0.00354214043187793
0 0.09 0.00365847199097357
0 0.112627986348123 0.00332273657921792
0 0.0878378378378378 0.00545307895284
0 0.0924092409240924 0.00264711464467484
0 0.102649006622517 0.00387199270764962
0 0.0882352941176471 0.00305857657422245
0 0.0983606557377049 0.00324101516637889
0 0.0850340136054422 0.00273009388238747
0 0.0983606557377049 0.0044739835187645
0 0.0938511326860841 0.00235246648674557
0 0.109634551495017 0.00298542934876905
0 0.137254901960784 0.00404674806029828
0 0.11437908496732 0.00349184294446736
0 0.100671140939597 0.00339363485107462
0 0.0958904109589041 0.00386408527706007
0 0.139455782312925 0.00406441950598863
0 0.116838487972509 0.0050115895238756
0 0.127946127946128 0.00351985354039918
0 0.139072847682119 0.00421982417188403
0 0.123711340206186 0.00407281030765329
0 0.0960264900662252 0.00484427818675294
0 0.0986394557823129 0.00473123226388976
0 0.0884353741496599 0.00294717035799686
0 0.111864406779661 0.00265157011865399
0 0.108196721311475 0.00501235998579158
0 0.0927835051546392 0.00297713890334978
0 0.10738255033557 0.00475476074266438
0 0.136363636363636 0.002640002439131
0 0.0702341137123746 0.00177568070299237
0 0.108196721311475 0.00395400750445643
0 0.0866666666666667 0.00253106472753767
0 0.124161073825503 0.00490464640974232
0 0.107142857142857 0.00641237085267656
0 0.119601328903654 0.00537794225043677
0 0.132890365448505 0.00550548350100761
0 0.102389078498294 0.00663401546569014
0 0.0878378378378378 0.00246040916584334
0 0.129139072847682 0.00473894310012561
0 0.101639344262295 0.00164386586947425
0 0.100977198697068 0.00510747528897058
0 0.127946127946128 0.00408408614858061
0 0.138613861386139 0.00465115410665234
0 0.113268608414239 0.00290080621397374
0 0.115894039735099 0.00452784025852716
0 0.120521172638436 0.00327824576392986
0 0.122112211221122 0.00317736818065226
0 0.115254237288136 0.00371627587553681
0 0.10472972972973 0.0037384194687751
0 0.141414141414141 0.00552291441996059
0 0.0756578947368421 0.00143279344183684
0 0.123745819397993 0.00629888824650231
0 0.0983050847457627 0.00337188038951228
0 0.100334448160535 0.00285375389802704
0 0.116279069767442 0.00388436827258518
0 0.146579804560261 0.00532042165462597
0 0.11 0.00262745635668973
0 0.116438356164384 0.00482022541328349
0 0.111486486486486 0.00399134622950561
0 0.0918367346938776 0.00461545963868311
0 0.11400651465798 0.0040328400616595
0 0.100323624595469 0.00485525484442617
0 0.108474576271186 0.0049558742219278
0 0.129449838187702 0.00406366824241601
0 0.100649350649351 0.00255106697467006
0 0.112582781456954 0.00334975930066946
0 0.138047138047138 0.0040342698881965
0 0.102990033222591 0.003608798332046
0 0.125 0.00334935831613346
0 0.0983050847457627 0.00304301563889366
0 0.096989966555184 0.00150993630497097
0 0.0844155844155844 0.00410104520228245
0 0.0996563573883162 0.00332021599848343
0 0.0915032679738562 0.0033816325212284
0 0.122448979591837 0.00592344496927202
0 0.102649006622517 0.00298832514560001
0 0.129139072847682 0.00482205352237044
0 0.108474576271186 0.00482288237318057
0 0.110367892976589 0.00385647154285278
0 0.10958904109589 0.00470082107188254
0 0.116279069767442 0.00243359553052674
0 0.0986842105263158 0.00236968125127213
0 0.118811881188119 0.00299130989103012
0 0.106666666666667 0.00250798868414241
0 0.104234527687296 0.003093484283656
0 0.100649350649351 0.00206519587314393
0 0.113268608414239 0.0031801668115358
0 0.113013698630137 0.00387665532064768
0 0.0830564784053156 0.00355545081284816
0 0.106666666666667 0.00401863374922151
0 0.115511551155116 0.00347117084558305
0 0.101639344262295 0.00346292401967362
0 0.111864406779661 0.00476111445066654
0 0.121212121212121 0.00664260814613253
0 0.105960264900662 0.00352277897547418
0 0.100334448160535 0.00284047056048723
0 0.128289473684211 0.00576225727959486
0 0.12012987012987 0.00450837314679012
0 0.0893470790378007 0.0037692781217931
0 0.130872483221477 0.00663478444814387
0 0.143333333333333 0.00534352838110001
0 0.142857142857143 0.00502742853891864
0 0.0986842105263158 0.00416236379125222
0 0.105084745762712 0.00285592945353086
0 0.111864406779661 0.00622840406278798
0 0.123745819397993 0.00298601593222028
0 0.12 0.00367377655658873
0 0.120915032679739 0.00415757622984033
0 0.11 0.0038228944150542
0 0.089041095890411 0.00324798088407434
0 0.106666666666667 0.00375057475919767
0 0.120401337792642 0.00629521352341953
0 0.0986842105263158 0.00372718884646489
0 0.07 0.00186376866888456
0 0.103333333333333 0.00274419121819419
0 0.140522875816993 0.00652333940816538
0 0.123745819397993 0.00387161913552443
0 0.089041095890411 0.00202963589420494
0 0.088135593220339 0.00235233908830271
0 0.133550488599349 0.00442088008545923
0 0.0859106529209622 0.00332509541204421
0 0.124183006535948 0.0040729925194637
0 0.0802675585284281 0.00253115585801216
0 0.105084745762712 0.0030252490009794
0 0.121621621621622 0.00267827930633221
0 0.124590163934426 0.00376278705033322
0 0.101694915254237 0.00298875956495431
0 0.11340206185567 0.00624248572840398
0 0.0941558441558442 0.00221908803123484
0 0.116883116883117 0.00631935914035896
0 0.0743243243243243 0.00343877965862392
0 0.102739726027397 0.00325426017986838
0 0.100334448160535 0.00244437723541433
0 0.0918367346938776 0.0019571670762936
0 0.110749185667752 0.00317193353906449
0 0.105263157894737 0.0038134361075331
0 0.106164383561644 0.00275813902036301
0 0.0822368421052632 0.00159105735256348
0 0.099009900990099 0.00337676599000523
0 0.114754098360656 0.00310972241073593
0 0.0949152542372881 0.00228404157328849
0 0.0684931506849315 0.00238776129307401
0 0.114754098360656 0.00320870507657864
0 0.12 0.00464713924558848
0 0.0952380952380952 0.00400085543517426
0 0.107023411371237 0.00293542137542398
0 0.135761589403974 0.00530205819024693
0 0.122448979591837 0.00613361860207098
0 0.116438356164384 0.00431566955802548
0 0.108474576271186 0.00300660058110593
0 0.0944625407166124 0.00389334475640126
0 0.128813559322034 0.00347173135913291
0 0.110367892976589 0.00409745355923154
0 0.130293159609121 0.00513459439673755
0 0.0684931506849315 0.00324501104831591
0 0.12987012987013 0.00403368347065574
0 0.150684931506849 0.00577544923720826
0 0.120805369127517 0.00361272729342018
0 0.0711864406779661 0.00400457541806897
0 0.089041095890411 0.00419687094945803
0 0.114478114478114 0.0037673640714971
0 0.0989761092150171 0.00415087345000699
0 0.0924092409240924 0.00237131259578658
0 0.114864864864865 0.00517577408829047
0 0.113333333333333 0.00409637256885823
0 0.0677966101694915 0.00253301419195144
0 0.0819112627986348 0.00323287519542664
0 0.0614334470989761 0.00205458073508176
0 0.103333333333333 0.0025915890678109
0 0.0794701986754967 0.00143718573466177
0 0.121621621621622 0.00415208998026677
0 0.125 0.00406305699699059
0 0.116883116883117 0.00461965680876714
0 0.125827814569536 0.00368801983561217
0 0.114093959731544 0.00376081894681117
0 0.101973684210526 0.00372439395956673
0 0.104575163398693 0.00325969358794801
0 0.0973154362416107 0.00289477239582974
0 0.118811881188119 0.00430231645383415
0 0.11340206185567 0.00421653979530711
0 0.130293159609121 0.00373783218462253
0 0.125412541254125 0.00536833003101457
0 0.102649006622517 0.00439678538307954
0 0.117845117845118 0.0043159731668201
0 0.109215017064846 0.00628929624382577
0 0.122866894197952 0.00422762943113697
0 0.096989966555184 0.00307223975529595
0 0.11864406779661 0.00256362736620352
0 0.123778501628664 0.0034881524445786
0 0.118811881188119 0.00385668121105111
0 0.107142857142857 0.00485433664493374
0 0.141447368421053 0.00538255989715947
0 0.140939597315436 0.00469972210031044
0 0.107023411371237 0.00372577137360717
0 0.100671140939597 0.00455842551809797
0 0.107142857142857 0.00346173799107862
0 0.0936454849498328 0.00381044345627414
0 0.112956810631229 0.00290431133861458
0 0.105263157894737 0.00412397470882645
0 0.119741100323625 0.00342831161623523
0 0.140983606557377 0.00472381030715749
0 0.116504854368932 0.00353223793817903
0 0.0963455149501661 0.00223948641475309
0 0.102040816326531 0.00326310644795032
0 0.0833333333333333 0.00511862548467157
0 0.124161073825503 0.00379994166688925
0 0.122516556291391 0.00384642078520213
0 0.125423728813559 0.00564934345825409
0 0.151006711409396 0.00387872760178528
0 0.0986842105263158 0.00242021907199887
0 0.101351351351351 0.00278765855574927
0 0.158783783783784 0.00494331428122994
0 0.109271523178808 0.00228068813603772
0 0.123333333333333 0.00373404876563631
0 0.117056856187291 0.00422249200851329
0 0.125423728813559 0.0052235016045023
0 0.108910891089109 0.00251335571010718
0 0.124590163934426 0.00349172472055006
0 0.11864406779661 0.00919696074565693
0 0.133779264214047 0.00309048832228274
0 0.120805369127517 0.00566834882536774
0 0.117056856187291 0.00492917504590602
0 0.132890365448505 0.00401811917093037
0 0.0962199312714777 0.00379329178736962
0 0.111864406779661 0.00350323946889573
0 0.112627986348123 0.00350624458634695
0 0.124183006535948 0.00438489360933863
0 0.09 0.00293708890431738
0 0.0983050847457627 0.00425193242874558
0 0.103559870550162 0.00303778566732133
0 0.108843537414966 0.00442032736132248
0 0.0887372013651877 0.00204387804015259
0 0.12624584717608 0.00345797725693205
0 0.0856164383561644 0.00231325119279438
0 0.107142857142857 0.00321282390511539
0 0.0936454849498328 0.00452905741725654
0 0.0869565217391304 0.00396402509990139
0 0.127868852459016 0.00381818809231584
0 0.0986394557823129 0.00656604671084867
0 0.111111111111111 0.00361506436731654
0 0.0784313725490196 0.001513872533038
0 0.0863787375415282 0.00229749843577197
0 0.1 0.00337653534341575
0 0.099009900990099 0.00231394238502422
0 0.104026845637584 0.00365124339943581
0 0.096989966555184 0.00200234055227207
0 0.0750853242320819 0.0020862933725943
0 0.117845117845118 0.00352303561978093
0 0.0942760942760943 0.00253255050688149
0 0.11371237458194 0.00330467089471091
0 0.11 0.00316275402550884
0 0.0859106529209622 0.00145073090798674
0 0.122866894197952 0.00253601259765035
0 0.099009900990099 0.00604793882245891
0 0.0912052117263844 0.00434443040914056
0 0.0853242320819113 0.00251365426361186
0 0.118243243243243 0.00718360958412249
0 0.117845117845118 0.00281230128033466
0 0.114754098360656 0.00279222425214095
0 0.0974025974025974 0.00339319952953199
0 0.12621359223301 0.00387974359834014
0 0.113268608414239 0.00276874443757889
0 0.0915032679738562 0.00224409387470962
0 0.112956810631229 0.00290745124182175
0 0.112956810631229 0.00434227295648236
0 0.107744107744108 0.00428041111370219
0 0.0957095709570957 0.00444818495876907
0 0.104918032786885 0.00236944953253145
0 0.120805369127517 0.00326562814796642
0 0.109215017064846 0.00387627240912997
0 0.123376623376623 0.00455571702022571
0 0.114864864864865 0.00251308430457281
0 0.0859106529209622 0.00177964748185832
0 0.0945945945945946 0.0028266459000686
0 0.0893470790378007 0.00259636970515945
0 0.108843537414966 0.0045235036875277
0 0.121621621621622 0.00360997522419532
0 0.0878378378378378 0.00215227907460532
0 0.13953488372093 0.00643766188847358
0 0.124579124579125 0.0024729023868262
0 0.108552631578947 0.00329477418889654
0 0.102649006622517 0.00586716013644227
0 0.125423728813559 0.00437586421672701
0 0.116883116883117 0.0039974289226294
0 0.12621359223301 0.00459665413747656
0 0.120274914089347 0.00501165558516775
0 0.0927835051546392 0.00387822144317134
0 0.123778501628664 0.00449265098937755
0 0.097972972972973 0.00202267659126716
0 0.100334448160535 0.00226308478813976
0 0.119205298013245 0.00812584947878798
0 0.0819112627986348 0.00363364168378499
0 0.0993150684931507 0.00298004213743641
0 0.0781758957654723 0.00290738606513764
0 0.0903010033444816 0.00149912975785875
0 0.11437908496732 0.00524416410262815
0 0.129139072847682 0.00326307560915046
0 0.138613861386139 0.00424627143229557
0 0.118032786885246 0.0040656636668188
0 0.0821917808219178 0.00275945752070685
0 0.0827814569536424 0.00196413545015086
0 0.13265306122449 0.00459085204492258
0 0.11744966442953 0.00496161712772271
0 0.119047619047619 0.0033108330180573
0 0.118421052631579 0.00392466062825807
0 0.115646258503401 0.00526146047201394
0 0.122112211221122 0.0022683052729979
0 0.123745819397993 0.00291928725104888
0 0.151515151515152 0.00678997542845748
0 0.0986394557823129 0.00339905801785438
0 0.130872483221477 0.00402078434454782
0 0.111864406779661 0.00421306368069413
0 0.101010101010101 0.00199693554892243
0 0.102739726027397 0.00375560079566536
0 0.158249158249158 0.00696150103377956
0 0.0974025974025974 0.00267216971417141
0 0.0944625407166124 0.00160432871694175
0 0.121311475409836 0.00385719989614817
0 0.15 0.00524796340021354
0 0.128813559322034 0.00662264157265499
0 0.109215017064846 0.00321335514740752
0 0.123711340206186 0.00487655453231186
0 0.114864864864865 0.00222414357808991
0 0.114478114478114 0.00462690961637386
0 0.127090301003344 0.00229928112788805
0 0.134680134680135 0.00541581403549139
0 0.107491856677524 0.00401277029127079
0 0.103678929765886 0.00493532943069466
0 0.128712871287129 0.00513720671614727
0 0.125 0.00474378459634479
0 0.112627986348123 0.00364419670061232
0 0.0918367346938776 0.00212395633904362
0 0.0894039735099338 0.002741302382574
0 0.0936454849498328 0.00387580540419081
0 0.0894039735099338 0.00188453474355673
0 0.107023411371237 0.00309918807739964
0 0.12012987012987 0.00613291514933367
0 0.126666666666667 0.00507046825612253
0 0.115131578947368 0.0028664215990557
0 0.0855263157894737 0.00374303574065714
0 0.113268608414239 0.00271185224246381
0 0.0950819672131148 0.00282225901834482
0 0.108552631578947 0.0044714006445893
0 0.0869565217391304 0.003745160501293
0 0.105610561056106 0.00347433410029087
0 0.124579124579125 0.00624960886581922
0 0.124579124579125 0.00498422998967533
0 0.114864864864865 0.00585851956447994
0 0.104026845637584 0.00268834581773856
0 0.114864864864865 0.0050777421517863
0 0.105610561056106 0.00403958042021654
0 0.113268608414239 0.00511447750809788
0 0.114478114478114 0.00496154563606026
0 0.113013698630137 0.00321112361362366
0 0.0973154362416107 0.00300396795053763
0 0.11864406779661 0.00371344052150044
0 0.089041095890411 0.00289777418601052
0 0.0897009966777409 0.00303195548985082
0 0.155115511551155 0.00674817611867303
0 0.116666666666667 0.00581569157826407
0 0.144262295081967 0.00512979715433216
0 0.13265306122449 0.00393795288603637
0 0.113268608414239 0.00403339383685976
