0 0.0105263157894737 0.00132056121942536
0 0.00934579439252336 0.00273528122436268
0 0.0280373831775701 0.00125801062164391
0 0.0185185185185185 0.00104550708486942
0 0.09 0.0128595002992825
0 0.0416666666666667 0.00193282135764465
0 0.04 0.0041887271718785
0 0.0303030303030303 0.00673833896091791
0 0.0315789473684211 0.00337688847319995
0 0.0277777777777778 1.67166300475051e-06
0 0.0490196078431373 0.005968493820571
0 0.0808080808080808 0.00465485119830438
0 0.03 0.00182691875032277
0 0.0288461538461538 0.00852194116660682
0 0.010752688172043 1.7106842320707e-06
0 0.0761904761904762 0.00600017673789749
0 0.0188679245283019 0.00112939802976854
0 0.0285714285714286 0.00278440314154092
0 0.0373831775700935 0.000317741704200453
0 0.0202020202020202 0.000139671119923505
0 0.0303030303030303 0.0016665267056728
0 0.0217391304347826 0.000332422162007313
0 0.019047619047619 0.000773822312334709
0 0 1.22796825738433e-05
0 0.0104166666666667 0.00191961214031405
0 0.0816326530612245 0.00788083418713285
0 0.0396039603960396 0.00308724554472583
0 0.03125 0.00832816449127745
0 0.0285714285714286 0.00161529553011593
0 0.0212765957446809 0.00254797031100549
0 0.0425531914893617 0.00990231521297635
0 0.0416666666666667 0.00166961196307381
0 0.0204081632653061 0.00197924026952469
0 0.0306122448979592 0.00409828143496595
0 0.0404040404040404 0.00849304987684677
0 0.04 0.00346147312472583
0 0.0594059405940594 0.00751649127680411
0 0.0495049504950495 0.00391221032088536
0 0.0194174757281553 0.0062393670887472
0 0.0196078431372549 0.00219443057012175
0 0.0618556701030928 0.00854591830853443
0 0.043956043956044 0.00477954580242112
0 0.04 0.0133210301377924
0 0.0531914893617021 0.000730370594923769
0 0.0566037735849057 0.0138156126726914
0 0.0280373831775701 0.00275827274767795
0 0.0377358490566038 0.000211628715968894
0 0.0421052631578947 0.00471525722780286
0 0.03 0.00271033167496044
0 0.04 0.00323184766888124
0 0.029126213592233 0.00629893241285821
0 0.0416666666666667 0.00887289857547663
0 0.0618556701030928 0.0062033500298777
0 0 3.41795604438818e-05
0 0.0531914893617021 0.0057455943384344
0 0.04 0.000117980514339092
0 0.0206185567010309 4.56470672188407e-05
0 0.0208333333333333 0.00218510851693537
0 0.04 0.00246511972684214
0 0.0212765957446809 0.000348189091649238
0 0.0388349514563107 0.000315249740501377
0 0.0515463917525773 0.00234603413475716
0 0.0198019801980198 0.001323551825904
0 0.0319148936170213 0.00550968141001476
0 0.0961538461538462 0.00950625865170157
0 0.0309278350515464 0.00396360108676451
0 0.03 7.27234006315503e-05
0 0.0185185185185185 0.00553397744773185
0 0.032258064516129 0.00482463944599636
0 0.0505050505050505 0.00255898829780334
0 0.021505376344086 0.00521305049631567
0 0.0612244897959184 0.00607229210238076
0 0.032258064516129 0.00768767452218347
0 0.0315789473684211 0.00149026862955552
0 0.0490196078431373 0.00116533995453246
0 0.0485436893203883 0.00611650548790053
0 0.0495049504950495 0.00373854004582118
0 0.0467289719626168 0.000347802324935801
0 0.043010752688172 0.00322762831226253
0 0.0510204081632653 0.00503623129201361
0 0.0319148936170213 0.000318350667789578
0 0.0101010101010101 1.24183116317959e-08
0 0.0396039603960396 0.00278056179176812
0 0.00961538461538462 0.00340070840845035
0 0.0471698113207547 0.00476588193652821
0 0.0404040404040404 0.0083514121678206
0 0.0210526315789474 0.00313114259774191
0 0.0309278350515464 0.00224288218060536
0 0.0388349514563107 0.00532514283249412
0 0.0660377358490566 0.00268355270573952
0 0.0396039603960396 0.00124177911685625
0 0.0421052631578947 0.00297160076470085
0 0.058252427184466 0.0037863539874068
0 0.021505376344086 0.00475966342786635
0 0.0188679245283019 0.00159467804134962
0 0.0208333333333333 0.00254834650230668
0 0.0217391304347826 1.38831603644243e-05
0 0.0210526315789474 0.00247094811892178
0 0.032258064516129 0.00644825062748277
0 0.0515463917525773 0.000549289387874416
0 0.0434782608695652 0.00389763183659157
0 0.0210526315789474 0.00256410086042508
0 0.0212765957446809 0.0032131551640652
0 0.032258064516129 0.00457062042637251
0 0.0392156862745098 0.00164594874260405
0 0.0555555555555556 0.00432745087896452
0 0.0373831775700935 0.00595608870757547
0 0.0204081632653061 8.34353535789419e-09
0 0.0388349514563107 0.00431647702266321
0 0.0206185567010309 0.000417509106828378
0 0.0102040816326531 2.91159525653193e-08
0 0.010989010989011 0.000269944365741297
0 0.0612244897959184 0.00100557611784845
0 0.0210526315789474 0.00477831660770834
0 0.0576923076923077 0.00134961674641034
0 0.0194174757281553 0.000285566938793043
0 0.0396039603960396 0.0046020515640924
0 0.0618556701030928 0.00413610991637471
0 0.036697247706422 0.00602042302491592
0 0.0404040404040404 0.000404992106785948
0 0.0618556701030928 0.00727535481016338
0 0.0660377358490566 0.0080407738425241
0 0.0462962962962963 0.00159834229213132
0 0.0485436893203883 0.00649597365332135
0 0.101010101010101 0.00565193239725609
0 0.0408163265306122 0.00802227468578373
0 0.0648148148148148 0.00303251619125734
0 0.0384615384615385 0.00206634153392878
0 0.0309278350515464 0.000879903493157381
0 0.0560747663551402 0.00694618099175436
0 0.0531914893617021 0.00681225072639337
0 0.058252427184466 0.00608077853941346
0 0.00917431192660551 0.000118068168907741
0 0.0576923076923077 0.00553853430254946
0 0.0192307692307692 7.83309692689866e-06
0 0.0198019801980198 2.28055066713593e-06
0 0.0196078431372549 0.0022924229985243
0 0.0388349514563107 0.00404272087583942
0 0.021505376344086 0.00247191967814174
0 0.010989010989011 0.000324953757090335
0 0.0315789473684211 0.00753139521515022
0 0.0306122448979592 0.0120044660362495
0 0.0476190476190476 0.00680447411206293
0 0.0188679245283019 5.15034434903617e-09
0 0.0288461538461538 0.00244193625959339
0 0.0208333333333333 0.00543806783613273
0 0.0606060606060606 0.0119600371442222
0 0.0392156862745098 0.00237716313362903
0 0.0425531914893617 0.000328218498169811
0 0.0485436893203883 0.00646952834753773
0 0.0531914893617021 0.00615525388973076
0 0.043956043956044 0.00135996092718344
0 0.0306122448979592 0.00708261155483944
0 0.0571428571428571 0.0125516283880455
0 0.0485436893203883 0.00197313352547911
0 0.0106382978723404 0.000473166879088892
0 0.010989010989011 0.00159420304700361
0 0.0202020202020202 0.000132144312229272
0 0.0849056603773585 0.00912909915111111
0 0.0560747663551402 0.00372281067037524
0 0.0531914893617021 0.011032832442045
0 0.073394495412844 0.00605831688030475
0 0.0194174757281553 0.00192835461997649
0 0.0108695652173913 3.03028895679081e-07
0 0.0652173913043478 0.00462003923967486
0 0.043010752688172 0.00306518941587723
0 0.0659340659340659 0.00306183789946449
0 0.0106382978723404 3.58591654539569e-05
0 0.0275229357798165 0.00014427566033438
0 0.0388349514563107 0.00620898569138564
0 0.0373831775700935 0.00211078308356654
0 0.0721649484536082 0.0067455435396608
0 0.0485436893203883 0.00487303473757269
0 0.0714285714285714 0.000809681904018378
0 0.0315789473684211 0.00526434098458031
0 0.043956043956044 0.00177504006127842
0 0.0729166666666667 0.0109976834054619
0 0.0326086956521739 0.000100429100097963
0 0.07 0.00544101330188761
0 0.0392156862745098 0.000830023846483454
0 0.0204081632653061 0.00081735989976307
0 0.0526315789473684 0.000754682436009606
0 0.0309278350515464 0.00246821570522337
0 0.0303030303030303 0.00196923363474418
0 0.0306122448979592 0.00437527589066683
0 0.0309278350515464 0.00043529063536497
0 0.0396039603960396 0.00233993478805693
0 0.0208333333333333 0.00166658681050052
0 0.0505050505050505 0.00754871405152293
0 0.01 0.000232517733384043
0 0.0198019801980198 1.23198488732757e-06
0 0.0404040404040404 0.000824748297436599
0 0.0294117647058824 0.00555736168401974
0 0.0280373831775701 0.000208962335963985
0 0.0537634408602151 0.00745383656905238
0 0.0555555555555556 0.00329743313589389
0 0.058252427184466 0.0106155214756763
0 0.032967032967033 0.0025357986276294
0 0.0467289719626168 0.00294730581575512
0 0.0319148936170213 0.00216142857117073
0 0.0377358490566038 0.00413278511178714
0 0.0747663551401869 0.0105786543919555
0 0.0309278350515464 0.00339578456679405
0 0.0212765957446809 7.63697352477482e-05
0 0.0204081632653061 0.00211855329904548
0 0.0490196078431373 0.00634551779959564
0 0.04 0.0028947818490641
0 0 1.74118300143894e-05
0 0.0210526315789474 0.00219944747937588
0 0.019047619047619 0.000723991935041443
0 0.0490196078431373 0.00554697040759625
0 0.0202020202020202 1.6177807019429e-06
0 0.0188679245283019 0.000268902029471905
0 0.0631578947368421 0.00491069699323906
0 0.0476190476190476 0.00506846101444399
0 0.0102040816326531 0.0010509757957156
0 0.0943396226415094 0.00773388327125491
0 0.0392156862745098 0.00184767404520899
0 0.0103092783505155 6.84806828742298e-07
0 0.0842105263157895 0.00890355110836826
0 0.021505376344086 0.000189080119662459
0 0.0380952380952381 0.00108693086300565
0 0.02 0.010075439292436
0 0 6.04908043568689e-10
0 0.0808080808080808 0.00434193832126316
0 0.02 0.00452113196989352
0 0.0476190476190476 0.00479053454901454
0 0.0588235294117647 0.00449875582514092
0 0.0515463917525773 0.00759875460567196
0 0 9.44880863940334e-10
0 0.058252427184466 0.00495131410781294
0 0.0303030303030303 0.00284494742049623
0 0.0384615384615385 0.0024998470492133
0 0.0467289719626168 0.00344161884668236
0 0.021505376344086 0.00226203251220202
0 0.0555555555555556 0.00322363381749062
0 0.055045871559633 0.00344188457472104
0 0.0202020202020202 0.00169202604342605
0 0.0957446808510638 0.0103107850841541
0 0.0196078431372549 0.000777056066985857
0 0.0392156862745098 0.00285910930616435
0 0.0480769230769231 0.010043087618707
0 0.0303030303030303 0.0066439126431845
0 0.0784313725490196 0.00441527420860855
0 0.0549450549450549 0.00154340836476599
0 0.0306122448979592 0.00193053390850564
0 0.03125 0.00389412864883565
0 0.0485436893203883 0.000292271100529161
0 0.0714285714285714 0.00520020652642049
0 0.0467289719626168 0.00210402635947209
0 0.043956043956044 0.00244914352366609
0 0.0204081632653061 0.00126021762295375
0 0.037037037037037 0.00782328684725491
0 0.0204081632653061 0.000125614475921778
0 0.0101010101010101 0.000344474593882935
0 0.00925925925925926 5.86286017044994e-05
0 0.0588235294117647 0.00176931133250146
0 0.0549450549450549 0.0121412649787651
0 0.0283018867924528 0.000319384992337995
0 0.0425531914893617 0.0038550507029178
0 0.0654205607476635 0.00128276172156235
0 0.0319148936170213 0.00372701525652682
0 0.02 0.000827229812334299
0 0.032967032967033 0.000192324677396818
0 0 5.32472571351596e-07
0 0.021505376344086 0.00270434067260772
0 0.0204081632653061 0.000864378825873301
0 0.0315789473684211 0.00228966236243463
0 0.0520833333333333 0.000932184355423268
0 0.0217391304347826 4.8614568317857e-05
0 0.0380952380952381 0.00443768185194502
0 0.0303030303030303 0.000580834090726724
0 0.0825688073394495 0.0158452238079829
0 0.0103092783505155 9.24765746821572e-07
0 0.0555555555555556 0.00341787700292241
0 0.0485436893203883 0.00804814330456728
0 0.037037037037037 0.0025419737849979
0 0.0105263157894737 0.000162712027202612
0 0.02 0.00256494761098032
0 0.0416666666666667 0.000126902566544311
0 0.0294117647058824 0.000299143044392243
0 0.0212765957446809 0.000689699139847982
0 0.043956043956044 0.00321845798719201
0 0.032967032967033 0.00506665207004631
0 0.0425531914893617 0.00303632535880076
0 0.032258064516129 0.00157085724907708
0 0.0277777777777778 0.000232977823401998
0 0.0192307692307692 0.00424217828003369
0 0.0194174757281553 0.00296750071702663
0 0.010752688172043 3.42674348146027e-08
0 0.0206185567010309 0.00166571493935777
0 0.0673076923076923 0.00891168882721358
0 0.0645161290322581 0.00321919740742964
0 0.0285714285714286 0.00454259148710206
0 0.0101010101010101 2.47632886448387e-05
0 0.0108695652173913 1.36316280231233e-08
0 0.0297029702970297 0.00298409439517172
0 0.0485436893203883 0.00494313068925085
0 0.0288461538461538 0.00573039077064145
0 0.0659340659340659 0.00453670264726585
0 0.0404040404040404 0.00202307054688982
0 0.019047619047619 0.00296967295955781
0 0.105769230769231 0.00912300349422631
0 0 1.32302706395337e-06
0 0.0288461538461538 0.00157458585888087
0 0.0388349514563107 0.0056320155944923
0 0.0408163265306122 0.00990476816263435
0 0.0638297872340425 0.00179802886045916
0 0.0537634408602151 0.00464016793420109
0 0.0480769230769231 0.00234823815234171
0 0.0288461538461538 0.0034482170799526
0 0.03125 0.0108063487573613
0 0.02 0.00103292013004291
0 0.0275229357798165 2.90279315473003e-05
0 0.0396039603960396 0.00480019500990381
0 0.0326086956521739 0.00383936829819387
0 0.0208333333333333 0.00113066929527313
0 0.021505376344086 0.00430982582168304
0 0.032967032967033 0.0126897583781733
0 0.0384615384615385 0.00359906488647307
0 0.0303030303030303 0.00422972012243105
0 0.0606060606060606 0.00764112791252668
0 0.010752688172043 0.00324425112880422
0 0.0425531914893617 0.00303834782506172
0 0.0625 0.00788971336058132
0 0.0404040404040404 0.00774120165693345
0 0.09 0.0037892106558258
0 0.0198019801980198 0.00263840698937632
0 0.0594059405940594 0.00227324162726218
0 0.03 0.00172645293755316
0 0.0515463917525773 0.00388418474744677
0 0.0505050505050505 0.00348231416328802
0 0.0294117647058824 0.00410076560324755
0 0.0384615384615385 0.00395442507580547
0 0.0186915887850467 0.000343071973691004
0 0.019047619047619 0.000815542117502226
0 0.0303030303030303 0.00223074576631704
0 0.0566037735849057 0.00388320353622171
0 0.0202020202020202 0.00346083868303448
0 0.0392156862745098 0.000442006574627411
0 0.0631578947368421 0.00544135583729357
0 0.0654205607476635 0.0023553991777903
0 0.05 0.00199888196294533
0 0.0288461538461538 0.00249273565477032
0 0.0510204081632653 0.000332178263539042
0 0.0588235294117647 0.00489784487429726
0 0.0729166666666667 0.00323541471430177
0 0.043956043956044 0.00270402673173673
0 0.0198019801980198 0.00239923132184691
0 0.0309278350515464 3.44155981436401e-05
0 0.029126213592233 0.000130598396958641
0 0 7.39549151518586e-13
0 0.032258064516129 0.000254890303842286
0 0.0288461538461538 0.000114214034832753
0 0.0380952380952381 0.00304568952329302
0 0.03125 0.00394066763177482
0 0.0467289719626168 0.00564852614683507
0 0.036697247706422 0.0026113555535262
0 0.0505050505050505 0.00804413633097843
0 0.0416666666666667 0.000712364380356968
0 0.0196078431372549 0.00236241669899548
0 0.0217391304347826 0.00221346203535105
0 0.0303030303030303 0.0016494875963157
0 0.0490196078431373 0.00927004875945015
0 0.0425531914893617 0.0150789933529086
0 0.0198019801980198 0.00170803767198112
0 0.0105263157894737 1.07820748175362e-07
0 0.0303030303030303 3.02473360505735e-05
0 0.0721649484536082 0.0138319878820762
0 0.0495049504950495 0.0095333141855378
0 0.0404040404040404 0.00331154663483112
0 0.0396039603960396 0.0124572936608408
0 0.0210526315789474 0.00014233385204528
0 0.05 0.0102694765976278
0 0.0652173913043478 0.0086686323840249
0 0.0297029702970297 0.00278466446827682
0 0.0106382978723404 6.39606980359575e-05
0 0.032258064516129 0.00474830994013007
0 0.0303030303030303 0.00585215445039621
0 0.0618556701030928 0.00517297019307254
0 0.0388349514563107 0.00321734318731294
0 0.0638297872340425 0.0110872806425702
0 0.0319148936170213 0.00271045494361275
0 0.0520833333333333 0.00118969015371769
0 0.0192307692307692 0.00133949224896309
0 0.02 0.000287963642611944
0 0 3.50888569596883e-05
0 0.0612244897959184 0.0031215395444394
0 0.0208333333333333 0.0035230978833382
0 0.0319148936170213 5.97584741863458e-06
0 0.0537634408602151 0.00431721470763221
0 0 4.35977142311718e-07
0 0.04 0.00254274725229814
0 0.0471698113207547 0.00228260372706196
0 0.0202020202020202 0.000175001537023656
0 0.0666666666666667 0.000664402430270369
0 0 7.84400303990324e-09
0 0.00952380952380952 3.20292592220873e-09
0 0.0776699029126214 0.00714583457776895
0 0.03125 3.71065867473637e-08
0 0.0384615384615385 0.00411503933413351
0 0.0319148936170213 0.00278163880739152
0 0.04 0.00494888479268387
0 0.0185185185185185 0.0040793121238421
0 0.0631578947368421 0.00287875432008023
0 0.0747663551401869 0.0103997128917638
0 0.0204081632653061 0.00288660221302476
0 0.0106382978723404 0.00140443104565132
0 0.0108695652173913 0.00208418670244351
0 0.0543478260869565 0.00782956842990242
0 0.0576923076923077 0.00438563746679854
0 0.0736842105263158 0.00951089169886835
0 0.029126213592233 0.00265601356610171
0 0.058252427184466 0.0056899805475365
0 0.00980392156862745 9.27813130572312e-08
0 0.0729166666666667 0.00762050927155078
0 0.0485436893203883 0.00922446761168893
0 0.0208333333333333 0.000709334986884382
0 0.0515463917525773 0.00306667081230523
0 0.0106382978723404 0.00206782742095207
0 0.03125 0.0021523130774174
0 0.06 0.00931621731866344
0 0.0186915887850467 0.000706282262320709
0 0.07 0.00139728416115905
0 0.0408163265306122 0.000214885575558792
0 0.0388349514563107 0.0023366849011412
0 0.0196078431372549 0.00263706702009425
0 0 5.06234698942408e-11
0 0.0319148936170213 0.00249476816333389
0 0.00934579439252336 1.2003879581372e-09
0 0.0202020202020202 0.00579712477600107
0 0 2.16400161292199e-05
0 0 2.73107595202984e-07
0 0.0294117647058824 0.00130546608338396
0 0.0408163265306122 0.000323091286334428
0 0.00961538461538462 0.000419195120152343
0 0.0217391304347826 0.000147052944050177
0 0.0396039603960396 0.00380657490134907
0 0 5.98569368129547e-12
0 0.0108695652173913 0.00179867846058803
0 0.0105263157894737 0.000111313096902488
0 0.0198019801980198 0.000598224165420201
0 0.0102040816326531 0.00349251981597735
0 0.04 0.00401731144338109
0 0.0198019801980198 0.000653789662964316
0 0.0294117647058824 0.00785034462372138
0 0.0416666666666667 0.008976043295115
0 0.0380952380952381 0.00276308438580484
0 0.0693069306930693 0.0209386852655633
0 0.0283018867924528 0.00269569953043462
0 0.0108695652173913 2.11907555869135e-07
0 0.03125 0.00140532210413953
0 0.0485436893203883 0.00161768873912753
0 0.0526315789473684 0.00480719478913058
0 0.0560747663551402 0.003062833383694
0 0.0505050505050505 0.00226029076026651
0 0.00980392156862745 6.18508654604687e-10
0 0.043956043956044 0.00585957622565031
0 0.0384615384615385 0.00434112557878833
0 0.02 0.00426830479380038
0 0.0303030303030303 0.00395750213985936
0 0.0388349514563107 0.00608586990194376
0 0.0283018867924528 0.00220811264792902
0 0.0319148936170213 0.00408036851608891
0 0.04 0.0021995277906424
0 0.03 0.00172760887191908
0 0 2.2525045896625e-15
0 0.04 0.000759271491168887
0 0.0396039603960396 0.00221232389433732
0 0.0104166666666667 0.00140290887534189
0 0.0315789473684211 0.000477191862456492
0 0.0560747663551402 0.0040272973421897
0 0.0275229357798165 2.97558936975259e-07
0 0.0543478260869565 0.00617022577913864
0 0.0434782608695652 0.00234583101443943
0 0.0606060606060606 0.00425521808676055
0 0.0412371134020619 0.00557927816629422
0 0.029126213592233 0.0022700440434763
0 0.0380952380952381 0.0003376544299484
0 0.0206185567010309 0.00095467120915472
0 0.021505376344086 0.00532024273610703
0 0.0377358490566038 0.00406462036112444
0 0.0776699029126214 0.0167553401952957
0 0.0480769230769231 0.00408097869931006
0 0.0185185185185185 0.000657429350489269
0 0.0631578947368421 0.00733290690906377
0 0.0217391304347826 0.00160460600177491
0 0.0729166666666667 0.00579044885765712
0 0.00917431192660551 0.00130286934308499
0 0.0421052631578947 0.00212015315699513
0 0.0396039603960396 0.00216333693379549
0 0.0206185567010309 1.77554903855809e-05
0 0.0306122448979592 0.00151097230835305
0 0.010752688172043 1.48767395150791e-05
0 0.0392156862745098 1.47085730775661e-05
0 0.0458715596330275 0.00714808088137956
0 0.0288461538461538 0.00389573442280278
0 0.010989010989011 0.00269344458504672
0 0.0326086956521739 0.00122325053643936
0 0.02 0.0020971664774092
0 0.0485436893203883 0.0150577597830434
0 0.0425531914893617 0.0118296038527258
0 0.019047619047619 0.00140386592504893
0 0.0654205607476635 0.0109449706176245
0 0.0212765957446809 0.00564347083780502
0 0 3.86868355472323e-13
0 0.0505050505050505 0.00371342632928761
0 0.0510204081632653 0.00940583270052845
0 0.021978021978022 0.00242692621644081
0 0.0186915887850467 0.00197870144377934
0 0.0202020202020202 8.10793086777206e-05
0 0.0196078431372549 0.004047507385849
0 0.0412371134020619 0.00146283992775838
0 0.01 0.000939141213534397
0 0.0879120879120879 0.0111469150022638
0 0.0198019801980198 0.000196446997324174
0 0.0421052631578947 0.00418518305844822
0 0.0408163265306122 0.00370827668186695
0 0.0425531914893617 0.000599138043564776
0 0.0471698113207547 0.00495666079143456
0 0.0202020202020202 0.00363469639337328
0 0.0210526315789474 0.00378726620659522
0 0.0373831775700935 0.00265724743468327
0 0.0612244897959184 0.00820996575006151
0 0.0192307692307692 0.00244438518840941
0 0.0206185567010309 0.00269349906589826
0 0.0625 0.00612323907903379
0 0.0315789473684211 0.00396246677871369
0 0.0380952380952381 0.000461829163142416
0 0.0480769230769231 0.00106875700801968
0 0.0104166666666667 8.16094173750024e-05
0 0.0303030303030303 0.0105017035977072
0 0.0571428571428571 0.00319636695833285
0 0.029126213592233 0.00616848287381491
0 0.018348623853211 0.000806327216363872
0 0.0315789473684211 0.00228637528637504
0 0.0526315789473684 0.00303233647993782
0 0.05 0.0046235638973628
0 0.0476190476190476 0.00551537818579874
0 0.0108695652173913 0.000742604033676537
0 0.0202020202020202 0.00245002332682329
0 0.0480769230769231 0.00613609660053904
0 0 1.04074781683797e-06
0 0.0476190476190476 0.0117035316138846
0 0.0416666666666667 0.00241992643352765
0 0.0388349514563107 0.000687069534438114
0 0.0416666666666667 0.0037413886974816
0 0.0571428571428571 0.00413749027335477
0 0.0760869565217391 0.00812184728868183
0 0.0612244897959184 0.00612468494255255
0 0.0652173913043478 0.00989713426726233
0 0.0416666666666667 0.0049232830587205
0 0.0404040404040404 0.00314689549470448
0 0 7.0579235492053e-11
0 0.032258064516129 0.00327805580130751
0 0.0566037735849057 0.00337760441167437
0 0.02 0.00170232053836976
0 0.0283018867924528 0.000571920576002284
0 0.0106382978723404 0.000516486393660093
0 0.0495049504950495 0.00539462476780004
0 0.058252427184466 0.00319300548620001
0 0.0462962962962963 0.00152127885128256
0 0.0505050505050505 0.00806026322437176
0 0.0654205607476635 0.0088611855656801
0 0.0283018867924528 0.00133235360753655
0 0.0471698113207547 0.00393699119808517
0 0.0294117647058824 0.000714488391292804
0 0.0660377358490566 0.00718435347490028
0 0.0297029702970297 0.00148630059306616
0 0.0537634408602151 0.00305390377887871
0 0.0576923076923077 0.00659811643401482
0 0.00934579439252336 2.21599771558023e-07
0 0.0631578947368421 0.00642019976582981
0 0.03125 0.00237851224436347
0 0.0520833333333333 0.010238089853645
0 0.043010752688172 8.04989616902186e-05
0 0.0638297872340425 0.00560129784095219
0 0.0510204081632653 0.00903099048498218
0 0.099009900990099 0.00803179531387523
0 0.00952380952380952 0.000144586977726598
0 0.0510204081632653 0.00183308302385376
0 0.0404040404040404 0.00653961765097002
0 0.0594059405940594 0.000368445519555082
0 0.0202020202020202 0.00308296856840221
0 0.0421052631578947 0.00457253536459486
0 0.0315789473684211 0.00537034163062628
0 0 1.32037228464501e-08
0 0.0326086956521739 0.00295770679618217
0 0.0555555555555556 0.00844228939130766
0 0.0192307692307692 5.21291635979395e-05
0 0.03125 0.00928757786642017
0 0.043010752688172 0.00192065336934034
0 0.0434782608695652 0.0125826841152746
0 0.0555555555555556 0.0061240001630717
0 0.0769230769230769 0.0120613302930072
0 0.0188679245283019 0.00104269972944976
0 0.00961538461538462 0.00142412579894673
0 0.0515463917525773 0.00529166555776985
0 0.029126213592233 0.00819239766766216
0 0.0206185567010309 3.52444890710583e-06
0 0.0495049504950495 0.00334427991854978
0 0.0618556701030928 0.00399523432299578
0 0.0388349514563107 0.00639367911511324
0 0.01 0.00100068206479295
0 0.0319148936170213 0.00769847267801129
0 0.0776699029126214 0.00794919919721567
0 0.05 0.011149213797331
0 0.0476190476190476 0.000977917686482552
0 0.0217391304347826 3.70410387587657e-05
0 0.0531914893617021 0.00518526329224172
0 0.0792079207920792 0.00775906204840774
0 0.010752688172043 0.00155015918082992
0 0.0425531914893617 0.0020743153805882
0 0.0560747663551402 0.00408570394833245
0 0.0510204081632653 0.00218206766221786
0 0.0198019801980198 0.00523729753766894
0 0.0476190476190476 0.00233230352360706
0 0.0217391304347826 0.000272144443266025
0 0.0736842105263158 0.00460347952098753
0 0.010752688172043 0.00227966377084953
0 0.0326086956521739 0.00103396423950535
0 0.0212765957446809 0.00104809959062592
0 0.0206185567010309 0.000129730440250853
0 0.0480769230769231 0.0041704384703722
0 0.0384615384615385 0.00324891361928694
0 0.0210526315789474 0.000607689318637656
0 0.010989010989011 0.00172796545947304
0 0.0212765957446809 0.00273399186490458
0 0.0108695652173913 0.000113581434757856
0 0.03125 0.00730339296531563
0 0.0101010101010101 0.000261968234433934
0 0.0686274509803922 0.00899829081888631
0 0.05 0.00837348785939202
0 0.0388349514563107 0.000540786544171709
0 0.0103092783505155 6.54254114889826e-06
0 0.0101010101010101 0.00213944495878501
0 0.032967032967033 0.0013885901621956
0 0.01 0.00160670740394663
0 0.0210526315789474 0.00465127681695144
0 0 3.5692304275281e-13
0 0 7.21880114271276e-06
0 0.0784313725490196 0.00945081792168714
0 0.0412371134020619 0.00697693183091994
0 0.0721649484536082 0.00692369944956036
0 0.0303030303030303 0.00171904158064053
0 0.0373831775700935 0.0045844907371076
0 0.0280373831775701 0.0047774729982399
0 0.0476190476190476 0.00308829642368724
0 0.0392156862745098 0.00122556417490759
0 0.0204081632653061 0.00116165530521951
0 0 1.21138294051615e-06
0 0.03 0.00269392825977845
0 0.0326086956521739 0.00555197293547383
0 0.021505376344086 0.000240955761054529
0 0.0520833333333333 0.00299615438198008
0 0.0421052631578947 0.00329345084906089
0 0.043956043956044 0.00420915991589855
0 0.0515463917525773 0.0105328420508823
0 0.0505050505050505 0.00748730436361233
0 0.0303030303030303 0.00112408175709022
0 0.0315789473684211 0.00092059215351608
0 0.0303030303030303 3.86611238501227e-06
0 0.04 0.00721680666085988
0 0.0306122448979592 0.00283884930204861
0 0.0373831775700935 0.00558268508953323
0 0.0188679245283019 0.000219377939002784
0 0.0480769230769231 0.00290593581780067
0 0.010752688172043 0.00302695867252972
0 0.0408163265306122 0.000880529898512449
0 0.032967032967033 0.00263728344942486
0 0.0842105263157895 0.00828373999308714
0 0.0721649484536082 0.00772279793901538
0 0.032258064516129 0.00726519808098537
0 0.0202020202020202 0.00109880889028136
0 0.0212765957446809 2.80485011470464e-09
0 0.0206185567010309 0.000185387922611571
0 0.0277777777777778 0.00228361350544346
0 0.0566037735849057 0.00636694673421911
0 0.0206185567010309 0.00602706427701608
0 0.0309278350515464 0.00211610193120537
0 0.0612244897959184 0.00320186868292786
0 0.0408163265306122 0.00361754381738604
0 0.03125 0.000102033390737067
0 0.0297029702970297 0.00414632157387786
0 0.0319148936170213 0.00885983286387078
0 0.0384615384615385 0.00559246923158473
0 0.0099009900990099 3.04657868671214e-06
0 0.0206185567010309 0.0013475157122024
0 0.0309278350515464 0.00181535603918054
0 0.0309278350515464 0.000197493681189355
0 0.0408163265306122 0.0069170476644592
0 0.043010752688172 0.00758551664508794
0 0.0618556701030928 0.00282251786735477
0 0.0515463917525773 0.00463118118490479
0 0.0198019801980198 0.00310567623692635
0 0.0204081632653061 0.00569211352548414
0 0.0297029702970297 0.000273958778763608
0 0.0571428571428571 0.00610917106282716
0 0.0434782608695652 0.00616230402968112
0 0.036697247706422 0.0108332552434637
0 0.03 0.00126033118905927
0 0.043010752688172 0.00410910371040998
0 0.0306122448979592 0.00699072282030069
0 0.0319148936170213 0.00113268141260099
0 0.00970873786407767 6.58509395947422e-07
0 0.0480769230769231 0.00214474872353089
0 0.0471698113207547 0.00337181731357897
0 0.0319148936170213 0.000538301915316092
0 0.0693069306930693 0.00497937821316862
0 0.043956043956044 0.00424579881676491
0 0.0462962962962963 0.00892006222870741
0 0.029126213592233 0.00342713819754152
0 0.0526315789473684 0.00584537819049496
0 0.03125 9.48032125065315e-05
0 0.0315789473684211 0.00423431478821669
0 0.0210526315789474 0.00195797986983086
0 0.0275229357798165 0.00268995247845642
0 0.037037037037037 0.000209072144032882
0 0.0309278350515464 0.00205432759940028
0 0.0392156862745098 0.00595935426063371
0 0.06 0.00603308389034404
0 0.03125 0.00432671167268288
0 0.0280373831775701 0.00131347366718091
0 0.010989010989011 0.000394503892055851
0 0.0202020202020202 0.00217732705676937
0 0.00970873786407767 0.000362596318524567
0 0.0537634408602151 0.00495200692913673
0 0.0520833333333333 0.00268154793058765
0 0.0103092783505155 0.00101932774807012
0 0.0515463917525773 0.00440962061387378
0 0.0652173913043478 0.00279036177769155
0 0.0194174757281553 0.000803259289882641
0 0.0480769230769231 0.0007539000873357
0 0 3.94389514257459e-05
0 0.0404040404040404 0.00114830048955657
0 0.0208333333333333 0.0029849133028485
0 0.0306122448979592 0.000190402264536317
0 0.0315789473684211 0.000931823537305804
0 0.0520833333333333 0.00387453854116704
0 0.02 0.0009346248848822
0 0.0206185567010309 0.00147962132208311
0 0.0652173913043478 0.0166074890146153
0 0.0869565217391304 0.0104325573917854
0 0.037037037037037 0.00129598957685621
0 0.0495049504950495 0.00338338279189031
0 0.0606060606060606 0.0110149171291151
0 0.0297029702970297 0.0039343010098459
0 0.0612244897959184 0.0024471933294149
0 0.0396039603960396 0.00294854614846072
0 0.0510204081632653 0.00129308685252099
0 0.019047619047619 1.47879463328205e-05
0 0.0654205607476635 0.00703577071972346
0 0.0319148936170213 0.00198818018412641
0 0.0315789473684211 0.00153525339876245
0 0.0306122448979592 0.00693875217112058
0 0.0495049504950495 0.00347887916049062
0 0.0606060606060606 0.0100992039793537
0 0.0471698113207547 0.00284901448734677
0 0.0315789473684211 0.000846949676741699
0 0.019047619047619 7.06440414451314e-08
0 0.0740740740740741 0.00591363172019544
0 0.032967032967033 0.00665921857322113
0 0.0315789473684211 0.00400703676467504
0 0.0686274509803922 0.00262887326749846
0 0.0202020202020202 0.00143240611524998
0 0.0416666666666667 0.00177491272899649
0 0.0103092783505155 2.54252677354948e-08
0 0.021978021978022 0.00187780703816775
0 0.043956043956044 0.00739876978955316
0 0.0679611650485437 0.00592496275835688
0 0.0315789473684211 0.00341010533305504
0 0.0212765957446809 0.0038739572763983
0 0.0319148936170213 0.00172324948184055
0 0.0537634408602151 0.00488800258997618
0 0.0531914893617021 0.00250540946369126
0 0.0462962962962963 0.00567452207428624
0 0.0210526315789474 3.30449456473895e-05
0 0.0537634408602151 0.00109168652739444
0 0.0425531914893617 0.0018420652710434
0 0.021978021978022 0.00148778757054127
0 0.0185185185185185 0.00194223662734351
0 0.0576923076923077 0.00448617135139032
0 0.043010752688172 5.87812917155912e-05
0 0.0520833333333333 0.0023457002766106
0 0.021978021978022 0.00231477738567117
0 0.0471698113207547 0.00637993735598484
0 0.0425531914893617 0.00619091099244965
0 0.043956043956044 0.00650388357332638
0 0.0384615384615385 0.00202719457797508
0 0.043956043956044 0.0035836858268966
0 0.032258064516129 0.0077260449176267
0 0.043010752688172 0.00578059366482465
0 0.0326086956521739 0.000226628748027223
0 0.0380952380952381 0.00272442199705764
0 0.0315789473684211 0.0104318982693749
0 0.0202020202020202 0.0055923024601188
0 0.0283018867924528 0.00456214412443782
0 0.0526315789473684 0.00347648135942289
0 0.0315789473684211 0.00220149665466856
0 0.0384615384615385 0.00244072654762188
0 0.0714285714285714 0.0127015484469791
0 0.0206185567010309 0.0027467758045524
0 0 2.1415636475161e-11
0 0.0280373831775701 0.00230238907969142
0 0.0198019801980198 0.000919523483250662
0 0.0297029702970297 0.012191043539707
0 0.0526315789473684 0.00389962977048516
0 0.0198019801980198 0.000107735520697558
0 0.0217391304347826 0.00659155787238098
0 0.032967032967033 0.00105518671298879
0 0.0404040404040404 0.00481693365345681
0 0.00970873786407767 6.53672573651266e-07
0 0.0467289719626168 0.00196135211348979
0 0.0185185185185185 0.00489452264293347
0 0.0192307692307692 1.14371183825268e-05
0 0.00980392156862745 6.01252080227828e-06
0 0.0510204081632653 0.00359212604577254
0 0.0204081632653061 4.59600127950418e-05
0 0.0526315789473684 0.00339648012265872
0 0.0396039603960396 0.00181451276879553
0 0.0606060606060606 0.00659149281303171
0 0.0571428571428571 0.00927057936417513
0 0.0505050505050505 0.00410315358736945
0 0.0485436893203883 0.00403773151194159
0 0.0217391304347826 8.86918985351546e-05
0 0.0404040404040404 0.0132475533157493
0 0.0106382978723404 0.000138611894560994
0 0.0212765957446809 0.000830913872938389
0 0.0412371134020619 0.00396764372538184
0 0.03125 0.00841232969496318
0 0.0673076923076923 0.00581101583981898
0 0.0515463917525773 0.0112955209833671
0 0.032258064516129 0.00344456985583165
0 0.0425531914893617 4.18429100094797e-05
0 0.0294117647058824 0.00351012493323967
0 0.0373831775700935 0.00522765670700608
0 0.05 0.00590643482493718
0 0.0294117647058824 0.00228442684114149
0 0.0102040816326531 7.17339807189489e-05
0 0.04 0.000300561540518326
0 0.0294117647058824 0.00219485239942959
0 0.00961538461538462 0.000212865077557337
0 0.037037037037037 0.00903742591851693
0 0.0294117647058824 0.00304394399924043
0 0.0306122448979592 0.00281217509586144
0 0.0204081632653061 0.00330641783664457
0 0.0571428571428571 0.00628764902672123
0 0.0480769230769231 0.000614094641634963
0 0.08 0.00468643211549064
0 0.0108695652173913 2.10602273977609e-06
0 0.0495049504950495 0.00549850462057592
0 0.0618556701030928 0.00244339631368312
0 0.0531914893617021 0.00428986716332475
0 0.032967032967033 0.00640058280036308
0 0.0285714285714286 3.77403339734044e-05
0 0.04 0.000792599895852934
0 0.0380952380952381 0.00201131343428711
0 0.0202020202020202 0.00568691609023683
0 0.021978021978022 7.65405781028748e-08
0 0.0297029702970297 0.00947821960921966
0 0.0392156862745098 0.00111629968721491
0 0.0280373831775701 0.00350067351160641
0 0.0204081632653061 0.00119488121463187
0 0.0520833333333333 0.00149279516041007
0 0.021505376344086 1.09194172856416e-07
0 0.0462962962962963 0.00409647298624776
0 0.0384615384615385 0.00440652784836113
0 0.043956043956044 0.00229704883572208
0 0.0280373831775701 0.0036831311005301
0 0.05 0.00243326653179667
0 0.0476190476190476 0.00113317985314923
0 0.0105263157894737 0.00311221389592643
0 0.0566037735849057 0.00223717958560179
0 0.0297029702970297 0.00471138351565388
0 0.0198019801980198 0.000352376316450732
0 0.0510204081632653 0.00361146083481838
0 0.0416666666666667 0.00397064785428826
0 0.0659340659340659 0.00581589959124596
0 0.0754716981132075 0.00461520617141254
0 0.0303030303030303 0.00102849057280647
0 0.0396039603960396 0.000343746447203291
0 0.032967032967033 0.00391695292232947
0 0.03 0.00375352895932511
0 0.0515463917525773 0.00485561510397641
0 0.0196078431372549 0.000231857570339021
0 0.0631578947368421 0.00383106853423426
0 0.0380952380952381 0.00244892668229544
0 0.0212765957446809 0.000374038630204824
0 0.0625 0.00963114278733777
0 0.0396039603960396 0.00334426593946566
0 0.0380952380952381 9.1071382745474e-05
0 0.0408163265306122 0.0188161922753857
0 0.0495049504950495 0.00465944893382212
0 0.0388349514563107 0.00568613087351303
0 0.05 0.0017504940583963
0 0.0462962962962963 0.00276652364321507
0 0.0315789473684211 0.00330414484276424
0 0.0588235294117647 0.00538544587860956
0 0.0416666666666667 0.0030150580271431
0 0.0303030303030303 0.000171785519114249
0 0.0294117647058824 0.000791476394809232
0 0.05 0.00428481176242002
0 0.0495049504950495 0.00452967897284394
0 0.0816326530612245 0.00378795046919906
0 0.021505376344086 0.00265731511240117
0 0.0373831775700935 0.00182970540394045
0 0.0388349514563107 0.00308001567300224
0 0.0638297872340425 0.0100349687596307
0 0.03 0.00070324125310939
0 0.0416666666666667 0.00692527601437173
0 0.0740740740740741 0.00727377128935806
0 0.0679611650485437 0.0137218828509944
0 0.0101010101010101 0.00259971768272687
0 0.0196078431372549 0.00217494307029149
0 0.037037037037037 0.00218613469084378
0 0.032258064516129 0.0038947394051797
0 0.043010752688172 0.00618121233018924
0 0.0560747663551402 0.00372456406683768
0 0.0476190476190476 0.0017930733517473
0 0.0560747663551402 0.000720760323016133
0 0.0761904761904762 0.0046530536494537
0 0.0297029702970297 0.00201330210217587
0 0.0315789473684211 0.000817907423999693
0 0.043010752688172 0.0107209672635671
0 0.0306122448979592 0.0020711306751025
0 0.0686274509803922 0.00419702157585276
0 0.0315789473684211 0.000943330566513289
0 0.0412371134020619 0.00364421267811753
0 0.0526315789473684 0.00380505501838498
0 0.0388349514563107 0.000524499258863487
0 0.029126213592233 0.00155802246845608
0 0.02 0.00014850489777298
0 0.0612244897959184 0.00348194982756604
0 0.0537634408602151 0.00306047129795481
0 0.0425531914893617 0.00224561414705856
0 0.032967032967033 0.000221346678161932
0 0.0537634408602151 0.00869025776244506
0 0.0510204081632653 0.00447733978930716
0 0.0277777777777778 0.00200817446577426
0 0.0315789473684211 0.00167620366810632
0 0.0736842105263158 0.00920859870153507
0 0.0285714285714286 0.00110244316399673
0 0.0485436893203883 0.00783245183235719
0 0.0212765957446809 0.00147290393225936
0 0.03125 0.00254667363850399
0 0.018348623853211 0.000161818404830046
0 0.0384615384615385 0.00324618874217673
0 0.043956043956044 0.00302595947152012
0 0.0618556701030928 0.0103841988264686
0 0.0467289719626168 0.00383198145583186
0 0.058252427184466 0.00434683489013969
0 0.043010752688172 0.00338453849347076
0 0.0212765957446809 0.00181153679272154
0 0.0303030303030303 0.00650950343815617
0 0.0642201834862385 0.00933462574624532
0 0.0471698113207547 0.00314772843865015
0 0.0594059405940594 0.00415387107622912
0 0.0217391304347826 2.85554698368607e-06
0 0.0606060606060606 0.0079226339090035
0 0.0315789473684211 0.00671425318210365
0 0.0384615384615385 0.00673445683978154
0 0.0208333333333333 5.95165010304786e-06
0 0.0373831775700935 0.00203388257015385
0 0.0319148936170213 0.0041978835256695
0 0.0425531914893617 0.0128349879922494
0 0.0412371134020619 0.0057461517216967
0 0.0217391304347826 0.000845397971829887
0 0.0103092783505155 0.00116820471555382
0 0.03125 0.00163693786596963
0 0.0927835051546392 0.0084468550211014
0 0.0288461538461538 0.000282182615624687
0 0.055045871559633 0.000897638430645609
0 0.0412371134020619 0.00999645774518427
0 0.029126213592233 0.00689080396515127
0 0.0210526315789474 0.00149935854308056
0 0.0588235294117647 0.00247638856570623
0 0.0555555555555556 0.00938161958685735
0 0.0471698113207547 0.00696994398950253
0 0.0315789473684211 0.00488630004842204
0 0.018348623853211 0.000756265289850387
0 0.0618556701030928 0.00208712611437806
0 0.0277777777777778 0.00144300396458289
0 0.036697247706422 0.000198397345494165
0 0.03125 0.00551398863699425
0 0.0485436893203883 0.00371286816776379
0 0.0537634408602151 0.00593475309801228
0 0.0315789473684211 0.000836868989255973
0 0 1.57090370452978e-14
0 0.0471698113207547 0.00252270607655584
0 0.03125 0.00734271117629544
0 0.03125 0.00630612308772333
0 0.02 0.00117938208496703
0 0.0462962962962963 0.000418345489469453
0 0.0102040816326531 0.000495076968603191
0 0.0319148936170213 0.00345582584959823
0 0.0294117647058824 0.0005032943797221
0 0.0217391304347826 0.00154612582505177
0 0 2.4986166721464e-06
0 0.0490196078431373 0.00755880736104534
0 0.0480769230769231 0.00628394235759801
0 0.0208333333333333 0.000408882055384492
0 0.0101010101010101 0.00149199490013437
0 0.0103092783505155 0.0001158969306607
0 0.0384615384615385 0.000840194861258039
0 0.0571428571428571 0.0101582611842894
0 0.010989010989011 0.00315176055584971
0 0.0396039603960396 0.00194788430580078
0 0.0467289719626168 0.00568576527971214
0 0.0396039603960396 0.00358098444708547
0 0.0434782608695652 0.00361577689345202
0 0.0425531914893617 0.00324130664561777
0 0.0208333333333333 4.20822475131858e-05
0 0.0526315789473684 0.00326363816558407
0 0.02 0.00502275867421288
0 0.02 0.00198711171017703
0 0.032258064516129 0.00010364121793671
0 0.00961538461538462 0.00191571858551534
0 0.0319148936170213 0.00366459314827837
0 0.0642201834862385 0.00215509903692885
0 0.0288461538461538 0.00504654145419003
0 0.0531914893617021 0.00445243509297027
0 0.032258064516129 0.00411630545438389
0 0.0566037735849057 0.00756351657936776
0 0.0306122448979592 0.00650586656970358
0 0.0104166666666667 3.2401361009131e-06
0 0.029126213592233 0.00214540221701648
0 0.0283018867924528 0.00187526010555444
0 0.0303030303030303 0.00405742258693054
0 0.0306122448979592 0.00816719193097553
0 0.043010752688172 0.000906571592435527
0 0.03 0.00173145620528621
0 0.018348623853211 0.00218361755905534
0 0.0618556701030928 0.0055211876615412
0 0.0510204081632653 0.0146667495373172
0 0.0776699029126214 0.00741128233844359
0 0.0102040816326531 5.7458422657381e-08
0 0.0297029702970297 0.0038516202621505
0 0.019047619047619 0.00209808519993119
0 0.0303030303030303 0.00373439409119649
0 0.0196078431372549 0.00175940959292661
0 0.0490196078431373 0.00311771300811916
0 0.0099009900990099 0.000263756054501768
0 0.0625 0.00495428043926973
0 0.0526315789473684 0.00118509703724754
0 0.0315789473684211 3.96061072506267e-05
0 0.0808080808080808 0.00601498349493759
0 0.0196078431372549 0.00125736154123568
0 0.0208333333333333 0.00171076941247497
0 0.029126213592233 0.000459920029774845
0 0.00980392156862745 0.00170202222695719
0 0.0103092783505155 8.94673126952675e-05
0 0.0206185567010309 7.07708851996671e-06
0 0.0306122448979592 0.00256658473462839
0 0.0326086956521739 0.00736425207250343
0 0.0380952380952381 0.00159560367204006
0 0.0104166666666667 0.00085208530015369
0 0.0537634408602151 0.0110609132016437
0 0.0707070707070707 0.0117748724415612
0 0.04 0.00194347070170447
0 0.0208333333333333 0.000510224059456592
0 0.0740740740740741 0.00683740943602174
0 0.0425531914893617 0.000433853139055316
0 0.06 0.00695109226734907
0 0.0303030303030303 0.00466985105123686
0 0.0303030303030303 0.00147188067902562
0 0.03125 0.00299573002330116
0 0.0396039603960396 0.000362663200095406
0 0.04 0.0032756816985361
0 0.0531914893617021 0.00389776079211688
0 0.0288461538461538 0.00265125323358383
0 0.0303030303030303 2.79077500742042e-05
0 0.0288461538461538 0.00293425478029785
0 0.0396039603960396 0.00782090214467149
0 0.0392156862745098 0.00118929394880513
0 0.0194174757281553 7.57749577457124e-05
0 0.0505050505050505 0.00622570384362632
0 0.0377358490566038 0.00256491462257445
0 0.0206185567010309 0.00456497608741807
0 0.0425531914893617 0.00119030847390366
0 0.0515463917525773 0.00339463449102152
0 0.0103092783505155 1.77088890311604e-10
0 0.0537634408602151 0.00832642791298718
0 0.021978021978022 0.0041234731958764
0 0.0566037735849057 0.00570526283350896
0 0.0421052631578947 0.00314021428194859
0 0.0319148936170213 0.00448662034023675
0 0.055045871559633 0.00299740937725373
0 0.0192307692307692 0.00230366089562481
0 0.0729166666666667 0.00288391768324746
0 0 1.95869598945747e-14
0 0.0625 0.0193485929180818
0 0.0825688073394495 0.00207066980660603
0 0.0612244897959184 0.00388735803775656
0 0.0404040404040404 0.00521115600163333
0 0.0714285714285714 0.0140725784411537
0 0.0396039603960396 0.00321679933423763
0 0.00980392156862745 0.000900242726151676
0 0.04 0.00144668090926392
0 0.0185185185185185 0.00155408983255308
0 0 2.50540204344429e-09
0 0.0380952380952381 2.25633688199445e-05
0 0.043956043956044 0.00648750278193322
0 0.0283018867924528 0.00212075727781706
0 0.0618556701030928 0.00785231969694121
0 0.0283018867924528 0.0076857644910679
0 0.0736842105263158 0.0048131031581421
0 0.021505376344086 0.000616364008875538
0 0.0194174757281553 0.00302379560326981
0 0.021978021978022 0.00330347886080196
0 0.021505376344086 0.00148457349114215
0 0.0108695652173913 0.00101238145593529
0 0 2.73026558283795e-06
0 0 6.47379026033905e-18
0 0.00961538461538462 0.00174260110362854
0 0.0625 0.00617663873706335
0 0.019047619047619 0.00405826189560281
0 0.010989010989011 0.000118046767864698
0 0.0204081632653061 0.00402775253712916
0 0.0505050505050505 0.00472297609692004
0 0.0309278350515464 2.81840671003559e-05
0 0.03125 0.00421998977669575
0 0.05 0.00443874591056402
0 0.0210526315789474 0.0018878444572975
0 0.0421052631578947 0.0126358733997175
0 0.074468085106383 0.0170770454963481
0 0.06 0.0045166142927444
0 0 3.2631479931019e-35
0 0.0315789473684211 0.00186764724212502
0 0.0421052631578947 0.00544135458379066
0 0.0543478260869565 0.00341528601555112
0 0.0185185185185185 0.00394101765445748
0 0.0462962962962963 0.00578179678586488
0 0.043956043956044 0.0036926970509143
0 0.0408163265306122 0.00204550992497064
0 0.037037037037037 0.00138993590071161
0 0.0707070707070707 0.00974602831132679
0 0 1.65705514125295e-05
0 0.0490196078431373 0.00299333611460233
0 0.0105263157894737 0.00136230134656186
0 0.0277777777777778 0.00232265504998952
0 0.0824742268041237 0.00309664758058217
0 0.0294117647058824 0.000990499452836471
0 0.0297029702970297 0.00146375904046707
0 0.0543478260869565 0.00473763685130356
0 0.0471698113207547 0.00571002299483298
0 0.0105263157894737 5.70835336509128e-05
0 0.043010752688172 0.00280041099335292
0 0.0520833333333333 0.00606706962782503
0 0.0404040404040404 0.00437232000299663
0 0.0285714285714286 0.0035488690551682
0 0.0408163265306122 0.00568185680859625
0 0.0188679245283019 0.000770686295951487
0 0.0654205607476635 0.00663070732733877
0 0.0102040816326531 0.00181480474688077
0 0.03125 0.00115690003784326
0 0.02 0.00236881946861769
0 0.0384615384615385 0.00886670611276675
0 0.0566037735849057 0.0143573489906381
0 0.0467289719626168 0.00758981622325828
0 0.02 0.000259011328912763
0 0.0309278350515464 0.00299888160978183
0 0.0476190476190476 0.00236830530550119
0 0.0277777777777778 0.00153013210940085
0 0.0319148936170213 0.00218689978579957
0 0.029126213592233 0.000437341253915894
0 0.055045871559633 0.00132527134725594
0 0.032967032967033 0.00598478623628607
0 0.0208333333333333 0.00173997267468395
0 0.032967032967033 0.00644545166205638
0 0.0212765957446809 0.00374811725290833
0 0.0104166666666667 3.76615817835375e-10
0 0.0467289719626168 0.00504976956166732
0 0.0303030303030303 8.17505868974501e-05
0 0.00980392156862745 0.00323958874590913
0 0.073394495412844 0.00399914665264963
0 0.05 0.00573659906150201
0 0.032258064516129 0.00465498025654885
0 0.0206185567010309 0.0104307050131564
0 0.0294117647058824 0.00593893788063076
0 0.0566037735849057 0.00618502457696974
0 0.0560747663551402 0.0118087270050721
0 0.0210526315789474 0.0023318038107933
0 0.0421052631578947 0.000256319072610074
0 0.0204081632653061 0.00202690718056118
0 0.0104166666666667 0.00333880497921117
0 0.032967032967033 0.00454934564020221
0 0.032967032967033 0.00124692494441648
0 0.0315789473684211 0.000429904509800027
0 0.0306122448979592 0.00171944785272395
0 0.0319148936170213 0.00279251395043579
0 0.0217391304347826 0.000221749751033625
0 0.0103092783505155 0.00172335035062041
0 0.0566037735849057 0.00120931217999013
0 0.0769230769230769 0.0040951126588011
0 0.0505050505050505 0.00239761485030943
0 0.0434782608695652 0.00242752657310424
0 0.0408163265306122 0.0153426624021512
0 0.0212765957446809 4.90459657103631e-05
0 0.0283018867924528 0.00294163141328932
0 0.018348623853211 0.00149147156476315
0 0.0208333333333333 0.00112174854835697
0 0.0303030303030303 0.00334341869895843
0 0.0206185567010309 0.0047100446459801
0 0.0495049504950495 0.00817984216950589
0 0.0396039603960396 0.00235802257116032
0 0.058252427184466 0.0101015302231171
0 0.05 0.00204045718878192
0 0.02 0.00088484252099973
0 0.0315789473684211 0.00133440518756193
0 0.0978260869565217 0.0112102646993819
0 0.0947368421052632 0.00529620793756563
0 0.0654205607476635 0.0158173707912005
0 0.074468085106383 0.00945209204584488
0 0.032967032967033 0.00273198649808868
0 0.0543478260869565 0.00969799990015504
0 0.0396039603960396 0.00334138112724908
0 0.0106382978723404 0.0030343124478751
0 0.0204081632653061 0.00284022761326398
0 0 1.22064383655224e-12
0 0.0108695652173913 0.000550660157812603
0 0.0217391304347826 0.00219560442148558
0 0.0566037735849057 0.00527818639056913
0 0.0490196078431373 0.00847422482762671
0 0.0297029702970297 0.00421787665271456
0 0.0659340659340659 0.0125838075912646
0 0.0416666666666667 0.00682221705959503
0 0.0210526315789474 0.00270662428359513
0 0.037037037037037 0.00301647995297654
0 0.032258064516129 0.0110713210578262
0 0.03125 0.00262143746585131
0 0.0283018867924528 6.32653874369064e-05
0 0.0280373831775701 0.00136134481367903
0 0.0288461538461538 0.00203195907406981
0 0.0490196078431373 0.00502396091315951
0 0.0404040404040404 0.00198401679773268
0 0.055045871559633 0.00140655772965568
0 0.021505376344086 7.81523182782417e-06
0 0.032258064516129 0.00486538846673584
0 0.0467289719626168 0.00298630221656989
0 0.0217391304347826 0.00102111743850409
0 0.0576923076923077 0.0102916965685757
0 0.0792079207920792 0.0102243780821139
0 0.0495049504950495 0.000490927043170674
0 0.0693069306930693 0.00464774154041983
0 0.019047619047619 0.0010034912761564
0 0.058252427184466 0.00356555636992345
0 0.0408163265306122 0.00195884928740617
0 0.0412371134020619 0.00278412757590548
0 0.0652173913043478 0.0089406470671335
0 0.0421052631578947 0.00416187107743337
0 0.021505376344086 0.001712782658274
0 0.05 0.0123553377279176
0 0.032258064516129 0.00275279874387555
0 0.04 0.00222170684994485
0 0.0309278350515464 0.0024162267684459
0 0.0202020202020202 0.00148425884100001
0 0.0217391304347826 2.57759667080997e-05
0 0.0104166666666667 8.62043427816526e-05
0 0.036697247706422 0.00591297065753177
0 0.04 0.00286834669658165
0 0.055045871559633 0.00742034218919421
0 0.0217391304347826 0.000824008471754055
0 0.0666666666666667 0.0106897186929357
0 0.0388349514563107 0.00215922343639382
0 0.0388349514563107 0.0016919031216007
0 0.029126213592233 0.0053622503692599
0 0.0377358490566038 0.000378378417413061
0 0.00980392156862745 0.000129776537011037
0 0.0736842105263158 0.00450327224816365
0 0.029126213592233 0.0024002236080206
0 0.0421052631578947 0.00759021419275107
0 0.0294117647058824 0.00146915618326302
0 0.0309278350515464 0.000591445352759294
0 0.0319148936170213 0.00123514584414134
0 0.0204081632653061 0.00156513005713542
0 0.032258064516129 0.000910268131055434
0 0.0404040404040404 0.00116483535338614
0 0.0212765957446809 0.000621182692534045
0 0.0192307692307692 0.00311849922059684
0 0.032258064516129 0.000440281327819136
0 0.0212765957446809 0.000238944903746703
0 0.0531914893617021 0.00319256388005268
0 0.0326086956521739 0.00345793946933909
0 0.0594059405940594 0.00336108176511941
0 0.0185185185185185 0.00571576811561899
0 0.0537634408602151 0.0193854506296159
0 0.0373831775700935 0.000176055367606417
0 0.010752688172043 4.13067750875968e-08
0 0.0392156862745098 0.000421733838806485
0 0.0537634408602151 0.00830588179040026
0 0.029126213592233 0.000182838396461619
0 0.0196078431372549 0.00224497089685225
0 0.0380952380952381 0.00360852640977659
0 0.010989010989011 0.00197188390557352
0 0.0326086956521739 0.000909659587898221
0 0.043956043956044 0.000869402418929106
0 0.0645161290322581 0.0063544610590039
0 0.0404040404040404 0.00230494427395896
0 0.0206185567010309 0.00269608516815525
0 0.03 0.000485883889317887
0 0.0576923076923077 0.00328070119100399
0 0.0918367346938776 0.00604991115010026
0 0.05 0.00540873005145292
0 0.0202020202020202 0.00468319562182899
0 0.0842105263157895 0.00790544719469542
0 0.0373831775700935 0.00754498560112219
0 0.03 0.00181589496075998
0 0.037037037037037 0.00754168999017285
0 0.0194174757281553 0.000350472210258984
0 0.0747663551401869 0.0101383825888559
0 0.0373831775700935 0.00157009370030868
0 0.0105263157894737 1.79534451413791e-05
0 0.043010752688172 0.0001862082486259
0 0.0319148936170213 0.00444600444845644
0 0.0686274509803922 0.00549883368979838
0 0.0490196078431373 0.0088498311694961
0 0.0373831775700935 0.00117664325091357
0 0.0816326530612245 0.00666932073569007
0 0.03125 0.00319663551653196
0 0.0412371134020619 0.00540287618474946
0 0.0297029702970297 0.00223850709993585
0 0.0693069306930693 0.00242344587306013
0 0.0434782608695652 0.00128766391266245
0 0.021505376344086 0.000168281465654741
0 0.0212765957446809 0.00532177678553127
0 0.0476190476190476 0.00141509469708276
0 0.029126213592233 3.5780812013615e-05
0 0.0408163265306122 0.00109274648368139
0 0.0571428571428571 0.00578767137097403
0 0.01 0.00104894187368726
0 0.02 0.00197776511844083
0 0.0645161290322581 0.00282182973684717
0 0.021978021978022 2.28791850715662e-05
0 0.0306122448979592 0.0017160792145598
0 0 2.06723634730533e-05
0 0.0686274509803922 0.00326637340827696
0 0.0217391304347826 0.00668774981886212
0 0.0537634408602151 0.00969721563007258
0 0.0377358490566038 0.00415153946458791
0 0.0645161290322581 0.00538509889422346
0 0.00952380952380952 0.00199889137168831
0 0.03 0.000104040185488267
0 0.04 0.0055143833300705
0 0 1.70133463779065e-08
0 0.0425531914893617 0.00941247708157646
0 0.0408163265306122 0.000876233237851544
0 0.0412371134020619 0.00350470647258237
0 0.0326086956521739 0.00921099043119898
0 0.0210526315789474 0.00235506243912974
0 0.0729166666666667 0.00567027814588045
0 0.0315789473684211 0.0126121572778093
0 0.0384615384615385 0.00154597387874837
0 0.0566037735849057 0.00480849267279461
0 0.0275229357798165 0.000715503482179754
0 0.010989010989011 1.34040401398437e-06
0 0.0537634408602151 0.00282330512983093
0 0.03 0.00702626950372557
0 0.0105263157894737 0.00611845416023366
0 0.032967032967033 0.00324126293020782
0 0.0319148936170213 0.00098868965476276
0 0.0202020202020202 0.00223734281830758
0 0.0208333333333333 0.00144981574670301
0 0.029126213592233 0.00302203808390495
0 0.00952380952380952 0.000388762093473078
0 0.058252427184466 0.00566706393012188
0 0.0204081632653061 0.00602832875972613
0 0.0471698113207547 0.00539172112615383
0 0.0206185567010309 0.00124354620862367
0 0.0206185567010309 0.00465586183282968
0 0.0537634408602151 0.00657030673089379
0 0.0212765957446809 0.00436502589959342
0 0.00943396226415094 0.000914054854251037
0 0.0285714285714286 0.00210424890070843
0 0.0198019801980198 0.000900614163670678
0 0.05 0.00174165466509986
0 0.0505050505050505 0.00291637914598235
0 0.0294117647058824 0.00409434919581614
0 0.0280373831775701 0.00170258985345435
0 0.0309278350515464 0.000349990940019868
0 0.0306122448979592 0.00165753059325501
0 0.0275229357798165 0.00309339654885727
0 0.0645161290322581 0.00148890284299643
0 0.00980392156862745 0.000996722932899901
0 0.0309278350515464 0.00217609509703463
0 0.021505376344086 0.00100017247851442
0 0.0212765957446809 0.00113897175707435
0 0.0476190476190476 0.00130358669326814
0 0.0576923076923077 0.00703873766270336
0 0.0212765957446809 0.00070473983958058
0 0.0212765957446809 0.000386258043295727
0 0.032967032967033 0.00622003592764015
0 0.010989010989011 1.21344346476649e-05
0 0.0204081632653061 0.000369458590096767
0 0.0485436893203883 0.0100891477485003
0 0.0202020202020202 0.0011471545345749
0 0.043956043956044 0.00490715808579683
0 0.0196078431372549 4.83510061164932e-05
0 0.0210526315789474 0.00234809493529052
0 0.0294117647058824 0.00176537100385456
0 0.058252427184466 0.0065739446570073
0 0.021505376344086 0.00411415357816321
0 0.0277777777777778 0.00502330654413337
0 0.0421052631578947 0.00131716063354123
0 0.0192307692307692 0.000141645361229853
0 0.0476190476190476 0.00547807164198645
0 0.0108695652173913 0.00542074864209741
0 0.0760869565217391 0.00932368664317656
0 0.043956043956044 0.00422100182557393
0 0.0102040816326531 0.00093121286827796
0 0 8.39277488456202e-06
0 0.010752688172043 0.000729290646389444
0 0.0576923076923077 0.00287870934748349
0 0.0769230769230769 0.00834495926057087
0 0.055045871559633 0.0125676590464304
0 0.0467289719626168 0.00872182874295111
0 0.0425531914893617 0.00302411014975973
0 0.00934579439252336 0.000154466418266395
0 0.0217391304347826 0.00651019273154451
0 0.0106382978723404 0.00196249821390389
0 0.0204081632653061 0.00434164882783638
0 0.0631578947368421 0.00269771858233452
0 0.0408163265306122 0.000430026026948492
0 0.0392156862745098 0.00152185727777931
0 0.0625 0.00460717548295329
0 0.0285714285714286 0.000655053577227117
0 0.0288461538461538 0.00202056149214479
0 0.0408163265306122 0.00379424836260504
0 0.073394495412844 0.00497410957418945
0 0.0380952380952381 0.00248913813932987
0 0.03 0.00518182813268317
0 0.032258064516129 0.00708548596845213
0 0.0434782608695652 0.00668904808124676
0 0.0467289719626168 0.00970972325382015
0 0.00934579439252336 1.70631099202532e-05
0 0.0648148148148148 0.00534286647319656
0 0.00980392156862745 0.00373200241876305
0 0.0480769230769231 0.00186966473070498
0 0.0388349514563107 0.000975712907075851
0 0.0421052631578947 0.00220520489946794
0 0.0202020202020202 0.00265969721286241
0 0.0396039603960396 0.00535354705224848
0 0.0707070707070707 0.00459535783898924
0 0.0380952380952381 0.00329386060931378
0 0.0188679245283019 0.000210087462525892
0 0.0326086956521739 0.00733820788017487
0 0.0294117647058824 0.00640980132724929
0 0.0515463917525773 0.00695452052220411
0 0.0510204081632653 0.0050825675952111
0 0.0408163265306122 0.00464009737736833
0 0.0625 0.00994854217620422
0 0.0208333333333333 0.00232952178661737
0 0.021505376344086 0.00169374490871312
0 0.0377358490566038 0.00534154381223021
0 0.0555555555555556 0.00707072750665628
0 0.029126213592233 0.00025845477692434
0 0.0918367346938776 0.00599615498188742
0 0 7.68878447671252e-08
0 0.03 0.00139746303634293
0 0.0373831775700935 0.0103829778192579
0 0.0560747663551402 0.0123875864707241
0 0.0416666666666667 0.00326696952549329
0 0.0408163265306122 0.00197930878659922
0 0.0297029702970297 0.00382926328415799
0 0.07 0.0112916713893879
0 0.0297029702970297 0.000712400839356911
0 0.0747663551401869 0.0115060963894321
0 0.021505376344086 0.00141449873869452
0 0.0714285714285714 0.00611046458243842
0 0.0686274509803922 0.00451048016502783
0 0.0679611650485437 0.00513910750754736
0 0.09375 0.00702296751407571
0 0.0404040404040404 0.000849185343408517
0 0.0769230769230769 0.0228206490735219
0 0.0384615384615385 0.000965413845417804
0 0.029126213592233 0.00244609495150727
0 0.0416666666666667 0.00401926572559499
0 0.03 0.00459920980261464
0 0.0380952380952381 0.00255551924611006
0 0.0396039603960396 0.00741307270317962
0 0.02 9.0343569550234e-06
0 0.0198019801980198 5.99027433265627e-06
0 0.0555555555555556 0.00680595821726666
0 0.0495049504950495 0.00129823792371134
0 0.0560747663551402 0.00298389940036591
0 0.0531914893617021 0.0101490621103141
0 0.0285714285714286 0.000777389730360043
0 0.0303030303030303 0.0128629117303355
0 0.0326086956521739 0.00351452768201407
0 0.0594059405940594 0.00979433284847695
0 0.0306122448979592 0.00526786262712469
0 0.0105263157894737 3.95553173061021e-07
0 0.0105263157894737 0.00129251501123172
0 0.0099009900990099 2.11664434225001e-08
0 0.0416666666666667 0.00528737586155404
0 0.0319148936170213 0.00090457893377864
0 0.0285714285714286 0.00515362916746672
0 0.0315789473684211 0.00389105738469442
0 0.0396039603960396 0.0022624977586663
0 0.0388349514563107 0.000334126449300322
0 0.0404040404040404 0.00349467314397083
0 0.043956043956044 0.00645905131987696
0 0.0754716981132075 0.00594109514601603
0 0.0104166666666667 2.58475910404733e-07
0 0.0520833333333333 0.000412589664801671
0 0.0315789473684211 0.00483805311962631
0 0.0192307692307692 0.00338670006824886
0 0.0642201834862385 0.00295722821829367
0 0.032967032967033 0.00530542031787187
0 0.03125 0.0053638375363369
0 0.0537634408602151 0.00537467462814416
0 0.03 0.00264255610437916
0 0.029126213592233 0.000387764491113885
0 0.043956043956044 0.00294159449331073
0 0.00970873786407767 2.53510826007148e-05
0 0.0404040404040404 0.00540416012039647
0 0.0309278350515464 0.00745838515241978
0 0.0288461538461538 0.00377389776978673
0 0.0306122448979592 0.0036080553949208
0 0.0208333333333333 0.00373853406438847
0 0.019047619047619 0.00322384340359542
0 0.0421052631578947 0.00110379932417854
0 0.0408163265306122 0.00567397197823796
0 0.04 0.00184937083717246
0 0.021505376344086 0.00211671206944941
0 0.0285714285714286 0.00139864330762999
0 0.0380952380952381 0.00253637332315914
0 0.0408163265306122 0.00190847747188066
0 0.0202020202020202 0.00264920620024245
0 0.0421052631578947 0.00934295847050773
0 0.0412371134020619 0.00165317804980844
0 0.0555555555555556 0.00284770933768698
0 0.0421052631578947 0.00185710662452054
0 0.0526315789473684 0.00603271856586783
0 0.0108695652173913 5.50473252178311e-06
0 0.0392156862745098 0.00453377778617794
0 0.0404040404040404 0.00175942717763841
0 0.0101010101010101 0.000422334785631075
0 0.0377358490566038 0.00227369084784661
0 0.02 0.00210833198067499
0 0.0202020202020202 0.00509868091831387
0 0.0543478260869565 0.00964137328820566
0 0.0105263157894737 2.01993128954513e-06
0 0.03125 0.00188868968198264
0 0.0208333333333333 0.00426876960879213
0 0 7.23400252789729e-11
0 0.0808080808080808 0.00750206093811597
0 0.0549450549450549 0.00289947396803803
0 0.0285714285714286 0.00196089827397453
0 0.0425531914893617 0.0118017523900334
0 0.0303030303030303 0.00262161078249938
0 0.0505050505050505 0.0052366269805376
0 0.0306122448979592 0.00257676763155481
0 0.0377358490566038 0.0100076371479105
0 0.0306122448979592 0.00107212924576877
0 0.0217391304347826 0.000535087975806447
0 0.021978021978022 0.00162201888040179
0 0.0404040404040404 0.00850193486408823
0 0.0297029702970297 0.00266525137484259
0 0.0192307692307692 0.00138642785423533
0 0.0217391304347826 0.000621630759814464
0 0.0210526315789474 0.00531176532195446
0 0.0434782608695652 0.0013748465152105
0 0.010752688172043 0.00119637914433519
0 0.032258064516129 0.00196532884446119
0 0.0309278350515464 0.00463905656848088
0 0.021505376344086 0.00140685767694988
0 0.0388349514563107 0.003548854866898
0 0.0648148148148148 0.00690718550697692
0 0.0618556701030928 0.0100933430416974
0 0.0495049504950495 0.00749175122516602
0 0.032967032967033 0.00303716928266799
0 0.0947368421052632 0.0195857380670281
0 0.0283018867924528 0.00143234878471024
0 0.0480769230769231 0.00486391371674666
0 0.0208333333333333 0.00315826555425868
0 0.0217391304347826 2.97096527165651e-05
0 0.032258064516129 0.00292144746279116
0 0.0380952380952381 0.00478850973247944
0 0.0319148936170213 0.00236957801746451
0 0.0280373831775701 0.00675981939913672
0 0.0099009900990099 2.24612134289996e-05
0 0.0526315789473684 0.00323935851135951
0 0.0606060606060606 0.000746020612248641
0 0.0693069306930693 0.0103766037239389
0 0.0204081632653061 0.00298211401124963
0 0.021505376344086 0.00765923525431009
0 0.0612244897959184 0.00665156293361883
0 0.0416666666666667 0.00324295884931745
0 0.0277777777777778 0.00724941425679401
0 0.0396039603960396 0.00254256511021591
0 0.0283018867924528 0.00314753886502169
0 0.0505050505050505 0.00416519479001847
0 0.0588235294117647 0.00359967887839705
0 0.0645161290322581 0.0133735128414072
0 0.0210526315789474 0.000311395486557801
0 0.0306122448979592 0.00456125716863541
0 0.0206185567010309 6.18895406914355e-05
0 0.0202020202020202 7.62697494069662e-06
0 0.0206185567010309 0.00655295272825781
0 0 8.05861410261781e-06
0 0.0294117647058824 0.00235709293986093
0 0.0576923076923077 0.00386950629251942
0 0.0275229357798165 0.00122499175741128
0 0.0652173913043478 0.00189403475193608
0 0.0108695652173913 0.00317578364963777
0 0.01 0.0060701735888594
0 0.0404040404040404 0.0038715764084048
0 0.0380952380952381 0.00337746013155062
0 0.0434782608695652 0.00066735075530737
0 0.0319148936170213 0.00290472517879291
0 0.0326086956521739 0.00295992872903518
0 0.0693069306930693 0.0133335516727688
0 0.0208333333333333 0.000112109021671013
0 0.0408163265306122 0.00077803925595438
0 0.03 0.00296125911882273
0 0.0194174757281553 0.00197032093510135
0 0.018348623853211 0.00370553353546728
0 0.0612244897959184 0.00633775625084575
0 0.0373831775700935 0.00149170295444179
0 0.0196078431372549 0.00077131158246296
0 0.0306122448979592 0.00282106778729579
0 0.0404040404040404 0.0132851696892453
0 0.032967032967033 0.00270796974120391
0 0.0294117647058824 0.00142559551232195
0 0.0212765957446809 0.00013308969890536
0 0.0495049504950495 0.00205264435321278
0 0.010752688172043 0.000675523403009993
0 0.0531914893617021 0.00415160201793539
0 0.010989010989011 0.000234921086300251
0 0.0277777777777778 0.00222551179393506
0 0.0388349514563107 0.00220595881870144
0 0.0588235294117647 0.00161161876541001
0 0.0380952380952381 0.00096304706630795
0 0.0309278350515464 0.00493472679940877
0 0.0186915887850467 0.00335830606630145
0 0.043010752688172 0.00794796640956357
0 0.0576923076923077 0.00741375041791167
0 0.029126213592233 0.0034663216810532
0 0.0416666666666667 0.0080653231931831
0 0.0210526315789474 0.00182766305310942
0 0.0108695652173913 8.48847389878681e-10
0 0.0761904761904762 0.00718220832723866
0 0.0408163265306122 0.00695664436517044
0 0.03 0.00233004595690002
0 0.0515463917525773 0.0118683962597876
0 0.0537634408602151 0.00474189431240524
0 0.0277777777777778 0.00542955351762095
0 0.0693069306930693 0.0115277933635698
0 0.0106382978723404 0.00181029434136082
0 0.0679611650485437 0.00520526821411862
0 0.00943396226415094 0.0045445660214224
0 0.0416666666666667 0.00555507470958459
0 0.0315789473684211 0.0112128745171703
0 0.0505050505050505 0.000685246821486362
0 0.0194174757281553 1.27676355407559e-07
0 0.0198019801980198 0.00273827736593815
0 0.0576923076923077 0.00640507209885126
0 0.0849056603773585 0.00944978981711674
0 0.021978021978022 3.62180561370242e-05
0 0.0531914893617021 0.00438536656514131
0 0.0642201834862385 0.00756091517519051
0 0.0288461538461538 0.00140719464826325
0 0.0421052631578947 0.00944757186138085
0 0.0204081632653061 1.27040149899261e-05
0 0.0686274509803922 0.0056368603861624
0 0.0404040404040404 0.00326321638468686
0 0.0654205607476635 0.00566373534864248
0 0.029126213592233 0.00415729801171298
0 0.0396039603960396 0.00932082164595124
0 0.0204081632653061 0.00289876053101087
0 0.0408163265306122 0.00161571347529064
0 0.04 0.00498691173992403
0 0.0412371134020619 0.00369437072972263
0 0.0576923076923077 0.000849327109384202
0 0.032967032967033 0.00169613263235533
0 0.03125 0.00440223932548903
0 0 1.82661146996028e-08
0 0.0588235294117647 0.00179823021814899
0 0.0277777777777778 0.00186180538108391
0 0.05 0.00249097632021046
0 0.018348623853211 0.000645492014706034
0 0.0283018867924528 0.00433329551853923
0 0.032258064516129 0.00308323889708761
0 0.0194174757281553 0.00114291829100175
0 0.0202020202020202 0.00177279373287574
0 0.04 0.00443127930997588
0 0.0412371134020619 0.00673125356152874
0 0.0217391304347826 0.0151354764547567
0 0.0194174757281553 0.00323300899538261
0 0 1.18327800170435e-08
0 0.0686274509803922 0.0035715439613027
0 0.0421052631578947 0.00528997498580813
0 0.0309278350515464 0.00136563142365587
0 0.0326086956521739 0.00549972242033093
0 0.0384615384615385 0.00161829436333148
0 0.0560747663551402 0.00535249132484178
0 0.04 0.00150097311932453
0 0.0196078431372549 0.000398082637821971
0 0.0202020202020202 0.00283943047166735
0 0.0588235294117647 0.00573301098758202
0 0.0283018867924528 0.000156681748893806
0 0.0297029702970297 0.00104782669037436
0 0.0480769230769231 0.00246961535447177
0 0.0326086956521739 0.00241557515746602
0 0.0380952380952381 0.00285571123787704
0 0.0408163265306122 0.0059975956904115
0 0.0297029702970297 0.000950388047409642
0 0.0485436893203883 0.00134234338515024
0 0.032258064516129 0.00452705664531311
0 0.043010752688172 0.00368112944976602
0 0.0588235294117647 0.00634212241141223
0 0.0631578947368421 0.0070268186006866
0 0.0520833333333333 0.00225864138018588
0 0.0306122448979592 0.00264222923741118
0 0.029126213592233 0.000946128965006554
0 0.0555555555555556 0.00843744884616957
0 0.0408163265306122 0.00301825166307963
0 0.0204081632653061 0.00233984476644721
0 0.02 0.000198101931748394
0 0.0108695652173913 0.000891685910562104
0 0.0648148148148148 0.00470208774627496
0 0.0943396226415094 0.00888497217890728
0 0.0192307692307692 8.54921302128221e-05
0 0.032258064516129 0.00167530730772569
0 0.0594059405940594 0.00710216972745298
0 0.0206185567010309 0.000283553583683604
0 0.04 0.00213169675878318
0 0.032258064516129 0.00482183575872435
0 0.0566037735849057 0.00223135864348486
0 0.0384615384615385 0.00408810591719967
0 0.0194174757281553 0.00203656725429078
0 0.0315789473684211 0.00439389219495518
0 0.0416666666666667 0.00418590129245474
0 0.0462962962962963 0.00214845128258647
0 0.0740740740740741 0.00715444074436509
0 0.0625 0.00402060627854753
0 0.04 0.0024659662442503
0 0.0309278350515464 0.00224160766743318
0 0 1.19673606062907e-11
0 0.0277777777777778 0.00362526620123263
0 0.0714285714285714 0.00536587326904431
0 0.04 0.00722559782669284
0 0.04 0.00428563558158562
0 0.043010752688172 0.00657316329390858
0 0.010989010989011 0.00307180867086759
0 0.0392156862745098 0.0046686271990654
0 0.0217391304347826 0.00269209045399197
0 0.0808080808080808 0.00555140616381565
0 0.0566037735849057 0.00517993877421831
0 0.0505050505050505 0.000129095883764267
0 0.0412371134020619 0.0068283737125097
0 0.0404040404040404 0.00480848201881461
0 0.0303030303030303 0.00079335074312091
0 0.0537634408602151 0.00477241197327496
0 0.0421052631578947 0.00148943702404883
0 0.055045871559633 0.0029602907899588
0 0.0693069306930693 0.0069161103276994
0 0.032967032967033 0.00264095791815748
0 0.0210526315789474 0.00456853394553221
0 0.0206185567010309 6.25577446104744e-05
0 0.0208333333333333 0.00354750662998426
0 0.0202020202020202 0.000175571057470248
0 0.0594059405940594 0.00439602303801619
0 0.0102040816326531 0.000408729496932317
0 0.032967032967033 0.00434292166335957
0 0.0408163265306122 0.000222437713973216
0 0.0194174757281553 0.000779187504746083
0 0.0537634408602151 0.00452848407003087
0 0.0377358490566038 0.0113993173336041
0 0.0297029702970297 0.00402479553271842
0 0.029126213592233 0.0017306401419675
0 0.0306122448979592 0.00287270935959779
0 0.0275229357798165 0.0030331207579003
0 0.0217391304347826 0.000136184318641493
0 0.0638297872340425 0.00221640159033793
0 0.0277777777777778 0.00535125966473379
0 0.0202020202020202 0.00241423571964839
0 0.00980392156862745 0.00133396143385077
0 0 1.26292430431612e-06
0 0.0373831775700935 0.000294238923585407
0 0.0531914893617021 0.00396155389642577
0 0.0462962962962963 0.00634585843534368
0 0.0388349514563107 0.0118264876640587
0 0 6.04124049315215e-06
0 0 1.06035846587727e-05
0 0.0537634408602151 0.00210294921656083
0 0.0384615384615385 0.00287569468018477
0 0.0283018867924528 0.00417458446509959
0 0.0206185567010309 0.00105945534302503
0 0.0319148936170213 0.00554915407236877
0 0.0373831775700935 0.00530835250765822
0 0.029126213592233 0.00356394302019344
0 0.0510204081632653 0.0025711019727338
0 0.0206185567010309 0.00211392568649698
0 0.0280373831775701 0.00130058462181821
0 0.0645161290322581 0.00461380746528523
0 0.0740740740740741 0.00616957955279549
0 0.0288461538461538 0.00362482529687511
0 0.0212765957446809 0.000541161527459841
0 0.032967032967033 0.00417613768202102
0 0.0206185567010309 0.00240994161112746
0 0.0537634408602151 0.00256895685406278
0 0 3.32490902095731e-28
0 0.0283018867924528 0.00168663851699591
0 0.0297029702970297 0.000150717904076268
0 0.0303030303030303 0.00668212704341129
0 0.0526315789473684 0.00393358947696359
0 0.0280373831775701 0.00501928875647039
0 0.05 0.000286256362770931
0 0.058252427184466 0.00980259239984266
0 0.0645161290322581 0.0130142345543796
0 0.0412371134020619 0.00342656829282225
0 0.0543478260869565 9.13583662793354e-05
0 0.0104166666666667 2.61710991773422e-08
0 0.0566037735849057 0.00612452885326255
0 0.0285714285714286 0.00275266295785157
0 0.0925925925925926 0.00987529673038055
0 0.0537634408602151 0.00216479809345961
0 0.0217391304347826 0.00600570193273962
0 0.0104166666666667 0.00148145187796525
0 0.0185185185185185 0.000966403901275512
0 0.0319148936170213 0.0064070928437088
0 0.043956043956044 5.80122204735654e-05
0 0.0404040404040404 0.000668336397545801
0 0.021978021978022 0.00193376411726301
0 0.0480769230769231 0.00220882952876181
0 0.0326086956521739 0.00227483234423742
0 0.05 0.00441878268750177
0 0.0326086956521739 0.00325105414496015
0 0.0520833333333333 0.00957185892267224
0 0.06 0.00188723200375931
0 0.0198019801980198 0.00879859556180151
0 0.0425531914893617 0.00385235482792202
0 0.010752688172043 0.00586178986460956
0 0.0458715596330275 0.00640434294464005
0 0.05 0.00653326544366853
0 0.0306122448979592 0.000138303984096394
0 0.0747663551401869 0.00767986717230684
0 0.0654205607476635 0.00690593326108149
0 0.0315789473684211 0.00425872715516533
0 0.0217391304347826 1.35259111120193e-05
0 0.010989010989011 1.3695616037053e-06
0 0.00925925925925926 3.56651192741972e-07
0 0.0288461538461538 0.00426210719200159
0 0.029126213592233 0.00455541130993778
0 0.0485436893203883 0.00576842606561006
0 0.0408163265306122 0.00862347795535735
0 0.032258064516129 0.000979816868008252
0 0.0505050505050505 0.00502710769439937
0 0.0202020202020202 0.00221079851120181
0 0.0576923076923077 0.00334119236908902
0 0.0212765957446809 0.00212113171203664
0 0.0277777777777778 0.00036002373802114
0 0.0714285714285714 0.0102787140967044
0 0.0594059405940594 0.00442553276020139
0 0.0480769230769231 0.00764707781997279
0 0.0416666666666667 0.00769129163406691
0 0.0485436893203883 0.00744196968394294
0 0.0421052631578947 0.00357788126447276
0 0.0510204081632653 0.00903531591596468
0 0.00970873786407767 5.00295782681673e-08
0 0.0421052631578947 0.00141956518709134
0 0.00943396226415094 2.87535180864953e-05
0 0.0576923076923077 0.00816775262181704
0 0.0108695652173913 7.08246309712831e-07
0 0.0396039603960396 0.00503168722817024
0 0.03125 5.45113902533944e-05
0 0.0210526315789474 0.00263262773525379
0 0.0392156862745098 0.00306398696908389
0 0.0217391304347826 0.00455206078933127
0 0.0326086956521739 0.00613683423619893
0 0.0458715596330275 0.00366523132833237
0 0.0412371134020619 0.00849707999213336
0 0.0404040404040404 0.0042078290885356
0 0.0645161290322581 0.00396935586941023
0 0.0204081632653061 8.40278806172513e-06
0 0.0217391304347826 0.00434770522246818
0 0.0425531914893617 0.000484616265781191
0 0.010752688172043 0.000311058322884217
0 0.0106382978723404 6.49678941688115e-10
0 0.029126213592233 1.04443725772396e-05
0 0.0480769230769231 0.00356157270385462
0 0.0277777777777778 0.000412396529083014
0 0.0185185185185185 0.00101170518212713
0 0.0380952380952381 0.00509348442443824
0 0.032967032967033 0.000578860747222825
0 0.0531914893617021 0.0031867985244476
0 0.0543478260869565 0.0106821857285039
0 0.02 1.94119646491044e-05
0 0.0480769230769231 0.00368195292722296
0 0.0462962962962963 0.00800901370367067
0 0.0210526315789474 0.00646373603999813
0 0.0206185567010309 0.00417538140827466
0 0.0212765957446809 0.00337823519551235
0 0.0654205607476635 0.0104670309408361
0 0.0319148936170213 5.95558125227477e-05
0 0.0303030303030303 0.000457605398488561
0 0.0618556701030928 0.00748958164262965
0 0.0306122448979592 0.00221114795831244
0 0.0673076923076923 0.0105250665376137
0 0.00970873786407767 0.00140221472444753
0 0.0543478260869565 0.00804462041654793
0 0.0315789473684211 0.00877212551855089
0 0.0297029702970297 0.00116568814760698
0 0.0425531914893617 0.00617732439090299
0 0.058252427184466 0.000772815581920175
0 0.101010101010101 0.0146677363601809
0 0.0588235294117647 0.00775081442555783
0 0.0319148936170213 0.00156959537127897
0 0.074468085106383 0.0100244769911279
0 0.0416666666666667 0.00229441360172981
0 0.0202020202020202 0.00144809302251973
0 0.0217391304347826 0.00496939116180965
0 0.0212765957446809 2.05055612374736e-09
0 0.0531914893617021 0.00854871625112235
0 0.0747663551401869 0.00947690232390335
0 0.0560747663551402 0.00472798613631946
0 0.0297029702970297 0.00300683251620233
0 0.0416666666666667 0.00583794124851167
0 0.0537634408602151 0.00658482543152794
0 0.0490196078431373 0.00720991193717098
0 0.0288461538461538 0.00668652940711096
0 0.0594059405940594 0.00586236599392051
0 0.0206185567010309 0.00178324199087251
0 0.0480769230769231 0.00337858755009002
0 0.0392156862745098 0.00646675006113848
0 0.019047619047619 0.00140604504729934
0 0.0108695652173913 0.000233055489836353
0 0.021505376344086 0.00922944815131309
0 0.00980392156862745 2.03348305778361e-06
0 0.0392156862745098 0.00301697209724454
0 0.0666666666666667 0.00960066157168395
0 0.0462962962962963 0.00342269809877531
0 0.0458715596330275 0.00304615663031823
0 0.01 0.00147074903932013
0 0.0285714285714286 0.00313593180643156
0 0.032967032967033 0.000255070415521545
0 0.0326086956521739 0.00204226653921189
0 0.0404040404040404 0.00553887683434308
0 0.019047619047619 0.000521615043360024
0 0.0434782608695652 0.00772146895402699
0 0.00952380952380952 0.00116090929202309
0 0.0377358490566038 0.00479578977841336
0 0.0373831775700935 0.00118070081083981
0 0.0594059405940594 0.00367449346532525
0 0.03125 0.00434534809028275
0 0.0721649484536082 0.0145832333565578
0 0.0408163265306122 0.00885203356703875
0 0.0306122448979592 0.00444391945653185
0 0.0326086956521739 3.00667901012271e-07
0 0.00934579439252336 1.53261285100367e-06
0 0.03 0.00206287986835378
0 0.04 0.00412098195081386
0 0.032258064516129 0.000262689196342886
0 0.0275229357798165 0.0015455885537705
0 0.043010752688172 0.00460252074717191
0 0.0306122448979592 0.00165735637795181
0 0.021505376344086 0.00327539455013823
0 0.029126213592233 0.00324127165335361
0 0.0392156862745098 0.000498452538490338
0 0.0416666666666667 0.00488776779375084
0 0.0645161290322581 0.00565503684897651
0 0.0412371134020619 0.000232931329691334
0 0.043010752688172 0.00558670192358123
0 0.0467289719626168 0.00279950126481371
0 0.0380952380952381 0.00500799302514702
0 0.043010752688172 0.0115879917204661
0 0.0380952380952381 0.000626284147820274
0 0.03125 0.00370530392566167
0 0.03 0.00326613408912472
0 0.0833333333333333 0.00790907254271524
0 0.0476190476190476 0.000234196050735422
0 0.0458715596330275 0.00305241168912611
0 0.0384615384615385 0.00110189001588224
0 0.03 0.000249325283837336
0 0.0285714285714286 0.00221646869879467
0 0.05 0.0050998449455463
0 0.0408163265306122 0.00230942041887611
0 0.0217391304347826 0.000886905603423401
0 0.0416666666666667 0.00230279119015596
0 0.0515463917525773 0.00485865161031492
0 0.0776699029126214 0.00632405988591776
0 0.0495049504950495 0.0045685261843496
0 0.0467289719626168 0.000341126774017964
0 0.0309278350515464 0.00382000811684786
0 0.0285714285714286 0.00524819505300661
0 0.0588235294117647 0.0017485789262298
0 0.0408163265306122 0.00840936484576243
0 0.0467289719626168 0.00214391893590476
0 0.0384615384615385 1.86954889705958e-05
0 0.0210526315789474 0.00325104701582168
0 0.0306122448979592 3.73475230883009e-05
0 0.043956043956044 0.00868395733693673
0 0.019047619047619 0.00205176426675501
0 0.010752688172043 0.00092274143098373
0 0.0392156862745098 0.00496355820356018
0 0.0306122448979592 0.0117030320178529
0 0.0612244897959184 0.0037137219568061
0 0.073394495412844 0.00386980181158179
0 0.0520833333333333 0.00325298342697166
0 0.0549450549450549 0.00462356011422377
0 0.0505050505050505 0.0102351059430662
0 0.036697247706422 0.00425875522034148
0 0.0576923076923077 0.00720058450814786
0 0.0373831775700935 0.00493428834774711
0 0.0202020202020202 0.00326450423626631
0 0.032258064516129 0.00242430360855014
0 0.0425531914893617 0.00190099315376341
0 0.00970873786407767 4.07197920478692e-10
0 0.0377358490566038 0.0107647732723476
0 0.105263157894737 0.0190942571257091
0 0.0642201834862385 0.00324935644994833
0 0.0319148936170213 0.0072261270067243
0 0.0531914893617021 0.00622470379778189
0 0 3.58022007663363e-06
0 0.0105263157894737 0.00181220918961929
0 0 9.76156949508171e-07
0 0 9.71900965713929e-06
0 0.0196078431372549 0.00309819806075456
0 0.058252427184466 0.00469321210076804
0 0.102040816326531 0.0110256274494075
0 0.0210526315789474 0.00872506442787154
0 0.0816326530612245 0.0153882227804946
0 0.0277777777777778 0.0073303028517611
0 0.0198019801980198 0.00102062548475945
0 0.0196078431372549 0.00120563388745694
0 0.0326086956521739 0.000652696290095173
0 0.0275229357798165 0.00583494796082215
0 0.02 3.48325452515976e-05
0 0.0659340659340659 0.00170021325725141
0 0.0520833333333333 0.00811707793616219
0 0.0101010101010101 6.54655452466774e-10
0 0.0202020202020202 0.000117109328721012
0 0.0104166666666667 5.36883014013639e-05
0 0.0769230769230769 0.0057149741487413
0 0.0288461538461538 0.0066508128470349
0 0.0208333333333333 0.00655915258215745
0 0.0384615384615385 0.00189674060733098
0 0.032967032967033 0.00289276743324979
0 0.0285714285714286 0.000533512753296502
0 0.0309278350515464 0.00129451847505162
0 0.021505376344086 1.80360237385743e-07
0 0.0612244897959184 0.00476127287816687
0 0.032967032967033 9.50347041395645e-05
0 0.0202020202020202 0.00321965900028978
0 0.0434782608695652 0.0110120524948887
0 0.0373831775700935 0.00220913890904255
0 0.010989010989011 0.00318176271192546
0 0 4.66266880597978e-11
0 0.019047619047619 0.00220065550926585
0 0.0520833333333333 0.0158212144768587
0 0.0476190476190476 0.00713118860665932
0 0.0660377358490566 0.00620136066287742
0 0.0285714285714286 0.00212864936421334
0 0.03125 0.00388148649751923
0 0.0388349514563107 0.000430098953533184
0 0.0384615384615385 0.00304359568865436
0 0.0625 0.0076598464862376
0 0.06 0.0135041871237819
0 0.0373831775700935 0.00361851580277702
0 0.06 0.00772822014530926
0 0.0104166666666667 0.00399424467111745
0 0.0396039603960396 0.00362751737335351
0 0.0625 0.0110657421651524
0 0.0217391304347826 0.00268254668545473
0 0.0208333333333333 0.0018915898373869
0 0.0520833333333333 0.00161922982255316
0 0.036697247706422 0.000911719183646175
0 0.0625 0.00283829645592195
0 0.0275229357798165 0.00136674902782003
0 0.0588235294117647 0.00674839172240393
0 0.0204081632653061 0.000623661284222933
0 0.0869565217391304 0.0146192886162375
0 0.0106382978723404 0.001427564043899
0 0 9.75292844641926e-07
0 0.00952380952380952 1.18037551849149e-05
0 0.0462962962962963 0.00909443573646466
0 0.0588235294117647 0.00195658871844355
0 0.0294117647058824 0.00459948930332558
0 0.0485436893203883 0.0072037507830534
0 0 3.00129899231294e-09
0 0.0425531914893617 4.75891871809971e-06
0 0.0531914893617021 0.00733920752926051
0 0.0560747663551402 0.00449437265212943
0 0.0192307692307692 0.0034776070598584
0 0.04 0.00828405680443764
0 0.02 0.000616397534724437
0 0 3.19843086217884e-11
0 0.0388349514563107 0.00303738840134095
0 0.0315789473684211 0.000246417412098497
0 0.0515463917525773 0.00790815428946216
0 0.0480769230769231 0.00129223871833838
0 0.0204081632653061 0.00307438511703333
0 0.0288461538461538 0.00182420181198464
0 0.0380952380952381 0.0096206904765851
0 0.043956043956044 0.00540544735041092
0 0.0294117647058824 0.00501872799367359
0 0.0192307692307692 0.00196935265741245
0 0.0188679245283019 0.00355133641271191
0 0.0515463917525773 0.00565633293686913
0 0.0543478260869565 0.00165201186738169
0 0.010989010989011 0.00435744369056598
0 0.058252427184466 0.0047285807358666
0 0.0526315789473684 0.00408601194321283
0 0.0404040404040404 0.0120720925136527
0 0.0294117647058824 0.00673783302516338
0 0.0106382978723404 9.04300380111966e-06
0 0.0659340659340659 0.0100559409661658
0 0.03 0.00808044898318148
0 0.021505376344086 0.00182089582072465
0 0.0288461538461538 0.00298295781686296
0 0.0102040816326531 0.000323004588988092
0 0.0275229357798165 0.00254907336843167
0 0.0520833333333333 0.000209107288394823
0 0.0099009900990099 0.00149207278932081
0 0.0515463917525773 0.00716683584241899
0 0.0192307692307692 0.000245249527706188
0 0.0102040816326531 2.55286378801506e-05
0 0.0652173913043478 0.00872185239550644
0 0.05 0.0101525605381969
0 0.0196078431372549 0.00569861757791523
0 0.0566037735849057 0.0031712932566177
0 0.0108695652173913 1.84485007323786e-05
0 0.0309278350515464 0.00189936327541783
0 0.0576923076923077 0.00831637086102289
0 0.032258064516129 0.00652653589499592
0 0.0543478260869565 0.00764906513396258
0 0.0204081632653061 0.00148458260384677
0 0.036697247706422 0.00299861480556888
0 0.0319148936170213 0.00344329170988286
0 0.0421052631578947 0.00115105733625999
0 0.0520833333333333 6.49645817238995e-05
0 0.0549450549450549 0.000726189803299191
0 0.0105263157894737 0.000238195659542421
0 0.0566037735849057 0.00543023634298599
0 0.021978021978022 8.55630712196334e-10
0 0.02 0.00414152102031848
0 0.0319148936170213 0.00014717437693815
0 0.0421052631578947 0.00168455207193934
0 0.0192307692307692 0.00103690448393916
0 0.0185185185185185 0.00205322948754641
0 0.0380952380952381 0.000706054038622127
0 0.0404040404040404 0.00447769481185189
0 0.0277777777777778 0.00286057547175981
0 0.055045871559633 0.00425542654896173
0 0.0412371134020619 0.00432817016972234
0 0.0326086956521739 0.00358839880785434
0 0.0208333333333333 0.00243392628455718
0 0.043010752688172 0.00421744045473649
0 0.032967032967033 0.0023197538010544
0 0.0392156862745098 0.00106801367233924
0 0.03125 0.000790929824204017
0 0.0520833333333333 0.00366924024076263
0 0.010989010989011 0.00387217000297206
0 0.0392156862745098 0.00338172817463214
0 0.0373831775700935 1.50341891413991e-06
0 0 1.9796046137052e-07
0 0.0638297872340425 0.0158515914557321
0 0.0918367346938776 0.0109646636908393
0 0.0495049504950495 0.00602779672788576
0 0.0660377358490566 0.00724421276921261
0 0.0490196078431373 0.00175940965051399
0 0.03125 0.00172768595897866
0 0.0612244897959184 0.0071429122065258
0 0.0891089108910891 0.0179035106754856
0 0.010989010989011 0.00144210839884307
0 0.0485436893203883 0.0169461969252447
0 0.0283018867924528 0.00706436745467509
0 0.0625 0.00853885875475325
0 0.0566037735849057 0.00447344960878484
0 0.0566037735849057 0.0129586034100239
0 0.0566037735849057 0.00326096773802581
0 0.0202020202020202 6.5328161113867e-06
0 0.019047619047619 0.0014076248671842
0 0.0648148148148148 0.00674831008643789
0 0.055045871559633 0.00260628498734645
0 0.0631578947368421 0.0041812203635683
0 0.0202020202020202 0.0019021155514085
0 0.0196078431372549 0.000100171306984751
0 0.0654205607476635 0.00351268125454156
0 0.0208333333333333 0.0104670535131486
0 0.05 0.00216963870661664
0 0.0543478260869565 0.00578783537258722
0 0.0326086956521739 1.00034498322835e-05
0 0.0315789473684211 0.00609312634752244
0 0.037037037037037 0.00946458545528631
0 0.0384615384615385 0.0109054823185255
0 0.0531914893617021 0.00978420250023344
0 0.0408163265306122 0.00289581564013044
0 0.0740740740740741 0.00365590031585469
0 0.0571428571428571 0.00568406721300892
0 0.0618556701030928 0.00403395611571325
0 0.0210526315789474 0.00492985346964687
0 0.0306122448979592 0.000268184307061335
0 0.043956043956044 0.00314220029937442
0 0.0618556701030928 0.00842909649041606
0 0.0425531914893617 0.00210031513096491
0 0 4.0680176161789e-09
0 0.0210526315789474 0.000428654192405511
0 0.0520833333333333 0.00111862628449458
0 0.0588235294117647 0.011083704370083
0 0.0326086956521739 0.00290645786879949
0 0.0105263157894737 0.00220997612886029
0 0.0309278350515464 0.0004198191716631
0 0.0188679245283019 0.000926275474995306
0 0.0315789473684211 0.0034885370731052
0 0.0210526315789474 0.00177140877322373
0 0.0380952380952381 0.00399009149743443
0 0.0471698113207547 0.00306388884135139
0 0.0217391304347826 0.00114609751440698
0 0.00980392156862745 2.06380766332978e-05
0 0.03 2.92586349039221e-05
0 0.087378640776699 0.00810819660174922
0 0.0384615384615385 0.00569978689200445
0 0.0471698113207547 0.00314597154612199
0 0.0319148936170213 0.00209751034284729
0 0.0198019801980198 0.000229226740863572
0 0.0576923076923077 0.00416181581688674
0 0.0642201834862385 0.0023175548321774
0 0.0297029702970297 0.00187035858413558
0 0.021978021978022 0.00101352628841529
0 0.032258064516129 2.72534100482844e-05
0 0.0693069306930693 0.00344737753187978
0 0.0206185567010309 0.000338588645485081
0 0.0396039603960396 0.00333171180306291
0 0.019047619047619 0.00093851913391014
0 0.0571428571428571 0.00296807168969669
0 0.0594059405940594 0.00910305723837859
0 0.0566037735849057 0.00413663893391658
0 0.0380952380952381 0.00302905614065863
0 0.0208333333333333 0.000269289552611372
0 0.036697247706422 0.00182611707962998
0 0.0380952380952381 0.00191262540129231
0 0.0425531914893617 0.0130017074251786
0 0.0208333333333333 0.00149015766762737
0 0.03 0.00449860535474896
0 0.0693069306930693 0.00487810697675086
0 0 3.785800662726e-09
0 0.0594059405940594 0.00455354647815547
0 0.036697247706422 0.00172600946326771
0 0.0280373831775701 0.0015820365404208
0 0.0421052631578947 0.00587097378471075
0 0.0505050505050505 0.0020886243182465
0 0.0297029702970297 0.00386842298700753
0 0.0377358490566038 0.00341169913432751
0 0.0373831775700935 0.00102800424739103
0 0.05 0.0034959771145656
0 0.0571428571428571 0.00460103092754393
0 0.00934579439252336 4.26400148548e-06
0 0.0280373831775701 0.00334720124655593
0 0.00943396226415094 0.012039147539469
0 0.0638297872340425 0.00656186123157463
0 0.0510204081632653 0.00866090451073271
0 0.0526315789473684 0.00432814564243391
0 0.0652173913043478 0.00842358411585929
0 0.0392156862745098 0.00688171839221324
0 0.0210526315789474 0.00107306983584745
0 0.0857142857142857 0.00855964409678047
0 0.0285714285714286 0.00387966779411829
0 0.032967032967033 0.00776897068149195
0 0.0306122448979592 0.00589482603392551
0 0.0618556701030928 0.0024627994078491
0 0.0421052631578947 0.0119981927209441
0 0.0188679245283019 0.00118081822526129
0 0.0631578947368421 0.00549943263396231
0 0.07 0.00442580005360211
0 0.00980392156862745 0.000444405934200822
0 0.0537634408602151 0.00266957263337862
0 0.0392156862745098 0.00323847008172582
0 0.036697247706422 0.00163924155696909
0 0.029126213592233 0.00601175922096824
0 0.0326086956521739 0.00317480869913832
0 0 0.0014662575576819
0 0.0648148148148148 0.0023381098190802
0 0.05 0.00827606542434492
0 0.055045871559633 0.00463506962713579
0 0.0208333333333333 0.00432330133312587
0 0.010752688172043 0.000103998343738719
0 0.021978021978022 4.31460847498713e-06
0 0.00943396226415094 1.67969977142597e-07
0 0.0543478260869565 0.00449195859081697
0 0.0303030303030303 0.00292999610463865
0 0.0210526315789474 0.00152563000621153
0 0.00925925925925926 0.000963344665514391
0 0.0104166666666667 0.00104208296021108
0 0.0275229357798165 0.00224162046379347
0 0.0412371134020619 0.00679972743342441
0 0.0396039603960396 0.00146564424499351
0 0.0373831775700935 0.00510765204146966
0 0.0288461538461538 0.00152377028072144
0 0.043956043956044 0.00225863979054784
0 0.0377358490566038 0.00364973742282708
0 0.058252427184466 0.00424157609536283
0 0.032967032967033 0.00215351810449788
0 0.0408163265306122 0.000356370465370683
0 0.0204081632653061 0.0015636705764024
0 0.0476190476190476 0.00278252888514529
0 0.0752688172043011 0.0074651927314671
0 0.0515463917525773 0.00771937020765037
0 0.0326086956521739 0.00578700329926613
0 0.021505376344086 0.00188892936610047
0 0.0576923076923077 0.00543751826916014
0 0.0594059405940594 0.0104217164678592
0 0.0373831775700935 0.00225361674646901
0 0.0752688172043011 0.0144681287487284
0 0.0515463917525773 0.00786627042274401
0 0.0102040816326531 0.00330964712233976
0 0.0729166666666667 0.0106015706617736
0 0.0520833333333333 0.00667851423439545
0 0.0485436893203883 0.000891549803214981
0 0.0412371134020619 0.00252400674320076
0 0.0285714285714286 0.00260548180915975
0 0.0319148936170213 0.00248333780561817
0 0.0490196078431373 0.00822819845099088
0 0.03125 0.000394633966019094
0 0.032258064516129 0.00156606284969914
0 0.0515463917525773 0.00362306695528545
0 0.0315789473684211 0.0018834742295018
0 0.032258064516129 0.00433593662312682
0 0.0192307692307692 0.00368947127545693
0 0.02 0.00215348291199187
0 0.0421052631578947 0.0118021829651139
0 0.0294117647058824 0.00162006125747
0 0.0206185567010309 0.00458462386086131
0 0.010989010989011 4.63839695168633e-08
0 0.0571428571428571 0.00441789821695886
0 0.0275229357798165 0.00219483977555995
0 0.0458715596330275 0.00333040389884856
0 0.0315789473684211 0.010537728168745
0 0.00980392156862745 0.000349027975311435
0 0.0490196078431373 0.00543210551744516
0 0.05 0.00492635448772555
0 0.0108695652173913 0.00144461887114572
0 0.0825688073394495 0.00429139818949491
0 0.0326086956521739 0.000596739653824477
0 0.0309278350515464 0.00373460577686009
0 0.06 0.00172803556654117
0 0.0297029702970297 0.000755364038277507
0 0.0196078431372549 0.001507943853758
0 0.00952380952380952 1.69371131583157e-09
0 0.00917431192660551 2.15167049922055e-08
0 0.0099009900990099 0.00228953725293717
0 0.0549450549450549 0.00576243624274681
0 0.0416666666666667 0.00701095758099377
0 0.0760869565217391 0.00708033395192112
0 0.0638297872340425 0.00332790235658278
0 0.0204081632653061 0.000833698339541696
0 0.0594059405940594 0.0117960128646901
0 0.0208333333333333 2.45619420713039e-05
0 0.0104166666666667 0.00193111522942798
0 0.0108695652173913 0.000185942126103598
0 0.0210526315789474 0.00120894961197396
0 0.0212765957446809 1.03803666221013e-05
0 0.0294117647058824 0.00205465001068753
0 0.0306122448979592 0.0025097577632603
0 0.0495049504950495 0.00262452660772437
0 0.0666666666666667 0.0168343650518822
0 0.032258064516129 0.0034142403662855
0 0 3.91521450390172e-09
0 0.0471698113207547 0.00123990179897322
0 0.0425531914893617 0.00268729806627136
0 0.0099009900990099 4.04709977024597e-05
0 0.0208333333333333 0.00127229258921471
0 0.043010752688172 6.37409991463936e-05
0 0.0392156862745098 0.00492744504575355
0 0.043010752688172 0.00641855716146864
0 0.0505050505050505 0.0095490067984815
0 0.0194174757281553 0.00281621474027213
0 0.0217391304347826 0.00262833024240232
0 0.0384615384615385 0.00369405869228909
0 0.0315789473684211 0.004813924197419
0 0.0306122448979592 4.37481701279958e-06
0 0.0099009900990099 3.70360625675363e-07
0 0.0471698113207547 0.00283262212761063
0 0.0520833333333333 0.00341031911408036
0 0.0505050505050505 0.00543750538398188
0 0.04 0.00859755820535989
0 0.0309278350515464 0.00308902677199365
0 0.0434782608695652 0.00252962502517108
0 0.0288461538461538 0.00401712464343359
0 0.0549450549450549 0.011139626808789
0 0.0099009900990099 3.37009748910837e-05
0 0.0408163265306122 0.00106821111935952
0 0.0396039603960396 0.00336019007964019
0 0.0309278350515464 0.00329156894615138
0 0.0380952380952381 0.00204048701666245
0 0.0099009900990099 0.000237113926953388
0 0.0105263157894737 1.3249118338723e-06
0 0.0275229357798165 0.00256033032549639
0 0.0412371134020619 0.00257189175816326
0 0.0306122448979592 0.00218936422940971
0 0.0638297872340425 0.00299953719318795
0 0.01 0.000674734541049273
0 0.0425531914893617 0.00780493308207699
0 0.03 0.00275266224671216
0 0.037037037037037 0.00395434726837669
0 0.0408163265306122 0.00383928297257002
0 0.058252427184466 0.00277008852058263
0 0.058252427184466 0.00825788629169443
0 0.0285714285714286 0.00346177502695177
0 0.0404040404040404 0.00305384434530081
0 0.0185185185185185 0.0030299929481929
0 0.019047619047619 0.00403098119636735
0 0.043956043956044 8.17734846250137e-05
0 0.055045871559633 0.00512382382800282
0 0.110091743119266 0.00909937585707535
0 0.0288461538461538 0.00299035245689319
0 0.029126213592233 0.00181402522277967
0 0.032967032967033 1.22000582477014e-05
0 0.0421052631578947 0.00244716798398731
0 0.05 0.0120157977241597
0 0.0104166666666667 0.000436800171878637
0 0.032967032967033 0.0010828742205687
0 0.021978021978022 0.00163610666882339
0 0.032967032967033 0.0018766293469955
0 0.0306122448979592 0.0012249992476334
0 0.0740740740740741 0.00739866975362174
0 0 2.69563188370585e-14
0 0.0467289719626168 0.00217553289405815
0 0 4.99662218896548e-07
0 0.029126213592233 0.000461942654619915
0 0.0306122448979592 0.00576940580832354
0 0.0104166666666667 2.72399467463878e-06
0 0.0212765957446809 0.000972372556089432
0 0.0101010101010101 0.00018632389832985
0 0.0285714285714286 2.8682222391382e-05
0 0.0202020202020202 0.00285529187067098
0 0.0396039603960396 0.00285407856499608
0 0.00925925925925926 0.0027302999667368
0 0.00925925925925926 0.00132363836608886
0 0.0526315789473684 0.00703462283356248
0 0.0217391304347826 9.03305004654638e-05
0 0.0206185567010309 0.0040349465077211
0 0.029126213592233 0.000469139422521646
0 0.00961538461538462 0.000423246734393635
0 0.0510204081632653 0.00288521512674251
0 0.0104166666666667 4.64095481497508e-05
0 0.032258064516129 0.0025293144494792
0 0.0396039603960396 0.0052456733232327
0 0.010989010989011 0.00142186145878103
0 0.0388349514563107 0.00710049476543156
0 0.0729166666666667 0.00479250357976257
0 0.0792079207920792 0.00586503439418558
0 0.0303030303030303 0.0020828913871535
0 0.0388349514563107 0.00212167660110854
0 0.0537634408602151 0.0075194524791399
0 0.0531914893617021 0.00316634123682767
0 0.0380952380952381 0.000106923926860304
0 0.0283018867924528 0.00033858577617484
0 0.0204081632653061 0.00577227638512507
0 0.03125 0.00695921145858751
0 0.0294117647058824 0.00252837457804487
0 0.0729166666666667 0.00443243314854593
0 0.010989010989011 1.18045552854824e-07
0 0.0707070707070707 0.0068512467456092
0 0.0531914893617021 0.0109979894580426
0 0.0101010101010101 0.00224249575861004
0 0.0594059405940594 0.0101685188349853
0 0.0396039603960396 0.00537536477603703
0 0.03 0.00132183280257956
0 0.032967032967033 0.0121664118629712
0 0.0754716981132075 0.00536432245635318
0 0.0588235294117647 0.00262151095508976
0 0 3.01860916090249e-09
0 0.0531914893617021 0.00540181047480454
0 0.0520833333333333 0.00111702590752956
0 0.0520833333333333 0.00540469618323742
0 0.0652173913043478 0.0119630362584802
0 0.0294117647058824 0.00262435345232045
0 0.010752688172043 0.00622888531223195
0 0.0760869565217391 0.00576681874207998
0 0.0467289719626168 0.00232723586719399
0 0.0531914893617021 0.00649593127616882
0 0.037037037037037 0.00398826335934667
0 0.0384615384615385 0.00438059322956841
0 0.043010752688172 0.000811417007197813
0 0.0297029702970297 0.00217506841053715
0 0.0297029702970297 3.30237608387468e-06
0 0.074468085106383 0.00930078374802432
0 0.0396039603960396 0.0117521361070711
0 0.0505050505050505 0.00407380182396344
0 0.0303030303030303 0.00337888304329775
0 0.0531914893617021 0.00416699287518412
0 0.0645161290322581 0.012848548365871
0 0.0326086956521739 0.0040295642641539
0 0.0377358490566038 0.00441577058657345
0 0.037037037037037 0.00269745292548231
0 0.0416666666666667 5.4546637271126e-05
0 0.0288461538461538 0.00557852134910658
0 0.0204081632653061 0.000692576397030007
0 0.0196078431372549 9.59871529190776e-09
0 0.021505376344086 0.00145502848854349
0 0.0645161290322581 0.00228663397487591
0 0.0288461538461538 0.00344522545267704
0 0.0606060606060606 0.00663764576075932
0 0.010989010989011 8.93323726237492e-06
0 0.0373831775700935 0.003358280572654
0 0.0196078431372549 0.00185388689685307
0 0.0495049504950495 0.00772316675271126
0 0.0186915887850467 0.0035163250873662
