0 0 2.32620481272935e-27
0 0.0222222222222222 0.00512432378911008
0 0 2.40108300478655e-88
0 0.0192307692307692 0.000179172328959223
0 0 2.41559839692351e-13
0 0 7.36213979680534e-88
0 0 1.16460796347515e-45
0 0.0392156862745098 0.00589076392878794
0 0.0181818181818182 0.000716411511442416
0 0 5.66685418083204e-117
0 0.0425531914893617 0.0156773505911839
0 0.0204081632653061 5.61421274860018e-07
0 0.0172413793103448 0.00744496651777813
0 0 2.37453242303789e-08
0 0.0227272727272727 0.00408315881725287
0 0.0454545454545455 0.00198587307405263
0 0 1.38927428906811e-14
0 0.0408163265306122 0.00477976886516836
0 0 2.23130035784874e-68
0 0.0454545454545455 0.0169757839282854
0 0 1.25012524242057e-25
0 0 7.80942371441123e-143
0 0 1.21664357461498e-71
0 0.0178571428571429 0.00229425167826467
0 0.0204081632653061 3.74607581715559e-06
0 0.0638297872340425 0.0164092726145602
0 0.0392156862745098 0.00618382754373587
0 0.0178571428571429 0.000987782472853347
0 0.0454545454545455 0.0170956390000713
0 0.0175438596491228 0.00572383375837354
0 0.0625 0.0107727222797156
0 0.0232558139534884 0.00409562038730055
0 0.0175438596491228 9.15958698568627e-05
0 0.0238095238095238 0.000911108547466901
0 0.0625 0.00373207596401209
0 0.0384615384615385 0.016284762203737
0 0 4.56858898694746e-31
0 0 5.54468493470653e-100
0 0 2.20471493718496e-07
0 0.0192307692307692 0.00370321995591115
0 0.0192307692307692 0.000507006469067766
0 0 4.94770362960902e-13
0 0 3.54908680983412e-05
0 0.0192307692307692 0.00458141375033302
0 0.0384615384615385 0.000740045862184616
0 0 4.88478470987173e-06
0 0.0238095238095238 0.000611922368399846
0 0.0434782608695652 0.00304098854771189
0 0 1.14271993299733e-06
0 0.0178571428571429 2.67041273482358e-06
0 0.0181818181818182 0.00612895667199063
0 0.0392156862745098 0.024664839238871
0 0.0434782608695652 0.0155315112922001
0 0 1.79049222686209e-10
0 0 4.63568951928377e-07
0 0 0
0 0 4.25652288230414e-07
0 0 9.89204758717019e-213
0 0.024390243902439 0.00390475538664191
0 0 2.73321289230575e-21
0 0.0227272727272727 0.0230605584809121
0 0 7.18651578709307e-36
0 0.0612244897959184 0.0119996542630187
0 0.02 3.99201337109124e-06
0 0.0408163265306122 0.0189626754694666
0 0.02 0.00717863047217395
0 0 1.93492212955543e-37
0 0 4.396553393024e-154
0 0 3.49034151276421e-17
0 0 3.60083047183831e-15
0 0.0204081632653061 0.00715722989548622
0 0.0204081632653061 0.00372211392354218
0 0 1.53453716067995e-14
0 0.0535714285714286 0.00100104239155671
0 0.0232558139534884 0.0144930925494169
0 0.0178571428571429 4.3893641690598e-07
0 0.0175438596491228 1.37709504690976e-07
0 0 4.34670255969739e-97
0 0 9.45106925509519e-25
0 0.0338983050847458 0.01769686989667
0 0.0217391304347826 0.00174190180068873
0 0.0212765957446809 0.000204969397872677
0 0.0208333333333333 0.00309353872359341
0 0 2.48165901406595e-10
0 0.0232558139534884 0.00151263835625486
0 0 1.14153122637432e-55
0 0 1.17466136652112e-43
0 0 1.28722001979227e-108
0 0 1.09803505890692e-05
0 0.02 2.35593105379449e-08
0 0.0212765957446809 0.0100623951003085
0 0.0208333333333333 0.00070154451622267
0 0.02 0.00113506052806863
0 0.0476190476190476 7.90876142998522e-06
0 0.0188679245283019 0.00277880790826088
0 0 2.51789393118603e-128
0 0.0172413793103448 0.00725878010827753
0 0.0555555555555556 0.017425670362558
0 0 4.77792420672038e-33
0 0.0192307692307692 0.000531706015686482
0 0 1.08992859190704e-15
0 0.0178571428571429 0.00516134897697279
0 0 2.91794866118189e-38
0 0.02 0.00594137819206862
0 0.0444444444444444 0.00174303464854821
0 0 0.00445988862125436
0 0 1.66649609337512e-163
0 0.0416666666666667 0.0192863820431992
0 0 1.00613071710747e-73
0 0.0465116279069767 0.00236113092819504
0 0 3.43411763148696e-28
0 0 1.05982897298171e-45
0 0 1.63149182020947e-06
0 0 4.60946736647222e-05
0 0.0408163265306122 4.24545043355429e-08
0 0.0204081632653061 0.000935255185142608
0 0.0212765957446809 0.00395778932556388
0 0.037037037037037 0.00467142375573362
0 0.0185185185185185 1.74834146721498e-06
0 0.0363636363636364 0.00574847952511912
0 0.0178571428571429 0.000151084775520506
0 0 0
0 0 0
0 0 1.24559095101316e-10
0 0 1.08152964637362e-58
0 0.0392156862745098 0.00562352263469344
0 0 5.63720400299934e-05
0 0.0588235294117647 0.00608170316155765
0 0.0384615384615385 0.00689553427491548
0 0 1.23902776560613e-193
0 0.0338983050847458 0.00602432032342017
0 0 2.43831290267399e-107
0 0 0
0 0.0208333333333333 7.63704287651746e-07
0 0 0
0 0.0384615384615385 0.00865423327834933
0 0.0196078431372549 5.86402757158038e-06
0 0 3.18086695831768e-24
0 0 3.75848736096552e-58
0 0.0392156862745098 0.00140823078334968
0 0 4.33376897912325e-08
0 0 9.69075394551128e-08
0 0.0178571428571429 7.37813913858361e-06
0 0.0188679245283019 3.11804946441708e-06
0 0.037037037037037 0.00992939044590283
0 0 1.78723708318834e-110
0 0.0408163265306122 0.0111292282404352
0 0.0185185185185185 0.00082564252853756
0 0 4.97419396795539e-11
0 0.0454545454545455 0.00614007961214848
0 0 3.3847037333168e-226
0 0 1.86533818742458e-24
0 0 8.38552557455595e-06
0 0.02 0.000664557702025932
0 0.0701754385964912 0.0128479042922564
0 0 8.81154203865052e-237
0 0 3.50928287797102e-148
0 0.0196078431372549 0.00286845616287052
0 0.0204081632653061 7.48200884749023e-05
0 0.0227272727272727 0.00848616282045453
0 0.0408163265306122 0.00232747272636501
0 0.0232558139534884 0.00244319590308863
0 0 9.80365450899926e-10
0 0.0181818181818182 0.000240791306516632
0 0.0232558139534884 0.00370877537982008
0 0.0175438596491228 8.86472317477344e-06
0 0 9.69864238042556e-24
0 0 9.92243653952504e-53
0 0 4.8881628283856e-07
0 0.0204081632653061 0.00534255420694248
0 0 1.5390096671767e-15
0 0.0227272727272727 0.000616403234482264
0 0.0204081632653061 0.00561758342730126
0 0.0232558139534884 1.13570413063103e-07
0 0 2.05858586311939e-12
0 0 1.55216133707652e-13
0 0.0408163265306122 0.000133011155653932
0 0 2.83133854441991e-05
0 0.0208333333333333 0.00519127726020926
0 0 3.61584933718141e-05
0 0.0566037735849057 0.00769663263667947
0 0 1.02866055377279e-24
0 0.0175438596491228 0.00382610321091264
0 0 1.10303022812917e-310
0 0.0238095238095238 0.00431791149759749
0 0.0208333333333333 3.14483774992675e-05
0 0.02 0.00964406354185119
0 0 0.0102040816326531
0 0 1.62205332619806e-11
0 0.0185185185185185 0.00521955266600091
0 0 6.60920390200028e-15
0 0.0208333333333333 0.00914331513590689
0 0.0222222222222222 0.0118547420817933
0 0.0566037735849057 0.00679875952683008
0 0.0425531914893617 0.00283827995078241
0 0.0350877192982456 4.63999753149391e-05
0 0.0172413793103448 0.00174308242084097
0 0.0196078431372549 0.000185901043522237
0 0.0196078431372549 0.00810017203517555
0 0 2.35331558952717e-282
0 0 7.67523829793617e-18
0 0.0212765957446809 0.017371836308584
0 0.0212765957446809 0.0129678186518428
0 0 2.01785836904795e-57
0 0.024390243902439 0.000919262279563723
0 0 8.28481878634381e-10
0 0 9.64528205657559e-28
0 0.0769230769230769 0.0155423560853764
0 0.0196078431372549 0.00305688877597471
0 0 2.6296767981636e-09
0 0 3.78310064875896e-12
0 0.0566037735849057 0.02491414121849
0 0.0204081632653061 0.000820635952795981
0 0.0192307692307692 3.31152389535668e-05
0 0 1.24028457732096e-103
0 0.108695652173913 0.0187369991023874
0 0 2.84973213828103e-07
0 0.04 0.0152073773700628
0 0.0377358490566038 0.00147223554342446
0 0.0517241379310345 0.0103577321116024
0 0 5.36063973170925e-68
0 0.0384615384615385 0.0057519413361884
0 0 3.79343327771901e-119
0 0 1.44886810932862e-13
0 0 2.38205595531668e-58
0 0.0227272727272727 0.00781901473759003
0 0 4.11703565847963e-69
0 0.0178571428571429 0.00684259327775407
0 0 2.15794953682568e-16
0 0.0196078431372549 0.00160284808169834
0 0.0638297872340425 0.00669038954987337
0 0 7.61510349267703e-29
0 0.02 0.000264404056435841
0 0.0526315789473684 0.00546477899368822
0 0.0196078431372549 0.00755922455765956
0 0 4.4312119022144e-21
0 0.0392156862745098 0.00205386858064882
0 0 1.4346753798477e-30
0 0.0181818181818182 0.00207726047844551
0 0.02 0.00226372155204591
0 0.103448275862069 0.0191642992265642
0 0 0.00364423918523486
0 0.0350877192982456 0.000396625659700308
0 0.0384615384615385 4.28552302892566e-05
0 0.0188679245283019 6.77283633602199e-05
0 0 0
0 0 1.34641177724751e-10
0 0.0192307692307692 0.00420089911473159
0 0.0681818181818182 0.0127957576650715
0 0 4.13236849112691e-68
0 0 2.75659071175504e-292
0 0.02 0.00194305371854588
0 0.0416666666666667 0.00680820730887184
0 0.0212765957446809 0.000274174627695917
0 0.0416666666666667 0.00290726212412496
0 0.0232558139534884 0.00560558840146542
0 0 8.45907268327723e-10
0 0 1.69162923456343e-12
0 0 0.020833333333343
0 0.06 0.0010041518900154
0 0 3.9358078214117e-06
0 0.0222222222222222 2.68700923871294e-07
0 0.0392156862745098 0.00136622098639189
0 0.0196078431372549 2.36409828027504e-05
0 0.0208333333333333 3.21327784780935e-06
0 0 8.93936955356604e-12
0 0 0.000171508405464378
0 0 1.71696401640073e-05
0 0.0169491525423729 0.0229668105134697
0 0.0227272727272727 0.00178906219377462
0 0.0175438596491228 0.00146558245929947
0 0.0227272727272727 5.36620617051942e-05
0 0.0384615384615385 0.00688725551780376
0 0.06 0.0137003549704478
0 0.0434782608695652 0.00840929711909295
0 0 7.27873548752586e-15
0 0 1.47996196148727e-15
0 0 4.36067990962743e-11
0 0.0545454545454545 0.00757329321214775
0 0.0217391304347826 0.00532400882096145
0 0.0363636363636364 0.00133793475662558
0 0 5.58076953658688e-27
0 0.0357142857142857 0.00447591947243465
0 0 7.46158076464019e-12
0 0 1.05607730104096e-13
0 0 4.25428206217466e-26
0 0 1.33196532779384e-05
0 0 5.32712876224299e-13
0 0.0392156862745098 0.00203649355280761
0 0 1.21111904641419e-11
0 0.04 0.00792392388935
0 0.0344827586206897 0.0160204026726678
0 0 6.36113742891897e-11
0 0.0526315789473684 0.0173608127453182
0 0.0232558139534884 6.30640700072847e-06
0 0 2.63064705722832e-21
0 0.0338983050847458 6.18809437325637e-05
0 0 1.51333061736079e-19
0 0.0212765957446809 5.40332902958204e-05
0 0 1.88520049511435e-41
0 0 1.00964410281383e-249
0 0 4.11915932673749e-59
0 0 0.000124773020955167
0 0.0416666666666667 0.0060125789350064
0 0 3.13187467840073e-20
0 0.0192307692307692 5.46521703971075e-07
0 0.0222222222222222 0.00234708610996869
0 0 1.73853528993458e-95
0 0 5.50008135715061e-70
0 0.0204081632653061 0.00606713097896999
0 0.0188679245283019 0.00161240638265101
0 0 1.28211718232914e-304
0 0 6.91391020713131e-06
0 0.02 7.27228963416039e-09
0 0.0181818181818182 0.00580870036017696
0 0.0208333333333333 0.00708170677648037
0 0.0612244897959184 0.00746682233357715
0 0 6.93304060469508e-05
0 0.0175438596491228 0.00429851932954355
0 0.0588235294117647 0.0115449303837362
0 0 1.66210250055545e-54
0 0 1.03275854986309e-06
0 0.0212765957446809 3.06735409835362e-07
0 0.0363636363636364 0.00545288551759311
0 0 1.18495854673807e-45
0 0 2.24524811631171e-06
0 0.0208333333333333 4.46924963607796e-06
0 0.0217391304347826 0.00213870263521083
0 0.0208333333333333 0.0046270613874236
0 0.0208333333333333 1.71222332311638e-09
0 0 8.22660801068563e-17
0 0 1.61495708129632e-180
0 0.037037037037037 0.00278224538729955
0 0.02 0.000363881793432227
0 0.0350877192982456 0.000199547422078567
0 0 9.3126535242963e-34
0 0 1.36266131982662e-20
0 0 1.68945864291817e-17
0 0 6.61958196805087e-61
0 0 1.57522656500908e-06
0 0.0212765957446809 0.0214474357738223
0 0.0188679245283019 0.00539483199827705
0 0 0
0 0 2.75105538791063e-22
0 0 4.42159606996072e-12
0 0.0208333333333333 4.56861074614654e-05
0 0.0363636363636364 0.0152930168020185
0 0.0175438596491228 3.5712218850009e-05
0 0 1.34420987001954e-79
0 0.0697674418604651 0.000728224679396259
0 0.0232558139534884 3.4776288438646e-06
0 0.0227272727272727 0.0229967109778524
0 0.0204081632653061 2.04970326313642e-07
0 0.0392156862745098 0.00865374435061325
0 0 2.48706911684516e-62
0 0 3.37018832402974e-11
0 0.0188679245283019 8.29515425669979e-08
0 0.0222222222222222 8.05545989901197e-06
0 0 2.53263862773422e-13
0 0.0434782608695652 0.0129706201442549
0 0.0408163265306122 0.00838164771056469
0 0.08 0.0104483576871861
0 0.0232558139534884 4.19253533684815e-08
0 0 2.14713376246914e-285
0 0 2.76840743988655e-15
0 0 2.00401497236291e-07
0 0.0416666666666667 0.00691805959019631
0 0.02 0.0114215758320105
0 0.0212765957446809 0.0013900663624342
0 0 5.61078300447193e-23
0 0 3.1287574473001e-96
0 0.0701754385964912 0.00694864196327771
0 0.02 0.00237902304662566
0 0 2.47246653572681e-34
0 0 0
0 0 0
0 0.0338983050847458 0.0214392676106615
0 0 1.0485047434333e-69
0 0 4.72268172397425e-22
0 0 1.1805293256146e-06
0 0 0.0118300646616441
0 0 0.000661081096914125
0 0.0185185185185185 0.000529730312568067
0 0.0181818181818182 0.00455809421347509
0 0 3.2474919094666e-100
0 0.0425531914893617 0.0121188137761214
0 0.024390243902439 7.0377251394009e-07
0 0 3.0648693498386e-06
0 0.0444444444444444 0.000698985131403354
0 0.0392156862745098 0.00626169108017447
0 0 4.79398803546331e-06
0 0.0222222222222222 0.00226146765328841
0 0 4.12988820400275e-14
0 0.024390243902439 0.0249734563287592
0 0 4.5904392110307e-10
0 0 1.76403302311205e-06
0 0 2.8011246134733e-209
0 0.0196078431372549 0.00935408793190819
0 0.0487804878048781 0.0054006550875448
0 0 0.000145076558683843
0 0.0217391304347826 3.44786329073446e-08
0 0.024390243902439 0.013088082818732
0 0.0212765957446809 0.00715835699608562
0 0.0465116279069767 0.00680871845159587
0 0 2.19377501206792e-08
0 0 2.48128042319044e-54
0 0.0217391304347826 0.00017978718733414
0 0 1.32373662040052e-301
0 0 3.80078313773977e-06
0 0.0188679245283019 0.00614879659666641
0 0 1.66967660093882e-08
0 0.06 0.0120647904385582
0 0 1.85557390530113e-23
0 0.0238095238095238 0.00435704825693887
0 0.0384615384615385 0.0127136179472034
0 0.0754716981132075 0.0334443787655129
0 0.0175438596491228 0.00642255336586597
0 0.024390243902439 0.00811485498038124
0 0.0185185185185185 9.92618317904162e-05
0 0.0212765957446809 0.000145539298317222
0 0 1.7505959542367e-13
0 0 9.60946341980309e-12
0 0 1.63240716953521e-44
0 0.0192307692307692 2.30639463829621e-05
0 0.0350877192982456 0.0061804010793143
0 0 3.75537232922174e-50
0 0 1.624337956167e-07
0 0 1.46894712234622e-134
0 0.0338983050847458 0.00453511481897226
0 0.0217391304347826 0.00684486257498664
0 0.0476190476190476 0.000136360402398343
0 0.0784313725490196 0.00141287714621476
0 0.0192307692307692 7.41285451281915e-08
0 0 1.83049595046086e-15
0 0.0178571428571429 0.00263429484457629
0 0 3.75839709975781e-92
0 0.0384615384615385 0.000280744460289927
0 0.0204081632653061 0.00397296518087138
0 0 2.82597887411046e-08
0 0.04 0.000567372808267666
0 0 4.7528424424362e-65
0 0.0208333333333333 0.0207483569869761
0 0.0222222222222222 0.000148778899340733
0 0.0344827586206897 0.00770361067453847
0 0 2.33167515842847e-05
0 0 8.46708107384587e-10
0 0 1.96510510481702e-128
0 0 8.79726669802451e-06
0 0.0508474576271186 0.0362938503432382
0 0.0217391304347826 1.16977835470711e-07
0 0 1.10219541436033e-58
0 0 1.54825388489784e-42
0 0 1.33838093443665e-51
0 0 8.15732488862566e-220
0 0.0175438596491228 1.91242437896015e-07
0 0 2.16028401210135e-08
0 0.0169491525423729 2.84065596650193e-09
0 0 5.76041744221423e-162
0 0 1.23741694853939e-240
0 0.0232558139534884 0.00610025895330945
0 0 3.78163885851451e-17
0 0.0204081632653061 0.0110897361960427
0 0 6.65475104163645e-56
0 0 2.65445785761653e-12
0 0 1.66046274781282e-13
0 0 1.97915180894702e-26
0 0 0
0 0 2.07573499713261e-47
0 0 3.62519088488569e-05
0 0.0238095238095238 0.0243898364205022
0 0.024390243902439 0.00779850201976325
0 0 3.33021682816298e-68
0 0.0217391304347826 0.00094989349954972
0 0.0204081632653061 0.0011722136126791
0 0.0416666666666667 0.000232778489930573
0 0 4.31493431172186e-14
0 0.0188679245283019 0.0177620640448935
0 0.0434782608695652 0.00495073521815537
0 0 4.97105546897082e-51
0 0 7.599990499187e-62
0 0 2.36104975517989e-67
0 0 2.48724340605483e-43
0 0.0227272727272727 0.00303356159514558
0 0.0416666666666667 0.00671112312695693
0 0.0222222222222222 0.0140813633874992
0 0.02 0.0190408634563597
0 0.0408163265306122 0.00761307824045707
0 0.0208333333333333 0.00166785680871835
0 0 4.20061957420045e-07
0 0 5.13483857336611e-97
0 0.0338983050847458 0.00767512346935335
0 0 1.44328634992913e-90
0 0.0625 0.00950001635089397
0 0 2.23753171002251e-97
0 0.0476190476190476 0.00581412016471161
0 0.0169491525423729 0.00918810279517938
0 0.0188679245283019 0.00235533460493246
0 0.0384615384615385 2.69769946594324e-05
0 0 2.29350852767828e-37
0 0 1.15037871752315e-23
0 0.0408163265306122 0.0167320541558087
0 0.0212765957446809 0.000247067709452872
0 0 9.68265479380743e-11
0 0 4.06147316838626e-09
0 0 2.87349600773117e-147
0 0 4.93887792407234e-12
0 0.0217391304347826 0.00668702956894492
0 0 4.93898985787729e-49
0 0 2.86712518013742e-123
0 0.0196078431372549 0.00657861861770791
0 0.0175438596491228 0.00636769600872895
0 0.0196078431372549 0.000336806066731893
0 0.0434782608695652 0.00723902836640154
0 0.0416666666666667 0.00994990955800508
0 0.0357142857142857 0.00592487799181349
0 0.0344827586206897 3.32961422592509e-05
0 0.0227272727272727 0.0220853288772074
0 0.0212765957446809 0.0197113527738977
0 0 1.62831843378733e-58
0 0 1.41023456152664e-82
0 0.0192307692307692 2.68216948131564e-05
0 0.0188679245283019 0.00577628876449937
0 0 1.18860752466343e-05
0 0.0689655172413793 0.0227768514729573
0 0 6.91003147464365e-41
0 0 1.97937534998872e-16
0 0 1.47887463317558e-21
0 0.0222222222222222 5.54103433617364e-05
0 0 0
0 0.0217391304347826 0.000320958661658289
0 0 6.35841504806553e-06
0 0.0181818181818182 0.000405517142586396
0 0.02 0.0037712660030893
0 0.0204081632653061 0.00248045891370568
0 0.024390243902439 0.00795569844441016
0 0 2.08444203543485e-18
0 0.0204081632653061 0.00562203174581918
0 0 2.39890244781548e-25
0 0.0344827586206897 0.0151813254066645
0 0.02 9.86289901498246e-05
0 0 0
0 0 0
0 0.0434782608695652 0.00380891410922027
0 0.0444444444444444 0.000595622078009139
0 0 2.0692202624305e-12
0 0.0217391304347826 0.0026145098558536
0 0 2.29348743461784e-15
0 0 2.11124280285438e-14
0 0 2.43880330182502e-59
0 0.0232558139534884 8.84122436741796e-05
0 0.0638297872340425 0.0180858228024831
0 0 4.28531632294562e-14
0 0.0222222222222222 0.00254658468486744
0 0 0.000383354457734704
0 0 2.29027210735446e-07
0 0.0204081632653061 0.00629629510885475
0 0.0196078431372549 0.00157834063297756
0 0.0227272727272727 7.95922207029267e-05
0 0 4.33078460454827e-39
0 0.0188679245283019 1.1343925636762e-07
0 0.0212765957446809 6.36663956076491e-06
0 0.0188679245283019 0.000458773845870341
0 0.0169491525423729 0.00200589278596368
0 0.0545454545454545 0.0255290845185484
0 0 9.93516691574655e-30
0 0.0444444444444444 0.0112536227358597
0 0.0350877192982456 0.00664806266584159
0 0.0377358490566038 0.0150489805128342
0 0.0350877192982456 0.017850753776302
0 0 1.50349401793789e-34
0 0 0.000117374211287564
0 0.0384615384615385 0.0118398859452445
0 0 3.68979572993689e-08
0 0 1.67496660994739e-136
0 0.0192307692307692 1.13364943427776e-06
0 0 8.28037916371651e-12
0 0.0508474576271186 0.00724874196606719
0 0.0714285714285714 0.0201448550517884
0 0.02 0.00366081579651978
0 0.0196078431372549 8.92260893911874e-05
0 0.0169491525423729 0.0169226654718319
0 0 6.19731916089459e-05
0 0.04 0.0124799793511887
0 0 2.17766973784268e-207
0 0 6.06752135868975e-15
0 0 2.33373348734734e-50
0 0 1.36611782705443e-07
0 0 8.12788758701799e-07
0 0 2.53065275286244e-21
0 0 7.24286096900164e-11
0 0 0
0 0 1.81009105550519e-230
0 0 7.08182425106943e-38
0 0 6.46110505997796e-10
0 0 4.0678867951019e-11
0 0 2.67714721999414e-24
0 0.0363636363636364 0.00370000437945104
0 0.0416666666666667 1.91772108061374e-06
0 0 8.52004282538852e-19
0 0.024390243902439 0.00827073462509813
0 0.0178571428571429 0.00288888315884626
0 0 9.59551473397414e-10
0 0.0227272727272727 0.00480745156568472
0 0 1.09308072578972e-06
0 0.0377358490566038 0.00587147188698585
0 0.0169491525423729 8.94090042916702e-08
0 0.0208333333333333 0.0210555090802644
0 0 1.42861991468599e-09
0 0.0175438596491228 1.02612268328262e-08
0 0.0196078431372549 0.0131139681076927
0 0 2.63735865783561e-07
0 0.02 0.000743666537344599
0 0.037037037037037 0.0190794920540072
0 0 1.41719977035948e-66
0 0.0392156862745098 0.0146074649361319
0 0 5.45749614610632e-29
0 0.0185185185185185 0.00165064604208784
0 0.0172413793103448 0.00470480546880774
0 0 5.93568875976672e-16
0 0 3.44141722888237e-12
0 0.0363636363636364 0.0117703153105698
0 0.0196078431372549 0.00506147587769707
0 0.0465116279069767 0.0188618814257678
0 0.0377358490566038 0.00791709602540156
0 0 2.70418907437252e-18
0 0 4.8711661575021e-05
0 0.037037037037037 2.75207058133695e-07
0 0.0178571428571429 0.00609388191871526
0 0.0188679245283019 0.00698808877039322
0 0.0185185185185185 0.0028952622990786
0 0.0344827586206897 0.00781260001811533
0 0.0196078431372549 0.00344668000762932
0 0.0227272727272727 0.00576382787666105
0 0.0217391304347826 0.00639283782328632
0 0 9.91764386775666e-248
0 0.0227272727272727 0.000132892075810362
0 0.0222222222222222 2.54841379338791e-05
0 0 2.27864596822144e-11
0 0.0363636363636364 0.0180367742092834
0 0 3.49866601549661e-195
0 0.0188679245283019 0.000498874802214231
0 0.0192307692307692 1.91926394836922e-06
0 0.0487804878048781 0.0249984794884862
0 0 2.46778930330232e-13
0 0 1.80227902918395e-42
0 0 3.41038514322715e-17
0 0 1.47787041822277e-31
0 0.0612244897959184 0.00288379589832006
0 0 1.1897273410101e-10
0 0.0425531914893617 0.00047194107575192
0 0 9.6255206884758e-20
0 0 2.81705230840215e-26
0 0.0444444444444444 0.0192446351008775
0 0.0217391304347826 0.00884097620820087
0 0.0169491525423729 1.45743264016982e-05
0 0 1.70433185941987e-41
0 0.0377358490566038 0.00716343950611199
0 0.0208333333333333 0.00416103779785972
0 0 1.79379234681122e-72
0 0 0
0 0.024390243902439 0.00249225401225552
0 0.0196078431372549 0.00485769746074366
0 0 1.02839690901945e-26
0 0 0
0 0.0169491525423729 0.0113944107898336
0 0 4.91869900190076e-06
0 0 1.79113740893825e-09
0 0 2.8052501766811e-07
0 0 0
0 0 1.72977673785231e-07
0 0.0169491525423729 0.00553675898053413
0 0.0588235294117647 0.000645299636126067
0 0.0350877192982456 0.0178571592825834
0 0.06 0.0137761479138114
0 0 1.23697326979774e-39
0 0.0192307692307692 7.22508190738249e-06
0 0.0217391304347826 1.40981942268245e-05
0 0.0232558139534884 0.00816330532783369
0 0 3.22329798559505e-279
0 0 0
0 0 0
0 0 3.67163578007021e-12
0 0 0
0 0 9.25790640225372e-101
0 0.0377358490566038 6.83283737682085e-05
0 0 0
0 0.0434782608695652 0.0188385414384405
0 0.0392156862745098 0.0145290813169941
0 0.0416666666666667 0.0277919567778172
0 0.0175438596491228 9.88887459908012e-07
0 0.0188679245283019 0.000271546724903153
0 0 1.9795606182626e-144
0 0.0212765957446809 0.0189803224789867
0 0 1.5867014426109e-46
0 0 1.72645047771935e-05
0 0.0212765957446809 0.00156705004021051
0 0.02 0.00700345695713282
0 0 0.000128241948528781
0 0 1.83501886477369e-153
0 0 3.05914053465409e-09
0 0.0681818181818182 0.0131786924728984
0 0.0357142857142857 0.00568527677732163
0 0 2.53236206328326e-257
0 0 3.92848592785143e-69
0 0 7.68237945398862e-12
0 0 5.26511725431435e-28
0 0.0212765957446809 9.75858569597794e-10
0 0 0
0 0 0
0 0.0175438596491228 0.0026274893997411
0 0 1.21066326687397e-64
0 0.0175438596491228 2.00856006854518e-10
0 0.0833333333333333 0.0265486085550751
0 0.024390243902439 3.30994675684426e-05
0 0.0208333333333333 2.24053539829753e-07
0 0.0425531914893617 3.23554844012329e-07
0 0 0
0 0 1.56437733749424e-06
0 0.0232558139534884 4.97940242052094e-09
0 0 1.23631555906733e-30
0 0 6.45636332869877e-07
0 0.0185185185185185 7.84664872354323e-06
0 0 3.60832267175017e-45
0 0.0204081632653061 0.00672433245030906
0 0.02 0.00585664890609002
0 0 1.53558870130009e-178
0 0.037037037037037 0.00377900363940068
0 0 3.48272684940411e-18
0 0.04 0.0188800781963313
0 0.0238095238095238 0.0125277441280603
0 0 2.40634597231638e-212
0 0.0425531914893617 0.00734584648069381
0 0 7.14950125540376e-32
0 0 8.41903862188204e-05
0 0 1.14179183322198e-38
0 0 5.61732185843717e-25
0 0 2.65695506857129e-47
0 0 1.75275607658718e-06
0 0.0185185185185185 0.00990562377311026
0 0.0172413793103448 0.00304674274694333
0 0.0217391304347826 0.00144213880093364
0 0.037037037037037 0.010846619528607
0 0.0204081632653061 0.0128022172020703
0 0 1.08097103616679e-279
0 0.02 0.00363521062642362
0 0 1.52642156359201e-09
0 0.0425531914893617 0.0010207196025944
0 0 5.30833210644297e-72
0 0 0.000252243644415627
0 0.0192307692307692 0.00242085242069453
0 0.0212765957446809 0.00284337651273463
0 0.0357142857142857 0.00417761329114645
0 0.0731707317073171 0.0109471509862692
0 0.0222222222222222 0.00574565038825799
0 0.0196078431372549 0.00238251205504216
0 0 9.44897081827385e-09
0 0.0208333333333333 4.25765135094947e-05
0 0.0344827586206897 0.00566603751254517
0 0.0222222222222222 0.00763078990049296
0 0.0444444444444444 6.47636493697597e-06
0 0 5.1373861882716e-227
0 0 1.50387381763965e-05
0 0.0227272727272727 0.00510779426185213
0 0.0434782608695652 1.4405298295318e-07
0 0.0204081632653061 0.00036070575821412
0 0 8.06759529963281e-19
0 0.0204081632653061 0.0160058574516312
0 0.0638297872340425 0.0215160569795497
0 0.0181818181818182 0.00651568811060717
0 0.0444444444444444 0.00161898381727678
0 0.0638297872340425 0.00813213385091892
0 0.0344827586206897 0.0100457271013374
0 0.0204081632653061 0.00298983220008353
0 0 1.47395692066128e-283
0 0.024390243902439 0.0062341171302099
0 0.0204081632653061 0.00280954422885188
0 0 1.95076838183209e-06
0 0 2.69750461982625e-119
0 0.0212765957446809 0.000673341763142332
0 0.0232558139534884 0.00227317691376253
0 0.04 0.00846777338383546
0 0.0487804878048781 8.522929436131e-05
0 0 4.75238809314893e-16
0 0 1.04691142600757e-37
0 0 1.40404957217193e-19
0 0.0192307692307692 1.70470203392562e-05
0 0 1.23559785362994e-239
0 0.02 0.00597065566946151
0 0.0392156862745098 0.00305625619681333
0 0.0181818181818182 0.00310399022946596
0 0.0392156862745098 0.00421562754229475
0 0.0344827586206897 0.00766472028696248
0 0.0392156862745098 0.00176403111503289
0 0 1.64900135797038e-78
0 0.0181818181818182 0.000946820114193372
0 0 1.27939041953143e-37
0 0.0212765957446809 0.00197227511432677
0 0 7.18126023155748e-16
0 0.0384615384615385 0.00102194601477321
0 0 2.77011065633583e-10
0 0.0454545454545455 0.00938306268103453
0 0.04 0.00357891804878164
0 0 2.0686528591373e-318
0 0.0208333333333333 0.00445164611110334
0 0.0487804878048781 0.0211269436630809
0 0 1.70924268736092e-07
0 0.0212765957446809 0.0205637145288263
0 0 1.0740663102538e-134
0 0 1.64712912687874e-54
0 0 1.21946243949137e-98
0 0 2.41061143188796e-28
0 0.04 0.00773616725496928
0 0 5.87751814535936e-10
0 0.0212765957446809 0.00972788966164917
0 0.04 0.00169274745179529
0 0 3.08867605422375e-27
0 0 0
0 0 3.32296030783914e-52
0 0.0208333333333333 0.000421784243268303
0 0 6.72711871961723e-21
0 0.02 0.000209768935117766
0 0 2.24538396041075e-44
0 0.0566037735849057 0.0125531002018111
0 0 4.96906251959449e-06
0 0 7.54596496703777e-11
0 0.0576923076923077 0.00991157865287092
0 0 0
0 0.0181818181818182 4.41649480778159e-09
0 0.0181818181818182 0.0101943158314685
0 0.0212765957446809 0.00453888670282556
0 0.0612244897959184 0.0107358703292269
0 0.0566037735849057 0.00709527679459028
0 0.02 0.00872056034565638
0 0 4.40392358492666e-11
0 0.0465116279069767 0.00283823782556611
0 0 5.14451859557798e-57
0 0 5.87644956697535e-34
0 0.0535714285714286 0.0109308129697461
0 0.0434782608695652 0.000152403044568429
0 0.0384615384615385 0.00496813267769884
0 0.0208333333333333 6.9221704529388e-06
0 0 1.82463019833649e-13
0 0.0392156862745098 0.00935905595425504
0 0.02 0.00677841215586978
0 0.0196078431372549 0.00395535994113637
0 0.0188679245283019 8.39513386644478e-07
0 0.0238095238095238 0.00495046968560205
0 0 4.23257368330617e-13
0 0.0444444444444444 5.10162991648163e-05
0 0 1.30174504592002e-07
0 0 1.20469564177312e-05
0 0.0487804878048781 5.40289205280099e-05
0 0 7.22422802788909e-08
0 0 0
0 0.0175438596491228 9.41175352101635e-08
0 0.0192307692307692 0.00280518913626792
0 0 3.05582565824164e-33
0 0.0816326530612245 0.00608856937573064
0 0.0204081632653061 9.26591327028709e-05
0 0 4.10655362833159e-12
0 0.0338983050847458 0.00856486072842405
0 0 2.80054340251157e-10
0 0 4.19492152380122e-66
0 0.0212765957446809 0.00649993642038401
0 0 5.81238988556039e-20
0 0 7.03728094647145e-13
0 0.0408163265306122 0.0204378291225683
0 0 1.30259161854343e-06
0 0 1.48612489740119e-195
0 0.0408163265306122 0.00981172165182162
0 0.0169491525423729 0.000140285060627822
0 0.0169491525423729 0.00409323070981969
0 0.0444444444444444 0.0030779843893015
0 0 9.27036238650948e-10
0 0 1.20449629486587e-62
0 0 2.79294909668438e-52
0 0 9.82930827748935e-181
0 0 1.39814885579358e-32
0 0 7.15040347110774e-05
0 0 9.45288724002834e-234
0 0.0196078431372549 0.00119588892280156
0 0 0
0 0.0181818181818182 6.8084216659069e-05
0 0.0238095238095238 0.0238151552458543
0 0.0208333333333333 2.76225303709016e-06
0 0 7.88159386878229e-05
0 0 2.07499022140408e-73
0 0 1.16425210839164e-30
0 0.0217391304347826 0.0147568475140715
0 0.02 0.00211642453786867
0 0 1.96897324961391e-134
0 0 1.15771270499785e-22
0 0.02 4.36544546642713e-05
0 0.0208333333333333 0.00579709938974806
0 0.06 0.0202573588210604
0 0 4.62731300899219e-78
0 0.0434782608695652 0.0108348254000626
0 0 0.000182625351830544
0 0 1.08539662337863e-256
0 0.0178571428571429 0.00373794684464027
0 0 1.86692885026968e-05
0 0 2.10925571777458e-10
0 0 2.02964796625305e-15
0 0.0454545454545455 0.00148243032658342
0 0 1.06030865091261e-20
0 0 6.28056413716729e-21
0 0 4.30291958350527e-07
0 0.0208333333333333 0.000127465546093682
0 0 3.73525488123011e-10
0 0.02 2.91327560977262e-05
0 0 3.63146340350943e-12
0 0 4.23520037504949e-13
0 0 0
0 0.0181818181818182 8.89733146529407e-10
0 0 7.14488692731713e-07
0 0.0208333333333333 0.00401152080586911
0 0.0208333333333333 0.00355787312127419
0 0.0408163265306122 1.44618953043433e-05
0 0.0377358490566038 0.0256139012843345
0 0.0208333333333333 0.0102086200635888
0 0.024390243902439 0.000602412805892797
0 0 2.04665227713234e-13
0 0 2.71578954318262e-07
0 0 3.16100803505181e-60
0 0 5.66265121270784e-09
0 0.0208333333333333 0.00527538447614825
0 0 1.81360867668319e-33
0 0 4.30245674501124e-05
0 0.0363636363636364 0.00479488555782057
0 0.0185185185185185 0.00150957171926396
0 0.0204081632653061 0.00259623949233498
0 0 6.05733143776379e-134
0 0.0232558139534884 0.00476387730161537
0 0.02 0.00021771646863909
0 0.0181818181818182 7.20087129805567e-05
0 0.0476190476190476 0.00355919260983014
0 0.0178571428571429 1.85717637527689e-06
0 0 5.80023573038624e-38
0 0.0714285714285714 0.0207984310861104
0 0 6.25436407971291e-05
0 0.0204081632653061 1.31953036562721e-06
0 0.0769230769230769 0.0161177236556262
0 0.0208333333333333 2.05404480633525e-07
0 0.0392156862745098 0.00537247374254451
0 0.0169491525423729 0.00498261794654839
0 0.0416666666666667 0.000656885179165807
0 0.0612244897959184 0.0112920055889653
0 0 6.06953746515105e-16
0 0.0196078431372549 0.00342486643444132
0 0.0576923076923077 0.00585685054744921
0 0 3.60116376421154e-13
0 0 4.39164060778902e-22
0 0.0612244897959184 0.0153871083673644
0 0.0192307692307692 2.82669524069416e-06
0 0.0196078431372549 2.87337065042717e-05
0 0 0.00371934754994109
0 0 5.81174763795849e-08
0 0.0204081632653061 0.00317243237459874
0 0.0416666666666667 0.00676147329203853
0 0.0217391304347826 0.0125334599704732
0 0.0232558139534884 6.76755994732754e-06
0 0 1.54948810536255e-13
0 0 8.92480222786058e-86
0 0.0350877192982456 0.00567335223716497
0 0.0175438596491228 0.00059232219646685
0 0.0222222222222222 9.44477113895095e-07
0 0.0169491525423729 5.5976114714958e-07
0 0 1.73188745978359e-12
0 0.0192307692307692 0.00666875373153983
0 0.0227272727272727 0.0232491979753154
0 0.0416666666666667 0.0198102936529315
0 0.0188679245283019 0.00368548495481927
0 0 3.7969374539039e-12
0 0.0731707317073171 0.0180641356211842
0 0 1.66640210696734e-26
0 0.0545454545454545 0.00892755265032105
0 0 2.21392437837861e-06
0 0.0208333333333333 0.00681627076736701
0 0.0434782608695652 0.00843045021128305
0 0.024390243902439 0.0190174059873744
0 0.0185185185185185 1.23147849553578e-05
0 0 1.38264217402683e-18
0 0.024390243902439 0.00624676009817385
0 0.0238095238095238 0.00792821439308881
0 0 1.37133918785751e-05
0 0.0188679245283019 0.00391236236601448
0 0.0222222222222222 9.21143578090051e-09
0 0 0.000202715248547137
0 0.0212765957446809 0.00126208632380203
0 0.0344827586206897 2.70662758183873e-06
0 0.0212765957446809 0.00141877774224778
0 0 0.000329771804301757
0 0.0555555555555556 0.00539280056517796
0 0 0
0 0.0181818181818182 0.0012148929401421
0 0.0178571428571429 3.71480490864373e-05
0 0.0185185185185185 0.0101920995840382
0 0.0222222222222222 0.0114008531636273
0 0 4.41623427927505e-12
0 0.0181818181818182 0.00580654617616889
0 0 1.37903212260266e-101
0 0.0357142857142857 0.00593927794063341
0 0 7.10832774543128e-171
0 0.0465116279069767 0.0100662939051272
0 0.0178571428571429 2.40965182438448e-05
0 0.0357142857142857 0.00856194203540409
0 0 4.2520961581106e-209
0 0 1.31294849278118e-19
0 0 3.62024694857062e-05
0 0.0425531914893617 0.00472538128456549
0 0.0208333333333333 0.00189889160713851
0 0 1.97769202202785e-12
0 0 6.57248828494965e-05
0 0.0487804878048781 0.00663264543642402
0 0 1.23857913880395e-14
0 0 5.98306868566803e-11
0 0 2.24452220494228e-05
0 0 2.29913630681691e-10
0 0 0
0 0 3.41510257860888e-05
0 0.102040816326531 0.0267337260673122
0 0 1.25793748290007e-21
0 0 9.71671507352208e-89
0 0.0222222222222222 0.0113533530934917
0 0.0408163265306122 0.00875336466601031
0 0.0357142857142857 0.00902559966400469
0 0.0555555555555556 0.00151814765958551
0 0 9.22333114419767e-12
0 0.0196078431372549 0.00185997282771511
0 0.0416666666666667 0.0138927072491591
0 0.0212765957446809 0.000871834972287888
0 0.04 0.00768211854915806
0 0 0
0 0.0535714285714286 0.00831746643799221
0 0.0188679245283019 1.6224869329995e-08
0 0.0172413793103448 0.00837116682176112
0 0.0212765957446809 1.33995766469989e-07
0 0.0612244897959184 0.00615041726927271
0 0.02 0.00695634756628573
0 0 1.21747600272809e-33
0 0 2.10157808311763e-07
0 0.0444444444444444 0.0106940545175747
0 0.0425531914893617 0.0113666010486516
0 0.0425531914893617 0.00892768412754554
0 0.0181818181818182 0.00865582626971563
0 0 8.39183267819732e-49
0 0.0222222222222222 0.00783485390209723
0 0.0232558139534884 0.00302660093164172
0 0 6.06252315355891e-07
0 0.0217391304347826 0.00688447873502954
0 0 3.90072545392728e-11
0 0 7.31094317352778e-15
0 0.024390243902439 0.0092782953381907
0 0.0192307692307692 7.1312614629622e-06
0 0 6.76152218449312e-07
0 0.0178571428571429 1.08116084098258e-07
0 0.0465116279069767 0.0212877872605078
0 0.0232558139534884 0.0230513135125632
0 0.04 0.020316801279085
0 0 0.00332988102684284
0 0.0408163265306122 0.00552314070978869
0 0 3.6569492712611e-07
0 0.0232558139534884 5.33764166849895e-06
0 0.0535714285714286 0.00475683930238786
0 0.0181818181818182 0.00314726083548245
0 0.0363636363636364 0.0100537200456667
0 0 2.30406738982986e-12
0 0.0666666666666667 0.024838175101981
0 0.02 0.0114754734966259
0 0.0181818181818182 0.00427568837667142
0 0 1.21706806459691e-15
0 0.0363636363636364 0.0188035921502875
0 0.0222222222222222 1.62933699255775e-06
0 0 1.5269080318774e-227
0 0.0204081632653061 0.00992397268214548
0 0.04 0.0069133768283261
0 0.0238095238095238 0.00156536513423404
0 0.0526315789473684 0.0117362866014416
0 0.0208333333333333 0.00615620355163792
0 0 5.6779189574134e-14
0 0.037037037037037 0.000117673491323139
0 0.0454545454545455 0.000260518254344804
0 0.0238095238095238 0.0043970737911673
0 0 0
0 0 0.00226240604871206
0 0 8.8451701186581e-14
0 0.0192307692307692 0.00399339832456383
0 0.0444444444444444 0.00445932552123272
0 0.024390243902439 0.0124999999864798
0 0 6.98800454504847e-07
0 0.0204081632653061 0.00469821806884869
0 0 0
0 0 1.64727228863686e-06
0 0.0357142857142857 0.00916846592681328
0 0.0204081632653061 1.18591691246048e-05
0 0.0208333333333333 2.67449332196018e-05
0 0.0377358490566038 4.59094092923407e-07
0 0.0217391304347826 0.0217836719573148
0 0.02 0.0070177408203893
0 0.0222222222222222 1.18658090545613e-06
0 0 5.7708829813234e-08
0 0.0192307692307692 0.00149004156296282
0 0.02 0.00419555140122259
0 0.024390243902439 0.0102114577758358
0 0.0625 0.0305781337995575
0 0.0232558139534884 0.00810976992331076
0 0.0178571428571429 0.00321176986533709
0 0.0377358490566038 0.00654680441480235
0 0.0217391304347826 0.00296553295564942
0 0 2.1341149778665e-07
0 0.0196078431372549 9.12087123276085e-08
0 0 5.06730596316744e-14
0 0.0238095238095238 0.000127538977132626
0 0.0227272727272727 0.00636301118397114
0 0.0476190476190476 0.0317565167079577
0 0 2.69319052293726e-206
0 0 3.73863747218721e-08
0 0.0188679245283019 0.0075749627234628
0 0 1.93979032422683e-07
0 0 5.60115768845036e-13
0 0 7.45879579014606e-05
0 0.0222222222222222 3.54478724174312e-06
0 0.0196078431372549 0.000139748112079227
0 0.0227272727272727 0.000170724510762079
0 0.0408163265306122 0.000105130622934394
0 0.0232558139534884 0.0237993003500542
0 0.0188679245283019 0.0180778788707923
0 0.02 3.15244585190361e-08
0 0.0192307692307692 0.00135707208874941
0 0.0408163265306122 0.000477391116424733
0 0 0
0 0.0192307692307692 1.25403498899974e-06
0 0 3.05076331879758e-27
0 0.0434782608695652 0.00424920614424293
0 0 3.24924681296275e-11
0 0.0222222222222222 0.0122963569548088
0 0.0208333333333333 0.00121344038517996
0 0.0227272727272727 0.0014455336229108
0 0.0465116279069767 0.00805673413693026
0 0.0434782608695652 0.00388353215489588
0 0.0384615384615385 0.0075469863043152
0 0 1.59298260171659e-30
0 0 3.4255872705077e-51
0 0.0227272727272727 0.009129739481907
0 0.02 0.00979650799194094
0 0 2.77080176125707e-11
0 0.0208333333333333 0.000361207497789122
0 0.0454545454545455 0.0223983162662998
0 0.0208333333333333 0.00229867873696422
0 0.0487804878048781 0.00677326668570076
0 0.0238095238095238 0.00286441564122693
0 0.0192307692307692 3.99906056572103e-09
0 0 3.10848986935284e-130
0 0.0222222222222222 0.00170104083950751
0 0.0172413793103448 0.010705536512778
0 0.0196078431372549 3.06495927973807e-09
0 0.0208333333333333 3.49633790516167e-05
0 0.0363636363636364 0.00348938373686258
0 0.0350877192982456 1.8828036249189e-05
0 0.0212765957446809 5.37250311589433e-06
0 0.0222222222222222 0.0177220307112387
0 0.04 0.00408754263039942
0 0.0535714285714286 0.00475072449130118
0 0.0408163265306122 0.00216035551775498
0 0 2.54326681976517e-25
0 0.0416666666666667 0.00462436025043032
0 0 1.26953366781948e-08
0 0.0222222222222222 4.59560070830864e-08
0 0 2.29647036774654e-34
0 0 3.26783221697269e-16
0 0 7.98107391998832e-52
0 0 6.67971251723943e-11
0 0.0465116279069767 0.00147557568578141
0 0.0188679245283019 0.00806345435622429
0 0 1.1468386687979e-31
0 0.0425531914893617 0.00394948837497966
0 0 2.34093068672719e-07
0 0.0208333333333333 0.00620918618114174
0 0.0217391304347826 0.00301206772049618
0 0.0192307692307692 0.0181606248606433
0 0.06 0.00749657893543935
0 0 1.48831671509342e-52
0 0.0192307692307692 0.00535744775513982
0 0.024390243902439 0.00404467477457586
0 0.0454545454545455 2.22763323927406e-06
0 0.0192307692307692 0.00501414028837596
0 0.0416666666666667 0.0131444319295042
0 0.02 0.00182810137985307
0 0 4.0879312640724e-16
0 0.0208333333333333 0.00930678117438506
0 0.0754716981132075 0.00890195222850139
0 0 3.49565906470747e-224
0 0.0232558139534884 0.00252031486377881
0 0.0227272727272727 3.54149344636632e-05
0 0.0212765957446809 0.00679924229656742
0 0.037037037037037 0.00340343550524759
0 0.0357142857142857 0.00049954313226114
0 0 3.18362819622046e-266
0 0.0196078431372549 0.00279934736279866
0 0.0181818181818182 8.41694214159615e-05
0 0.0434782608695652 0.0141313010126252
0 0.02 0.00275219303680492
0 0.0697674418604651 0.0151313883281046
0 0.0392156862745098 0.00851408509760013
0 0 4.00688624639085e-268
0 0 4.52269132919078e-28
0 0 1.10450880829871e-88
0 0 3.22247211497629e-16
0 0.0188679245283019 0.00579388831833887
0 0.0666666666666667 0.00275212838568837
0 0.0204081632653061 0.0101403236400991
0 0 1.65261108543833e-16
0 0.0535714285714286 0.00412279899505882
0 0.02 0.0035123394773046
0 0 4.89137234626145e-28
0 0.0227272727272727 0.00388149670754663
0 0 8.64673738326904e-06
0 0 3.28827162959142e-14
0 0 2.21165562373815e-84
0 0.0517241379310345 0.0065604678983131
0 0 1.20685067145465e-23
0 0.0681818181818182 0.00239813897478777
0 0 0
0 0 1.4367321081049e-05
0 0.0188679245283019 1.67115277913797e-09
0 0 0.000917654803773205
0 0.02 0.000223812143397247
0 0.0188679245283019 0.00207425083947713
0 0 2.00932989112936e-06
0 0.0208333333333333 0.00290941880029791
0 0 5.24329098420426e-13
0 0 1.13698959942265e-251
0 0 5.21992859153644e-40
0 0.0188679245283019 0.00994559199674368
0 0.024390243902439 0.00125999110724352
0 0.0232558139534884 1.76762596739538e-05
0 0.0625 0.0101408631978152
0 0.0227272727272727 3.8310830918642e-06
0 0.0232558139534884 0.00122833887976202
0 0 2.47571739755004e-13
0 0.0196078431372549 0.00338210839597166
0 0 3.62365542380242e-08
0 0 6.97373967523172e-15
0 0 5.06673643851871e-30
0 0.0508474576271186 0.00151218066390963
0 0 3.4905735030449e-10
0 0.0204081632653061 1.70101940694426e-08
0 0.0217391304347826 0.0204815248192004
0 0 4.17166315485468e-05
0 0 6.4249011664866e-116
0 0.0652173913043478 0.00834159555847681
0 0 7.31954781513244e-46
0 0 7.83100294679077e-15
0 0.0416666666666667 0.00608869768951635
0 0.024390243902439 0.00122222354255887
0 0 2.19922040953356e-62
0 0.0227272727272727 0.00439634551412134
0 0.0454545454545455 0.00562241927407052
0 0 2.58528090698337e-32
0 0 2.22582896239904e-11
0 0.0344827586206897 6.52143459129276e-09
0 0.0555555555555556 0.00739085407005989
0 0 3.74747930742515e-15
0 0.0416666666666667 0.000380289597752243
0 0 1.07616766603293e-05
0 0.0204081632653061 0.00712913182125559
0 0 1.20963398712337e-11
0 0 1.43537856758026e-07
0 0 5.64194258422168e-11
0 0.0212765957446809 0.00476067877875814
0 0.0204081632653061 0.00704341501809064
0 0.0338983050847458 5.92485776899567e-05
0 0 2.54886286378386e-13
0 0.0227272727272727 0.00492361989213827
0 0.0232558139534884 0.00605904670998618
0 0.0377358490566038 0.00168018973964033
0 0 6.36643735616667e-71
0 0.0169491525423729 0.000777745075521657
0 0 2.48486695964105e-13
0 0 9.25740960054798e-61
0 0.0196078431372549 0.00197760825773456
0 0.04 4.21711976802966e-06
0 0.0454545454545455 0.00466674907399453
0 0.0338983050847458 0.00293386092769498
0 0.0178571428571429 0.0151364347028499
0 0 1.11850791543609e-12
0 0.0178571428571429 4.06324994706858e-07
0 0.04 0.000307774951329788
0 0.0208333333333333 0.000100051123897223
0 0.0208333333333333 5.29472516847045e-07
0 0 5.60280489607264e-124
0 0 1.64826551601298e-296
0 0.0188679245283019 0.00601477176437204
0 0.0517241379310345 0.0109982244372181
0 0 2.54962457236999e-46
0 0 0.00468359616798423
0 0 2.71970749517222e-27
0 0.04 0.00341088499401765
0 0 2.60043739736517e-89
0 0.0175438596491228 8.23009398074786e-09
0 0 1.48222871956385e-305
0 0.0212765957446809 0.00644738453632062
0 0.0222222222222222 0.00442057773046941
0 0.0338983050847458 0.000271898926552214
0 0.0344827586206897 0.00235340877852561
0 0.0476190476190476 0.00373780390831908
0 0 3.60384472074539e-07
0 0.0408163265306122 3.72422723579389e-06
0 0 1.07379687679811e-08
0 0 3.0679394016137e-195
0 0.0377358490566038 0.0156636904987804
0 0 5.13956453367846e-68
0 0 5.58391927699187e-138
0 0.0217391304347826 8.27424793451536e-10
0 0 2.75755454675172e-40
0 0 1.42470230686066e-05
0 0.0444444444444444 0.0331705289776359
0 0 8.49169282482777e-24
0 0.0222222222222222 0.00348900918029134
0 0.0425531914893617 0.00771275374158097
0 0.0227272727272727 0.00881041051830646
0 0.0232558139534884 0.00112370898503008
0 0.0169491525423729 2.6660855513403e-05
0 0.0196078431372549 0.0104102391661589
0 0 1.42164695219142e-12
0 0.0185185185185185 0.000180846635522627
0 0 2.9123077035872e-32
0 0 1.06852418363959e-161
0 0 3.32593203811756e-06
0 0 1.85244239307693e-105
0 0 0
0 0.0204081632653061 0.00486013574323557
0 0 1.40213358468232e-14
0 0 3.52786622712199e-21
0 0.0188679245283019 1.84945950954311e-09
0 0.0425531914893617 0.0121149039792041
0 0 1.16464320574756e-13
0 0 0.00236223679268014
0 0.0208333333333333 1.38357345715739e-05
0 0 3.00678054451906e-05
0 0.0208333333333333 1.14343484837881e-05
0 0.0425531914893617 0.00335606206890904
0 0.0212765957446809 0.00135545568613498
0 0.0188679245283019 1.69054364729742e-08
0 0.0204081632653061 0.000918565131969232
0 0.0204081632653061 0.00105643249598964
0 0.0185185185185185 0.00335293748460134
0 0 7.48422196658244e-13
0 0.0526315789473684 0.0131124661364038
0 0 1.06253229706425e-19
0 0 4.21093824992737e-07
0 0 8.61377681594314e-200
0 0 5.79942003498278e-10
0 0.0465116279069767 0.000407989982588711
0 0.0363636363636364 4.2165088036635e-05
0 0.0434782608695652 0.00209595800561039
0 0 9.29473156864937e-78
0 0.0408163265306122 4.24925759077899e-05
0 0.0384615384615385 0.00390393082737976
0 0.0465116279069767 0.00603388936948056
0 0 4.01445356671783e-14
0 0 9.70927658562039e-217
0 0.0487804878048781 0.0136800287484334
0 0.0175438596491228 7.68969416346625e-06
0 0 5.54431747462707e-06
0 0.0208333333333333 0.0124273142679911
0 0.0188679245283019 0.00440188402143086
0 0 5.80350883998635e-05
0 0.0638297872340425 0.00651296334380863
0 0.0204081632653061 6.01601459194605e-09
0 0.0377358490566038 0.00382970661249811
0 0.02 0.000277898583167099
0 0.0208333333333333 5.50559859439936e-05
0 0.024390243902439 0.00546701210722238
0 0 2.89951239275563e-12
0 0 1.5728328164047e-08
0 0 2.67386876035829e-12
0 0 1.0053894984617e-19
0 0 0
0 0 1.22167988250629e-10
0 0 7.91558270790305e-06
0 0.0192307692307692 0.000149220536692887
0 0 6.36937177003465e-40
0 0.0555555555555556 0.00744038473079981
0 0 1.14116906293399e-11
0 0 8.70194409351315e-116
0 0.0238095238095238 0.00454072081388271
0 0 9.97318467606313e-25
0 0 2.91647918879768e-44
0 0 9.5838521914387e-16
0 0.0222222222222222 1.36011393016567e-07
0 0.0212765957446809 0.00344450676158052
0 0 4.56125650249219e-19
0 0.0408163265306122 0.00110713469972623
0 0 2.02390838612187e-10
0 0 8.13087688629941e-66
0 0.0444444444444444 0.000472516099108257
0 0.0188679245283019 0.0077051791013909
0 0.0952380952380952 0.00130850092760492
0 0 8.89773047536106e-11
0 0.0612244897959184 0.00715535367454097
0 0.0588235294117647 0.00253963631607284
0 0.0188679245283019 8.14488023913828e-06
0 0.0232558139534884 0.00436571554429169
0 0 2.47752367975267e-05
0 0.02 0.00400601848136401
0 0.0384615384615385 0.0114639010342421
0 0 1.61918363848357e-29
0 0.0212765957446809 0.000874857013669881
0 0 4.87557483951159e-68
0 0.0434782608695652 0.000410020987878607
0 0 1.71234580853877e-52
0 0.0652173913043478 0.0321918757365484
0 0.0232558139534884 3.54060455872419e-05
0 0.0612244897959184 0.00663307144634812
0 0.0392156862745098 0.00965493456198129
0 0 0.000275740063270295
0 0.0784313725490196 0.0144454909327981
0 0.0465116279069767 0.0159515310147438
0 0 1.37101436208903e-161
0 0.0208333333333333 0.00301836146818965
0 0.0384615384615385 0.000278184566577736
0 0.02 0.0059145875283295
0 0 3.5475730071493e-16
0 0 0
0 0.0377358490566038 0.0104992643489064
0 0 2.60833540342517e-07
0 0 3.12244539499994e-70
0 0.0232558139534884 0.010723863489577
0 0 4.03163792427012e-39
0 0 1.62946771979612e-114
0 0.0181818181818182 0.00746018595845569
0 0 3.41991832596497e-68
0 0.0377358490566038 0.0101403989518762
0 0.0227272727272727 2.81967681528741e-09
0 0 4.02740111074562e-06
0 0 6.5593093977245e-163
0 0 3.75998235443093e-13
0 0 5.72189825181506e-05
0 0.0227272727272727 4.59817253201105e-08
0 0 6.96472011633005e-06
0 0.0188679245283019 0.000562678659141462
0 0.0227272727272727 9.6009641265556e-06
0 0.0188679245283019 8.6906441461083e-08
0 0.0408163265306122 0.00257078441272358
0 0.0212765957446809 7.48953235964615e-08
0 0.0208333333333333 0.000861456780005047
0 0 0
0 0.0175438596491228 0.00208685020740911
0 0.0377358490566038 0.015929641961445
0 0 5.25642934892599e-44
0 0 1.03598139495019e-05
0 0.0350877192982456 0.015422012763694
0 0.0416666666666667 0.0030453675659804
0 0 3.30485724914395e-10
0 0 1.76532429952668e-82
0 0.0196078431372549 0.0198763396821012
0 0 9.27562312036437e-32
0 0.04 0.00417600275774462
0 0 4.02804708637063e-11
0 0 5.60325222186775e-05
0 0 1.5617055625741e-11
0 0.0175438596491228 0.00786572272547094
0 0.0192307692307692 0.00346787432978174
0 0 2.2205139579296e-10
0 0 2.63756680375372e-75
0 0.0232558139534884 0.0109964473383168
0 0.0208333333333333 0.00488465055702574
0 0.04 0.00313466938418871
0 0.0181818181818182 0.00147885455937214
0 0 9.22654166189153e-294
0 0.0222222222222222 0.0102956811594949
0 0.0227272727272727 0.015041591755708
0 0.0232558139534884 0.00460144988046341
0 0.0222222222222222 0.00599166468034409
0 0 3.76718737770402e-10
0 0.0185185185185185 0.00480501206912254
0 0.0208333333333333 5.94557082537363e-08
0 0 2.30702700633683e-139
0 0.0408163265306122 0.0121035195846666
0 0 3.36976706818258e-148
0 0.0196078431372549 0.000949381567137203
0 0 0
0 0 5.31077070671161e-09
0 0.0188679245283019 0.00636317672372709
0 0.0188679245283019 1.87122782021159e-08
0 0.037037037037037 0.00734081942789584
0 0 1.81044409256165e-12
0 0 1.96954975406e-101
0 0.04 0.00568248486709381
0 0 1.95006099435209e-12
0 0.0208333333333333 0.00547913130642263
0 0.024390243902439 0.00634076193119438
0 0 5.76845009862907e-39
0 0 1.49655515992064e-11
0 0.0350877192982456 0.00599433255696838
0 0 1.0564237380159e-13
0 0 1.75504043475903e-08
0 0 0
0 0.0357142857142857 0.00543194535807024
0 0.0208333333333333 1.12216348022734e-06
0 0 9.25788990218434e-13
0 0 5.44119713501583e-230
0 0.0196078431372549 7.06918327341302e-06
0 0.0169491525423729 2.38259825091689e-09
0 0.0392156862745098 0.00247139534838156
0 0 0.00111191143651467
0 0 4.25867807564275e-14
0 0.0212765957446809 3.47086186158869e-08
0 0 7.01597426311216e-318
0 0.0204081632653061 0.0041519291482376
0 0.0217391304347826 0.00611735313994699
0 0.0188679245283019 0.0043240266862961
0 0.0444444444444444 0.0272309684078787
0 0.0222222222222222 0.00424574077990136
0 0 4.42072679491104e-11
0 0.0238095238095238 0.000350902210333081
0 0 8.81408248509838e-168
0 0 9.39548090303735e-06
0 0.0204081632653061 0.000344421852880017
0 0 7.92859396151595e-79
0 0.0188679245283019 0.00180737261251232
0 0.0188679245283019 0.00731362501345732
0 0.0178571428571429 0.00292541488035756
0 0 3.21657138699846e-237
0 0.0204081632653061 0.000264459018418872
0 0.0666666666666667 0.00154878047912772
0 0.0222222222222222 0.00194575447385083
0 0.0192307692307692 0.0034850549952822
0 0.0444444444444444 0.0118927927407478
0 0.0338983050847458 0.00170497791567041
0 0.037037037037037 0.0196614812506137
0 0.0212765957446809 0.00173049633110241
0 0.0175438596491228 0.000375724623457122
0 0.0196078431372549 0.0027491667998098
0 0 3.39030096080837e-15
0 0.0238095238095238 7.21391436517748e-05
0 0 9.22029743593807e-08
0 0.0188679245283019 0.001190881377324
0 0 2.06754762437829e-12
0 0.0392156862745098 0.018587415061887
0 0 0.000580159770660932
0 0 7.93734959520259e-09
0 0.0408163265306122 0.00202940461295677
0 0 3.15926594169292e-103
0 0.0204081632653061 6.62479488026513e-05
0 0.0416666666666667 0.0130763357576079
0 0 2.13735142573773e-115
0 0.0638297872340425 7.82199707286792e-05
0 0 4.07743595075061e-19
0 0 2.24397560268942e-05
0 0.02 6.00332572705275e-05
0 0 5.12288801004297e-10
0 0.0204081632653061 1.34364032048842e-05
0 0.02 0.00512178919809136
0 0.0222222222222222 5.43691362282855e-09
0 0.0212765957446809 0.0155814499507153
0 0.0181818181818182 0.0182770380734407
0 0.024390243902439 0.00408313769700463
0 0.02 0.00854700723969153
0 0.0338983050847458 0.00310798719232335
0 0.0408163265306122 0.0112646246058529
0 0 1.79885815341887e-30
0 0 3.01084863543003e-05
0 0 0
0 0.0384615384615385 0.000407111259353729
0 0.0212765957446809 0.00752040472343607
0 0 1.66343995634653e-09
0 0.0576923076923077 0.0129967579228946
0 0 2.62251716111624e-11
0 0 2.73134379642195e-237
0 0 1.4490037867705e-12
0 0.0392156862745098 0.0199455461728522
0 0.0338983050847458 0.00492539061869162
0 0.04 0.0266391383651682
0 0.0408163265306122 0.0316566316402521
0 0.0212765957446809 0.000605450643763645
0 0.0222222222222222 0.000862840947858286
0 0 5.57285482193142e-10
0 0.0238095238095238 0.0183353780466716
0 0.0416666666666667 0.0247763214039305
0 0 0.0210140763460035
0 0.0238095238095238 0.0038222658769707
0 0.0425531914893617 0.0146081913117403
0 0 1.90360376066588e-11
0 0.0192307692307692 0.00584543082307416
0 0.0208333333333333 1.0284665395173e-05
0 0.0652173913043478 0.00531262650315997
0 0.0185185185185185 5.07203271633308e-05
0 0.0204081632653061 0.00539954513827105
0 0 0
0 0 3.86733665748874e-11
0 0.0185185185185185 0.000461018331921992
0 0 0
0 0 2.58654635259975e-06
0 0.0212765957446809 0.00454672347420571
0 0 3.2814647957334e-18
0 0 3.64388495875721e-09
0 0.0434782608695652 0.00847403376655935
0 0.0212765957446809 0.00144547540216936
0 0.0204081632653061 0.00503981787688977
0 0 0
0 0.0188679245283019 0.00998129960172417
0 0.0392156862745098 0.0201182260769667
0 0 6.98798049942347e-177
0 0.0208333333333333 1.37138019936875e-06
0 0.0344827586206897 1.96589421701888e-07
0 0 5.59672314507177e-33
0 0.0181818181818182 0.000547965355731399
0 0.0444444444444444 0.0222958536804404
0 0.0338983050847458 0.0084375436445559
0 0 4.03111468680335e-86
0 0.04 0.000629394069347297
0 0.0222222222222222 0.00151967355125641
0 0.0196078431372549 0.00747372663110134
0 0.0377358490566038 1.15589626032123e-06
0 0 0.00523882342701806
0 0.0204081632653061 0.00212149107981962
0 0.0204081632653061 0.00461133364673775
0 0.0208333333333333 3.00672447696496e-08
0 0 2.78621856395557e-05
0 0.0208333333333333 0.00312381154211633
0 0.0192307692307692 0.000261933353644764
0 0.0208333333333333 1.90783755457415e-05
0 0 2.79602250255356e-08
0 0.0487804878048781 0.00562240546757287
0 0 2.90919653475278e-97
0 0.0222222222222222 0.00688134986475682
0 0.0175438596491228 2.46871862026698e-08
0 0.0222222222222222 0.00611295493182872
0 0 8.94955939935058e-271
0 0.0192307692307692 0.00138118119747158
0 0.0169491525423729 0.00167258846261123
0 0 6.23446281305724e-114
0 0 1.31336247377879e-06
0 0.0350877192982456 0.00227863809695421
0 0.0576923076923077 0.00609933928893752
0 0 1.56150989021045e-15
0 0.0408163265306122 0.00769085410036419
0 0 3.92386589977084e-46
0 0 7.30921819370017e-54
0 0.0204081632653061 0.0190998663186858
0 0 2.04880900211378e-118
0 0.0384615384615385 0.000481431616532955
0 0 9.61756076649666e-12
0 0.0212765957446809 0.000336671335092752
0 0.0454545454545455 0.015499563959258
0 0.0204081632653061 0.00568047690945647
0 0 2.70735664901488e-05
0 0 7.75552799521904e-26
0 0 8.84713342618213e-13
0 0 1.33760709467791e-13
0 0.0188679245283019 0.000162932569811041
0 0 3.25088729216309e-20
0 0 3.37344001131186e-66
0 0.0392156862745098 0.00155804645742221
0 0.0222222222222222 0.006545147984146
0 0 5.35221393417033e-86
0 0.0196078431372549 0.00341987247529784
0 0.06 0.0120828806915942
0 0 0.00117613653290039
0 0.0238095238095238 0.000350936245931434
0 0.0208333333333333 9.78019695189627e-05
0 0 2.44406962442803e-09
0 0.0227272727272727 0.00442521887298546
0 0.0238095238095238 0.00548303648479425
0 0 6.52376392054116e-46
0 0 2.4107843700972e-88
0 0 1.01279116050653e-29
0 0.0192307692307692 0.00868831811585051
0 0 4.24713991736481e-06
0 0 1.14861144615059e-08
0 0.0188679245283019 0.00781821798247778
0 0.0681818181818182 0.0130607766810206
0 0.0363636363636364 2.07377654946639e-05
0 0 2.75448416486628e-06
0 0 4.90689542226621e-79
0 0.0175438596491228 0.000354974325396754
0 0.0508474576271186 0.00683032887427674
0 0.0188679245283019 0.000953129071656745
0 0 2.71986805722473e-82
0 0 1.32252244237844e-17
0 0.04 0.00714380865485605
0 0.0212765957446809 0.0161210384380432
0 0 4.83534242295443e-13
0 0.0465116279069767 0.00563275267921004
0 0.0208333333333333 0.0217391233205124
0 0.0638297872340425 0.0087139243937406
0 0.037037037037037 0.00607826433572547
0 0.0425531914893617 0.00905152415642307
0 0.0178571428571429 1.9262394915623e-09
0 0.0576923076923077 0.00164839106358476
0 0 3.52348465705887e-06
0 0.0384615384615385 0.00708309254580973
0 0 4.32259100900697e-34
0 0 4.40443317914288e-317
0 0.0357142857142857 0.00962020203785409
0 0.0454545454545455 0.000943208589558566
0 0.0212765957446809 0.00441246074307512
0 0.0188679245283019 5.56086516387718e-05
0 0.02 0.00036156574200577
0 0 0
0 0 1.62814588033825e-14
0 0 1.82896438910121e-47
0 0.0188679245283019 0.0114473448282704
0 0.0465116279069767 0.0129286597412271
0 0 1.62228291156249e-13
0 0 6.94392292990265e-52
0 0.0222222222222222 0.00451095742218042
0 0 2.11943811446217e-77
0 0 1.18233669394679e-94
0 0.0517241379310345 0.00473265101613547
0 0.02 0.0138222166937942
0 0.0181818181818182 0.00214786233553469
0 0.0444444444444444 0.0131155338540598
0 0 2.01687848124238e-25
0 0.0217391304347826 0.000110999524106191
0 0.0181818181818182 4.38478425265137e-09
0 0.0416666666666667 0.00232518259965836
0 0.0508474576271186 0.00459679732837773
0 0.0212765957446809 0.00125914336276399
0 0 1.6962105002461e-33
0 0 1.8309278506218e-14
0 0 1.71000309953181e-109
0 0.0384615384615385 0.00140245373483898
0 0.0181818181818182 0.00934625990360423
0 0.0208333333333333 0.000664757904460999
0 0.0363636363636364 0.00159315249253873
0 0.0227272727272727 0.01191850893219
0 0.0714285714285714 0.00952016723469531
0 0 3.43428256300875e-72
0 0.0181818181818182 0.00416786244999992
0 0.0731707317073171 0.012661522513686
0 0 0.000938728798034625
0 0.0208333333333333 0.00440070584276455
0 0.0192307692307692 0.00869488517646241
0 0.0181818181818182 8.04297690695424e-05
0 0 1.91495165435092e-195
0 0.0566037735849057 0.00876436719459349
0 0.024390243902439 0.00644283410647481
0 0.0566037735849057 0.0101511105995689
0 0.0208333333333333 2.84826806930311e-07
0 0 5.07218869746162e-10
0 0.04 0.0150388849249876
0 0.0612244897959184 0.0257596109382599
0 0.0222222222222222 0.0139049147076538
0 0.0338983050847458 0.0125577324812025
0 0.024390243902439 0.0126023022700382
0 0.0508474576271186 0.0077432733745836
0 0.0227272727272727 0.0133955935126355
0 0.0816326530612245 0.0121429034133009
0 0.0444444444444444 0.0100810164320369
0 0.0204081632653061 0.00829231632616532
0 0 0.00261832724315578
0 0.0188679245283019 0.00248281360925118
0 0.0212765957446809 0.00357731689633946
0 0 9.74409252211251e-10
0 0.0377358490566038 0.0115240327126931
0 0 0
0 0 1.71697080068773e-18
0 0.0357142857142857 0.00427766663028906
0 0.0377358490566038 0.0170341653627809
0 0.0681818181818182 0.0292298723392915
0 0.0517241379310345 0.00121215109826413
0 0.0535714285714286 0.0242478066924319
0 0.0222222222222222 0.0140188757372619
0 0 7.78585346888296e-10
0 0 3.01198049228524e-15
0 0.0227272727272727 0.000507273680010487
0 0 2.8428246569313e-12
0 0 2.08333552494372e-08
0 0.04 2.11019656093472e-07
0 0.0222222222222222 8.24384429350254e-05
0 0.02 0.000835197769566359
0 0.0178571428571429 4.29320037731152e-08
0 0.037037037037037 3.50593960788659e-09
0 0.0357142857142857 0.00185320332624436
0 0 1.82288296352359e-12
0 0 9.13731320535573e-06
0 0.0192307692307692 0.00537044578598159
0 0.0222222222222222 1.70885301064852e-06
0 0 9.30036672144067e-18
0 0.0784313725490196 0.0355159973875679
0 0 7.10469987940027e-24
0 0.0238095238095238 1.57302937157028e-06
0 0.0192307692307692 0.001768116608092
0 0.0232558139534884 1.06755894067385e-06
0 0.04 0.00494594276358773
0 0 0
0 0.0392156862745098 0.00829494234439678
0 0.0204081632653061 0.0212527698132703
0 0 2.47373983842109e-06
0 0 6.16816197963709e-68
0 0 3.64623985542653e-174
0 0 7.32628610972534e-12
0 0 4.56815406704168e-14
0 0.0217391304347826 0.000110749775600832
0 0.0408163265306122 8.1116921718019e-05
0 0 3.70496024039667e-30
0 0.037037037037037 0.0189539466464667
0 0.0196078431372549 4.80719544374724e-06
0 0.0384615384615385 0.015248631452046
0 0.0652173913043478 0.0107474185897558
0 0 0.000168779704840891
0 0.0487804878048781 0.0125119049431651
0 0.0227272727272727 2.75580533330339e-05
0 0 4.6846555678957e-12
0 0 3.83994862336251e-10
0 0.0196078431372549 0.0024986357419485
0 0.0196078431372549 0.0140713357420408
0 0.0425531914893617 0.0266628775840749
0 0 5.19133038730329e-12
0 0.0208333333333333 0.0014376371359707
0 0 4.35469442637604e-09
0 0.0232558139534884 0.00209729828986501
0 0 1.23341633700859e-77
0 0 0.00403839240894538
0 0 1.44980332866505e-13
0 0.0384615384615385 0.0109304675934583
0 0.0350877192982456 0.00898190320439278
0 0.0169491525423729 0.00556194430569743
0 0.0196078431372549 0.00591944744048472
0 0.0217391304347826 0.000181188853076396
0 0.0444444444444444 0.00383557715330915
0 0 7.84776545033671e-11
0 0.0638297872340425 0.0168693524008974
0 0 2.12926152500024e-58
0 0.0208333333333333 0.00583240409895164
0 0 5.77425660668684e-07
0 0.0384615384615385 0.00545017543212585
0 0.0238095238095238 0.00130060498632474
0 0 0
0 0.0178571428571429 0.00663177565260091
0 0 1.30404072103013e-113
0 0 1.13731940668278e-43
0 0.0535714285714286 0.000226266508104172
0 0.0185185185185185 0.00308644847552312
0 0.0384615384615385 0.0149201086470932
0 0.0416666666666667 0.00276271529213596
0 0.04 0.0155365571095994
0 0 2.28878727260809e-61
0 0 1.87673906802749e-07
0 0.0192307692307692 0.0122644876953075
0 0 2.23244163476779e-32
0 0.0196078431372549 0.00479269960300383
0 0.0217391304347826 0.00516783457298073
0 0.0172413793103448 0.000673190095727615
0 0 2.93035544879308e-05
0 0.0175438596491228 0.000378618820080211
0 0.0227272727272727 5.6386256713481e-05
0 0 2.0207272201495e-10
0 0.0416666666666667 0.0115996035936287
0 0.0222222222222222 0.00997024040285876
0 0.0208333333333333 1.09097029560706e-07
0 0.0217391304347826 0.0147988918018907
0 0.0175438596491228 0.00218818278341525
0 0.0217391304347826 0.016350501125236
0 0.0181818181818182 1.76297945956022e-05
0 0 6.98881069094053e-11
0 0 2.50608695531727e-93
0 0.0384615384615385 0.00213959922509854
0 0 4.26777210831306e-13
0 0.02 0.00634974834978491
0 0 6.46844278326093e-09
0 0 0
0 0.0227272727272727 0.010324311557048
0 0.0222222222222222 8.77058223022475e-05
0 0 1.47611268414276e-08
0 0.0192307692307692 0.00496056759635141
0 0 4.02545658208003e-15
0 0.0178571428571429 1.98055220404276e-06
0 0.0476190476190476 0.00535143180510214
0 0.0392156862745098 0.00382229855438174
0 0 3.92178300376021e-12
0 0.0188679245283019 0.00685354692491702
0 0 1.45577523391738e-14
0 0.0425531914893617 0.00469169166744095
0 0.0212765957446809 0.00620682494608267
0 0 4.40418775041135e-102
0 0.0192307692307692 0.0123928657033384
0 0.0384615384615385 0.00705374123237509
0 0.0232558139534884 0.00929090274487439
0 0.0222222222222222 0.00323366979583174
0 0.0392156862745098 0.000508060285469487
0 0.0204081632653061 0.0124684505765682
0 0.0185185185185185 0.00958546216541052
0 0 5.85479656124895e-67
0 0 1.23677768704025e-183
0 0 7.09563407977655e-11
0 0.0185185185185185 0.00551185157738807
0 0 3.3953033335808e-86
0 0.0357142857142857 0.00932395186544122
0 0 1.49528029543161e-38
0 0 5.68871349201158e-07
0 0.0212765957446809 0.000431079208859687
0 0.0344827586206897 0.00354154451686175
0 0 0
0 0 1.35061326090165e-25
0 0 1.31959684653481e-308
0 0 3.55144807178925e-05
0 0.0208333333333333 0.00508788412253229
0 0.0208333333333333 0.0017026696767593
0 0 2.2644278494023e-80
0 0.0444444444444444 0.00494656736902475
0 0 4.39032156767513e-33
0 0.0208333333333333 0.00693783944959842
0 0 0
0 0 7.71212291215933e-263
0 0 4.72891768514357e-05
0 0.0208333333333333 0.00318517930759532
0 0 8.52143205101469e-13
0 0 1.82965789519027e-29
0 0.0232558139534884 0.00416570434757776
0 0.02 0.00540176357066021
0 0.0178571428571429 0.0104504722451986
0 0 1.29851734702909e-94
0 0 9.12690131852948e-129
0 0.0232558139534884 3.50995011872491e-08
0 0.0196078431372549 1.9175767221241e-08
0 0 4.65543583336299e-08
0 0 3.14115440956062e-112
0 0 0
0 0 7.13770214110454e-26
0 0 5.71787657005639e-09
0 0.0232558139534884 0.00135103577323617
0 0.0222222222222222 0.00117481298605255
0 0.037037037037037 0.00520091423770968
0 0 8.77637288729413e-106
0 0 1.34152319449277e-05
0 0.0217391304347826 8.01470353183858e-06
0 0 9.12697278370258e-32
0 0 3.4880666088835e-27
0 0.0416666666666667 0.00149209581103631
0 0.0425531914893617 0.0147316638689493
0 0.0208333333333333 0.00363753941722495
0 0.0350877192982456 0.00805064358853951
0 0.0454545454545455 0.0302848364668687
0 0.0208333333333333 0.00457691472707021
0 0 4.47181237444827e-09
0 0.037037037037037 0.00237740829904626
0 0.0208333333333333 0.00021853822063178
0 0 3.36487241847776e-13
0 0 8.27195917392858e-21
0 0.0344827586206897 0.00137210858704281
0 0.04 0.0139386509254699
0 0.0612244897959184 0.00848334318232957
0 0.0377358490566038 0.00724201574771704
0 0.0363636363636364 7.80519031872399e-05
0 0 3.81009383988684e-12
0 0 0.000821038505554442
0 0 7.13215826339643e-43
0 0.0476190476190476 0.0310124352886376
0 0.0204081632653061 0.00561365734319272
0 0 0
0 0 1.02076409060326e-127
0 0.0681818181818182 0.0139682623051158
0 0 1.40898914636953e-08
0 0 1.35247447961351e-06
0 0 9.91920577351342e-20
0 0 5.13145478912643e-20
0 0 1.68343874138882e-38
0 0 2.10992664320853e-30
0 0.0188679245283019 0.000183965495226764
0 0 2.15626066595092e-17
0 0.0350877192982456 0.00485752392415204
0 0.0217391304347826 0.00647138936369668
0 0.0188679245283019 0.00720362214350253
0 0.0181818181818182 0.00162306187564325
0 0.0185185185185185 0.00510341715703602
0 0 4.57795122664139e-20
0 0.0612244897959184 0.0045265098580178
0 0.0188679245283019 0.00518525969124346
0 0 3.1319978372409e-10
0 0.0196078431372549 0.000572663267821092
0 0.0212765957446809 0.0257386449436746
0 0 6.01515028281089e-12
0 0.0232558139534884 0.00726724242047202
0 0.04 0.0138052524210889
0 0 7.45103442529031e-17
0 0 1.21243371116062e-13
0 0.0208333333333333 2.80765302530051e-09
0 0.037037037037037 0.00446299239806803
0 0.0175438596491228 4.71329767028757e-05
0 0 6.15696371767004e-12
0 0.0212765957446809 4.21920953598015e-08
0 0.0227272727272727 0.00452108522380577
0 0.0208333333333333 0.00632708097111204
0 0 3.69195407382889e-29
0 0.0227272727272727 1.89040455910771e-05
0 0.0384615384615385 0.00487177508875641
0 0.0408163265306122 0.00493299771995217
0 0 8.61737059902692e-32
0 0.0181818181818182 0.00208801752094606
0 0.0192307692307692 0.0156809353088738
0 0 5.0191614553339e-245
0 0.0196078431372549 9.3186987576676e-09
0 0.0416666666666667 0.0023729603622024
0 0 9.93409304126992e-10
0 0.0217391304347826 7.62013890745645e-07
0 0 0.00104566822921233
0 0.0454545454545455 0.000804752301645814
0 0 6.39491385339981e-85
0 0.0208333333333333 9.72026973941334e-08
0 0 1.23660817537834e-16
0 0.0192307692307692 0.00510325453815258
0 0.0217391304347826 0.0220769691929045
0 0 2.32508283434722e-28
0 0.0408163265306122 0.000763701842294057
0 0.0175438596491228 0.00310077021215631
0 0.0212765957446809 0.0109226926615951
0 0.0392156862745098 0.0192333122133018
0 0 9.56842493402043e-23
0 0 1.55459937997256e-09
0 0 0.000361727089875384
0 0 3.88572466455337e-05
0 0 3.17420886350261e-06
0 0 0
0 0.0434782608695652 0.00596523556628526
0 0.0227272727272727 0.00219156575538415
0 0.0208333333333333 0.000534691175678514
0 0 7.56745981993937e-07
0 0.024390243902439 0.0012911865485051
0 0.0444444444444444 0.0253046801438417
0 0.0188679245283019 6.86314082669346e-08
0 0.0185185185185185 0.00227813026318382
0 0 1.80891268197787e-09
0 0.0454545454545455 0.000435160965264553
0 0 1.35184357927442e-14
0 0 1.92942296581931e-07
0 0 1.25916809818495e-11
0 0.0208333333333333 1.1025005847786e-07
0 0.0222222222222222 0.000235206481842002
0 0 2.00539684330981e-55
0 0 1.77526156706302e-10
0 0 0
0 0 0
0 0.0377358490566038 0.0371530614809914
0 0.0588235294117647 0.00440861026916441
0 0.0217391304347826 0.00695558465665795
0 0 7.76144691981143e-08
0 0 0.00622681770846261
0 0.04 0.0073738239602094
0 0.0425531914893617 0.013199006844695
0 0.02 0.00166596358727112
0 0 1.01002428522452e-42
0 0 0
0 0.0188679245283019 3.83148567788079e-06
0 0.0192307692307692 0.00548418897840736
0 0 1.04955795136462e-182
0 0.0454545454545455 0.00283291213666596
0 0 1.64734617208965e-12
0 0.0697674418604651 0.0315824259399335
0 0.037037037037037 0.013643811794467
0 0.0238095238095238 0.00201932420621974
0 0 2.32651308056899e-14
0 0 9.51446287895061e-08
0 0.0232558139534884 7.38514025828914e-06
0 0 4.34444680244421e-05
0 0.0566037735849057 0.0237142746233183
0 0.0196078431372549 0.00650565280636163
0 0.0212765957446809 0.00885269424047649
0 0 1.06747382573866e-55
0 0.0434782608695652 0.0117438392537579
0 0.0222222222222222 8.32925993084169e-07
0 0.0204081632653061 0.004079547857718
0 0.02 0.00792796637335757
0 0.0434782608695652 0.000121522881234508
0 0 6.09373682584675e-07
0 0 1.15619567027372e-06
0 0 2.12091161638059e-10
0 0.0196078431372549 0.000371294334246765
0 0 1.99840049424093e-86
0 0.0408163265306122 0.00236468237116766
0 0 1.75764252425833e-09
0 0 3.94256284504279e-09
0 0.0175438596491228 7.35333181866563e-05
0 0.0196078431372549 0.00292599371464664
0 0.0227272727272727 0.000358715450115751
0 0.024390243902439 7.71771528442653e-09
0 0 2.04517230609467e-10
0 0.0208333333333333 0.00429985947791546
0 0.0185185185185185 0.0154292657946962
0 0 3.55616974033691e-111
0 0 0.00267941410464059
0 0.0196078431372549 0.00749064620715091
0 0 2.01714321228744e-60
0 0.0232558139534884 9.59296878141966e-07
0 0.0222222222222222 0.00509579981220172
0 0.0517241379310345 0.00189035026297184
0 0.0217391304347826 6.51041855432746e-09
0 0.0363636363636364 0.00114384340990798
0 0 1.18950811888343e-05
0 0 8.02440804926699e-104
0 0.0178571428571429 0.000912570338232803
0 0 1.57315107828644e-16
0 0.02 0.00298122710462108
0 0.0178571428571429 0.0174633672103398
0 0 0
0 0 9.47028249521196e-11
0 0.0188679245283019 0.00561526416869018
0 0 1.71603881740122e-110
0 0.0217391304347826 0.0159792524698546
0 0.0185185185185185 0.00447516849022458
0 0.0357142857142857 0.0190848864681981
0 0.0204081632653061 0.000151285003556648
0 0 1.57054920532051e-71
0 0 2.17497381021295e-07
0 0 1.46133320912671e-16
0 0 1.61198059928045e-09
0 0.0196078431372549 0.00622200596681153
0 0.0217391304347826 6.73539521629399e-06
0 0.0508474576271186 0.0103838007705463
0 0.02 0.00356312288909116
0 0.0555555555555556 0.00511021426856565
0 0 2.13926107796316e-05
0 0.0212765957446809 1.49873357445099e-05
0 0.0545454545454545 0.00203020175553326
0 0 6.51335575043742e-07
0 0 1.23293958926063e-10
0 0 1.65135355784281e-07
0 0.0188679245283019 0.00282505384261339
0 0 9.36604217459277e-08
0 0.0454545454545455 0.00642634075455702
0 0.0434782608695652 0.0139675639373348
0 0.0196078431372549 6.96940886554721e-05
0 0 2.35373260207305e-07
0 0.0212765957446809 0.00141020716592357
0 0.0208333333333333 0.00903502970005048
0 0.0188679245283019 6.96282228902905e-05
0 0.0196078431372549 0.00163952526276318
0 0.0212765957446809 2.75169296580407e-07
0 0.0208333333333333 0.00524930015757732
0 0 1.56319349062931e-07
0 0 2.64327307970519e-64
0 0 1.07056239263839e-19
0 0 9.51674844137366e-45
0 0.0217391304347826 0.000395855533416434
0 0.0204081632653061 0.000445352487197495
0 0 9.89805975017771e-223
0 0 9.41567421557282e-28
0 0.0612244897959184 0.00787803846294464
0 0.0232558139534884 0.0047372378237419
0 0 1.18532813197471e-18
0 0.0212765957446809 0.00852124113917416
0 0.0185185185185185 0.00876727397127351
0 0 4.62785602679324e-162
0 0 7.96829945085387e-14
0 0.0217391304347826 0.00356567239642658
0 0.037037037037037 0.00914043893803602
0 0.0377358490566038 0.0025032751209594
0 0.0192307692307692 0.00514362322758609
0 0.0178571428571429 0.00316710418120181
0 0 5.23124361129059e-27
0 0.0222222222222222 3.60869887756079e-07
0 0.0181818181818182 0.003681915296845
0 0 3.60778395578853e-19
0 0.024390243902439 0.00910568622409075
0 0.0526315789473684 0.0174370100217095
0 0 3.24299900139105e-12
0 0.0232558139534884 0.00895713042990619
0 0.0196078431372549 0.0100405207813252
0 0.04 0.00790145173001898
0 0.0425531914893617 0.00458061450384946
0 0.0377358490566038 0.00226816490658807
0 0 9.28460623669225e-06
0 0.04 0.00278434534823543
0 0.037037037037037 0.00870809001844537
0 0 4.76395787452128e-11
0 0.0208333333333333 0.0101059922462282
0 0 2.07755431428301e-06
0 0 4.09909921617543e-15
0 0.0545454545454545 0.00858654242563291
0 0.0425531914893617 0.0149578653909452
0 0.0377358490566038 0.000615370434482671
0 0.0612244897959184 0.00272014782996627
0 0.0172413793103448 0.00110755394735998
0 0.06 0.0142159551119494
0 0 1.09574196914222e-269
0 0.0192307692307692 0.00390766416558102
0 0 4.52387907261376e-21
0 0.037037037037037 0.00350277747552967
0 0.0869565217391304 0.0261050090262267
0 0.02 0.00879854353960453
0 0 1.06245619562884e-196
0 0.0222222222222222 0.022718472044651
0 0.0227272727272727 5.82322590468371e-07
0 0.0212765957446809 1.01003112827125e-08
0 0.0222222222222222 0.00375305823369605
0 0 1.75514916805974e-41
0 0 2.49487955089727e-26
0 0.0232558139534884 0.0238121396304789
0 0.0612244897959184 0.0203103947376074
0 0.0344827586206897 0.00123865545645274
0 0.0196078431372549 0.000727613822205436
0 0 0.0181818181818182
0 0 1.10962286868847e-37
0 0.0222222222222222 0.0230701815989667
0 0 1.55979850318532e-06
0 0.0588235294117647 0.0310465803891517
0 0.0188679245283019 0.000325783516666133
0 0.0196078431372549 0.0021201168664844
0 0.0238095238095238 0.00896567098742673
0 0.0869565217391304 0.00507168269470278
0 0 5.76317222729292e-16
0 0.0208333333333333 1.81870682664005e-05
0 0 8.61784375642062e-12
0 0.0192307692307692 1.99221428383742e-08
0 0.0222222222222222 0.00577861734906726
0 0 2.87890903261376e-82
0 0.0188679245283019 3.3390147878334e-09
0 0 1.04352459713364e-61
0 0 1.66088763653856e-11
0 0.0769230769230769 0.013156038474885
0 0 5.07708596747002e-183
0 0.0169491525423729 0.00283279559711885
0 0.0222222222222222 0.0051187667652534
0 0.0444444444444444 0.00589241418901106
0 0 5.65053516365238e-14
0 0 7.03720896097304e-17
0 0.0204081632653061 0.000584009636597925
0 0.0185185185185185 0.00106530737300791
0 0.0408163265306122 0.0209663154694195
0 0.0892857142857143 0.019540521669418
0 0.02 0.0183381855221545
0 0 7.8370528435349e-21
0 0.0377358490566038 0.00653233417081654
0 0.0204081632653061 1.65303192838779e-08
0 0 0
0 0.0227272727272727 0.00997425379210784
0 0 4.08137824025769e-08
0 0 0.00180910569839088
0 0 1.61994958855474e-10
0 0 5.14688499519096e-07
0 0.0212765957446809 0.00134058030223497
0 0 1.04561896387343e-08
0 0.0208333333333333 0.000190463120083533
0 0 0
0 0 3.94914109245337e-80
0 0 1.20956543476804e-31
0 0.0377358490566038 0.00292625782775529
0 0.0377358490566038 0.00647646750079416
0 0 2.51943011634826e-27
0 0.0416666666666667 0.00626821556680159
0 0.0172413793103448 0.00938183643026773
0 0 1.22914656517689e-06
0 0.0172413793103448 0.00515487549132862
0 0.0196078431372549 0.00557558115481119
0 0 5.17683850220308e-17
0 0 0
0 0.0196078431372549 0.0148148363860087
0 0.0416666666666667 0.00975131358364982
0 0 0.000101416127153825
0 0 3.54760918177051e-14
0 0.0576923076923077 0.0128395183447459
0 0.0217391304347826 0.00603354590944174
0 0 4.11140807361432e-65
0 0 6.0438228932474e-15
0 0.0227272727272727 0.0066709690975494
0 0.0338983050847458 0.00365542298818878
0 0 3.94756484083483e-05
0 0.0454545454545455 0.0175280265775997
0 0.0217391304347826 0.000141203719732126
0 0.0192307692307692 0.010441773165153
0 0.0392156862745098 0.000331225557530647
0 0.04 0.0233115273951459
0 0.0350877192982456 0.00997893408640763
0 0.04 0.00598647275118452
0 0.0238095238095238 0.00695555370374855
0 0.0227272727272727 0.00865827765123637
0 0.0169491525423729 0.00465689062984083
0 0.0425531914893617 0.00528658182425156
0 0 3.76955698935974e-13
0 0.0666666666666667 0.0117840550602699
0 0.0185185185185185 8.56715967922726e-07
0 0 0
0 0.0408163265306122 0.00867188571908194
0 0.0714285714285714 0.00681626727676779
0 0 0
0 0.0175438596491228 3.15856297739143e-05
0 0.0204081632653061 0.0205646841544765
0 0.0454545454545455 0.00855818376411643
0 0.0535714285714286 0.0124589276470569
0 0.0535714285714286 0.000372251374926622
0 0.024390243902439 5.65113728101706e-05
0 0 0
0 0.0555555555555556 0.00552526912662662
0 0.0377358490566038 0.000320778858081379
0 0.0212765957446809 4.95412192601511e-10
0 0 5.91425334129318e-16
0 0.0217391304347826 3.99407670339532e-05
0 0.0212765957446809 0.0170141608699323
0 0.02 3.21095924518212e-05
0 0.0222222222222222 0.003579232780423
0 0.0344827586206897 0.00657398215312234
0 0.0227272727272727 0.00109093065120467
0 0.0208333333333333 0.014242651358119
0 0.0222222222222222 0.00301565849047008
0 0 9.14080552684748e-07
0 0.02 2.59535902506291e-07
0 0 7.26151878555755e-11
0 0.0425531914893617 0.0131190950748
0 0.0196078431372549 0.00316591789018959
0 0 1.08982324150191e-05
0 0.0185185185185185 0.00145818529463589
0 0 1.20950923284374e-45
0 0.0175438596491228 3.48647898226994e-06
0 0 6.65436327730942e-184
0 0.0222222222222222 0.00454744546055656
0 0.0172413793103448 9.64365470893529e-06
0 0 3.56656497703984e-14
0 0 0
0 0 1.58364533733841e-144
0 0 4.29032850079309e-34
0 0.0425531914893617 0.0212254641794513
0 0.0384615384615385 2.49035153371766e-08
0 0 3.4390767801169e-171
0 0 8.5989106772512e-20
0 0.0408163265306122 0.0103099229537824
0 0 2.93124623400822e-06
0 0 8.07486401335095e-11
0 0.0212765957446809 1.70292551583588e-06
0 0.0350877192982456 0.00575169947719045
0 0.0178571428571429 3.56204026028538e-08
0 0.0188679245283019 0.0033645645092683
0 0.0208333333333333 0.000421468442771679
0 0 2.61197733411226e-11
0 0 1.08810619345399e-41
0 0 3.52988248411386e-40
0 0 2.39569128149351e-07
0 0.0175438596491228 0.0105183543575866
0 0.04 0.0111068929168767
0 0.024390243902439 7.57863493990304e-05
0 0.0535714285714286 0.00457188132031698
0 0 1.19199848948809e-46
0 0 2.03249820479459e-06
0 0 2.24715306109595e-11
0 0 0.000129711895720481
0 0.0212765957446809 1.26443117249871e-09
0 0 8.83766057503465e-14
0 0 1.46665355439142e-313
0 0.0612244897959184 0.00211749297629878
0 0.0357142857142857 9.33606470380974e-07
0 0.024390243902439 0.0114226259094752
0 0.0181818181818182 4.39210969181763e-08
0 0.0227272727272727 0.00388608044777855
0 0.0222222222222222 6.2938851760713e-05
0 0 3.90839966106471e-14
0 0.0350877192982456 0.000174285585452191
0 0.0188679245283019 0.00188848050198651
0 0.0465116279069767 0.0175788944712696
0 0 2.79273074035518e-11
0 0.037037037037037 0.00201998288151887
0 0 6.61747026023427e-29
0 0.0344827586206897 0.0107745320148104
0 0 0
0 0 4.55151171392971e-18
0 0.0232558139534884 9.77964689893633e-07
0 0.0232558139534884 0.007877348434788
0 0 0
0 0.0175438596491228 2.00778712202449e-07
0 0 1.84175917417215e-150
0 0.02 0.0204102545074819
0 0.0363636363636364 0.00874560352354599
0 0.0204081632653061 0.00905801781698196
0 0.0212765957446809 0.00195847825793633
0 0 8.52517351772481e-17
0 0 5.42789591059866e-85
0 0 1.4482348628281e-13
0 0 1.97779571608499e-26
0 0 2.61014907512685e-07
0 0.0222222222222222 2.90842935706781e-07
0 0 3.74842506900399e-111
0 0.0425531914893617 0.00956342442620893
0 0.0425531914893617 0.00340282300073132
0 0 4.65292462939158e-06
0 0 0.000882381294568554
0 0 1.46762451273534e-41
0 0.0476190476190476 0.00156258586349802
0 0.0434782608695652 0.017140166485592
0 0.0344827586206897 0.00969126380356742
0 0 0
0 0.0172413793103448 0.00312103639967932
0 0.0188679245283019 2.17197323857376e-05
0 0.0196078431372549 9.72682031605344e-06
0 0.0344827586206897 0.00155748158697612
0 0.0208333333333333 2.10742480562485e-09
0 0.0185185185185185 0.00969134687823013
0 0.0185185185185185 2.6783987093894e-07
0 0 1.6036076328841e-10
0 0.0227272727272727 0.000440688598651576
0 0.0212765957446809 0.0115436120361492
0 0.0232558139534884 0.000475976136740359
0 0 5.27858600102121e-11
0 0 5.10582137040361e-39
0 0.0212765957446809 0.00821397542306118
0 0.04 0.00846679020747231
0 0.0188679245283019 0.0080430569159351
0 0.0217391304347826 0.0222222222222222
0 0.02 2.01278873316298e-05
0 0.0357142857142857 0.00352188980988377
0 0.0588235294117647 4.2732510624562e-07
0 0.0212765957446809 1.04718703386017e-07
0 0.037037037037037 0.0101719849888552
0 0.0192307692307692 4.44468893875116e-07
0 0 2.92634147830457e-09
0 0 7.99486735185347e-11
0 0.0188679245283019 0.0115950191855356
0 0.02 0.00633460482306544
0 0.0238095238095238 0.000113597882938004
0 0.0212765957446809 1.59719948028487e-09
0 0.0175438596491228 0.000466150437832641
0 0 1.09766925582787e-10
0 0 2.20268821768309e-265
0 0.0181818181818182 2.60587650397812e-05
0 0 1.52856818281813e-08
0 0 7.60540139288589e-08
0 0 0
0 0.0434782608695652 0.000981065821716942
0 0.0350877192982456 0.0127265445519711
0 0.0232558139534884 0.00707837385905324
0 0.0222222222222222 0.00818357259842432
0 0 1.37279435924348e-94
0 0 0
0 0 1.23000647007542e-32
0 0 1.99372741767531e-30
0 0.0208333333333333 0.00521937676309352
0 0.037037037037037 0.00148543763128702
0 0.0212765957446809 0.00435897527346394
0 0.0188679245283019 0.00530400315219429
0 0 3.1380626938251e-05
0 0 1.82894822901553e-18
0 0.0188679245283019 0.0192115646746346
0 0.0196078431372549 0.00215493746221315
0 0.0212765957446809 0.0067212591495118
0 0 1.77524469401e-27
0 0 2.49030248753531e-11
0 0.0192307692307692 4.35152172850962e-07
0 0 2.63366297240011e-28
0 0 1.17567556282537e-54
0 0 5.49002887716785e-162
0 0.0175438596491228 4.08120464138088e-05
0 0 8.47676612857508e-08
0 0 3.56087939138936e-10
0 0 1.94703389188619e-38
0 0.0196078431372549 0.00344158471918476
0 0 1.35009657256671e-13
0 0 1.15288603840778e-08
0 0.0444444444444444 0.00360569407738634
0 0.0508474576271186 3.40060013326264e-07
0 0 3.91788881729191e-22
0 0 3.48258256874415e-18
0 0 1.0747197988677e-09
0 0 1.88245853499044e-110
0 0 4.68586693809659e-37
0 0.0217391304347826 0.00275936415031475
0 0 9.31611816182427e-09
0 0 0
0 0.0196078431372549 0.000349246730388244
0 0.0238095238095238 1.5071635948391e-08
0 0 0
0 0 2.39474601319545e-14
0 0 4.43027427158427e-150
0 0.0169491525423729 0.00252910789128354
0 0 1.12451314740497e-05
0 0.0217391304347826 0.0079425546426017
0 0 1.17478987717146e-18
0 0 2.22873406080269e-09
0 0.0227272727272727 0.00243682225327032
0 0 8.36990850188801e-84
0 0.0408163265306122 0.0110669940626305
0 0.0425531914893617 0.0076864601979775
0 0.0212765957446809 0.00638661828595054
0 0 1.14153446000271e-09
0 0 0
0 0.0677966101694915 0.00469473107377016
0 0.0227272727272727 0.00539871683638871
0 0.0425531914893617 0.0113747373458078
0 0.0454545454545455 0.0164855690835206
0 0 1.32054058734678e-50
0 0.0181818181818182 0.00278092414419069
0 0.0196078431372549 0.00999781949759153
0 0.0350877192982456 0.00210115273435135
0 0.0192307692307692 0.00379860595444838
0 0 2.00029249424781e-08
0 0.0227272727272727 0.00743904249402794
0 0.0217391304347826 0.00581231680684198
0 0.0217391304347826 0.000123230681227862
0 0 0
0 0.0212765957446809 0.00325240340624015
0 0.0487804878048781 0.00765771529895434
0 0.0625 0.00799142743811393
0 0.06 0.0117151891978124
0 0.0416666666666667 0.00778137709067437
0 0.0204081632653061 0.000737740155393273
0 0.0344827586206897 0.0132611982939649
0 0 3.98554796427239e-23
0 0.0238095238095238 0.0142832461916559
0 0 1.18140139025571e-15
0 0 0
0 0.0425531914893617 0.02494025638981
