0.041
0.62
0.594
0.349
0.277
0.147
0.007
0.001
0.395
0.214
0.001
0.092
0.388
0.568
0.062
0.594
0.459
0.45
0.416
0.001
0.369
0.626
0.002
0.006
0.139
0.001
0.001
0.264
0.461
0.458
0.489
0.593
0.504
0.002
0.002
0.002
0.499
0.552
0.001
0.228
0.173
0.007
0.256
0.001
0.25
0.406
0.402
0.621
0.002
0.743
0.652
0.472
0.551
0.445
0.001
0.443
0.609
0.219
0.001
0.246
0.647
0.133
0.266
0.001
0.204
0.292
0.001
0.001
0.003
0.454
0.001
0.578
0.006
0.366
0.001
0.003
0.523
0.159
0.28
0.555
0.615
0.004
0.06
0.385
0.312
0.44
0.001
0.001
0.571
0.667
0.534
0.125
0.523
0.578
0.717
0.128
0.194
0.601
0.244
0.535
0.002
0.001
0.221
0.34
0.004
0.212
0.608
0.005
0.37
0.411
0.007
0.052
0.126
0.462
0.31
0.466
0.001
0.239
0.004
0.001
0.001
0.047
0.314
0.005
0.616
0.182
0.325
0.671
0.001
0.002
0.001
0.312
0.58
0.495
0.617
0.605
0.714
0.679
0.179
0.121
0.65
0.001
0.509
0.41
0.058
0.609
0.649
0.548
0.243
0.002
0.313
0.253
0.001
0.547
0.001
0.357
0.27
0.359
0.494
0.004
0.582
0.656
0.319
0.316
0.393
0.528
0.48
0.616
0.001
0.577
0.156
0.001
0.001
0.378
0.21
0.123
0.573
0.494
0.488
0.434
0.305
0.557
0.578
0.339
0.006
0.529
0.408
0.284
0.003
0.401
0.003
0.001
0.284
0.38
0.408
0.001
0.117
0.002
0.517
0.105
0.524
0.351
0.718
0.254
0.006
0.099
0.38
0.458
0.503
0.518
0.006
0.001
0.585
0.328
0.38
0.007
0.721
0.47
0.001
0.001
0.002
0.446
0.199
0.346
0.378
0.545
0.001
0.001
0.503
0.219
0.091
0.43
0.208
0.659
0.48
0.638
0.326
0.575
0.537
0.728
0.06
0.624
0.213
0.492
0.58
0.481
0.363
0.379
0.373
0.001
0.001
0.262
0.494
0.643
0.473
0.003
0.001
0.001
0.001
0.472
0.398
0.738
0.001
0.386
0.007
0.002
0.001
0.481
0.426
0.001
0.576
0.027
0.627
0.263
0.602
0.595
0.003
0.002
0.363
0.004
0.003
0.337
0.615
0.537
0.001
0.32
0.55
0.623
0.426
0.674
0.001
0.337
0.303
0.001
0.042
0.001
0.476
0.517
0.001
0.542
0.38
0.453
0.558
0.171
0.005
0.407
0.558
0.009
0.685
0.002
0.446
0.339
0.542
0.563
0.415
0.179
0.001
0.028
0.417
0.643
0.423
0.287
0.638
0.001
0.264
0.138
0.573
0.502
0.003
0.214
0.405
0.132
0.004
0.294
0.671
0.001
0.223
0.661
0.552
0.002
0.004
0.452
0.064
0.002
0.429
0.001
0.002
0.001
0.518
0.574
0.256
0.544
0.034
0.656
0.482
0.603
0.567
0.151
0.749
0.463
0.191
0.586
0.61
0.009
0.003
0.361
0.174
0.317
0.003
0.003
0.512
0.566
0.288
0.002
0.321
0.281
0.493
0.558
0.349
0.48
0.002
0.472
0.321
0.364
0.001
0.62
0.304
0.587
0.359
0.468
0.195
0.434
0.38
0.002
0.43
0.462
0.295
0.457
0.477
0.638
0.374
0.473
0.434
0.478
0.475
0.333
0.203
0.072
0.455
0.344
0.365
0.248
0.125
0.003
0.449
0.44
0.001
0.238
0.443
0.001
0.003
0.626
0.161
0.611
0.551
0.001
0.585
0.658
0.22
0.146
0.001
0.077
0.599
0.001
0.468
0.357
0.346
0.001
0.47
0.005
0.437
0.301
0.426
0.702
0.022
0.001
0.001
0.63
0.398
0.633
0.63
0.002
0.57
0.356
0.675
0.002
0.545
0.004
0.529
0.169
0.609
0.446
0.001
0.001
0.292
0.463
0.44
0.561
0.001
0.006
0.233
0.232
0.592
0.481
0.148
0.658
0.398
0.115
0.476
0.491
0.465
0.432
0.001
0.269
0.669
0.508
0.224
0.448
0.001
0.274
0.002
0.199
0.635
0.346
0.001
0.296
0.598
0.003
0.001
0.282
0.443
0.001
0.146
0.005
0.004
0.613
0.186
0.548
0.003
0.602
0.003
0.306
0.569
0.343
0.001
0.476
0.605
0.491
0.007
0.181
0.001
0.002
0.005
0.07
0.002
0.024
0.119
0.002
0.09
0.001
0.303
0.619
0.239
0.27
0.144
0.16
0.375
0.539
0.689
0.001
0.289
0.001
0.627
0.236
0.739
0.487
0.001
0.229
0.43
0.517
0.642
0.211
0.001
0.453
0.001
0.291
0.344
0.001
0.508
0.1
0.388
0.313
0.26
0.467
0.27
0.001
0.338
0.509
0.523
0.001
0.385
0.429
0.503
0.422
0.57
0.001
0.333
0.579
0.637
0.001
0.347
0.184
0.48
0.635
0.001
0.001
0.391
0.001
0.616
0.323
0.006
0.266
0.417
0.158
0.002
0.001
0.51
0.473
0.406
0.323
0.001
0.608
0.186
0.487
0.646
0.001
0.304
0.413
0.462
0.002
0.634
0.562
0.573
0.346
0.528
0.001
0.517
0.242
0.052
0.001
0.001
0.129
0.335
0.489
0.275
0.528
0.35
0.42
0.554
0.029
0.641
0.093
0.505
0.005
0.001
0.005
0.714
0.601
0.398
0.233
0.003
0.241
0.003
0.001
0.431
0.001
0.007
0.002
0.139
0.249
0.133
0.001
0.469
0.159
0.678
0.547
0.254
0.143
0.003
0.001
0.55
0.506
0.652
0.545
0.004
0.371
0.285
0.001
0.596
0.313
0.137
0.258
0.504
0.216
0.001
0.275
0.359
0.412
0.104
0.424
0.365
0.002
0.336
0.56
0.001
0.304
0.458
0.21
0.056
0.001
0.353
0.369
0.491
0.316
0.001
0.389
0.382
0.467
0.002
0.664
0.327
0.612
0.534
0.539
0.31
0.002
0.445
0.325
0.687
0.009
0.347
0.272
0.383
0.504
0.524
0.43
0.001
0.436
0.497
0.601
0.007
0.473
0.347
0.518
0.001
0.496
0.491
0.065
0.002
0.501
0.329
0.104
0.003
0.001
0.248
0.596
0.436
0.509
0.288
0.3
0.121
0.014
0.006
0.002
0.45
0.402
0.001
0.374
0.001
0.001
0.55
0.408
0.687
0.001
0.357
0.001
0.455
0.002
0.296
0.173
0.666
0.006
0.003
0.46
0.45
0.576
0.007
0.001
0.006
0.001
0.488
0.008
0.241
0.661
0.001
0.059
0.006
0.075
0.572
0.008
0.461
0.001
0.636
0.002
0.277
0.001
0.11
0.003
0.428
0.05
0.483
0.349
0.002
0.44
0.004
0.001
0.406
0.103
0.001
0.451
0.401
0.001
0.368
0.003
0.523
0.303
0.339
0.385
0.319
0.255
0.655
0.654
0.002
0.24
0.242
0.004
0.329
0.584
0.001
0.359
0.002
0.35
0.05
0.659
0.187
0.007
0.001
0.423
0.325
0.235
0.001
0.604
0.575
0.432
0.195
0.54
0.423
0.467
0.001
0.584
0.52
0.001
0.383
0.002
0.395
0.002
0.514
0.473
0.334
0.002
0.455
0.419
0.573
0.301
0.234
0.001
0.631
0.387
0.001
0.091
0.178
0.661
0.541
0.365
0.454
0.269
0.483
0.481
0.673
0.001
0.427
0.366
0.238
0.001
0.001
0.431
0.189
0.001
0.534
0.204
0.001
0.302
0.242
0.162
0.001
0.604
0.294
0.002
0.008
0.409
0.239
0.533
0.246
0.551
0.593
0.486
0.434
0.002
0.516
0.472
0.401
0.092
0.001
0.452
0.215
0.312
0.002
0.352
0.536
0.502
0.001
0.306
0.634
0.262
0.003
0.002
0.001
0.557
0.301
0.095
0.003
0.424
0.658
0.056
0.655
0.543
0.195
0.484
0.474
0.609
0.669
0.001
0.573
0.504
0.614
0.528
0.333
0.319
0.195
0.002
0.006
0.452
0.566
0.17
0.288
0.001
0.314
0.056
0.316
0.215
0.002
0.345
0.493
0.541
0.036
0.004
0.42
0.07
0.545
0.44
0.094
0.002
0.543
0.053
0.361
0.002
0.579
0.402
0.574
0.646
0.31
0.001
0.318
0.514
0.305
0.549
0.259
0.241
0.72
0.45
0.001
0.605
0.697
0.003
0.001
0.234
0.481
0.001
0.221
0.001
0.481
0.456
0.562
0.002
0.349
0.431
0.001
0.001
0.429
0.254
0.002
0.001
0.634
0.419
0.28
0.021
0.453
0.429
0.001
0.313
0.351
0.696
0.525
0.407
0.545
0.595
0.001
0.002
0.645
0.224
0.353
0.562
0.001
0.001
0.334
0.162
0.376
0.396
0.625
0.244
0.456
0.311
0.284
0.001
0.339
0.523
0.226
0.001
0.406
0.375
0.751
0.001
0.373
0.003
0.569
0.591
0.001
0.002
0.646
0.004
0.001
0.015
0.629
0.442
0.481
0.079
0.39
0.692
0.667
0.564
0.52
0.564
0.002
0.42
0.703
0.353
0.159
0.002
0.001
0.317
0.466
0.002
0.375
0.105
0.484
0.001
0.455
0.051
0.351
0.561
0.362
0.501
0.217
0.515
0.376
0.209
0.001
0.001
0.019
0.002
0.062
0.004
0.301
0.642
0.002
0.662
0.326
0.352
0.031
0.409
0.604
0.314
0.44
0.397
0.002
0.66
0.099
0.549
0.063
0.001
0.511
0.659
0.277
0.522
0.457
0.145
0.401
0.351
0.663
0.001
0.001
0.57
0.451
0.495
0.004
0.001
0.53
0.44
0.68
0.004
0.001
0.539
0.002
0.15
0.434
0.012
0.001
0.265
0.124
0.002
0.216
0.526
0.114
0.211
0.152
0.004
0.001
0.001
0.592
0.091
0.547
0.548
0.577
0.001
0.085
0.65
0.002
0.278
0.34
0.568
0.623
0.599
0.34
0.277
0.356
0.001
0.001
0.532
0.247
0.124
0.566
0.154
0.212
0.006
0.657
0.301
0.516
0.112
0.574
0.001
0.406
0.548
0.003
0.531
0.008
0.433
0.184
0.004
0.003
0.498
0.511
0.311
0.324
0.002
0.644
0.462
0.311
0.424
0.004
0.255
0.484
0.595
0.329
0.705
0.292
0.627
0.001
0.11
0.451
0.6
0.001
0.498
0.148
0.002
0.304
0.214
0.584
0.33
0.06
0.179
0.434
0.053
0.52
0.007
0.546
0.146
0.001
0.305
0.005
0.141
0.002
0.318
0.596
0.465
0.001
0.005
0.386
0.701
0.426
0.005
0.003
0.571
0.494
0.197
0.018
0.001
0.002
0.334
0.001
0.295
0.339
0.46
0.216
0.202
0.462
0.136
0.231
0.001
0.426
0.37
0.407
0.204
0.004
0.361
0.454
0.53
0.001
0.32
0.143
0.735
0.385
0.001
0.589
0.07
0.474
0.556
0.003
0.69
0.004
0.483
0.002
0.208
0.317
0.527
0.61
0.065
0.003
0.599
0.384
0.622
0.54
0.211
0.134
0.532
0.517
0.757
0.001
0.464
0.001
0.217
0.001
0.001
0.001
0.017
0.299
0.498
0.275
0.001
0.634
0.475
0.335
0.472
0.636
0.003
0.532
0.041
0.387
0.001
0.478
0.073
0.579
0.481
0.582
0.405
0.001
0.522
0.617
0.3
0.001
0.461
0.391
0.698
0.001
0.608
0.675
0.456
0.424
0.001
0.33
0.601
0.002
0.141
0.241
0.165
0.005
0.491
0.448
0.001
0.001
0.039
0.294
0.66
0.006
0.465
0.473
0.003
0.361
0.335
0.004
0.433
0.457
0.567
0.238
0.455
0.397
0.543
0.21
0.277
0.002
0.159
0.001
0.359
0.27
0.437
0.098
0.439
0.275
0.528
0.096
0.001
0.002
0.306
0.059
0.333
0.345
0.406
0.006
0.001
0.479
0.473
0.001
0.401
0.632
0.51
0.61
0.002
0.555
0.065
0.153
0.638
0.152
0.002
0.258
0.001
0.002
0.454
0.202
0.498
0.594
0.398
0.001
0.302
0.085
0.086
0.512
0.224
0.359
0.333
0.091
0.533
0.561
0.587
0.24
0.554
0.001
0.28
0.552
0.005
0.274
0.191
0.001
0.176
0.351
0.463
0.004
0.004
0.001
0.52
0.005
0.192
0.425
0.001
0.576
0.406
0.091
0.288
0.07
0.581
0.004
0.031
0.001
0.617
0.003
0.001
0.591
0.318
0.553
0.451
0.113
0.079
0.052
0.112
0.431
0.001
0.275
0.001
0.293
0.003
0.599
0.438
0.658
0.001
0.536
0.001
0.348
0.476
0.528
0.326
0.37
0.174
0.647
0.492
0.418
0.506
0.257
0.41
0.478
0.121
0.354
0.537
0.404
0.006
0.006
0.335
0.191
0.555
0.453
0.251
0.001
0.008
0.31
0.679
0.663
0.001
0.339
0.003
0.23
0.609
0.513
0.002
0.389
0.452
0.189
0.475
0.572
0.567
0.498
0.008
0.622
0.559
0.585
0.213
0.002
0.11
0.001
0.005
0.422
0.415
0.004
0.386
0.002
0.001
0.091
0.001
0.378
0.479
0.592
0.002
0.001
0.303
0.004
0.001
0.491
0.228
0.31
0.006
0.243
0.337
0.047
0.002
0.002
0.49
0.377
0.411
0.109
0.573
0.534
0.428
0.002
0.001
0.182
0.51
0.258
0.48
0.204
0.001
0.601
0.592
0.004
0.009
0.583
0.599
0.407
0.44
0.506
0.145
0.435
0.327
0.148
0.204
0.557
0.137
0.511
0.509
0.443
0.4
0.51
0.339
0.004
0.306
0.002
0.405
0.002
0.46
0.314
0.534
0.058
0.302
0.098
0.052
0.088
0.533
0.548
0.51
0.225
0.403
0.002
0.001
0.271
0.392
0.521
0.002
0.599
0.451
0.462
0.39
0.008
0.351
0.469
0.365
0.581
0.308
0.278
0.522
0.001
0.314
0.417
0.001
0.654
0.248
0.001
0.562
0.001
0.002
0.375
0.698
0.001
0.236
0.25
0.498
0.001
0.003
0.001
0.243
0.496
0.046
0.494
0.621
0.245
0.001
0.528
0.508
0.613
0.386
0.483
0.687
0.65
0.004
0.49
0.438
0.608
0.294
0.5
0.485
0.094
0.216
0.419
0.661
0.001
0.556
0.632
0.302
0.278
0.478
0.213
0.006
0.509
0.306
0.591
0.003
0.001
0.003
0.654
0.508
0.404
0.594
0.001
0.573
0.619
0.001
0.388
0.509
0.075
0.001
0.326
0.155
0.303
0.289
0.002
0.002
0.395
0.447
0.685
0.001
0.39
0.462
0.349
0.596
0.422
0.712
0.516
0.517
0.247
0.462
0.242
0.072
0.45
0.589
0.426
0.128
0.552
0.424
0.551
0.688
0.585
0.319
0.62
0.504
0.002
0.38
0.001
0.001
0.087
0.55
0.21
0.42
0.291
0.001
0.358
0.649
0.001
0.276
0.443
0.176
0.211
0.002
0.567
0.324
0.275
0.264
0.412
0.001
0.3
0.628
0.358
0.517
0.496
0.439
0.415
0.001
0.208
0.591
0.261
0.399
0.438
0.258
0.38
0.599
0.313
0.003
0.623
0.006
0.383
0.207
0.001
0.041
0.006
0.001
0.306
0.001
0.213
0.153
0.605
0.001
0.275
0.172
0.131
0.001
0.001
0.329
0.769
0.005
0.001
0.001
0.001
0.132
0.001
0.099
0.381
0.572
0.429
0.001
0.001
0.002
0.344
0.54
0.317
0.538
0.003
0.001
0.003
0.386
0.466
0.644
0.579
0.397
0.642
0.499
0.415
0.544
0.002
0.519
0.677
0.343
0.677
0.298
0.012
0.001
0.302
0.211
0.327
0.629
0.012
0.023
0.166
0.001
0.006
0.305
0.001
0.461
0.617
0.376
0.424
0.001
0.42
0.291
0.421
0.241
0.001
0.486
0.383
0.407
0.41
0.481
0.143
0.001
0.473
0.462
0.122
0.389
0.502
0.414
0.209
0.268
0.001
0.591
0.636
0.356
0.231
0.001
0.122
0.496
0.58
0.425
0.254
0.502
0.476
0.491
0.525
0.001
0.258
0.202
0.001
0.693
0.417
0.646
0.276
0.336
0.001
0.583
0.01
0.061
0.34
0.273
0.369
0.2
0.342
0.001
0.187
0.159
0.448
0.004
0.342
0.328
0.468
0.41
0.59
0.047
0.77
0.597
0.528
0.001
0.521
0.394
0.539
0.286
0.363
0.002
0.451
0.001
0.457
0.433
0.355
0.007
0.002
0.435
0.663
0.001
0.382
0.318
0.393
0.454
0.232
0.009
0.003
0.001
0.487
0.001
0.29
0.552
0.353
0.099
0.531
0.496
0.003
0.339
0.326
0.557
0.179
0.247
0.572
0.002
0.008
0.002
0.003
0.52
0.255
0.318
0.001
0.532
0.648
0.001
0.558
0.587
0.248
0.288
0.085
0.396
0.001
0.247
0.006
0.012
0.001
0.234
0.284
0.001
0.001
0.001
0.636
0.415
0.382
0.009
0.657
0.258
0.229
0.172
0.002
0.365
0.537
0.002
0.001
0.004
0.349
0.249
0.265
0.001
0.207
0.611
0.001
0.002
0.283
0.48
0.001
0.531
0.49
0.567
0.003
0.38
0.294
0.665
0.58
0.633
0.206
0.385
0.171
0.212
0.01
0.003
0.149
0.006
0.592
0.139
0.001
0.513
0.002
0.001
0.149
0.001
0.426
0.001
0.001
0.001
0.36
0.282
0.716
0.002
0.413
0.208
0.001
0.518
0.543
0.001
0.649
0.003
0.693
0.507
0.001
0.276
0.353
0.422
0.09
0.002
0.318
0.001
0.001
0.123
0.612
0.32
0.455
0.002
0.374
0.627
0.28
0.214
0.614
0.002
0.391
0.137
0.395
0.001
0.481
0.254
0.688
0.538
0.046
0.382
0.003
0.643
0.207
0.358
0.002
0.523
0.683
0.376
0.001
0.591
0.241
0.268
0.001
0.117
0.35
0.001
0.434
0.003
0.6
0.558
0.418
0.004
0.564
0.51
0.103
0.113
0.595
0.568
0.003
0.308
0.453
0.459
0.001
0.287
0.415
0.607
0.001
0.177
0.525
0.328
0.52
0.301
0.403
0.444
0.001
0.646
0.002
0.004
0.002
0.588
0.395
0.371
0.002
0.484
0.54
0.002
0.005
0.343
0.001
0.002
0.548
0.644
0.599
0.353
0.342
0.001
0.497
0.494
0.607
0.494
0.357
0.433
0.032
0.048
0.263
0.708
0.057
0.486
0.348
0.608
0.441
0.002
0.665
0.001
0.357
0.002
0.328
0.001
0.678
0.595
0.738
0.3
0.001
0.285
0.59
0.001
0.377
0.002
0.665
0.626
0.316
0.187
0.435
0.21
0.333
0.523
0.383
0.525
0.005
0.002
0.114
0.003
0.357
0.155
0.001
0.002
0.284
0.003
0.527
0.002
0.429
0.306
0.128
0.494
0.204
0.044
0.003
0.156
0.649
0.048
0.361
0.475
0.005
0.001
0.188
0.202
0.672
0.411
0.251
0.431
0.272
0.322
0.076
0.001
0.3
0.008
0.595
0.301
0.003
0.526
0.001
0.001
0.003
0.17
0.64
0.375
0.302
0.199
0.454
0.003
0.562
0.535
0.005
0.466
0.001
0.456
0.336
0.527
0.684
0.645
0.001
0.185
0.537
0.327
0.126
0.003
0.41
0.002
0.001
0.335
0.654
0.379
0.444
0.618
0.633
0.005
0.685
0.565
0.606
0.426
0.512
0.192
0.22
0.588
0.334
0.47
0.349
0.558
0.739
0.448
0.176
0.343
0.452
0.379
0.424
0.566
0.001
0.571
0.55
0.444
0.595
0.297
0.399
0.502
0.003
0.308
0.002
0.001
0.539
0.606
0.248
0.74
0.466
0.001
0.238
0.002
0.402
0.005
0.274
0.001
0.001
0.351
0.35
0.276
0.571
0.429
0.262
0.001
0.179
0.607
0.421
0.371
0.001
0.627
0.001
0.442
0.18
0.281
0.592
0.538
0.002
0.59
0.56
0.558
0.001
0.688
0.051
0.429
0.696
0.715
0.588
0.238
0.202
0.126
0.435
0.265
0.114
0.001
0.533
0.471
0.287
0.136
0.117
0.05
0.504
0.378
0.305
0.681
0.56
0.434
0.004
0.329
0.57
0.157
0.001
0.296
0.357
0.002
0.042
0.001
0.001
0.43
0.058
0.589
0.067
0.002
0.085
0.206
0.63
0.441
0.553
0.215
0.221
0.001
0.588
0.005
0.596
0.269
0.11
0.296
0.641
0.081
0.003
0.177
0.322
0.314
0.533
0.011
0.051
0.576
0.348
0.616
0.592
0.315
0.536
0.002
0.117
0.245
0.242
0.583
0.007
0.341
0.246
0.383
0.602
0.468
0.411
0.686
0.414
0.642
0.237
0.671
0.309
0.311
0.348
0.377
0.1
0.057
0.335
0.264
0.103
0.574
0.003
0.001
0.37
0.45
0.097
0.554
0.001
0.598
0.283
0.178
0.726
0.617
0.223
0.004
0.001
0.001
0.155
0.003
0.347
0.567
0.004
0.497
0.714
0.689
0.577
0.019
0.002
0.396
0.074
0.444
0.107
0.101
0.041
0.446
0.57
0.365
0.543
0.119
0.388
0.236
0.366
0.534
0.304
0.721
0.699
0.002
0.002
0.002
0.001
0.208
0.007
0.645
0.494
0.255
0.165
0.273
0.001
0.508
0.429
0.37
0.275
0.657
0.211
0.333
0.335
0.63
0.347
0.4
0.451
0.042
0.319
0.256
0.464
0.433
0.001
0.259
0.575
0.001
0.56
0.682
0.001
0.001
0.331
0.001
0.001
0.002
0.64
0.351
0.342
0.177
0.587
0.516
0.635
0.26
0.49
0.562
0.001
0.001
0.555
0.386
0.272
0.174
0.003
0.453
0.128
0.623
0.319
0.001
0.372
0.529
0.001
0.332
0.26
0.056
0.195
0.001
0.271
0.425
0.668
0.314
0.405
0.001
0.619
0.001
0.002
0.283
0.233
0.002
0.247
0.108
0.001
0.201
0.369
0.406
0.129
0.002
0.41
0.401
0.349
0.711
0.329
0.322
0.368
0.48
0.076
0.368
0.419
0.43
0.001
0.401
0.51
0.669
0.122
0.279
0.001
0.313
0.649
0.707
0.009
0.234
0.359
0.152
0.583
0.614
0.475
0.577
0.292
0.255
0.67
0.53
0.472
0.002
0.418
0.698
0.323
0.002
0.001
0.147
0.281
0.583
0.002
0.416
0.002
0.36
0.181
0.518
0.042
0.343
0.004
0.306
0.327
0.001
0.669
0.001
0.392
0.004
0.096
0.005
0.657
0.001
0.535
0.089
0.644
0.633
0.629
0.001
0.303
0.385
0.411
0.693
0.087
0.002
0.42
0.601
0.492
0.447
0.612
0.18
0.621
0.368
0.314
0.589
0.031
0.529
0.123
0.168
0.519
0.305
0.155
0.005
0.001
0.019
0.368
0.538
0.489
0.381
0.005
0.002
0.51
0.006
0.151
0.451
0.153
0.184
0.229
0.479
0.001
0.117
0.105
0.422
0.377
0.196
0.242
0.508
0.002
0.57
0.001
0.531
0.001
0.001
0.333
0.489
0.148
0.337
0.546
0.435
0.003
0.002
0.548
0.206
0.286
0.495
0.231
0.002
0.001
0.002
0.555
0.001
0.001
0.637
0.381
0.444
0.139
0.148
0.283
0.337
0.283
0.505
0.391
0.143
0.368
0.001
0.699
0.237
0.449
0.544
0.337
0.078
0.01
0.454
0.183
0.455
0.408
0.272
0.502
0.293
0.554
0.456
0.487
0.477
0.641
0.557
0.354
0.612
0.001
0.64
0.005
0.001
0.361
0.002
0.18
0.318
0.089
0.187
0.512
0.463
0.001
0.192
0.001
0.518
0.257
0.652
0.003
0.25
0.6
0.317
0.007
0.294
0.286
0.001
0.228
0.136
0.5
0.431
0.324
0.505
0.337
0.001
0.402
0.299
0.356
0.003
0.202
0.003
0.002
0.428
0.367
0.502
0.001
0.003
0.444
0.274
0.414
0.525
0.688
0.436
0.51
0.002
0.001
0.67
0.121
0.002
0.216
0.119
0.367
0.593
0.536
0.074
0.446
0.491
0.001
0.386
0.729
0.001
0.439
0.629
0.665
0.001
0.193
0.522
0.387
0.445
0.432
0.464
0.001
0.002
0.706
0.572
0.055
0.463
0.483
0.368
0.254
0.463
0.311
0.099
0.001
0.001
0.427
0.481
0.34
0.596
0.006
0.585
0.527
0.26
0.404
0.498
0.687
0.538
0.002
0.45
0.445
0.46
0.003
0.342
0.332
0.49
0.522
0.261
0.488
0.291
0.001
0.525
0.465
0.46
0.285
0.002
0.274
0.625
0.3
0.001
0.264
0.421
0.147
0.554
0.68
0.517
0.003
0.302
0.3
0.001
0.284
0.537
0.001
0.276
0.474
0.191
0.48
0.262
0.187
0.002
0.002
0.001
0.004
0.412
0.388
0.365
0.002
0.149
0.003
0.218
0.002
0.002
0.004
0.518
0.001
0.507
0.001
0.519
0.115
0.407
0.001
0.551
0.001
0.153
0.091
0.019
0.168
0.347
0.316
0.001
0.378
0.519
0.001
0.001
0.008
0.561
0.306
0.167
0.493
0.001
0.545
0.009
0.55
0.465
0.003
0.119
0.236
0.357
0.35
0.238
0.668
0.438
0.682
0.573
0.005
0.002
0.62
0.002
0.003
0.28
0.506
0.002
0.1
0.312
0.296
0.565
0.004
0.44
0.101
0.354
0.424
0.113
0.457
0.147
0.377
0.188
0.294
0.639
0.452
0.184
0.462
0.537
0.009
0.408
0.001
0.063
0.07
0.051
0.003
0.467
0.637
0.447
0.001
0.512
0.001
0.344
0.325
0.537
0.251
0.001
0.326
0.568
0.217
0.571
0.323
0.148
0.091
0.24
0.103
0.001
0.393
0.728
0.001
0.302
0.003
0.047
0.389
0.11
0.427
0.545
0.225
0.503
0.005
0.142
0.001
0.585
0.541
0.23
0.056
0.612
0.44
0.006
0.127
0.374
0.559
0.003
0.214
0.471
0.25
0.121
0.579
0.001
0.429
0.36
0.243
0.41
0.63
0.569
0.003
0.242
0.519
0.222
0.371
0.006
0.54
0.288
0.563
0.088
0.499
0.433
0.113
0.555
0.418
0.319
0.125
0.002
0.366
0.604
0.001
0.006
0.078
0.002
0.149
0.283
0.003
0.001
0.184
0.002
0.579
0.278
0.335
0.001
0.321
0.187
0.538
0.002
0.41
0.004
0.001
0.001
0.002
0.477
0.615
0.496
0.002
0.002
0.259
0.514
0.323
0.446
0.363
0.399
0.001
0.467
0.42
0.529
0.698
0.483
0.431
0.12
0.596
0.241
0.429
0.38
0.092
0.338
0.395
0.277
0.001
0.26
0.232
0.003
0.195
0.394
0.583
0.367
0.003
0.464
0.598
0.008
0.645
0.618
0.006
0.243
0.347
0.496
0.558
0.192
0.242
0.441
0.001
0.559
0.59
0.574
0.22
0.562
0.002
0.002
0.001
0.203
0.442
0.49
0.539
0.192
0.414
0.06
0.241
0.308
0.134
0.409
0.548
0.549
0.001
0.04
0.387
0.567
0.247
0.682
0.001
0.333
0.211
0.001
0.532
0.336
0.615
0.65
0.681
0.191
0.002
0.548
0.071
0.563
0.391
0.001
0.019
0.002
0.291
0.559
0.651
0.005
0.344
0.576
0.002
0.098
0.507
0.082
0.001
0.486
0.481
0.477
0.004
0.392
0.61
0.225
0.251
0.391
0.47
0.279
0.234
0.609
0.638
0.503
0.001
0.161
0.496
0.543
0.496
0.653
0.31
0.405
0.56
0.035
0.438
0.489
0.655
0.336
0.354
0.397
0.383
0.001
0.001
0.152
0.001
0.559
0.527
0.002
0.002
0.001
0.169
0.557
0.144
0.619
0.35
0.571
0.503
0.673
0.419
0.004
0.496
0.204
0.415
0.001
0.437
0.613
0.002
0.455
0.001
0.138
0.115
0.009
0.101
0.622
0.001
0.518
0.549
0.317
0.001
0.009
0.572
0.43
0.585
0.459
0.284
0.215
0.536
0.001
0.053
0.216
0.394
0.522
0.188
0.331
0.639
0.723
0.281
0.547
0.379
0.315
0.654
0.517
0.474
0.112
0.658
0.349
0.284
0.65
0.546
0.131
0.55
0.61
0.579
0.447
0.184
0.356
0.491
0.201
0.454
0.43
0.418
0.064
0.467
0.627
0.001
0.55
0.346
0.291
0.412
0.315
0.001
0.001
0.5
0.002
0.268
0.602
0.591
0.344
0.072
0.382
0.403
0.531
0.507
0.487
0.432
0.001
0.155
0.527
0.002
0.278
0.21
0.106
0.008
0.338
0.6
0.435
0.394
0.449
0.001
0.006
0.603
0.001
0.243
0.107
0.67
0.001
0.001
0.408
0.427
0.292
0.613
0.231
0.2
0.001
0.523
0.393
0.6
0.528
0.315
0.421
0.607
0.289
0.287
0.327
0.171
0.469
0.4
0.001
0.269
0.552
0.001
0.469
0.431
0.001
0.464
0.473
0.573
0.435
0.644
0.14
0.058
0.001
0.001
0.595
0.58
0.447
0.644
0.132
0.016
0.57
0.491
0.001
0.385
0.426
0.493
0.557
0.285
0.7
0.009
0.435
0.223
0.354
0.586
0.503
0.277
0.612
0.374
0.001
0.445
0.061
0.099
0.001
0.541
0.152
0.716
0.381
0.48
0.62
0.522
0.07
0.27
0.005
0.339
0.001
0.276
0.326
0.347
0.179
0.487
0.21
0.086
0.431
0.707
0.001
0.268
0.304
0.275
0.314
0.001
0.079
0.001
0.169
0.508
0.364
0.001
0.001
0.108
0.614
0.001
0.262
0.296
0.13
0.396
0.124
0.1
0.424
0.49
0.644
0.398
0.289
0.182
0.001
0.494
0.001
0.338
0.447
0.001
0.634
0.352
0.532
0.429
0.001
0.384
0.003
0.199
0.001
0.457
0.002
0.174
0.22
0.241
0.602
0.47
0.65
0.518
0.539
0.51
0.001
0.635
0.496
0.548
0.106
0.002
0.164
0.316
0.001
0.003
0.151
0.304
0.36
0.593
0.53
0.605
0.001
0.258
0.002
0.189
0.465
0.502
0.006
0.226
0.487
0.001
0.2
0.516
0.003
0.001
0.259
0.002
0.137
0.458
0.645
0.156
0.001
0.187
0.001
0.273
0.001
0.5
0.427
0.131
0.518
0.709
0.001
0.545
0.347
0.393
0.167
0.427
0.397
0.776
0.002
0.611
0.409
0.318
0.001
0.559
0.351
0.265
0.406
0.227
0.235
0.546
0.598
0.001
0.001
0.608
0.164
0.002
0.44
0.202
0.001
0.437
0.705
0.354
0.005
0.542
0.072
0.461
0.39
0.568
0.297
0.45
0.15
0.001
0.001
0.128
0.634
0.002
0.001
0.455
0.651
0.264
0.243
0.329
0.185
0.437
0.16
0.544
0.307
0.002
0.62
0.458
0.261
0.591
0.084
0.372
0.001
0.589
0.573
0.001
0.777
0.313
0.61
0.389
0.576
0.609
0.332
0.138
0.003
0.466
0.163
0.31
0.088
0.261
0.357
0.213
0.002
0.51
0.548
0.25
0.46
0.18
0.358
0.195
0.523
0.339
0.386
0.196
0.244
0.67
0.309
0.353
0.107
0.089
0.607
0.119
0.32
0.662
0.407
0.134
0.001
0.343
0.001
0.564
0.001
0.566
0.289
0.495
0.667
0.44
0.312
0.526
0.002
0.52
0.002
0.482
0.159
0.587
0.502
0.448
0.358
0.626
0.258
0.529
0.351
0.435
0.001
0.401
0.001
0.38
0.001
0.295
0.004
0.523
0.453
0.284
0.393
0.524
0.486
0.212
0.559
0.562
0.49
0.585
0.474
0.251
0.518
0.227
0.002
0.001
0.615
0.001
0.001
0.446
0.214
0.394
0.529
0.188
0.001
0.489
0.001
0.309
0.003
0.412
0.065
0.246
0.547
0.359
0.179
0.234
0.002
0.001
0.075
0.179
0.214
0.001
0.052
0.377
0.558
0.004
0.002
0.444
0.579
0.354
0.009
0.499
0.181
0.365
0.392
0.205
0.357
0.324
0.007
0.002
0.001
0.076
0.383
0.348
0.44
0.198
0.002
0.602
0.002
0.335
0.059
0.353
0.001
0.179
0.324
0.396
0.516
0.509
0.001
0.001
0.436
0.001
0.595
0.001
0.001
0.001
0.505
0.006
0.294
0.524
0.53
0.681
0.359
0.001
0.403
0.329
0.137
0.326
0.307
0.274
0.294
0.523
0.598
0.001
0.001
0.001
0.003
0.551
0.605
0.051
0.362
0.503
0.293
0.001
0.42
0.005
0.002
0.002
0.054
0.379
0.209
0.002
0.242
0.568
0.007
0.001
0.586
0.007
0.004
0.492
0.168
0.625
0.414
0.444
0.596
0.415
0.001
0.346
0.103
0.003
0.002
0.247
0.588
0.438
0.311
0.459
0.421
0.594
0.005
0.58
0.45
0.385
0.278
0.355
0.671
0.001
0.192
0.091
0.512
0.284
0.292
0.183
0.209
0.164
0.158
0.449
0.471
0.39
0.006
0.001
0.354
0.26
0.464
0.471
0.003
0.003
0.464
0.627
0.556
0.704
0.002
0.304
0.543
0.301
0.616
0.002
0.001
0.006
0.501
0.402
0.002
0.219
0.213
0.276
0.287
0.227
0.003
0.236
0.002
0.182
0.389
0.345
0.086
0.213
0.68
0.11
0.226
0.54
0.62
0.491
0.483
0.134
0.004
0.103
0.001
0.002
0.002
0.145
0.218
0.311
0.131
0.001
0.456
0.257
0.005
0.201
0.005
0.001
0.466
0.004
0.597
0.256
0.099
0.531
0.471
0.551
0.005
0.04
0.493
0.002
0.075
0.358
0.307
0.412
0.001
0.001
0.623
0.387
0.442
0.094
0.342
0.647
0.647
0.537
0.581
0.2
0.74
0.431
0.534
0.559
0.001
0.001
0.672
0.474
0.005
0.359
0.568
0.147
0.718
0.518
0.004
0.556
0.484
0.002
0.682
0.526
0.078
0.277
0.685
0.259
0.001
0.754
0.393
0.229
0.279
0.55
0.211
0.179
0.541
0.511
0.713
0.482
0.004
0.401
0.004
0.549
0.005
0.613
0.598
0.573
0.493
0.594
0.722
0.003
0.696
0.46
0.281
0.579
0.223
0.433
0.083
0.132
0.097
0.556
0.079
0.593
0.142
0.374
0.001
0.447
0.398
0.216
0.075
0.558
0.119
0.263
0.037
0.003
0.32
0.505
0.346
0.002
0.626
0.071
0.518
0.001
0.412
0.47
0.178
0.171
0.287
0.628
0.614
0.001
0.405
0.686
0.001
0.299
0.159
0.008
0.265
0.001
0.001
0.35
0.441
0.645
0.277
0.49
0.005
0.001
0.065
0.002
0.641
0.365
0.33
0.001
0.006
0.401
0.459
0.575
0.21
0.769
0.369
0.001
0.286
0.001
0.515
0.002
0.607
0.375
0.453
0.616
0.416
0.003
0.534
0.555
0.183
0.003
0.462
0.256
0.001
0.081
0.481
0.617
0.001
0.003
0.694
0.291
0.24
0.167
0.166
0.311
0.041
0.396
0.431
0.343
0.515
0.426
0.613
0.116
0.005
0.002
0.008
0.288
0.006
0.599
0.153
0.509
0.555
0.007
0.43
0.702
0.494
0.237
0.241
0.004
0.363
0.212
0.057
0.44
0.662
0.301
0.511
0.57
0.005
0.001
0.463
0.001
0.001
0.001
0.232
0.277
0.411
0.407
0.001
0.212
0.002
0.628
0.003
0.211
0.4
0.361
0.151
0.685
0.405
0.316
0.551
0.001
0.328
0.701
0.363
0.003
0.391
0.287
0.204
0.442
0.191
0.002
0.003
0.582
0.693
0.565
0.001
0.279
0.249
0.287
0.505
0.001
0.491
0.51
0.31
0.004
0.124
0.627
0.002
0.595
0.001
0.135
0.426
0.001
0.532
0.672
0.132
0.05
0.376
0.001
0.358
0.255
0.001
0.004
0.007
0.319
0.679
0.133
0.008
0.644
0.001
0.592
0.763
0.471
0.36
0.371
0.001
0.445
0.236
0.002
0.001
0.292
0.607
0.247
0.242
0.224
0.366
0.189
0.274
0.462
0.716
0.048
0.001
0.495
0.471
0.003
0.67
0.106
0.473
0.228
0.517
0.545
0.44
0.001
0.581
0.093
0.344
0.001
0.09
0.45
0.097
0.05
0.544
0.001
0.077
0.596
0.255
0.377
0.442
0.684
0.076
0.006
0.443
0.453
0.494
0.33
0.002
0.202
0.556
0.481
0.642
0.578
0.239
0.391
0.366
0.422
0.363
0.003
0.554
0.001
0.402
0.002
0.003
0.004
0.001
0.518
0.193
0.393
0.037
0.408
0.211
0.702
0.466
0.519
0.001
0.003
0.452
0.007
0.717
0.621
0.271
0.149
0.422
0.709
0.556
0.001
0.345
0.569
0.302
0.253
0.128
0.447
0.605
0.001
0.676
0.42
0.191
0.396
0.228
0.524
0.773
0.607
0.35
0.337
0.54
0.646
0.159
0.347
0.212
0.001
0.262
0.208
0.467
0.445
0.618
0.477
0.222
0.454
0.001
0.637
0.788
0.001
0.375
0.093
0.48
0.437
0.56
0.168
0.432
0.072
0.585
0.001
0.439
0.004
0.555
0.455
0.117
0.472
0.407
0.001
0.001
0.428
0.141
0.143
0.648
0.087
0.152
0.592
0.537
0.739
0.666
0.24
0.559
0.002
0.003
0.244
0.624
0.002
0.002
0.066
0.001
0.251
0.365
0.234
0.006
0.001
0.519
0.565
0.444
0.501
0.197
0.002
0.001
0.165
0.229
0.094
0.547
0.001
0.526
0.27
0.565
0.51
0.001
0.435
0.568
0.001
0.498
0.478
0.569
0.546
0.264
0.366
0.485
0.001
0.587
0.402
0.664
0.388
0.002
0.554
0.394
0.339
0.563
0.502
0.001
0.533
0.428
0.531
0.529
0.236
0.055
0.541
0.412
0.563
0.289
0.439
0.004
0.284
0.177
0.001
0.36
0.539
0.325
0.419
0.08
0.563
0.374
0.37
0.091
0.236
0.523
0.394
0.019
0.323
0.65
0.001
0.164
0.002
0.663
0.649
0.481
0.283
0.177
0.482
0.603
0.546
0.614
0.058
0.19
0.682
0.035
0.211
0.247
0.584
0.507
0.537
0.696
0.652
0.446
0.549
0.466
0.286
0.112
0.534
0.351
0.115
0.001
0.542
0.581
0.215
0.718
0.181
0.416
0.697
0.001
0.004
0.003
0.511
0.62
0.001
0.479
0.692
0.541
0.001
0.001
0.066
0.571
0.428
0.335
0.002
0.485
0.105
0.145
0.469
0.502
0.285
0.509
0.14
0.582
0.001
0.563
0.001
0.179
0.419
0.586
0.568
0.001
0.573
0.513
0.201
0.492
0.001
0.441
0.187
0.338
0.003
0.124
0.352
0.195
0.001
0.002
0.338
0.626
0.637
0.001
0.002
0.15
0.259
0.432
0.642
0.5
0.434
0.66
0.074
0.673
0.516
0.366
0.712
0.403
0.654
0.057
0.059
0.45
0.001
0.003
0.128
0.505
0.653
0.629
0.588
0.001
0.001
0.335
0.002
0.328
0.672
0.649
0.001
0.001
0.555
0.438
0.002
0.114
0.309
0.585
0.001
0.653
0.577
0.442
0.002
0.031
0.15
0.496
0.271
0.613
0.704
0.001
0.001
0.457
0.569
0.001
0.003
0.001
0.001
0.354
0.087
0.343
0.059
0.002
0.001
0.001
0.406
0.245
0.504
0.355
0.271
0.001
0.236
0.002
0.313
0.683
0.325
0.269
0.47
0.001
0.004
0.146
0.345
0.096
0.035
0.002
0.689
0.002
0.131
0.438
0.001
0.393
0.498
0.388
0.62
0.612
0.009
0.254
0.45
0.002
0.509
0.583
0.004
0.001
0.331
0.001
0.005
0.754
0.018
0.288
0.598
0.599
0.35
0.198
0.402
0.092
0.438
0.424
0.131
0.728
0.389
0.313
0.522
0.464
0.354
0.274
0.677
0.001
0.457
0.306
0.002
0.191
0.364
0.671
0.194
0.099
0.213
0.574
0.464
0.191
0.001
0.001
0.586
0.26
0.671
0.001
0.454
0.001
0.362
0.222
0.486
0.259
0.351
0.282
0.003
0.212
0.641
0.001
0.192
0.001
0.154
0.289
0.389
0.08
0.001
0.757
0.463
0.564
0.421
0.42
0.168
0.005
0.087
0.003
0.456
0.382
0.322
0.007
0.545
0.224
0.486
0.145
0.081
0.001
0.386
0.601
0.146
0.003
0.507
0.001
0.517
0.548
0.44
0.63
0.249
0.402
0.56
0.053
0.001
0.265
0.236
0.001
0.454
0.348
0.002
0.316
0.001
0.339
0.232
0.004
0.533
0.189
0.002
0.357
0.08
0.592
0.27
0.001
0.584
0.432
0.001
0.362
0.514
0.001
0.309
0.168
0.219
0.001
0.003
0.008
0.491
0.001
0.172
0.062
0.042
0.603
0.701
0.457
0.154
0.281
0.204
0.194
0.503
0.517
0.21
0.538
0.25
0.589
0.02
0.002
0.099
0.293
0.001
0.134
0.542
0.233
0.645
0.564
0.649
0.58
0.296
0.123
0.003
0.219
0.003
0.533
0.049
0.071
0.226
0.457
0.562
0.282
0.538
0.416
0.524
0.603
0.562
0.328
0.695
0.396
0.126
0.555
0.001
0.241
0.394
0.002
0.342
0.286
0.542
0.123
0.511
0.36
0.001
0.584
0.224
0.454
0.433
0.359
0.535
0.317
0.684
0.381
0.096
0.321
0.002
0.324
0.001
0.589
0.53
0.641
0.388
0.677
0.529
0.568
0.343
0.006
0.155
0.001
0.115
0.555
0.193
0.001
0.295
0.191
0.47
0.001
0.338
0.344
0.729
0.295
0.277
0.569
0.591
0.501
0.414
0.001
0.106
0.004
0.539
0.002
0.485
0.423
0.006
0.313
0.514
0.376
0.273
0.001
0.001
0.045
0.491
0.439
0.546
0.515
0.399
0.003
0.266
0.001
0.125
0.247
0.349
0.002
0.002
0.317
0.253
0.473
0.338
0.001
0.001
0.001
0.513
0.296
0.141
0.149
0.406
0.002
0.003
0.633
0.666
0.174
0.429
0.152
0.359
0.491
0.694
0.001
0.321
0.175
0.325
0.607
0.001
0.001
0.477
0.208
0.244
0.66
0.002
0.001
0.454
0.002
0.21
0.595
0.173
0.707
0.001
0.005
0.228
0.482
0.001
0.281
0.376
0.002
0.533
0.231
0.327
0.132
0.561
0.425
0.337
0.532
0.222
0.003
0.473
0.001
0.462
0.012
0.004
0.376
0.002
0.082
0.446
0.61
0.673
0.209
0.002
0.667
0.491
0.457
0.714
0.071
0.001
0.548
0.361
0.001
0.433
0.463
0.001
0.714
0.568
0.005
0.001
0.449
0.484
0.272
0.651
0.525
0.298
0.363
0.093
0.598
0.561
0.598
0.464
0.32
0.122
0.001
0.589
0.475
0.002
0.642
0.516
0.439
0.437
0.289
0.001
0.584
0.003
0.126
0.452
0.332
0.001
0.548
0.32
0.626
0.367
0.489
0.001
0.497
0.59
0.67
0.397
0.516
0.494
0.469
0.082
0.001
0.443
0.286
0.435
0.099
0.404
0.304
0.072
0.426
0.416
0.429
0.057
0.497
0.472
0.002
0.692
0.509
0.485
0.001
0.006
0.001
0.001
0.3
0.36
0.571
0.006
0.417
0.27
0.004
0.285
0.002
0.108
0.008
0.597
0.023
0.001
0.001
0.37
0.043
0.001
0.006
0.565
0.414
0.329
0.173
0.215
0.461
0.068
0.286
0.002
0.121
0.587
0.074
0.113
0.296
0.16
0.581
0.51
0.448
0.001
0.239
0.108
0.001
0.671
0.556
0.564
0.15
0.309
0.005
0.001
0.081
0.549
0.354
0.755
0.19
0.457
0.432
0.528
0.011
0.607
0.004
0.539
0.543
0.001
0.001
0.113
0.291
0.372
0.526
0.246
0.169
0.651
0.066
0.003
0.56
0.002
0.619
0.38
0.376
0.526
0.64
0.449
0.376
0.081
0.197
0.355
0.55
0.645
0.008
0.112
0.421
0.11
0.233
0.232
0.097
0.006
0.268
0.002
0.01
0.563
0.509
0.002
0.697
0.001
0.282
0.536
0.01
0.366
0.001
0.462
0.557
0.417
0.484
0.002
0.002
0.001
0.219
0.003
0.317
0.682
0.464
0.001
0.523
0.372
0.469
0.002
0.363
0.621
0.225
0.038
0.011
0.001
0.621
0.003
0.428
0.594
0.493
0.606
0.621
0.087
0.325
0.003
0.002
0.448
0.557
0.001
0.001
0.69
0.272
0.001
0.316
0.31
0.166
0.303
0.394
0.004
0.001
0.224
0.001
0.003
0.342
0.319
0.243
0.078
0.001
0.001
0.427
0.272
0.036
0.378
0.63
0.001
0.523
0.265
0.001
0.446
0.002
0.002
0.355
0.001
0.636
0.042
0.315
0.001
0.3
0.505
0.001
0.434
0.002
0.264
0.667
0.602
0.439
0.425
0.001
0.259
0.303
0.297
0.364
0.145
0.243
0.001
0.019
0.603
0.001
0.001
0.006
0.152
0.379
0.006
0.001
0.126
0.345
0.447
0.477
0.453
0.111
0.203
0.007
0.261
0.466
0.327
0.116
0.292
0.004
0.001
0.001
0.001
0.54
0.324
0.533
0.002
0.002
0.01
0.492
0.013
0.665
0.596
0.234
0.248
0.73
0.587
0.001
0.669
0.004
0.003
0.155
0.002
0.354
0.423
0.363
0.355
0.422
0.676
0.434
0.374
0.003
0.001
0.001
0.13
0.542
0.361
0.181
0.619
0.001
0.349
0.602
0.472
0.001
0.56
0.218
0.455
0.312
0.183
0.148
0.006
0.408
0.411
0.002
0.532
0.212
0.601
0.462
0.674
0.47
0.362
0.714
0.376
0.141
0.293
0.009
0.003
0.374
0.169
0.335
0.352
0.001
0.001
0.667
0.61
0.01
0.527
0.715
0.002
0.164
0.636
0.082
0.082
0.472
0.062
0.008
0.247
0.591
0.111
0.528
0.281
0.435
0.021
0.647
0.323
0.002
0.398
0.302
0.629
0.006
0.435
0.375
0.646
0.451
0.506
0.279
0.002
0.347
0.591
0.607
0.229
0.649
0.315
0.593
0.592
0.476
0.002
0.558
0.27
0.398
0.677
0.004
0.709
0.235
0.433
0.472
0.505
0.001
0.292
0.653
0.297
0.532
0.404
0.7
0.254
0.002
0.001
0.001
0.555
0.639
0.395
0.001
0.27
0.434
0.039
0.345
0.296
0.642
0.003
0.002
0.602
0.631
0.593
0.255
0.002
0.355
0.545
0.554
0.316
0.005
0.348
0.344
0.139
0.347
0.001
0.445
0.237
0.28
0.6
0.439
0.001
0.526
0.269
0.179
0.391
0.63
0.001
0.175
0.001
0.331
0.657
0.013
0.391
0.003
0.317
0.002
0.336
0.668
0.002
0.001
0.002
0.328
0.64
0.583
0.001
0.336
0.671
0.469
0.213
0.57
0.327
0.069
0.003
0.446
0.002
0.324
0.404
0.003
0.289
0.4
0.548
0.56
0.499
0.001
0.038
0.64
0.187
0.47
0.644
0.689
0.001
0.636
0.001
0.002
0.007
0.566
0.137
0.405
0.004
0.398
0.278
0.627
0.001
0.384
0.002
0.588
0.363
0.58
0.251
0.572
0.001
0.249
0.672
0.266
0.449
0.412
0.154
0.509
0.535
0.495
0.461
0.528
0.131
0.453
0.212
0.53
0.001
0.201
0.157
0.001
0.437
0.39
0.118
0.58
0.542
0.007
0.653
0.3
0.596
0.484
0.518
0.219
0.004
0.42
0.463
0.222
0.541
0.006
0.356
0.453
0.312
0.42
0.373
0.009
0.002
0.377
0.001
0.24
0.334
0.003
0.591
0.001
0.578
0.177
0.438
0.025
0.001
0.001
0.37
0.21
0.238
0.009
0.099
0.002
0.193
0.001
0.448
0.426
0.192
0.445
0.489
0.475
0.001
0.218
0.324
0.002
0.005
0.001
0.563
0.407
0.697
0.425
0.62
0.001
0.002
0.171
0.001
0.346
0.517
0.466
0.163
0.527
0.001
0.001
0.001
0.32
0.167
0.359
0.62
0.322
0.125
0.677
0.099
0.002
0.006
0.578
0.524
0.214
0.593
0.221
0.285
0.622
0.001
0.003
0.001
0.529
0.214
0.001
0.102
0.471
0.497
0.001
0.503
0.322
0.203
0.001
0.25
0.465
0.446
0.001
0.197
0.453
0.545
0.356
0.136
0.413
0.45
0.122
0.362
0.434
0.26
0.489
0.608
0.321
0.598
0.001
0.311
0.28
0.272
0.571
0.44
0.262
0.306
0.592
0.336
0.423
0.002
0.524
0.561
0.029
0.306
0.449
0.33
0.545
0.193
0.103
0.001
0.586
0.326
0.469
0.174
0.461
0.503
0.627
0.001
0.446
0.002
0.275
0.513
0.001
0.374
0.001
0.219
0.001
0.671
0.199
0.106
0.567
0.136
0.676
0.272
0.011
0.09
0.384
0.141
0.2
0.178
0.111
0.492
0.389
0.651
0.567
0.344
0.247
0.001
0.617
0.001
0.065
0.563
0.511
0.485
0.338
0.162
0.565
0.478
0.341
0.001
0.402
0.493
0.248
0.513
0.325
0.325
0.621
0.298
0.247
0.001
0.369
0.514
0.374
0.502
0.6
0.046
0.186
0.627
0.41
0.407
0.383
0.003
0.008
0.001
0.04
0.376
0.001
0.357
0.165
0.001
0.001
0.281
0.433
0.155
0.001
0.422
0.42
0.645
0.557
0.473
0.088
0.002
0.105
0.283
0.001
0.241
0.413
0.001
0.396
0.005
0.002
0.509
0.558
0.342
0.381
0.398
0.153
0.003
0.511
0.002
0.463
0.001
0.474
0.01
0.344
0.589
0.001
0.513
0.566
0.102
0.056
0.605
0.461
0.388
0.053
0.412
0.002
0.425
0.624
0.074
0.343
0.001
0.014
0.48
0.308
0.266
0.375
0.473
0.002
0.195
0.116
0.725
0.251
0.154
0.001
0.004
0.533
0.603
0.345
0.001
0.621
0.481
0.042
0.403
0.464
0.144
0.465
0.295
0.002
0.001
0.656
0.467
0.537
0.522
0.488
0.56
0.569
0.1
0.001
0.529
0.001
0.469
0.003
0.583
0.465
0.294
0.544
0.048
0.418
0.21
0.001
0.504
0.378
0.666
0.59
0.081
0.364
0.645
0.154
0.003
0.001
0.324
0.406
0.364
0.001
0.001
0.279
0.399
0.003
0.001
0.3
0.492
0.001
0.521
0.46
0.403
0.609
0.503
0.244
0.001
0.002
0.222
0.429
0.356
0.108
0.452
0.458
0.207
0.426
0.393
0.52
0.323
0.001
0.469
0.324
0.298
0.033
0.48
0.229
0.001
0.49
0.219
0.003
0.001
0.503
0.001
0.46
0.003
0.21
0.242
0.377
0.032
0.318
0.324
0.567
0.712
0.406
0.001
0.062
0.427
0.326
0.266
0.124
0.099
0.001
0.737
0.443
0.557
0.145
0.612
0.001
0.001
0.567
0.458
0.183
0.459
0.445
0.209
0.005
0.606
0.012
0.422
0.63
0.307
0.52
0.197
0.003
0.088
0.255
0.399
0.652
0.258
0.636
0.506
0.309
0.552
0.676
0.672
0.632
0.579
0.149
0.271
0.008
0.53
0.514
0.337
0.598
0.475
0.262
0.009
0.259
0.409
0.002
0.055
0.356
0.003
0.611
0.567
0.169
0.083
0.472
0.477
0.654
0.001
0.302
0.003
0.549
0.435
0.475
0.416
0.227
0.35
0.002
0.571
0.562
0.14
0.001
0.214
0.182
0.001
0.005
0.001
0.001
0.003
0.002
0.001
0.526
0.001
0.39
0.002
0.528
0.727
0.459
0.002
0.322
0.047
0.569
0.001
0.458
0.379
0.004
0.514
0.566
0.144
0.583
0.45
0.001
0.309
0.265
0.474
0.217
0.541
0.001
0.001
0.52
0.183
0.007
0.001
0.219
0.039
0.515
0.462
0.167
0.304
0.53
0.197
0.001
0.356
0.415
0.607
0.49
0.002
0.4
0.382
0.549
0.558
0.447
0.5
0.314
0.458
0.325
0.463
0.462
0.159
0.284
0.466
0.519
0.418
0.001
0.224
0.648
0.577
0.185
0.537
0.555
0.188
0.001
0.008
0.58
0.315
0.425
0.359
0.519
0.222
0.24
0.348
0.49
0.215
0.461
0.229
0.003
0.001
0.26
0.298
0.609
0.607
0.25
0.049
0.516
0.65
0.572
0.342
0.522
0.23
0.385
0.533
0.274
0.323
0.002
0.155
0.671
0.462
0.003
0.1
0.133
0.433
0.43
0.003
0.046
0.494
0.003
0.19
0.243
0.202
0.367
0.005
0.362
0.476
0.616
0.003
0.004
0.258
0.564
0.001
0.2
0.214
0.001
0.001
0.002
0.001
0.254
0.604
0.586
0.005
0.352
0.297
0.338
0.554
0.373
0.424
0.538
0.132
0.397
0.288
0.001
0.345
0.065
0.47
0.317
0.002
0.001
0.304
0.322
0.185
0.413
0.174
0.001
0.002
0.001
0.467
0.411
0.273
0.275
0.573
0.131
0.508
0.641
0.508
0.21
0.48
0.002
0.002
0.001
0.001
0.001
0.59
0.004
0.482
0.336
0.62
0.004
0.295
0.351
0.338
0.001
0.082
0.138
0.495
0.121
0.35
0.303
0.003
0.591
0.272
0.52
0.001
0.662
0.287
0.058
0.663
0.445
0.001
0.401
0.364
0.188
0.404
0.622
0.226
0.004
0.529
0.009
0.424
0.645
0.002
0.143
0.296
0.044
0.517
0.001
0.163
0.464
0.128
0.565
0.225
0.391
0.549
0.001
0.181
0.611
0.467
0.001
0.414
0.159
0.33
0.197
0.004
0.277
0.277
0.606
0.08
0.249
0.208
0.269
0.336
0.485
0.001
0.371
0.351
0.005
0.137
0.531
0.483
0.002
0.596
0.241
0.244
0.644
0.426
0.54
0.238
0.031
0.001
0.004
0.445
0.002
0.593
0.388
0.257
0.622
0.327
0.001
0.001
0.558
0.265
0.218
0.368
0.632
0.001
0.002
0.555
0.005
0.276
0.288
0.675
0.508
0.139
0.071
0.002
0.662
0.25
0.081
0.001
0.57
0.001
0.386
0.29
0.395
0.234
0.002
0.001
0.003
0.278
0.482
0.555
0.486
0.099
0.001
0.747
0.484
0.082
0.001
0.001
0.473
0.357
0.335
0.474
0.002
0.123
0.427
0.722
0.001
0.005
0.001
0.217
0.002
0.603
0.001
0.393
0.496
0.001
0.474
0.375
0.034
0.062
0.511
0.004
0.001
0.001
0.193
0.58
0.404
0.223
0.485
0.001
0.372
0.366
0.571
0.569
0.026
0.395
0.639
0.574
0.001
0.56
0.299
0.399
0.197
0.171
0.398
0.339
0.485
0.28
0.279
0.628
0.423
0.484
0.598
0.141
0.499
0.227
0.248
0.161
0.002
0.577
0.016
0.004
0.35
0.192
0.317
0.384
0.541
0.001
0.575
0.421
0.581
0.004
0.23
0.481
0.255
0.522
0.001
0.186
0.345
0.001
0.432
0.412
0.537
0.494
0.472
0.001
0.001
0.001
0.207
0.529
0.434
0.208
0.108
0.013
0.134
0.569
0.001
0.373
0.521
0.002
0.194
0.607
0.001
0.414
0.143
0.001
0.53
0.607
0.239
0.251
0.051
0.001
0.437
0.197
0.002
0.003
0.276
0.698
0.243
0.142
0.267
0.003
0.206
0.34
0.308
0.269
0.392
0.535
0.001
0.328
0.12
0.322
0.478
0.592
0.001
0.498
0.227
0.399
0.462
0.012
0.39
0.581
0.252
0.437
0.221
0.597
0.443
0.326
0.306
0.001
0.366
0.552
0.392
0.338
0.291
0.161
0.646
0.12
0.355
0.429
0.185
0.181
0.494
0.001
0.001
0.002
0.127
0.41
0.563
0.583
0.266
0.002
0.642
0.683
0.448
0.432
0.455
0.568
0.089
0.402
0.159
0.003
0.001
0.603
0.304
0.001
0.45
0.649
0.215
0.427
0.004
0.283
0.256
0.314
0.001
0.343
0.004
0.005
0.175
0.002
0.005
0.513
0.646
0.193
0.563
0.635
0.197
0.001
0.001
0.323
0.006
0.637
0.001
0.189
0.003
0.424
0.354
0.329
0.372
0.002
0.442
0.417
0.524
0.001
0.001
0.311
0.637
0.559
0.001
0.13
0.363
0.5
0.637
0.172
0.412
0.003
0.423
0.502
0.39
0.002
0.003
0.374
0.002
0.668
0.623
0.527
0.065
0.099
0.609
0.135
0.001
0.386
0.431
0.236
0.215
0.182
0.566
0.211
0.411
0.694
0.004
0.249
0.345
0.008
0.588
0.26
0.54
0.005
0.001
0.453
0.097
0.458
0.004
0.674
0.002
0.605
0.002
0.525
0.001
0.5
0.273
0.001
0.299
0.101
0.004
0.361
0.493
0.262
0.368
0.438
0.527
0.002
0.232
0.562
0.289
0.467
0.046
0.176
0.485
0.562
0.569
0.552
0.001
0.239
0.05
0.287
0.144
0.14
0.272
0.001
0.123
0.219
0.388
0.128
0.004
0.038
0.289
0.633
0.029
0.404
0.004
0.265
0.488
0.001
0.001
0.674
0.001
0.218
0.576
0.566
0.001
0.196
0.362
0.087
0.227
0.306
0.001
0.474
0.008
0.444
0.61
0.501
0.003
0.454
0.161
0.003
0.481
0.146
0.002
0.446
0.001
0.624
0.002
0.206
0.001
0.003
0.322
0.001
0.005
0.039
0.192
0.001
0.308
0.5
0.063
0.666
0.667
0.079
0.104
0.233
0.543
0.321
0.002
0.002
0.558
0.002
0.394
0.332
0.606
0.269
0.002
0.006
0.393
0.43
0.544
0.432
0.002
0.186
0.006
0.613
0.54
0.342
0.451
0.175
0.001
0.619
0.27
0.004
0.331
0.495
0.55
0.47
0.001
0.303
0.539
0.001
0.336
0.128
0.277
0.451
0.316
0.005
0.381
0.412
0.584
0.399
0.001
0.46
0.136
0.002
0.003
0.001
0.193
0.307
0.266
0.281
0.441
0.033
0.258
0.303
0.27
0.432
0.003
0.535
0.026
0.383
0.47
0.512
0.391
0.492
0.189
0.652
0.408
0.083
0.482
0.343
0.585
0.003
0.602
0.454
0.002
0.428
0.517
0.36
0.357
0.002
0.002
0.393
0.48
0.465
0.311
0.004
0.554
0.001
0.602
0.486
0.327
0.56
0.247
0.001
0.259
0.375
0.344
0.001
0.001
0.766
0.584
0.521
0.002
0.194
0.254
0.002
0.001
0.004
0.57
0.689
0.469
0.548
0.437
0.458
0.484
0.564
0.497
0.391
0.007
0.482
0.433
0.09
0.464
0.001
0.279
0.052
0.564
0.004
0.469
0.549
0.001
0.312
0.281
0.147
0.001
0.004
0.154
0.654
0.587
0.427
0.428
0.424
0.427
0.475
0.506
0.283
0.274
0.003
0.472
0.713
0.001
0.209
0.002
0.399
0.327
0.236
0.398
0.54
0.523
0.592
0.33
0.225
0.004
0.415
0.631
0.619
0.269
0.396
0.411
0.388
0.162
0.487
0.621
0.001
0.001
0.616
0.503
0.006
0.521
0.005
0.333
0.001
0.267
0.407
0.19
0.373
0.001
0.166
0.263
0.088
0.484
0.206
0.113
0.001
0.326
0.001
0.505
0.001
0.008
0.249
0.148
0.002
0.018
0.479
0.363
0.257
0.528
0.24
0.003
0.003
0.253
0.009
0.412
0.599
0.033
0.178
0.001
0.501
0.47
0.575
0.294
0.002
0.683
0.002
0.355
0.004
0.347
0.21
0.323
0.201
0.526
0.455
0.387
0.003
0.599
0.136
0.283
0.617
0.003
0.001
0.001
0.432
0.228
0.156
0.382
0.002
0.043
0.007
0.228
0.001
0.33
0.002
0.112
0.366
0.304
0.005
0.455
0.241
0.57
0.001
0.584
0.572
0.638
0.001
0.427
0.551
0.475
0.311
0.507
0.415
0.011
0.003
0.61
0.389
0.188
0.001
0.29
0.26
0.069
0.387
0.002
0.583
0.549
0.005
0.001
0.481
0.001
0.004
0.345
0.523
0.366
0.309
0.565
0.634
0.002
0.354
0.616
0.001
0.285
0.551
0.155
0.004
0.226
0.001
0.606
0.514
0.694
0.28
0.002
0.025
0.494
0.366
0.251
0.278
0.393
0.002
0.504
0.497
0.309
0.276
0.322
0.091
0.004
0.701
0.423
0.413
0.596
0.398
0.129
0.361
0.001
0.576
0.001
0.299
0.473
0.537
0.297
0.476
0.186
0.499
0.005
0.618
0.509
0.327
0.418
0.411
0.148
0.001
0.231
0.493
0.001
0.002
0.059
0.528
0.002
0.455
0.435
0.015
0.096
0.199
0.664
0.509
0.677
0.079
0.367
0.362
0.529
0.001
0.003
0.605
0.001
0.598
0.498
0.002
0.408
0.001
0.471
0.002
0.627
0.44
0.485
0.001
0.216
0.549
0.492
0.308
0.047
0.478
0.001
0.005
0.249
0.65
0.317
0.335
0.087
0.411
0.001
0.23
0.371
0.382
0.651
0.603
0.272
0.052
0.001
0.088
0.376
0.605
0.001
0.625
0.302
0.199
0.002
0.403
0.336
0.001
0.208
0.077
0.58
0.492
0.561
0.631
0.395
0.613
0.305
0.548
0.617
0.517
0.316
0.589
0.381
0.254
0.429
0.546
0.276
0.358
0.482
0.63
0.636
0.577
0.361
0.168
0.14
0.465
0.001
0.371
0.001
0.001
0.001
0.182
0.516
0.476
0.49
0.316
0.241
0.247
0.297
0.078
0.003
0.309
0.737
0.559
0.001
0.43
0.369
0.462
0.457
0.002
0.298
0.447
0.003
0.003
0.575
0.391
0.464
0.697
0.221
0.283
0.141
0.64
0.107
0.11
0.475
0.385
0.005
0.001
0.058
0.654
0.001
0.673
0.369
0.251
0.217
0.36
0.454
0.55
0.072
0.204
0.002
0.001
0.001
0.002
0.427
0.439
0.226
0.203
0.001
0.603
0.606
0.213
0.003
0.001
0.562
0.598
0.609
0.483
0.143
0.001
0.352
0.548
0.332
0.001
0.39
0.339
0.547
0.457
0.655
0.385
0.001
0.001
0.573
0.007
0.002
0.004
0.318
0.001
0.662
0.182
0.288
0.309
0.002
0.001
0.001
0.262
0.156
0.543
0.001
0.473
0.172
0.349
0.61
0.309
0.498
0.037
0.402
0.307
0.369
0.001
0.002
0.453
0.446
0.574
0.471
0.05
0.131
0.44
0.4
0.003
0.227
0.619
0.553
0.395
0.535
0.201
0.002
0.37
0.004
0.203
0.413
0.232
0.196
0.004
0.001
0.402
0.001
0.002
0.005
0.417
0.552
0.295
0.486
0.639
0.001
0.002
0.001
0.003
0.216
0.236
0.694
0.002
0.002
0.273
0.012
0.35
0.388
0.002
0.32
0.153
0.447
0.324
0.11
0.001
0.368
0.469
0.493
0.568
0.018
0.001
0.498
0.112
0.001
0.681
0.004
0.342
0.357
0.358
0.001
0.287
0.506
0.006
0.25
0.424
0.427
0.359
0.604
0.33
0.178
0.001
0.172
0.502
0.131
0.003
0.449
0.412
0.348
0.002
0.215
0.476
0.384
0.745
0.275
0.361
0.066
0.004
0.446
0.554
0.543
0.228
0.309
0.001
0.194
0.003
0.455
0.282
0.009
0.254
0.563
0.549
0.423
0.363
0.005
0.229
0.001
0.001
0.175
0.251
0.244
0.001
0.001
0.428
0.666
0.001
0.002
0.59
0.007
0.581
0.433
0.485
0.407
0.554
0.539
0.112
0.668
0.385
0.004
0.002
0.001
0.001
0.595
0.677
0.001
0.335
0.283
0.002
0.451
0.171
0.002
0.425
0.408
0.104
0.001
0.655
0.106
0.299
0.002
0.182
0.002
0.467
0.318
0.001
0.335
0.47
0.425
0.003
0.216
0.472
0.667
0.236
0.41
0.334
0.353
0.654
0.561
0.697
0.602
0.122
0.476
0.459
0.374
0.175
0.515
0.373
0.542
0.357
0.162
0.329
0.003
0.001
0.431
0.002
0.001
0.089
0.21
0.003
0.498
0.411
0.001
0.214
0.004
0.293
0.452
0.399
0.001
0.001
0.492
0.413
0.477
0.005
0.526
0.444
0.275
0.397
0.552
0.001
0.441
0.097
0.638
0.178
0.436
0.001
0.001
0.495
0.571
0.533
0.054
0.003
0.314
0.337
0.386
0.151
0.43
0.001
0.3
0.656
0.306
0.619
0.334
0.53
0.351
0.523
0.471
0.365
0.44
0.447
0.002
0.578
0.001
0.123
0.571
0.116
0.511
0.403
0.005
0.42
0.001
0.332
0.413
0.002
0.099
0.437
0.393
0.621
0.004
0.364
0.448
0.26
0.218
0.664
0.516
0.22
0.296
0.449
0.708
0.482
0.304
0.001
0.004
0.007
0.553
0.045
0.002
0.177
0.001
0.503
0.283
0.362
0.001
0.649
0.551
0.001
0.448
0.263
0.005
0.49
0.731
0.225
0.465
0.467
0.001
0.026
0.679
0.001
0.002
0.391
0.564
0.003
0.369
0.001
0.477
0.328
0.479
0.1
0.055
0.422
0.004
0.668
0.238
0.222
0.644
0.443
0.005
0.044
0.413
0.361
0.608
0.272
0.407
0.402
0.49
0.477
0.496
0.001
0.277
0.19
0.019
0.097
0.001
0.444
0.001
0.001
0.723
0.001
0.16
0.514
0.718
0.001
0.227
0.001
0.434
0.001
0.587
0.307
0.747
0.185
0.463
0.391
0.634
0.002
0.523
0.618
0.117
0.001
0.166
0.38
0.003
0.295
0.59
0.072
0.346
0.417
0.004
0.228
0.134
0.163
0.001
0.461
0.515
0.234
0.221
0.429
0.36
0.517
0.001
0.443
0.456
0.51
0.001
0.393
0.002
0.193
0.675
0.002
0.001
0.005
0.109
0.179
0.453
0.363
0.001
0.001
0.413
0.46
0.463
0.601
0.377
0.595
0.019
0.649
0.49
0.293
0.525
0.406
0.601
0.001
0.361
0.172
0.726
0.337
0.001
0.618
0.266
0.52
0.135
0.068
0.386
0.477
0.287
0.001
0.214
0.001
0.047
0.558
0.004
0.499
0.573
0.311
0.433
0.001
0.544
0.018
0.277
0.37
0.002
0.049
0.621
0.291
0.479
0.571
0.27
0.002
0.282
0.672
0.383
0.001
0.612
0.014
0.166
0.145
0.521
0.001
0.351
0.001
0.001
0.394
0.093
0.002
0.069
0.409
0.009
0.46
0.597
0.001
0.265
0.43
0.582
0.18
0.068
0.509
0.608
0.549
0.005
0.184
0.001
0.257
0.563
0.001
0.434
0.478
0.512
0.453
0.357
0.589
0.003
0.237
0.027
0.376
0.591
0.566
0.586
0.529
0.504
0.011
0.36
0.512
0.443
0.524
0.408
0.699
0.535
0.179
0.001
0.179
0.218
0.203
0.002
0.519
0.398
0.457
0.407
0.001
0.442
0.004
0.643
0.482
0.001
0.552
0.597
0.314
0.001
0.471
0.574
0.729
0.64
0.421
0.598
0.001
0.002
0.404
0.003
0.248
0.001
0.001
0.575
0.489
0.001
0.001
0.416
0.219
0.001
0.162
0.521
0.392
0.211
0.002
0.385
0.001
0.089
0.22
0.002
0.353
0.001
0.338
0.396
0.558
0.551
0.005
0.214
0.199
0.452
0.142
0.073
0.412
0.513
0.413
0.006
0.011
0.181
0.404
0.504
0.138
0.001
0.622
0.505
0.536
0.334
0.003
0.35
0.011
0.238
0.012
0.245
0.264
0.002
0.431
0.19
0.484
0.395
0.002
0.001
0.717
0.001
0.588
0.291
0.009
0.517
0.237
0.425
0.432
0.009
0.158
0.252
0.508
0.63
0.69
0.354
0.005
0.634
0.557
0.505
0.487
0.489
0.47
0.41
0.002
0.64
0.002
0.592
0.54
0.394
0.159
0.694
0.248
0.003
0.279
0.299
0.493
0.379
0.436
0.502
0.53
0.307
0.346
0.439
0.223
0.003
0.553
0.647
0.17
0.001
0.552
0.005
0.016
0.004
0.276
0.001
0.292
0.001
0.06
0.001
0.54
0.001
0.568
0.299
0.579
0.001
0.654
0.506
0.001
0.226
0.193
0.433
0.442
0.336
0.001
0.599
0.242
0.13
0.001
0.15
0.524
0.157
0.059
0.219
0.003
0.5
0.285
0.144
0.347
0.282
0.301
0.596
0.001
0.122
0.002
0.559
0.295
0.451
0.349
0.088
0.412
0.315
0.137
0.444
0.551
0.25
0.27
0.344
0.001
0.002
0.075
0.547
0.471
0.005
0.608
0.135
0.475
0.361
0.409
0.153
0.415
0.002
0.527
0.471
0.001
0.386
0.1
0.398
0.423
0.544
0.041
0.138
0.004
0.002
0.561
0.002
0.34
0.365
0.668
0.003
0.354
0.504
0.299
0.623
0.001
0.001
0.681
0.018
0.425
0.204
0.135
0.294
0.162
0.675
0.197
0.001
0.543
0.018
0.202
0.217
0.444
0.001
0.586
0.355
0.01
0.534
0.455
0.565
0.531
0.676
0.405
0.349
0.339
0.429
0.489
0.072
0.002
0.536
0.518
0.332
0.462
0.003
0.623
0.126
0.001
0.277
0.001
0.3
0.161
0.445
0.001
0.515
0.399
0.498
0.39
0.001
0.504
0.331
0.529
0.501
0.712
0.606
0.371
0.534
0.115
0.171
0.438
0.001
0.444
0.349
0.138
0.162
0.002
0.452
0.352
0.555
0.366
0.684
0.587
0.584
0.001
0.505
0.384
0.094
0.576
0.001
0.169
0.324
0.229
0.263
0.426
0.485
0.627
0.374
0.376
0.354
0.004
0.441
0.126
0.018
0.164
0.652
0.438
0.001
0.505
0.403
0.628
0.668
0.593
0.342
0.364
0.001
0.002
0.47
0.519
0.503
0.008
0.363
0.499
0.122
0.49
0.117
0.003
0.568
0.265
0.156
0.001
0.653
0.469
0.244
0.348
0.618
0.544
0.424
0.557
0.283
0.372
0.481
0.299
0.001
0.266
0.545
0.001
0.529
0.359
0.342
0.297
0.669
0.412
0.356
0.723
0.563
0.001
0.081
0.001
0.575
0.111
0.104
0.401
0.004
0.342
0.003
0.367
0.355
0.677
0.466
0.257
0.275
0.534
0.247
0.442
0.289
0.346
0.385
0.395
0.496
0.005
0.42
0.439
0.001
0.004
0.46
0.504
0.345
0.001
0.001
0.423
0.254
0.001
0.426
0.18
0.153
0.552
0.254
0.277
0.001
0.421
0.348
0.415
0.334
0.612
0.273
0.427
0.409
0.001
0.002
0.239
0.002
0.001
0.001
0.381
0.376
0.492
0.684
0.456
0.001
0.523
0.197
0.617
0.002
0.235
0.113
0.004
0.485
0.511
0.002
0.384
0.492
0.447
0.48
0.481
0.386
0.663
0.498
0.097
0.165
0.248
0.124
0.704
0.274
0.489
0.481
0.615
0.42
0.356
0.002
0.213
0.355
0.001
0.679
0.284
0.29
0.173
0.001
0.004
0.47
0.475
0.336
0.001
0.389
0.264
0.26
0.005
0.636
0.522
0.002
0.502
0.596
0.387
0.175
0.598
0.18
0.273
0.424
0.37
0.377
0.693
0.001
0.159
0.517
0.596
0.614
0.357
0.025
0.737
0.622
0.116
0.191
0.514
0.654
0.629
0.312
0.539
0.46
0.005
0.096
0.194
0.606
0.005
0.55
0.368
0.002
0.59
0.002
0.001
0.395
0.001
0.101
0.394
0.245
0.655
0.001
0.231
0.011
0.483
0.38
0.215
0.239
0.002
0.258
0.485
0.001
0.384
0.521
0.3
0.438
0.336
0.243
0.578
0.217
0.164
0.65
0.001
0.001
0.479
0.495
0.54
0.003
0.092
0.001
0.525
0.399
0.001
0.606
0.001
0.363
0.28
0.043
0.497
0.004
0.558
0.53
0.625
0.452
0.004
0.001
0.001
0.001
0.001
0.429
0.001
0.401
0.193
0.463
0.532
0.272
0.396
0.247
0.408
0.447
0.375
0.595
0.379
0.229
0.554
0.244
0.319
0.552
0.001
0.001
0.098
0.475
0.387
0.001
0.001
0.001
0.158
0.128
0.687
0.351
0.001
0.003
0.272
0.493
0.002
0.383
0.231
0.434
0.001
0.019
0.442
0.002
0.104
0.001
0.462
0.25
0.264
0.506
0.145
0.001
0.152
0.422
0.257
0.316
0.486
0.002
0.001
0.333
0.006
0.469
0.118
0.001
0.003
0.341
0.345
0.335
0.623
0.65
0.478
0.15
0.001
0.594
0.344
0.224
0.222
0.519
0.407
0.001
0.001
0.254
0.508
0.598
0.529
0.193
0.217
0.321
0.001
0.001
0.357
0.001
0.684
0.707
0.002
0.315
0.016
0.031
0.529
0.003
0.459
0.004
0.438
0.542
0.378
0.462
0.001
0.643
0.207
0.619
0.454
0.445
0.291
0.159
0.389
0.55
0.632
0.487
0.348
0.055
0.001
0.187
0.258
0.151
0.001
0.18
0.29
0.002
0.55
0.714
0.578
0.152
0.005
0.518
0.017
0.477
0.716
0.666
0.314
0.443
0.589
0.002
0.577
0.609
0.438
0.001
0.632
0.001
0.15
0.006
0.221
0.604
0.316
0.669
0.001
0.303
0.442
0.385
0.25
0.634
0.002
0.315
0.259
0.685
0.67
0.638
0.566
0.465
0.145
0.001
0.062
0.152
0.228
0.001
0.441
0.003
0.378
0.516
0.006
0.08
0.001
0.001
0.525
0.152
0.408
0.001
0.366
0.003
0.246
0.525
0.002
0.464
0.408
0.001
0.489
0.112
0.368
0.174
0.001
0.491
0.306
0.485
0.477
0.574
0.413
0.002
0.226
0.001
0.237
0.373
0.422
0.002
0.003
0.617
0.005
0.623
0.584
0.563
0.186
0.241
0.001
0.001
0.746
0.003
0.539
0.001
0.322
0.371
0.001
0.436
0.208
0.003
0.369
0.123
0.474
0.633
0.241
0.032
0.527
0.003
0.001
0.001
0.413
0.548
0.488
0.525
0.001
0.001
0.319
0.142
0.055
0.417
0.001
0.598
0.381
0.002
0.004
0.438
0.414
0.573
0.499
0.663
0.29
0.089
0.386
0.519
0.529
0.511
0.418
0.192
0.569
0.436
0.005
0.559
0.407
0.003
0.361
0.099
0.516
0.401
0.54
0.002
0.583
0.267
0.248
0.471
0.265
0.001
0.321
0.706
0.001
0.001
0.003
0.196
0.535
0.001
0.329
0.136
0.395
0.183
0.45
0.637
0.14
0.394
0.276
0.108
0.629
0.581
0.542
0.056
0.363
0.003
0.001
0.13
0.305
0.486
0.001
0.657
0.359
0.412
0.378
0.294
0.476
0.672
0.118
0.497
0.368
0.005
0.001
0.19
0.004
0.172
0.204
0.284
0.263
0.351
0.435
0.208
0.238
0.001
0.375
0.26
0.718
0.289
0.242
0.374
0.518
0.002
0.004
0.337
0.419
0.001
0.002
0.388
0.002
0.139
0.623
0.552
0.314
0.001
0.26
0.182
0.429
0.481
0.563
0.535
0.541
0.002
0.595
0.724
0.126
0.004
0.683
0.44
0.001
0.399
0.128
0.384
0.356
0.509
0.62
0.676
0.307
0.67
0.209
0.475
0.335
0.219
0.421
0.421
0.081
0.464
0.001
0.001
0.258
0.44
0.283
0.629
0.004
0.001
0.01
0.54
0.346
0.001
0.289
0.293
0.001
0.444
0.064
0.003
0.001
0.005
0.001
0.671
0.084
0.001
0.431
0.699
0.181
0.008
0.118
0.476
0.426
0.083
0.411
0.545
0.142
0.001
0.35
0.241
0.249
0.233
0.566
0.287
0.354
0.548
0.001
0.117
0.307
0.338
0.001
0.001
0.407
0.625
0.246
0.001
0.282
0.08
0.222
0.002
0.322
0.001
0.226
0.412
0.004
0.496
0.001
0.334
0.498
0.47
0.42
0.393
0.534
0.427
0.44
0.001
0.001
0.065
0.497
0.606
0.001
0.001
0.001
0.004
0.231
0.558
0.323
0.395
0.504
0.359
0.241
0.001
0.033
0.37
0.351
0.507
0.179
0.373
0.001
0.372
0.523
0.559
0.513
0.001
0.384
0.488
0.494
0.001
0.188
0.496
0.462
0.106
0.45
0.002
0.417
0.65
0.002
0.154
0.272
0.003
0.001
0.002
0.007
0.139
0.157
0.361
0.147
0.001
0.001
0.364
0.289
0.547
0.006
0.35
0.044
0.396
0.693
0.277
0.004
0.172
0.002
0.313
0.278
0.727
0.001
0.507
0.002
0.369
0.476
0.261
0.482
0.791
0.234
0.149
0.586
0.416
0.329
0.37
0.001
0.539
0.403
0.619
0.001
0.001
0.232
0.742
0.002
0.315
0.487
0.001
0.253
0.757
0.001
0.001
0.559
0.001
0.712
0.256
0.314
0.274
0.001
0.256
0.397
0.229
0.001
0.001
0.162
0.003
0.287
0.2
0.269
0.14
0.57
0.436
0.035
0.324
0.496
0.524
0.261
0.168
0.001
0.565
0.628
0.29
0.43
0.431
0.696
0.316
0.542
0.328
0.044
0.405
0.138
0.003
0.61
0.58
0.688
0.005
0.001
0.337
0.338
0.001
0.001
0.002
0.305
0.565
0.129
0.432
0.171
0.311
0.491
0.001
0.54
0.748
0.001
0.34
0.48
0.415
0.659
0.001
0.028
0.196
0.28
0.327
0.287
0.5
0.002
0.16
0.107
0.272
0.082
0.157
0.406
0.005
0.543
0.575
0.003
0.665
0.619
0.401
0.263
0.002
0.187
0.476
0.001
0.434
0.575
0.481
0.528
0.517
0.004
0.001
0.003
0.006
0.001
0.001
0.009
0.245
0.39
0.001
0.253
0.004
0.45
0.167
0.386
0.298
0.487
0.629
0.371
0.599
0.251
0.481
0.001
0.659
0.426
0.669
0.48
0.001
0.185
0.528
0.001
0.33
0.202
0.002
0.329
0.127
0.551
0.487
0.358
0.173
0.207
0.001
0.003
0.091
0.116
0.217
0.001
0.368
0.001
0.128
0.174
0.598
0.168
0.496
0.261
0.48
0.416
0.377
0.463
0.554
0.361
0.283
0.2
0.412
0.411
0.555
0.003
0.515
0.001
0.225
0.494
0.1
0.001
0.345
0.347
0.299
0.001
0.695
0.474
0.341
0.293
0.53
0.681
0.291
0.394
0.566
0.59
0.005
0.311
0.002
0.001
0.415
0.455
0.56
0.158
0.003
0.004
0.533
0.002
0.03
0.258
0.613
0.401
0.437
0.65
0.542
0.496
0.711
0.001
0.008
0.011
0.361
0.326
0.598
0.333
0.013
0.002
0.205
0.193
0.002
0.003
0.134
0.153
0.588
0.002
0.483
0.295
0.678
0.006
0.412
0.312
0.474
0.002
0.005
0.258
0.527
0.001
0.407
0.542
0.444
0.001
0.004
0.603
0.489
0.518
0.564
0.428
0.285
0.567
0.589
0.334
0.302
0.001
0.495
0.383
0.389
0.002
0.464
0.006
0.199
0.246
0.406
0.211
0.329
0.343
0.089
0.203
0.001
0.58
0.002
0.391
0.271
0.219
0.002
0.002
0.476
0.001
0.39
0.121
0.177
0.223
0.14
0.47
0.001
0.005
0.482
0.576
0.497
0.257
0.507
0.555
0.049
0.604
0.078
0.002
0.298
0.489
0.59
0.52
0.104
0.002
0.573
0.001
0.182
0.046
0.175
0.488
0.067
0.001
0.311
0.08
0.226
0.471
0.105
0.739
0.498
0.541
0.345
0.29
0.448
0.005
0.13
0.481
0.41
0.5
0.278
0.261
0.415
0.191
0.401
0.631
0.526
0.362
0.518
0.514
0.527
0.001
0.526
0.497
0.272
0.409
0.002
0.001
0.325
0.001
0.112
0.71
0.574
0.426
0.394
0.562
0.576
0.003
0.001
0.404
0.524
0.002
0.351
0.42
0.004
0.313
0.003
0.001
0.003
0.521
0.001
0.276
0.432
0.467
0.001
0.002
0.318
0.008
0.532
0.088
0.235
0.359
0.408
0.073
0.609
0.263
0.536
0.549
0.412
0.082
0.672
0.099
0.519
0.228
0.319
0.001
0.146
0.38
0.441
0.124
0.258
0.255
0.267
0.253
0.001
0.001
0.452
0.193
0.004
0.291
0.569
0.001
0.003
0.066
0.279
0.438
0.554
0.334
0.392
0.088
0.258
0.47
0.002
0.32
0.405
0.5
0.573
0.338
0.487
0.001
0.423
0.001
0.638
0.055
0.531
0.539
0.003
0.111
0.639
0.003
0.318
0.453
0.227
0.002
0.582
0.451
0.001
0.466
0.001
0.003
0.002
0.021
0.109
0.714
0.31
0.669
0.422
0.613
0.51
0.208
0.666
0.001
0.214
0.407
0.651
0.537
0.182
0.001
0.379
0.58
0.674
0.239
0.004
0.045
0.332
0.401
0.231
0.663
0.577
0.462
0.46
0.002
0.641
0.551
0.387
0.114
0.724
0.009
0.237
0.114
0.028
0.665
0.189
0.628
0.34
0.334
0.002
0.004
0.568
0.012
0.462
0.003
0.426
0.518
0.247
0.674
0.167
0.001
0.001
0.361
0.055
0.415
0.16
0.001
0.577
0.369
0.003
0.599
0.503
0.099
0.553
0.653
0.246
0.598
0.427
0.103
0.038
0.298
0.002
0.294
0.287
0.156
0.001
0.197
0.484
0.493
0.001
0.436
0.285
0.673
0.598
0.271
0.497
0.11
0.395
0.568
0.001
0.432
0.463
0.001
0.005
0.002
0.001
0.278
0.035
0.001
0.571
0.464
0.613
0.305
0.669
0.101
0.3
0.451
0.283
0.001
0.152
0.514
0.343
0.42
0.005
0.574
0.486
0.522
0.235
0.003
0.528
0.315
0.426
0.285
0.407
0.002
0.357
0.52
0.002
0.298
0.001
0.004
0.009
0.373
0.526
0.585
0.003
0.042
0.675
0.636
0.001
0.744
0.399
0.472
0.293
0.001
0.006
0.053
0.461
0.001
0.501
0.575
0.001
0.001
0.001
0.001
0.646
0.215
0.629
0.398
0.368
0.349
0.519
0.523
0.381
0.322
0.277
0.588
0.37
0.311
0.348
0.178
0.002
0.147
0.489
0.285
0.46
0.429
0.688
0.291
0.715
0.75
0.001
0.345
0.002
0.429
0.001
0.003
0.522
0.612
0.439
0.672
0.21
0.001
0.613
0.314
0.204
0.584
0.002
0.41
0.552
0.473
0.292
0.54
0.616
0.561
0.35
0.113
0.387
0.299
0.001
0.575
0.345
0.574
0.002
0.109
0.57
0.073
0.516
0.59
0.42
0.609
0.124
0.199
0.383
0.511
0.432
0.003
0.001
0.003
0.241
0.239
0.368
0.001
0.01
0.609
0.004
0.002
0.001
0.389
0.001
0.111
0.598
0.122
0.115
0.39
0.235
0.006
0.001
0.125
0.001
0.281
0.137
0.002
0.553
0.541
0.579
0.284
0.002
0.482
0.601
0.062
0.003
0.543
0.047
0.422
0.003
0.564
0.542
0.345
0.002
0.63
0.006
0.272
0.487
0.002
0.036
0.002
0.458
0.451
0.614
0.543
0.001
0.563
0.271
0.504
0.118
0.613
0.402
0.764
0.664
0.381
0.508
0.001
0.003
0.285
0.002
0.518
0.281
0.392
0.004
0.024
0.001
0.421
0.064
0.001
0.418
0.348
0.447
0.001
0.405
0.007
0.069
0.005
0.335
0.648
0.275
0.314
0.456
0.003
0.495
0.466
0.265
0.49
0.001
0.206
0.262
0.392
0.177
0.493
0.545
0.475
0.001
0.546
0.001
0.475
0.633
0.278
0.522
0.323
0.002
0.001
0.154
0.137
0.405
0.364
0.002
0.429
0.571
0.35
0.441
0.382
0.003
0.317
0.2
0.514
0.318
0.196
0.544
0.47
0.222
0.327
0.486
0.017
0.315
0.58
0.414
0.343
0.545
0.261
0.483
0.56
0.602
0.225
0.514
0.347
0.174
0.152
0.364
0.295
0.202
0.399
0.419
0.001
0.738
0.459
0.573
0.22
0.452
0.275
0.518
0.409
0.186
0.624
0.205
0.589
0.417
0.379
0.451
0.47
0.167
0.155
0.103
0.605
0.213
0.001
0.065
0.161
0.385
0.425
0.343
0.113
0.179
0.002
0.403
0.489
0.001
0.195
0.512
0.364
0.001
0.59
0.422
0.364
0.607
0.209
0.567
0.327
0.711
0.502
0.001
0.057
0.001
0.027
0.001
0.401
0.002
0.256
0.628
0.002
0.655
0.413
0.006
0.216
0.232
0.001
0.307
0.449
0.355
0.323
0.507
0.001
0.006
0.521
0.505
0.344
0.133
0.727
0.002
0.008
0.421
0.043
0.605
0.252
0.012
0.004
0.42
0.61
0.287
0.256
0.4
0.002
0.407
0.151
0.001
0.002
0.067
0.424
0.292
0.002
0.003
0.707
0.186
0.003
0.001
0.007
0.001
0.003
0.001
0.004
0.304
0.001
0.501
0.55
0.002
0.352
0.001
0.346
0.286
0.568
0.2
0.573
0.564
0.528
0.698
0.143
0.414
0.001
0.001
0.356
0.627
0.001
0.605
0.642
0.002
0.09
0.583
0.364
0.531
0.048
0.001
0.049
0.001
0.401
0.033
0.523
0.004
0.585
0.004
0.528
0.335
0.434
0.44
0.434
0.579
0.616
0.45
0.162
0.003
0.001
0.312
0.567
0.001
0.265
0.145
0.501
0.404
0.123
0.405
0.001
0.001
0.415
0.319
0.437
0.001
0.001
0.087
0.001
0.002
0.447
0.217
0.251
0.255
0.428
0.002
0.513
0.001
0.157
0.001
0.001
0.327
0.707
0.321
0.648
0.495
0.199
0.285
0.002
0.108
0.004
0.655
0.195
0.003
0.39
0.684
0.409
0.251
0.218
0.554
0.544
0.001
0.156
0.426
0.253
0.001
0.001
0.001
0.001
0.003
0.49
0.421
0.002
0.002
0.165
0.004
0.143
0.002
0.415
0.346
0.451
0.352
0.003
0.601
0.037
0.425
0.308
0.294
0.391
0.479
0.005
0.059
0.446
0.12
0.005
0.598
0.751
0.001
0.003
0.242
0.068
0.288
0.521
0.138
0.317
0.001
0.043
0.585
0.58
0.001
0.234
0.001
