0.21
0.014
0.151
0.006
0.001
0.044
0.121
0.001
0.001
0.144
0.001
0.002
0.122
0.117
0.002
0.006
0.003
0.005
0.152
0.001
0.157
0.136
0.001
0.043
0.133
0.071
0.001
0.093
0.081
0.103
0.008
0.139
0.007
0.042
0.002
0.038
0.07
0.001
0.001
0.159
0.058
0.025
0.104
0.102
0.02
0.01
0.001
0.002
0.121
0.003
0.003
0.034
0.001
0.003
0.001
0.057
0.004
0.198
0.003
0.169
0.044
0.013
0.107
0.011
0.001
0.026
0.24
0.214
0.002
0.002
0.183
0.102
0.005
0.153
0.001
0.002
0.038
0.003
0.202
0.231
0.001
0.161
0.003
0.001
0.004
0.04
0.043
0.001
0.109
0.259
0.105
0.001
0.003
0.137
0.046
0.162
0.081
0.173
0.06
0.15
0.05
0.005
0.001
0.002
0.08
0.005
0.119
0.09
0.101
0.066
0.003
0.003
0.003
0.118
0.032
0.001
0.241
0.032
0.077
0.062
0.003
0.071
0.144
0.001
0.081
0.105
0.005
0.004
0.004
0.045
0.015
0.001
0.455
0.13
0.093
0.05
0.022
0.001
0.003
0.146
0.095
0.025
0.09
0.099
0.17
0.001
0.004
0.048
0.003
0.002
0.089
0.003
0.001
0.215
0.044
0.101
0.001
0.003
0.131
0.004
0.002
0.007
0.065
0.01
0.061
0.053
0.062
0.001
0.062
0.135
0.059
0.101
0.092
0.072
0.104
0.04
0.002
0.007
0.148
0.001
0.164
0.001
0.01
0.104
0.097
0.021
0.167
0.002
0.113
0.072
0.136
0.001
0.001
0.113
0.001
0.02
0.002
0.001
0.151
0.112
0.001
0.035
0.002
0.072
0.006
0.069
0.05
0.096
0.001
0.087
0.034
0.187
0.262
0.004
0.108
0.104
0.051
0.182
0.068
0.001
0.04
0.272
0.061
0.026
0.112
0.084
0.001
0.002
0.035
0.002
0.001
0.25
0.22
0.006
0.001
0.15
0.022
0.04
0.002
0.001
0.001
0.119
0.182
0.001
0.001
0.012
0.001
0.163
0.001
0.001
0.002
0.007
0.09
0.095
0.304
0.002
0.187
0.065
0.071
0.036
0.121
0.149
0.011
0.008
0.001
0.048
0.007
0.06
0.009
0.045
0.071
0.002
0.001
0.151
0.165
0.001
0.001
0.03
0.001
0.081
0.039
0.001
0.041
0.001
0.022
0.006
0.015
0.001
0.004
0.004
0.001
0.001
0.09
0.151
0.08
0.073
0.128
0.117
0.003
0.012
0.006
0.002
0.003
0.037
0.133
0.064
0.009
0.001
0.217
0.003
0.144
0.002
0.157
0.002
0.127
0.011
0.001
0.047
0.018
0.001
0.004
0.044
0.045
0.012
0.001
0.02
0.001
0.039
0.087
0.004
0.011
0.004
0.031
0.001
0.141
0.048
0.096
0.001
0.231
0.221
0.011
0.001
0.192
0.134
0.029
0.132
0.139
0.177
0.002
0.001
0.009
0.037
0.087
0.023
0.151
0.176
0.001
0.001
0.095
0.016
0.136
0.004
0.001
0.001
0.017
0.001
0.014
0.001
0.001
0.084
0.158
0.087
0.137
0.004
0.172
0.005
0.001
0.014
0.001
0.11
0.001
0.166
0.002
0.09
0.002
0.003
0.246
0.002
0.006
0.071
0.063
0.001
0.19
0.001
0.102
0.115
0.131
0.057
0.01
0.11
0.014
0.035
0.001
0.113
0.002
0.002
0.045
0.01
0.003
0.001
0.093
0.092
0.191
0.001
0.041
0.007
0.004
0.029
0.006
0.001
0.001
0.049
0.074
0.002
0.001
0.005
0.001
0.001
0.136
0.005
0.211
0.023
0.004
0.004
0.001
0.001
0.036
0.084
0.019
0.038
0.001
0.007
0.274
0.008
0.103
0.004
0.001
0.001
0.003
0.001
0.002
0.047
0.003
0.005
0.001
0.008
0.052
0.068
0.001
0.039
0.033
0.135
0.013
0.008
0.11
0.073
0.003
0.314
0.005
0.006
0.028
0.185
0.073
0.001
0.098
0.206
0.001
0.001
0.017
0.059
0.003
0.001
0.001
0.001
0.001
0.113
0.002
0.001
0.006
0.008
0.022
0.001
0.001
0.042
0.016
0.001
0.006
0.012
0.011
0.033
0.008
0.013
0.005
0.005
0.098
0.002
0.002
0.004
0.017
0.004
0.002
0.001
0.001
0.125
0.132
0.2
0.003
0.106
0.01
0.187
0.003
0.001
0.003
0.004
0.01
0.008
0.134
0.158
0.001
0.007
0.008
0.003
0.003
0.122
0.133
0.001
0.023
0.069
0.001
0.061
0.135
0.153
0.087
0.02
0.038
0.002
0.178
0.006
0.092
0.01
0.029
0.007
0.035
0.009
0.169
0.024
0.001
0.016
0.005
0.131
0.001
0.002
0.001
0.073
0.231
0.045
0.001
0.004
0.082
0.048
0.017
0.099
0.001
0.22
0.017
0.049
0.019
0.097
0.002
0.001
0.017
0.001
0.011
0.251
0.001
0.001
0.216
0.001
0.001
0.005
0.012
0.071
0.105
0.067
0.001
0.057
0.115
0.001
0.035
0.017
0.002
0.006
0.321
0.001
0.08
0.031
0.001
0.012
0.298
0.117
0.001
0.037
0.028
0.023
0.093
0.001
0.06
0.002
0.022
0.041
0.136
0.002
0.169
0.015
0.271
0.116
0.004
0.097
0.158
0.001
0.105
0.002
0.001
0.04
0.072
0.074
0.006
0.001
0.18
0.129
0.003
0.055
0.001
0.002
0.133
0.052
0.001
0.001
0.089
0.141
0.007
0.001
0.023
0.045
0.019
0.255
0.145
0.145
0.019
0.055
0.001
0.028
0.001
0.171
0.068
0.153
0.082
0.002
0.327
0.052
0.001
0.077
0.025
0.001
0.005
0.048
0.026
0.039
0.102
0.005
0.014
0.133
0.068
0.002
0.067
0.1
0.019
0.001
0.156
0.168
0.056
0.001
0.021
0.001
0.006
0.011
0.006
0.027
0.003
0.131
0.002
0.021
0.002
0.08
0.081
0.001
0.174
0.088
0.162
0.002
0.001
0.001
0.002
0.035
0.003
0.001
0.001
0.007
0.003
0.002
0.004
0.128
0.092
0.003
0.005
0.005
0.079
0.173
0.001
0.004
0.04
0.035
0.004
0.147
0.002
0.005
0.004
0.001
0.11
0.07
0.001
0.001
0.001
0.269
0.075
0.03
0.108
0.195
0.173
0.109
0.003
0.003
0.049
0.028
0.01
0.005
0.051
0.001
0.002
0.139
0.015
0.001
0.13
0.001
0.002
0.001
0.001
0.004
0.003
0.007
0.003
0.076
0.008
0.158
0.071
0.003
0.198
0.001
0.011
0.001
0.003
0.15
0.033
0.035
0.069
0.128
0.104
0.001
0.024
0.025
0.007
0.171
0.051
0.148
0.002
0.007
0.039
0.046
0.008
0.032
0.07
0.27
0.204
0.004
0.021
0.076
0.046
0.08
0.085
0.025
0.001
0.001
0.001
0.001
0.001
0.075
0.069
0.036
0.001
0.006
0.076
0.078
0.167
0.001
0.004
0.001
0.002
0.001
0.053
0.015
0.151
0.063
0.004
0.002
0.052
0.098
0.001
0.002
0.051
0.025
0.004
0.046
0.036
0.019
0.004
0.036
0.011
0.001
0.106
0.046
0.001
0.004
0.119
0.151
0.015
0.002
0.012
0.069
0.067
0.079
0.022
0.19
0.034
0.059
0.005
0.089
0.002
0.072
0.001
0.047
0.064
0.091
0.037
0.038
0.001
0.056
0.08
0.137
0.224
0.001
0.001
0.003
0.05
0.001
0.043
0.092
0.035
0.001
0.124
0.001
0.002
0.043
0.023
0.002
0.118
0.03
0.004
0.001
0.001
0.053
0.044
0.001
0.034
0.001
0.04
0.072
0.004
0.027
0.058
0.012
0.019
0.068
0.002
0.001
0.003
0.124
0.131
0.002
0.089
0.006
0.143
0.001
0.167
0.075
0.001
0.117
0.166
0.002
0.129
0.047
0.017
0.012
0.041
0.007
0.064
0.003
0.111
0.132
0.05
0.161
0.088
0.001
0.006
0.004
0.021
0.173
0.091
0.003
0.008
0.016
0.129
0.168
0.12
0.046
0.005
0.075
0.012
0.004
0.001
0.035
0.002
0.002
0.019
0.001
0.153
0.001
0.011
0.008
0.077
0.002
0.122
0.039
0.003
0.001
0.001
0.058
0.109
0.075
0.143
0.006
0.003
0.009
0.001
0.004
0.045
0.001
0.002
0.001
0.065
0.001
0.002
0.042
0.009
0.008
0.001
0.001
0.015
0.002
0.009
0.001
0.007
0.044
0.095
0.073
0.002
0.001
0.061
0.023
0.087
0.007
0.001
0.126
0.054
0.01
0.001
0.011
0.002
0.053
0.098
0.037
0.07
0.128
0.129
0.024
0.01
0.147
0.003
0.115
0.003
0.008
0.001
0.001
0.003
0.002
0.003
0.033
0.003
0.003
0.001
0.053
0.026
0.199
0.189
0.001
0.002
0.111
0.01
0.066
0.151
0.003
0.001
0.112
0.267
0.113
0.127
0.111
0.001
0.001
0.086
0.143
0.001
0.014
0.107
0.102
0.147
0.125
0.021
0.001
0.002
0.003
0.031
0.007
0.01
0.024
0.001
0.003
0.081
0.008
0.019
0.009
0.1
0.003
0.002
0.005
0.133
0.03
0.051
0.068
0.062
0.087
0.001
0.001
0.022
0.031
0.003
0.044
0.03
0.001
0.233
0.001
0.006
0.137
0.001
0.093
0.069
0.067
0.001
0.001
0.001
0.001
0.215
0.001
0.131
0.031
0.001
0.001
0.069
0.001
0.034
0.001
0.058
0.148
0.007
0.034
0.004
0.001
0.079
0.091
0.001
0.005
0.094
0.007
0.129
0.012
0.008
0.109
0.111
0.006
0.049
0.078
0.075
0.003
0.013
0.093
0.157
0.129
0.034
0.003
0.058
0.037
0.008
0.002
0.013
0.001
0.003
0.019
0.237
0.084
0.071
0.044
0.041
0.106
0.006
0.001
0.088
0.012
0.017
0.181
0.088
0.003
0.002
0.169
0.072
0.026
0.152
0.001
0.009
0.004
0.044
0.123
0.019
0.039
0.028
0.114
0.054
0.004
0.003
0.001
0.023
0.063
0.129
0.081
0.001
0.193
0.065
0.001
0.034
0.001
0.003
0.125
0.193
0.005
0.023
0.017
0.004
0.015
0.002
0.073
0.154
0.01
0.056
0.144
0.023
0.09
0.004
0.006
0.003
0.002
0.002
0.019
0.001
0.19
0.008
0.001
0.005
0.002
0.198
0.001
0.08
0.01
0.096
0.06
0.132
0.002
0.006
0.024
0.069
0.002
0.006
0.058
0.007
0.135
0.001
0.002
0.005
0.06
0.106
0.054
0.053
0.006
0.001
0.002
0.002
0.016
0.07
0.002
0.027
0.001
0.155
0.001
0.018
0.102
0.08
0.004
0.003
0.17
0.076
0.016
0.049
0.008
0.035
0.002
0.002
0.001
0.08
0.001
0.001
0.07
0.001
0.002
0.145
0.154
0.118
0.016
0.036
0.078
0.005
0.006
0.037
0.049
0.205
0.03
0.09
0.003
0.1
0.112
0.077
0.034
0.042
0.046
0.002
0.114
0.006
0.076
0.001
0.068
0.001
0.003
0.008
0.128
0.001
0.004
0.034
0.136
0.203
0.08
0.002
0.177
0.003
0.006
0.182
0.001
0.003
0.005
0.113
0.11
0.005
0.166
0.004
0.082
0.052
0.006
0.083
0.034
0.209
0.149
0.125
0.004
0.014
0.002
0.001
0.182
0.002
0.044
0.002
0.204
0.109
0.003
0.002
0.048
0.154
0.169
0.206
0.157
0.08
0.003
0.05
0.067
0.08
0.011
0.205
0.145
0.001
0.068
0.068
0.002
0.001
0.005
0.001
0.001
0.001
0.022
0.075
0.001
0.176
0.065
0.001
0.001
0.003
0.068
0.085
0.047
0.001
0.143
0.001
0.219
0.01
0.038
0.007
0.002
0.001
0.001
0.06
0.001
0.176
0.005
0.035
0.013
0.059
0.027
0.085
0.016
0.003
0.044
0.085
0.003
0.252
0.003
0.058
0.001
0.095
0.301
0.159
0.001
0.031
0.051
0.031
0.006
0.002
0.002
0.001
0.003
0.004
0.033
0.12
0.001
0.057
0.126
0.002
0.001
0.149
0.014
0.119
0.046
0.165
0.138
0.001
0.004
0.023
0.086
0.209
0.064
0.001
0.076
0.005
0.002
0.026
0.105
0.105
0.068
0.009
0.034
0.058
0.002
0.006
0.101
0.002
0.003
0.002
0.143
0.049
0.132
0.004
0.089
0.002
0.07
0.085
0.001
0.087
0.037
0.079
0.102
0.057
0.003
0.211
0.017
0.053
0.097
0.003
0.002
0.089
0.004
0.163
0.186
0.001
0.268
0.026
0.034
0.036
0.016
0.008
0.12
0.003
0.081
0.002
0.026
0.002
0.001
0.004
0.07
0.027
0.001
0.021
0.007
0.093
0.156
0.054
0.001
0.123
0.181
0.034
0.001
0.005
0.058
0.003
0.001
0.002
0.004
0.004
0.001
0.005
0.235
0.008
0.141
0.001
0.003
0.003
0.017
0.002
0.003
0.003
0.049
0.001
0.027
0.009
0.001
0.241
0.081
0.001
0.197
0.003
0.081
0.158
0.005
0.088
0.008
0.007
0.001
0.152
0.012
0.092
0.001
0.001
0.001
0.003
0.067
0.002
0.101
0.119
0.114
0.005
0.038
0.103
0.03
0.169
0.019
0.013
0.027
0.001
0.04
0.046
0.001
0.115
0.007
0.004
0.045
0.001
0.045
0.064
0.003
0.088
0.002
0.017
0.066
0.001
0.051
0.003
0.003
0.226
0.001
0.148
0.012
0.108
0.005
0.002
0.009
0.003
0.072
0.042
0.002
0.002
0.3
0.006
0.033
0.007
0.003
0.009
0.001
0.035
0.099
0.117
0.232
0.006
0.001
0.01
0.005
0.006
0.046
0.003
0.092
0.018
0.101
0.013
0.006
0.208
0.001
0.038
0.012
0.001
0.001
0.129
0.008
0.026
0.025
0.199
0.001
0.189
0.005
0.047
0.074
0.144
0.144
0.112
0.078
0.005
0.321
0.005
0.001
0.271
0.132
0.028
0.04
0.003
0.004
0.002
0.025
0.001
0.151
0.045
0.019
0.022
0.18
0.092
0.001
0.185
0.001
0.003
0.008
0.003
0.005
0.001
0.002
0.154
0.004
0.081
0.003
0.006
0.056
0.079
0.12
0.083
0.061
0.12
0.022
0.107
0.042
0.009
0.026
0.001
0.006
0.063
0.008
0.092
0.069
0.021
0.068
0.002
0.009
0.002
0.001
0.005
0.002
0.138
0.004
0.055
0.07
0.001
0.001
0.03
0.066
0.005
0.001
0.016
0.001
0.001
0.007
0.071
0.001
0.001
0.004
0.038
0.004
0.104
0.044
0.026
0.062
0.076
0.02
0.132
0.048
0.166
0.033
0.001
0.043
0.004
0.092
0.002
0.006
0.01
0.003
0.012
0.003
0.006
0.082
0.002
0.076
0.092
0.207
0.048
0.141
0.001
0.02
0.152
0.001
0.006
0.001
0.049
0.004
0.006
0.28
0.004
0.009
0.076
0.001
0.008
0.132
0.003
0.001
0.04
0.028
0.009
0.013
0.112
0.001
0.001
0.078
0.122
0.019
0.08
0.113
0.044
0.094
0.001
0.007
0.091
0.073
0.138
0.002
0.015
0.01
0.001
0.106
0.004
0.049
0.025
0.048
0.099
0.049
0.002
0.064
0.001
0.009
0.063
0.104
0.001
0.079
0.037
0.059
0.214
0.006
0.248
0.003
0.045
0.08
0.001
0.145
0.138
0.129
0.006
0.064
0.007
0.05
0.007
0.125
0.001
0.005
0.027
0.047
0.091
0.002
0.002
0.001
0.033
0.149
0.001
0.091
0.008
0.029
0.001
0.002
0.001
0.001
0.001
0.007
0.001
0.006
0.057
0.062
0.141
0.001
0.034
0.001
0.005
0.212
0.003
0.083
0.051
0.107
0.001
0.001
0.001
0.005
0.004
0.005
0.15
0.005
0.019
0.03
0.069
0.009
0.009
0.14
0.103
0.005
0.021
0.011
0.005
0.001
0.012
0.071
0.009
0.002
0.053
0.064
0.092
0.046
0.067
0.069
0.001
0.012
0.004
0.169
0.15
0.059
0.006
0.001
0.096
0.065
0.004
0.025
0.001
0.003
0.076
0.156
0.061
0.016
0.002
0.063
0.031
0.005
0.001
0.059
0.01
0.021
0.002
0.035
0.004
0.001
0.003
0.177
0.14
0.199
0.122
0.002
0.005
0.001
0.001
0.001
0.041
0.009
0.002
0.105
0.002
0.002
0.051
0.307
0.002
0.148
0.135
0.006
0.073
0.105
0.008
0.004
0.026
0.015
0.047
0.095
0.001
0.01
0.035
0.079
0.063
0.061
0.003
0.086
0.069
0.005
0.255
0.058
0.003
0.02
0.004
0.089
0.085
0.067
0.004
0.009
0.002
0.004
0.002
0.035
0.05
0.002
0.002
0.004
0.001
0.001
0.007
0.082
0.058
0.139
0.002
0.012
0.001
0.041
0.005
0.032
0.086
0.003
0.026
0.162
0.018
0.046
0.001
0.195
0.07
0.158
0.048
0.06
0.12
0.005
0.005
0.063
0.016
0.002
0.002
0.064
0.121
0.022
0.075
0.028
0.122
0.001
0.016
0.001
0.002
0.005
0.05
0.001
0.111
0.136
0.176
0.001
0.003
0.069
0.001
0.006
0.074
0.039
0.001
0.102
0.017
0.001
0.079
0.001
0.001
0.005
0.168
0.171
0.02
0.141
0.274
0.005
0.117
0.001
0.102
0.033
0.001
0.003
0.047
0.001
0.001
0.001
0.123
0.004
0.105
0.009
0.15
0.001
0.349
0.003
0.001
0.006
0.001
0.002
0.212
0.045
0.041
0.006
0.002
0.003
0.005
0.068
0.071
0.05
0.001
0.119
0.016
0.059
0.021
0.088
0.034
0.037
0.027
0.004
0.067
0.028
0.098
0.01
0.001
0.003
0.076
0.001
0.003
0.002
0.001
0.005
0.002
0.001
0.127
0.095
0.123
0.246
0.224
0.043
0.051
0.022
0.078
0.002
0.001
0.008
0.001
0.003
0.001
0.037
0.013
0.139
0.06
0.1
0.001
0.002
0.006
0.002
0.007
0.154
0.115
0.005
0.05
0.001
0.147
0.001
0.005
0.001
0.001
0.106
0.053
0.002
0.047
0.006
0.03
0.147
0.007
0.078
0.006
0.001
0.059
0.006
0.126
0.003
0.072
0.137
0.001
0.102
0.23
0.005
0.006
0.001
0.028
0.106
0.041
0.001
0.001
0.001
0.081
0.011
0.004
0.15
0.076
0.08
0.22
0.131
0.086
0.179
0.054
0.001
0.001
0.071
0.005
0.06
0.187
0.003
0.003
0.005
0.133
0.191
0.042
0.099
0.002
0.014
0.001
0.194
0.184
0.001
0.11
0.07
0.004
0.001
0.209
0.032
0.226
0.002
0.003
0.008
0.05
0.236
0.001
0.129
0.025
0.002
0.121
0.002
0.004
0.071
0.001
0.003
0.003
0.257
0.001
0.001
0.071
0.111
0.001
0.019
0.065
0.132
0.079
0.079
0.2
0.005
0.039
0.004
0.069
0.005
0.009
0.1
0.169
0.174
0.179
0.162
0.002
0.004
0.106
0.036
0.054
0.176
0.005
0.166
0.004
0.153
0.001
0.002
0.158
0.004
0.011
0.037
0.006
0.006
0.125
0.057
0.002
0.017
0.003
0.01
0.108
0.001
0.057
0.001
0.142
0.191
0.002
0.001
0.261
0.06
0.118
0.129
0.169
0.122
0.001
0.057
0.005
0.084
0.001
0.001
0.001
0.002
0.001
0.112
0.005
0.002
0.218
0.001
0.003
0.217
0.001
0.112
0.003
0.007
0.03
0.053
0.001
0.185
0.216
0.004
0.01
0.001
0.002
0.003
0.213
0.001
0.095
0.012
0.002
0.205
0.043
0.035
0.001
0.249
0.002
0.233
0.003
0.003
0.001
0.073
0.018
0.084
0.173
0.002
0.006
0.001
0.005
0.004
0.152
0.002
0.011
0.001
0.115
0.096
0.007
0.017
0.009
0.001
0.023
0.014
0.068
0.07
0.003
0.082
0.061
0.198
0.321
0.033
0.006
0.101
0.057
0.139
0.037
0.126
0.011
0.003
0.004
0.068
0.056
0.006
0.005
0.038
0.094
0.002
0.002
0.181
0.206
0.003
0.006
0.063
0.009
0.001
0.042
0.012
0.06
0.175
0.035
0.014
0.067
0.109
0.047
0.004
0.071
0.053
0.124
0.006
0.049
0.033
0.002
0.004
0.02
0.004
0.044
0.001
0.001
0.08
0.192
0.155
0.002
0.002
0.001
0.185
0.132
0.004
0.013
0.109
0.003
0.008
0.101
0.022
0.103
0.082
0.006
0.055
0.037
0.001
0.002
0.044
0.078
0.003
0.001
0.093
0.003
0.003
0.118
0.045
0.027
0.327
0.002
0.18
0.111
0.001
0.001
0.002
0.097
0.077
0.049
0.004
0.004
0.003
0.002
0.001
0.054
0.108
0.081
0.086
0.04
0.002
0.048
0.001
0.017
0.004
0.074
0.01
0.14
0.001
0.049
0.233
0.002
0.005
0.001
0.231
0.143
0.002
0.002
0.003
0.003
0.002
0.039
0.062
0.001
0.005
0.014
0.003
0.031
0.001
0.006
0.003
0.008
0.001
0.002
0.056
0.001
0.037
0.009
0.001
0.159
0.108
0.001
0.105
0.001
0.137
0.001
0.241
0.006
0.04
0.001
0.002
0.082
0.059
0.05
0.001
0.117
0.087
0.039
0.008
0.001
0.046
0.002
0.004
0.009
0.215
0.09
0.053
0.103
0.002
0.009
0.133
0.01
0.258
0.029
0.001
0.008
0.13
0.007
0.153
0.08
0.012
0.001
0.087
0.038
0.074
0.183
0.003
0.042
0.057
0.002
0.072
0.063
0.08
0.012
0.122
0.002
0.001
0.134
0.061
0.001
0.007
0.001
0.005
0.01
0.147
0.001
0.017
0.001
0.005
0.146
0.062
0.008
0.06
0.001
0.224
0.023
0.052
0.001
0.003
0.003
0.002
0.003
0.104
0.107
0.002
0.06
0.169
0.014
0.001
0.11
0.001
0.006
0.167
0.001
0.033
0.001
0.259
0.017
0.006
0.002
0.248
0.001
0.002
0.002
0.002
0.005
0.003
0.101
0.084
0.079
0.005
0.063
0.001
0.067
0.158
0.002
0.001
0.003
0.002
0.005
0.001
0.029
0.116
0.001
0.03
0.008
0.003
0.056
0.003
0.003
0.261
0.114
0.001
0.008
0.089
0.009
0.129
0.002
0.006
0.001
0.002
0.02
0.047
0.04
0.116
0.117
0.072
0.002
0.002
0.033
0.001
0.06
0.102
0.005
0.193
0.004
0.001
0.023
0.001
0.001
0.006
0.01
0.001
0.018
0.001
0.012
0.001
0.152
0.007
0.002
0.003
0.092
0.004
0.007
0.005
0.003
0.001
0.003
0.003
0.001
0.025
0.001
0.075
0.01
0.077
0.002
0.008
0.004
0.138
0.038
0.086
0.003
0.097
0.001
0.105
0.013
0.001
0.001
0.002
0.01
0.1
0.157
0.001
0.004
0.049
0.158
0.085
0.002
0.003
0.06
0.005
0.001
0.004
0.051
0.001
0.001
0.122
0.098
0.108
0.083
0.005
0.08
0.135
0.217
0.076
0.071
0.147
0.002
0.121
0.018
0.009
0.001
0.001
0.018
0.053
0.133
0.059
0.007
0.096
0.137
0.012
0.164
0.106
0.12
0.004
0.154
0.099
0.091
0.005
0.049
0.012
0.057
0.03
0.001
0.057
0.003
0.002
0.027
0.181
0.001
0.085
0.015
0.001
0.011
0.07
0.162
0.01
0.007
0.008
0.137
0.006
0.102
0.003
0.132
0.171
0.052
0.085
0.003
0.003
0.002
0.102
0.004
0.106
0.003
0.05
0.002
0.001
0.057
0.023
0.19
0.008
0.001
0.013
0.002
0.009
0.108
0.001
0.001
0.036
0.129
0.136
0.095
0.004
0.036
0.131
0.079
0.138
0.064
0.093
0.088
0.004
0.031
0.003
0.001
0.002
0.165
0.005
0.003
0.002
0.135
0.038
0.024
0.087
0.116
0.006
0.005
0.055
0.001
0.029
0.113
0.001
0.02
0.193
0.021
0.123
0.03
0.018
0.224
0.001
0.22
0.003
0.002
0.21
0.073
0.347
0.193
0.18
0.062
0.002
0.092
0.001
0.041
0.013
0.001
0.003
0.005
0.05
0.002
0.087
0.005
0.001
0.001
0.045
0.001
0.052
0.001
0.026
0.114
0.002
0.062
0.002
0.002
0.005
0.009
0.001
0.001
0.002
0.002
0.002
0.048
0.019
0.001
0.001
0.008
0.139
0.046
0.053
0.032
0.002
0.137
0.104
0.028
0.076
0.069
0.009
0.034
0.255
0.035
0.012
0.001
0.012
0.001
0.004
0.004
0.007
0.001
0.006
0.09
0.046
0.001
0.027
0.001
0.009
0.098
0.001
0.005
0.007
0.204
0.1
0.033
0.052
0.001
0.001
0.039
0.001
0.031
0.002
0.008
0.036
0.002
0.006
0.013
0.002
0.006
0.151
0.045
0.001
0.024
0.097
0.002
0.044
0.049
0.104
0.091
0.07
0.003
0.001
0.002
0.062
0.004
0.002
0.003
0.002
0.07
0.121
0.302
0.104
0.044
0.001
0.005
0.129
0.031
0.001
0.001
0.003
0.096
0.001
0.004
0.106
0.107
0.173
0.064
0.005
0.031
0.001
0.025
0.005
0.002
0.001
0.074
0.001
0.084
0.12
0.036
0.19
0.083
0.003
0.169
0.003
0.001
0.001
0.022
0.06
0.185
0.004
0.039
0.003
0.003
0.004
0.214
0.123
0.001
0.052
0.209
0.004
0.001
0.135
0.006
0.044
0.001
0.096
0.005
0.001
0.152
0.155
0.3
0.248
0.002
0.003
0.06
0.001
0.002
0.002
0.08
0.002
0.127
0.001
0.095
0.002
0.001
0.021
0.037
0.144
0.015
0.002
0.002
0.001
0.002
0.157
0.001
0.003
0.001
0.003
0.003
0.001
0.07
0.064
0.269
0.209
0.045
0.093
0.147
0.131
0.136
0.053
0.001
0.054
0.094
0.07
0.148
0.156
0.001
0.023
0.029
0.002
0.007
0.029
0.011
0.001
0.1
0.004
0.045
0.008
0.003
0.018
0.05
0.032
0.006
0.16
0.007
0.009
0.001
0.001
0.001
0.001
0.007
0.103
0.003
0.001
0.003
0.001
0.133
0.118
0.033
0.008
0.004
0.006
0.055
0.116
0.123
0.048
0.002
0.138
0.099
0.002
0.037
0.001
0.042
0.029
0.003
0.1
0.005
0.001
0.105
0.001
0.154
0.021
0.003
0.005
0.111
0.005
0.108
0.001
0.062
0.032
0.001
0.224
0.001
0.125
0.065
0.088
0.03
0.076
0.003
0.006
0.001
0.003
0.009
0.004
0.001
0.088
0.126
0.211
0.001
0.02
0.055
0.052
0.26
0.002
0.008
0.114
0.034
0.074
0.141
0.027
0.101
0.123
0.22
0.061
0.061
0.137
0.176
0.085
0.004
0.001
0.056
0.248
0.11
0.177
0.02
0.001
0.051
0.004
0.002
0.001
0.057
0.007
0.275
0.006
0.321
0.015
0.027
0.001
0.001
0.024
0.066
0.002
0.069
0.055
0.003
0.001
0.001
0.028
0.016
0.127
0.002
0.002
0.075
0.156
0.001
0.133
0.004
0.001
0.013
0.009
0.008
0.25
0.106
0.069
0.004
0.131
0.047
0.001
0.208
0.174
0.059
0.002
0.039
0.022
0.21
0.002
0.002
0.027
0.152
0.04
0.004
0.076
0.052
0.057
0.015
0.002
0.076
0.002
0.036
0.038
0.005
0.001
0.001
0.002
0.006
0.087
0.049
0.031
0.001
0.311
0.156
0.081
0.001
0.001
0.056
0.008
0.061
0.039
0.001
0.01
0.04
0.009
0.004
0.012
0.002
0.101
0.112
0.002
0.011
0.154
0.062
0.002
0.001
0.002
0.025
0.001
0.001
0.072
0.001
0.027
0.004
0.058
0.235
0.009
0.208
0.001
0.003
0.058
0.003
0.145
0.063
0.007
0.068
0.257
0.004
0.151
0.002
0.002
0.001
0.001
0.008
0.047
0.002
0.002
0.105
0.001
0.003
0.002
0.001
0.06
0.012
0.035
0.037
0.004
0.003
0.003
0.205
0.002
0.012
0.069
0.078
0.141
0.008
0.008
0.003
0.024
0.004
0.002
0.005
0.001
0.001
0.001
0.001
0.117
0.002
0.011
0.028
0.277
0.142
0.001
0.004
0.001
0.001
0.054
0.001
0.001
0.003
0.116
0.001
0.003
0.034
0.213
0.029
0.004
0.08
0.002
0.001
0.048
0.118
0.281
0.118
0.071
0.001
0.004
0.097
0.133
0.073
0.101
0.01
0.021
0.075
0.021
0.096
0.001
0.006
0.001
0.001
0.026
0.037
0.001
0.013
0.173
0.005
0.015
0.205
0.007
0.001
0.001
0.001
0.006
0.023
0.053
0.031
0.109
0.003
0.145
0.001
0.052
0.001
0.001
0.005
0.003
0.06
0.018
0.007
0.045
0.068
0.003
0.114
0.008
0.001
0.001
0.123
0.035
0.003
0.004
0.011
0.207
0.002
0.224
0.004
0.035
0.005
0.067
0.002
0.003
0.002
0.011
0.125
0.001
0.002
0.003
0.001
0.008
0.001
0.004
0.03
0.001
0.001
0.001
0.112
0.078
0.056
0.057
0.007
0.058
0.042
0.08
0.002
0.004
0.007
0.006
0.001
0.11
0.065
0.003
0.246
0.001
0.032
0.315
0.196
0.001
0.016
0.13
0.034
0.005
0.003
0.001
0.003
0.198
0.001
0.267
0.002
0.005
0.199
0.006
0.004
0.058
0.107
0.046
0.002
0.043
0.002
0.001
0.001
0.169
0.376
0.004
0.094
0.004
0.003
0.204
0.114
0.003
0.049
0.109
0.001
0.001
0.036
0.001
0.155
0.139
0.003
0.019
0.01
0.181
0.008
0.001
0.025
0.159
0.066
0.001
0.119
0.05
0.09
0.061
0.003
0.246
0.156
0.001
0.001
0.003
0.001
0.003
0.203
0.001
0.001
0.005
0.073
0.003
0.088
0.001
0.028
0.005
0.024
0.001
0.031
0.214
0.005
0.065
0.004
0.172
0.028
0.09
0.095
0.066
0.002
0.001
0.001
0.218
0.001
0.015
0.259
0.003
0.14
0.003
0.007
0.207
0.197
0.016
0.001
0.091
0.036
0.003
0.005
0.052
0.11
0.064
0.024
0.064
0.002
0.071
0.001
0.042
0.058
0.001
0.002
0.003
0.08
0.103
0.072
0.001
0.006
0.048
0.011
0.006
0.062
0.292
0.076
0.005
0.003
0.064
0.038
0.187
0.056
0.087
0.074
0.005
0.022
0.012
0.052
0.001
0.082
0.001
0.153
0.019
0.035
0.03
0.087
0.003
0.001
0.088
0.086
0.003
0.026
0.002
0.052
0.144
0.032
0.081
0.008
0.102
0.001
0.001
0.063
0.003
0.027
0.019
0.001
0.051
0.001
0.052
0.078
0.007
0.074
0.009
0.011
0.03
0.024
0.044
0.001
0.005
0.006
0.001
0.05
0.324
0.003
0.003
0.11
0.005
0.064
0.008
0.002
0.001
0.021
0.064
0.001
0.241
0.143
0.001
0.019
0.026
0.009
0.021
0.198
0.003
0.008
0.001
0.072
0.07
0.103
0.133
0.072
0.119
0.087
0.001
0.003
0.151
0.107
0.003
0.03
0.053
0.001
0.004
0.01
0.002
0.053
0.058
0.015
0.004
0.004
0.003
0.011
0.002
0.063
0.07
0.092
0.005
0.04
0.039
0.001
0.003
0.003
0.007
0.008
0.022
0.005
0.002
0.007
0.154
0.011
0.055
0.01
0.009
0.054
0.002
0.008
0.109
0.227
0.09
0.059
0.008
0.005
0.158
0.002
0.002
0.086
0.002
0.173
0.011
0.005
0.012
0.002
0.071
0.033
0.07
0.221
0.003
0.043
0.004
0.104
0.143
0.006
0.07
0.071
0.085
0.001
0.022
0.001
0.003
0.018
0.011
0.028
0.206
0.008
0.001
0.047
0.001
0.044
0.001
0.113
0.009
0.004
0.061
0.001
0.001
0.002
0.003
0.001
0.001
0.043
0.001
0.002
0.006
0.12
0.086
0.141
0.074
0.172
0.045
0.002
0.004
0.014
0.134
0.096
0.001
0.195
0.001
0.003
0.001
0.001
0.098
0.177
0.001
0.004
0.065
0.068
0.001
0.005
0.028
0.003
0.159
0.005
0.001
0.001
0.07
0.003
0.083
0.002
0.027
0.001
0.003
0.002
0.072
0.072
0.009
0.048
0.053
0.004
0.001
0.003
0.098
0.009
0.04
0.002
0.007
0.005
0.056
0.027
0.092
0.004
0.096
0.001
0.022
0.058
0.001
0.001
0.178
0.051
0.013
0.003
0.023
0.021
0.025
0.058
0.017
0.216
0.043
0.001
0.003
0.023
0.006
0.133
0.04
0.075
0.008
0.046
0.003
0.006
0.124
0.002
0.124
0.002
0.032
0.001
0.046
0.003
0.023
0.016
0.057
0.008
0.005
0.065
0.004
0.186
0.06
0.1
0.074
0.177
0.007
0.168
0.002
0.004
0.067
0.005
0.065
0.006
0.002
0.005
0.002
0.001
0.123
0.027
0.005
0.135
0.032
0.001
0.001
0.022
0.002
0.001
0.106
0.003
0.098
0.223
0.086
0.004
0.168
0.074
0.046
0.082
0.069
0.08
0.074
0.076
0.002
0.019
0.002
0.02
0.009
0.087
0.211
0.002
0.173
0.006
0.001
0.085
0.002
0.004
0.122
0.135
0.001
0.001
0.071
0.001
0.001
0.001
0.278
0.071
0.004
0.005
0.009
0.099
0.087
0.003
0.006
0.002
0.001
0.002
0.001
0.047
0.001
0.045
0.006
0.059
0.05
0.015
0.001
0.045
0.001
0.052
0.001
0.169
0.002
0.003
0.008
0.048
0.112
0.003
0.003
0.133
0.007
0.04
0.006
0.003
0.002
0.001
0.002
0.008
0.116
0.002
0.063
0.066
0.104
0.051
0.082
0.058
0.049
0.11
0.011
0.011
0.126
0.001
0.168
0.24
0.001
0.005
0.071
0.021
0.005
0.049
0.001
0.012
0.002
0.03
0.031
0.257
0.135
0.001
0.004
0.025
0.001
0.002
0.004
0.294
0.003
0.127
0.032
0.001
0.002
0.072
0.157
0.002
0.001
0.001
0.001
0.004
0.006
0.087
0.045
0.069
0.207
0.001
0.001
0.006
0.002
0.001
0.006
0.001
0.037
0.048
0.007
0.004
0.135
0.05
0.002
0.044
0.002
0.104
0.232
0.012
0.266
0.03
0.106
0.001
0.014
0.069
0.002
0.001
0.003
0.053
0.068
0.002
0.003
0.001
0.075
0.049
0.108
0.076
0.003
0.111
0.081
0.005
0.005
0.177
0.036
0.143
0.131
0.134
0.001
0.011
0.017
0.102
0.025
0.001
0.287
0.018
0.028
0.205
0.083
0.232
0.003
0.057
0.068
0.095
0.044
0.043
0.002
0.044
0.135
0.001
0.003
0.049
0.088
0.007
0.043
0.001
0.037
0.028
0.065
0.004
0.001
0.002
0.094
0.004
0.206
0.165
0.011
0.058
0.012
0.002
0.002
0.092
0.161
0.004
0.005
0.002
0.037
0.002
0.001
0.171
0.133
0.001
0.002
0.2
0.112
0.057
0.094
0.072
0.004
0.036
0.058
0.001
0.002
0.014
0.007
0.001
0.108
0.136
0.123
0.004
0.075
0.006
0.108
0.097
0.001
0.08
0.002
0.035
0.002
0.001
0.062
0.057
0.015
0.003
0.001
0.041
0.001
0.15
0.001
0.085
0.003
0.203
0.001
0.012
0.002
0.003
0.065
0.102
0.051
0.383
0.03
0.003
0.002
0.026
0.003
0.057
0.029
0.099
0.005
0.004
0.089
0.085
0.006
0.066
0.169
0.001
0.001
0.191
0.011
0.026
0.068
0.147
0.001
0.087
0.036
0.001
0.005
0.006
0.001
0.037
0.005
0.005
0.05
0.004
0.075
0.043
0.056
0.012
0.002
0.056
0.173
0.053
0.293
0.082
0.037
0.006
0.046
0.001
0.077
0.23
0.071
0.004
0.066
0.002
0.019
0.14
0.001
0.002
0.012
0.139
0.067
0.004
0.092
0.001
0.017
0.147
0.001
0.004
0.105
0.11
0.148
0.001
0.083
0.008
0.089
0.088
0.004
0.002
0.069
0.145
0.262
0.01
0.042
0.002
0.005
0.001
0.011
0.006
0.023
0.001
0.002
0.033
0.001
0.034
0.142
0.001
0.001
0.123
0.121
0.123
0.078
0.015
0.008
0.001
0.077
0.006
0.071
0.001
0.202
0.066
0.029
0.004
0.133
0.055
0.003
0.135
0.006
0.001
0.008
0.005
0.069
0.001
0.001
0.008
0.001
0.003
0.118
0.002
0.101
0.003
0.002
0.131
0.019
0.019
0.085
0.002
0.244
0.148
0.067
0.002
0.136
0.002
0.018
0.001
0.192
0.114
0.003
0.001
0.005
0.136
0.008
0.035
0.173
0.146
0.097
0.001
0.086
0.001
0.04
0.023
0.077
0.001
0.138
0.004
0.015
0.004
0.105
0.161
0.083
0.081
0.001
0.052
0.001
0.016
0.081
0.001
0.072
0.12
0.002
0.192
0.001
0.002
0.165
0.002
0.122
0.123
0.122
0.101
0.06
0.001
0.082
0.057
0.234
0.002
0.005
0.134
0.024
0.014
0.02
0.039
0.041
0.001
0.064
0.001
0.298
0.115
0.001
0.151
0.02
0.098
0.137
0.001
0.107
0.001
0.002
0.152
0.161
0.04
0.02
0.005
0.085
0.005
0.108
0.077
0.006
0.09
0.001
0.126
0.039
0.002
0.104
0.111
0.005
0.001
0.001
0.002
0.001
0.077
0.169
0.146
0.007
0.114
0.006
0.014
0.172
0.011
0.174
0.003
0.003
0.002
0.097
0.11
0.125
0.006
0.004
0.211
0.029
0.091
0.132
0.002
0.103
0.171
0.023
0.001
0.002
0.001
0.006
0.002
0.001
0.087
0.046
0.081
0.021
0.001
0.025
0.064
0.052
0.059
0.004
0.002
0.005
0.001
0.002
0.062
0.066
0.115
0.093
0.25
0.118
0.147
0.004
0.083
0.003
0.003
0.017
0.137
0.175
0.021
0.006
0.111
0.001
0.009
0.025
0.014
0.002
0.003
0.052
0.042
0.024
0.138
0.073
0.002
0.121
0.005
0.003
0.001
0.005
0.008
0.001
0.207
0.003
0.026
0.003
0.002
0.008
0.032
0.101
0.011
0.006
0.119
0.121
0.057
0.051
0.148
0.069
0.001
0.048
0.003
0.037
0.017
0.002
0.067
0.002
0.08
0.12
0.104
0.004
0.073
0.003
0.044
0.003
0.001
0.001
0.166
0.187
0.003
0.001
0.079
0.017
0.001
0.094
0.062
0.045
0.001
0.002
0.132
0.001
0.078
0.074
0.099
0.001
0.002
0.01
0.002
0.027
0.154
0.081
0.007
0.053
0.001
0.001
0.002
0.06
0.006
0.006
0.102
0.028
0.003
0.003
0.063
0.056
0.007
0.003
0.109
0.001
0.004
0.003
0.088
0.055
0.001
0.013
0.066
0.171
0.121
0.038
0.001
0.002
0.103
0.005
0.283
0.045
0.002
0.004
0.004
0.051
0.026
0.134
0.005
0.03
0.159
0.003
0.074
0.001
0.005
0.001
0.133
0.004
0.029
0.195
0.001
0.016
0.001
0.107
0.132
0.045
0.007
0.02
0.004
0.003
0.003
0.063
0.087
0.006
0.055
0.001
0.001
0.105
0.121
0.021
0.158
0.001
0.008
0.009
0.002
0.282
0.063
0.162
0.004
0.037
0.029
0.001
0.054
0.007
0.144
0.001
0.001
0.005
0.064
0.152
0.076
0.002
0.001
0.011
0.097
0.062
0.001
0.029
0.023
0.005
0.139
0.024
0.129
0.005
0.127
0.011
0.001
0.018
0.012
0.001
0.113
0.08
0.022
0.001
0.001
0.167
0.023
0.001
0.136
0.003
0.002
0.004
0.053
0.167
0.077
0.102
0.003
0.149
0.115
0.001
0.001
0.029
0.002
0.102
0.002
0.064
0.077
0.044
0.001
0.002
0.054
0.134
0.004
0.119
0.007
0.049
0.212
0.001
0.001
0.002
0.024
0.005
0.001
0.016
0.113
0.017
0.004
0.05
0.017
0.213
0.002
0.068
0.053
0.026
0.002
0.006
0.078
0.001
0.054
0.001
0.075
0.023
0.025
0.197
0.053
0.104
0.044
0.038
0.074
0.037
0.185
0.103
0.013
0.001
0.072
0.014
0.005
0.004
0.06
0.01
0.039
0.002
0.031
0.03
0.033
0.001
0.001
0.002
0.005
0.002
0.004
0.005
0.006
0.002
0.078
0.002
0.04
0.071
0.141
0.086
0.007
0.005
0.004
0.002
0.004
0.072
0.009
0.001
0.001
0.022
0.001
0.148
0.005
0.012
0.176
0.001
0.003
0.001
0.007
0.003
0.02
0.114
0.099
0.001
0.019
0.002
0.002
0.003
0.005
0.018
0.158
0.004
0.002
0.003
0.001
0.001
0.134
0.009
0.04
0.001
0.197
0.026
0.004
0.167
0.163
0.087
0.086
0.001
0.033
0.005
0.345
0.15
0.191
0.002
0.001
0.07
0.005
0.053
0.073
0.081
0.001
0.001
0.049
0.11
0.034
0.003
0.002
0.001
0.022
0.09
0.119
0.088
0.003
0.07
0.046
0.009
0.001
0.129
0.172
0.004
0.083
0.084
0.268
0.001
0.207
0.007
0.061
0.073
0.206
0.096
0.008
0.06
0.07
0.058
0.062
0.04
0.002
0.116
0.003
0.022
0.053
0.002
0.106
0.119
0.022
0.003
0.001
0.035
0.004
0.003
0.028
0.011
0.147
0.05
0.001
0.011
0.003
0.001
0.084
0.011
0.001
0.004
0.104
0.175
0.006
0.001
0.015
0.005
0.004
0.001
0.001
0.076
0.007
0.001
0.182
0.138
0.005
0.001
0.004
0.014
0.001
0.001
0.001
0.048
0.168
0.265
0.003
0.175
0.001
0.012
0.039
0.046
0.001
0.051
0.214
0.024
0.13
0.003
0.001
0.001
0.287
0.046
0.066
0.143
0.015
0.001
0.004
0.038
0.222
0.099
0.001
0.196
0.004
0.003
0.073
0.003
0.041
0.002
0.011
0.016
0.003
0.005
0.007
0.001
0.002
0.108
0.003
0.079
0.001
0.004
0.05
0.105
0.061
0.002
0.001
0.102
0.124
0.003
0.001
0.121
0.002
0.094
0.029
0.062
0.108
0.008
0.021
0.001
0.016
0.066
0.147
0.065
0.002
0.005
0.003
0.001
0.185
0.002
0.007
0.148
0.001
0.111
0.003
0.075
0.096
0.005
0.07
0.029
0.092
0.003
0.106
0.001
0.003
0.059
0.001
0.001
0.047
0.004
0.003
0.001
0.253
0.126
0.096
0.269
0.003
0.007
0.011
0.011
0.001
0.015
0.007
0.148
0.012
0.003
0.11
0.076
0.006
0.121
0.039
0.006
0.001
0.001
0.001
0.002
0.003
0.002
0.001
0.06
0.006
0.001
0.022
0.016
0.054
0.003
0.043
0.16
0.035
0.037
0.073
0.001
0.032
0.071
0.001
0.02
0.03
0.088
0.077
0.141
0.093
0.147
0.09
0.014
0.01
0.001
0.159
0.116
0.007
0.002
0.002
0.009
0.044
0.002
0.003
0.002
0.098
0.175
0.235
0.127
0.007
0.043
0.014
0.033
0.001
0.053
0.004
0.003
0.173
0.012
0.029
0.108
0.049
0.004
0.012
0.184
0.02
0.016
0.002
0.104
0.011
0.073
0.007
0.001
0.164
0.146
0.017
0.001
0.053
0.002
0.005
0.118
0.001
0.001
0.166
0.119
0.002
0.001
0.001
0.13
0.036
0.001
0.154
0.006
0.001
0.003
0.045
0.003
0.351
0.002
0.003
0.003
0.148
0.001
0.035
0.067
0.256
0.081
0.003
0.054
0.01
0.005
0.102
0.002
0.001
0.001
0.047
0.001
0.116
0.064
0.004
0.001
0.007
0.209
0.001
0.039
0.001
0.026
0.184
0.008
0.001
0.123
0.088
0.099
0.003
0.001
0.002
0.001
0.001
0.098
0.003
0.002
0.002
0.001
0.007
0.003
0.055
0.003
0.011
0.055
0.002
0.098
0.004
0.005
0.035
0.002
0.027
0.164
0.041
0.002
0.019
0.001
0.001
0.079
0.102
0.001
0.163
0.013
0.006
0.077
0.102
0.299
0.001
0.001
0.091
0.072
0.001
0.017
0.02
0.119
0.039
0.001
0.26
0.001
0.017
0.02
0.003
0.184
0.003
0.002
0.075
0.005
0.097
0.005
0.004
0.065
0.132
0.001
0.001
0.025
0.002
0.001
0.005
0.107
0.001
0.007
0.138
0.001
0.118
0.005
0.002
0.001
0.02
0.027
0.032
0.001
0.044
0.1
0.004
0.008
0.098
0.033
0.084
0.001
0.001
0.135
0.001
0.025
0.004
0.07
0.072
0.001
0.016
0.015
0.008
0.124
0.06
0.108
0.019
0.16
0.164
0.004
0.001
0.047
0.001
0.003
0.001
0.274
0.05
0.004
0.013
0.12
0.005
0.001
0.001
0.001
0.011
0.084
0.016
0.156
0.027
0.037
0.003
0.124
0.002
0.001
0.02
0.002
0.143
0.105
0.199
0.017
0.151
0.068
0.031
0.145
0.001
0.007
0.003
0.002
0.061
0.033
0.008
0.001
0.032
0.018
0.078
0.023
0.001
0.003
0.096
0.002
0.012
0.003
0.002
0.082
0.056
0.038
0.002
0.19
0.002
0.003
0.017
0.003
0.024
0.01
0.053
0.001
0.056
0.004
0.001
0.074
0.006
0.031
0.002
0.003
0.002
0.12
0.152
0.032
0.005
0.005
0.091
0.003
0.003
0.022
0.002
0.025
0.006
0.005
0.077
0.033
0.012
0.044
0.036
0.065
0.002
0.144
0.045
0.034
0.002
0.149
0.01
0.118
0.209
0.001
0.002
0.001
0.004
0.001
0.006
0.084
0.088
0.003
0.004
0.103
0.001
0.041
0.001
0.001
0.001
0.043
0.047
0.001
0.01
0.083
0.156
0.036
0.016
0.014
0.062
0.004
0.005
0.001
0.004
0.096
0.001
0.002
0.001
0.106
0.009
0.121
0.004
0.003
0.006
0.006
0.006
0.043
0.145
0.023
0.017
0.005
0.001
0.001
0.001
0.003
0.054
0.096
0.018
0.001
0.074
0.048
0.003
0.001
0.024
0.001
0.003
0.001
0.008
0.003
0.253
0.013
0.146
0.173
0.108
0.001
0.004
0.006
0.002
0.101
0.001
0.09
0.002
0.001
0.007
0.008
0.131
0.079
0.057
0.232
0.049
0.006
0.003
0.267
0.001
0.014
0.002
0.001
0.004
0.001
0.007
0.047
0.029
0.03
0.084
0.036
0.062
0.001
0.313
0.149
0.001
0.007
0.005
0.046
0.011
0.126
0.049
0.062
0.004
0.183
0.069
0.002
0.003
0.008
0.001
0.004
0.156
0.002
0.1
0.043
0.128
0.001
0.059
0.069
0.001
0.238
0.001
0.003
0.001
0.259
0.005
0.003
0.071
0.008
0.005
0.065
0.062
0.001
0.008
0.001
0.093
0.002
0.06
0.102
0.001
0.022
0.012
0.075
0.001
0.145
0.001
0.184
0.14
0.006
0.11
0.174
0.006
0.001
0.003
0.037
0.015
0.002
0.114
0.003
0.126
0.001
0.002
0.005
0.108
0.222
0.06
0.102
0.077
0.234
0.104
0.001
0.002
0.137
0.064
0.02
0.141
0.118
0.005
0.162
0.021
0.144
0.064
0.121
0.077
0.096
0.052
0.005
0.004
0.063
0.079
0.001
0.005
0.196
0.19
0.124
0.119
0.012
0.003
0.001
0.101
0.062
0.042
0.107
0.069
0.216
0.084
0.007
0.064
0.005
0.125
0.002
0.001
0.082
0.067
0.189
0.183
0.121
0.088
0.09
0.001
0.005
0.007
0.001
0.005
0.124
0.099
0.004
0.003
0.04
0.001
0.003
0.075
0.021
0.249
0.001
0.08
0.076
0.007
0.136
0.016
0.039
0.185
0.046
0.004
0.171
0.003
0.003
0.061
0.053
0.207
0.153
0.059
0.001
0.134
0.001
0.087
0.035
0.001
0.146
0.003
0.019
0.002
0.128
0.044
0.001
0.008
0.09
0.005
0.188
0.15
0.247
0.043
0.132
0.001
0.052
0.001
0.019
0.001
0.003
0.002
0.18
0.005
0.004
0.004
0.128
0.146
0.083
0.039
0.001
0.134
0.101
0.011
0.206
0.007
0.004
0.018
0.073
0.002
0.004
0.001
0.008
0.001
0.125
0.165
0.036
0.08
0.006
0.004
0.014
0.089
0.001
0.009
0.001
0.004
0.061
0.128
0.002
0.128
0.069
0.04
0.001
0.002
0.094
0.144
0.131
0.003
0.001
0.157
0.076
0.074
0.007
0.001
0.002
0.021
0.008
0.001
0.001
0.164
0.001
0.155
0.074
0.002
0.003
0.001
0.352
0.003
0.001
0.145
0.001
0.001
0.305
0.041
0.007
0.001
0.002
0.001
0.001
0.001
0.2
0.005
0.001
0.002
0.003
0.008
0.009
0.001
0.129
0.003
0.001
0.028
0.012
0.001
0.082
0.116
0.169
0.033
0.001
0.001
0.005
0.003
0.101
0.048
0.005
0.006
0.121
0.01
0.102
0.006
0.15
0.001
0.398
0.185
0.013
0.021
0.007
0.029
0.001
0.07
0.004
0.005
0.016
0.071
0.095
0.001
0.062
0.004
0.003
0.005
0.001
0.015
0.036
0.045
0.004
0.155
0.213
0.002
0.035
0.087
0.14
0.004
0.088
0.003
0.074
0.048
0.173
0.089
0.193
0.151
0.046
0.003
0.004
0.047
0.001
0.015
0.001
0.006
0.004
0.001
0.057
0.002
0.028
0.003
0.066
0.001
0.041
0.001
0.168
0.004
0.006
0.001
0.002
0.001
0.116
0.099
0.029
0.101
0.152
0.041
0.094
0.213
0.074
0.005
0.035
0.074
0.001
0.003
0.001
0.001
0.001
0.003
0.01
0.002
0.074
0.165
0.091
0.069
0.111
0.06
0.111
0.003
0.166
0.05
0.175
0.004
0.006
0.007
0.002
0.001
0.01
0.025
0.001
0.001
0.288
0.009
0.267
0.063
0.002
0.008
0.001
0.006
0.175
0.001
0.02
0.005
0.005
0.001
0.002
0.162
0.001
0.002
0.009
0.079
0.011
0.176
0.002
0.001
0.056
0.022
0.053
0.003
0.156
0.18
0.095
0.074
0.007
0.003
0.095
0.001
0.005
0.044
0.001
0.019
0.132
0.019
0.098
0.015
0.144
0.153
0.001
0.001
0.078
0.001
0.032
0.002
0.023
0.041
0.007
0.178
0.02
0.003
0.12
0.068
0.043
0.043
0.28
0.127
0.035
0.023
0.081
0.001
0.001
0.121
0.001
0.002
0.004
0.002
0.003
0.001
0.125
0.002
0.034
0.004
0.041
0.001
0.003
0.001
0.064
0.001
0.004
0.146
0.002
0.002
0.079
0.104
0.025
0.004
0.002
0.13
0.005
0.069
0.09
0.001
0.104
0.001
0.008
0.025
0.028
0.001
0.083
0.002
0.257
0.235
0.001
0.032
0.131
0.015
0.006
0.058
0.044
0.005
0.005
0.002
0.262
0.097
0.019
0.002
0.083
0.09
0.022
0.006
0.007
0.042
0.004
0.001
0.004
0.05
0.001
0.013
0.001
0.004
0.025
0.061
0.019
0.001
0.114
0.005
0.125
0.098
0.006
0.047
0.021
0.113
0.057
0.001
0.035
0.001
0.004
0.009
0.001
0.001
0.003
0.004
0.003
0.02
0.024
0.002
0.003
0.101
0.172
0.033
0.12
0.007
0.002
0.078
0.029
0.046
0.022
0.045
0.001
0.045
0.117
0.004
0.075
0.055
0.159
0.001
0.003
0.01
0.182
0.177
0.229
0.001
0.015
0.001
0.047
0.036
0.005
0.001
0.006
0.002
0.001
0.037
0.001
0.14
0.003
0.123
0.005
0.001
0.041
0.004
0.001
0.004
0.026
0.136
0.001
0.202
0.257
0.199
0.244
0.037
0.111
0.001
0.001
0.001
0.005
0.034
0.005
0.092
0.09
0.004
0.078
0.083
0.008
0.003
0.008
0.002
0.107
0.01
0.001
0.177
0.009
0.162
0.002
0.001
0.117
0.007
0.126
0.003
0.066
0.038
0.195
0.005
0.002
0.003
0.001
0.121
0.01
0.012
0.003
0.009
0.2
0.003
0.119
0.001
0.072
0.003
0.168
0.001
0.089
0.01
0.002
0.003
0.002
0.001
0.001
0.003
0.041
0.009
0.105
0.067
0.05
0.021
0.081
0.148
0.068
0.178
0.05
0.066
0.17
0.006
0.024
0.01
0.008
0.001
0.16
0.027
0.001
0.112
0.054
0.006
0.006
0.103
0.001
0.144
0.288
0.002
0.001
0.004
0.001
0.013
0.002
0.005
0.192
0.049
0.108
0.006
0.011
0.102
0.072
0.438
0.066
0.003
0.174
0.099
0.006
0.027
0.005
0.001
0.134
0.045
0.009
0.001
0.031
0.16
0.001
0.13
0.011
0.001
0.135
0.003
0.114
0.176
0.002
0.056
0.002
0.141
0.156
0.037
0.048
0.002
0.001
0.046
0.002
0.001
0.001
0.008
0.002
0.102
0.002
0.025
0.001
0.004
0.054
0.005
0.08
0.142
0.051
0.005
0.001
0.036
0.007
0.004
0.003
0.122
0.047
0.005
0.016
0.001
0.003
0.121
0.007
0.001
0.172
0.001
0.03
0.127
0.001
0.002
0.001
0.001
0.002
0.247
0.096
0.115
0.127
0.166
0.002
0.109
0.047
0.001
0.003
0.003
0.001
0.071
0.176
0.017
0.016
0.004
0.001
0.048
0.018
0.053
0.02
0.157
0.028
0.044
0.001
0.015
0.005
0.198
0.025
0.001
0.001
0.027
0.116
0.006
0.023
0.123
0.009
0.001
0.236
0.019
0.001
0.002
0.034
0.152
0.001
0.109
0.117
0.09
0.17
0.101
0.047
0.118
0.049
0.02
0.01
0.005
0.116
0.005
0.055
0.067
0.002
0.001
0.067
0.016
0.175
0.001
0.003
0.001
0.031
0.001
0.026
0.001
0.027
0.066
0.075
0.018
0.1
0.002
0.094
0.001
0.003
0.006
0.007
0.064
0.005
0.008
0.001
0.001
0.002
0.081
0.016
0.001
0.001
0.002
0.032
0.05
0.025
0.179
0.004
0.109
0.041
0.104
0.089
0.15
0.031
0.011
0.004
0.003
0.122
0.009
0.003
0.001
0.013
0.001
0.001
0.008
0.011
0.09
0.151
0.039
0.1
0.001
0.001
0.215
0.001
0.001
0.003
0.346
0.011
0.001
0.001
0.052
0.001
0.063
0.003
0.018
0.005
0.005
0.132
0.024
0.003
0.076
0.114
0.17
0.017
0.081
0.002
0.002
0.002
0.163
0.026
0.006
0.005
0.094
0.003
0.002
0.073
0.099
0.001
0.002
0.002
0.047
0.15
0.194
0.008
0.144
0.048
0.081
0.004
0.073
0.07
0.009
0.131
0.058
0.001
0.001
0.221
0.001
0.09
0.143
0.005
0.118
0.003
0.01
0.009
0.001
0.149
0.002
0.024
0.045
0.002
0.002
0.004
0.002
0.136
0.006
0.164
0.001
0.261
0.158
0.01
0.051
0.004
0.007
0.003
0.001
0.008
0.004
0.026
0.003
0.002
0.092
0.047
0.003
0.089
0.096
0.005
0.035
0.001
0.001
0.067
0.001
0.035
0.001
0.003
0.001
0.003
0.001
0.228
0.082
0.001
0.001
0.001
0.197
0.002
0.15
0.145
0.004
0.031
0.081
0.078
0.009
0.001
0.095
0.059
0.001
0.006
0.004
0.001
0.002
0.005
0.229
0.097
0.005
0.129
0.001
0.076
0.096
0.075
0.005
0.001
0.125
0.015
0.169
0.002
0.105
0.066
0.001
0.001
0.229
0.136
0.198
0.001
0.001
0.038
0.019
0.04
0.002
0.001
0.13
0.18
0.125
0.004
0.005
0.068
0.001
0.005
0.002
0.003
0.256
0.129
0.146
0.003
0.008
0.004
0.035
0.114
0.001
0.005
0.217
0.002
0.001
0.002
0.012
0.001
0.035
0.003
0.001
0.041
0.036
0.001
0.06
0.001
0.001
0.017
0.004
0.001
0.001
0.009
0.096
0.001
0.024
0.192
0.003
0.001
0.001
0.004
0.006
0.023
0.209
0.005
0.031
0.027
0.001
0.001
0.096
0.098
0.144
0.071
0.028
0.084
0.001
0.127
0.06
0.012
0.002
0.003
0.004
0.021
0.006
0.003
0.083
0.009
0.092
0.054
0.134
0.037
0.08
0.001
0.064
0.002
0.041
0.019
0.08
0.212
0.083
0.212
0.027
0.047
0.005
0.088
0.004
0.001
0.047
0.139
0.283
0.019
0.06
0.009
0.007
0.05
0.001
0.168
0.001
0.165
0.003
0.069
0.003
0.24
0.088
0.001
0.017
0.198
0.087
0.136
0.015
0.036
0.009
0.004
0.004
0.003
0.001
0.003
0.062
0.001
0.082
0.007
0.003
0.001
0.003
0.05
0.022
0.053
0.189
0.001
0.001
0.002
0.004
0.011
0.161
0.026
0.003
0.001
0.059
0.142
0.054
0.017
0.004
0.125
0.001
0.005
0.001
0.084
0.001
0.107
0.004
0.06
0.001
0.031
0.011
0.001
0.002
0.004
0.184
0.004
0.025
0.005
0.001
0.258
0.001
0.001
0.009
0.004
0.237
0.002
0.058
0.103
0.004
0.002
0.028
0.001
0.083
0.007
0.222
0.199
0.005
0.112
0.01
0.052
0.12
0.028
0.01
0.002
0.063
0.149
0.001
0.009
0.16
0.025
0.001
0.004
0.007
0.076
0.001
0.001
0.005
0.005
0.001
0.128
0.138
0.04
0.006
0.004
0.002
0.117
0.06
0.001
0.039
0.002
0.003
0.004
0.168
0.001
0.004
0.113
0.002
0.005
0.019
0.001
0.001
0.102
0.034
0.008
0.108
0.01
0.014
0.025
0.117
0.012
0.008
0.006
0.001
0.163
0.007
0.002
0.002
0.041
0.141
0.008
0.006
0.063
0.077
0.002
0.037
0.03
0.018
0.166
0.06
0.043
0.04
0.001
0.001
0.036
0.013
0.006
0.123
0.001
0.113
0.166
0.007
0.001
0.146
0.005
0.001
0.001
0.123
0.091
0.014
0.002
0.033
0.111
0.088
0.199
0.005
0.005
0.003
0.002
0.037
0.029
0.003
0.001
0.158
0.112
0.141
0.015
0.03
0.001
0.001
0.035
0.145
0.249
0.238
0.036
0.002
0.09
0.004
0.001
0.001
0.003
0.003
0.006
0.057
0.016
0.125
0.058
0.001
0.007
0.004
0.113
0.004
0.075
0.079
0.133
0.028
0.014
0.043
0.239
0.04
0.002
0.018
0.001
0.229
0.127
0.154
0.001
0.001
0.039
0.033
0.001
0.015
0.076
0.001
0.001
0.162
0.112
0.164
0.002
0.003
0.196
0.057
0.066
0.063
0.001
0.049
0.173
0.001
0.01
0.001
0.014
0.046
0.007
0.004
0.001
0.011
0.007
0.002
0.004
0.098
0.018
0.004
0.153
0.192
0.001
0.001
0.001
0.001
0.002
0.032
0.036
0.001
0.014
0.001
0.012
0.147
0.023
0.035
0.007
0.149
0.031
0.003
0.081
0.027
0.001
0.102
0.064
0.013
0.032
0.037
0.006
0.007
0.16
0.045
0.002
0.002
0.007
0.037
0.002
0.001
0.009
0.002
0.22
0.002
0.223
0.004
0.001
0.012
0.015
0.001
0.001
0.005
0.001
0.007
0.001
0.009
0.085
0.185
0.009
0.094
0.102
0.035
0.003
0.004
0.059
0.002
0.039
0.003
0.001
0.003
0.122
0.014
0.02
0.21
0.066
0.085
0.002
0.003
0.066
0.076
0.041
0.001
0.004
0.009
0.114
0.211
0.003
0.251
0.12
0.001
0.001
0.137
0.032
0.03
0.073
0.001
0.053
0.059
0.001
0.094
0.006
0.013
0.051
0.064
0.046
0.07
0.003
0.028
0.254
0.119
0.001
0.003
0.008
0.122
0.002
0.16
0.001
0.003
0.005
0.004
0.002
0.043
0.002
0.01
0.002
0.071
0.102
0.028
0.079
0.015
0.001
0.063
0.035
0.06
0.008
0.25
0.039
0.004
0.001
0.004
0.066
0.001
0.005
0.006
0.002
0.031
0.005
0.129
0.005
0.025
0.057
0.003
0.089
0.158
0.079
0.001
0.172
0.035
0.001
0.008
0.002
0.126
0.083
0.002
0.101
0.003
0.061
0.207
0.09
0.054
0.046
0.006
0.001
0.001
0.012
0.004
0.001
0.117
0.004
0.072
0.008
0.177
0.042
0.035
0.005
0.057
0.008
0.001
0.014
0.011
0.159
0.001
0.101
0.001
0.118
0.078
0.099
0.078
0.17
0.214
0.005
0.06
0.054
0.067
0.001
0.001
0.001
0.009
0.025
0.053
0.164
0.002
0.001
0.029
0.005
0.003
0.131
0.05
0.001
0.206
0.05
0.106
0.005
0.001
0.001
0.001
0.001
0.001
0.016
0.001
0.018
0.004
0.077
0.001
0.037
0.138
0.001
0.01
0.001
0.01
0.001
0.207
0.001
0.004
0.001
0.001
0.179
0.025
0.001
0.014
0.003
0.005
0.051
0.002
0.059
0.009
0.072
0.063
0.075
0.001
0.001
0.086
0.152
0.003
0.001
0.175
0.002
0.004
0.119
0.075
0.036
0.103
0.078
0.046
0.079
0.048
0.074
0.019
0.006
0.001
0.061
0.06
0.002
0.137
0.019
0.023
0.005
0.005
0.003
0.098
0.001
0.22
0.033
0.122
0.001
0.002
0.012
0.021
0.001
0.076
0.197
0.011
0.001
0.07
0.01
0.212
0.012
0.001
0.003
0.001
0.091
0.032
0.08
0.026
0.004
0.054
0.005
0.001
0.003
0.08
0.001
0.06
0.002
0.001
0.002
0.044
0.033
0.049
0.047
0.002
0.001
0.003
0.001
0.003
0.035
0.044
0.101
0.004
0.061
0.003
0.187
0.004
0.091
0.015
0.133
0.089
0.005
0.001
0.16
0.141
0.11
0.033
0.111
0.144
0.053
0.105
0.039
0.076
0.004
0.003
0.003
0.001
0.001
0.004
0.303
0.169
0.001
0.007
0.001
0.003
0.138
0.001
0.004
0.001
0.053
0.19
0.162
0.006
0.07
0.148
0.212
0.119
0.001
0.094
0.027
0.013
0.003
0.003
0.001
0.001
0.002
0.057
0.001
0.001
0.031
0.125
0.167
0.001
0.016
0.001
0.002
0.001
0.001
0.272
0.011
0.17
0.162
0.147
0.051
0.138
0.001
0.001
0.103
0.003
0.121
0.18
0.009
0.011
0.015
0.001
0.064
0.004
0.001
0.155
0.114
0.036
0.016
0.007
0.001
0.001
0.056
0.001
0.003
0.126
0.156
0.041
0.021
0.184
0.006
0.23
0.122
0.083
0.058
0.009
0.089
0.002
0.081
0.018
0.019
0.14
0.025
0.098
0.023
0.001
0.173
0.006
0.005
0.001
0.328
0.06
0.131
0.105
0.004
0.001
0.124
0.005
0.112
0.003
0.005
0.032
0.074
0.052
0.002
0.043
0.008
0.058
0.085
0.015
0.006
0.001
0.002
0.066
0.109
0.028
0.085
0.004
0.173
0.045
0.057
0.101
0.028
0.19
0.011
0.039
0.038
0.223
0.002
0.05
0.002
0.002
0.005
0.137
0.041
0.011
0.004
0.212
0.105
0.003
0.004
0.001
0.001
0.006
0.001
0.178
0.052
0.042
0.052
0.147
0.162
0.001
0.001
0.001
0.017
0.003
0.045
0.055
0.124
0.071
0.004
0.095
0.002
0.001
0.008
0.004
0.054
0.082
0.001
0.001
0.006
0.01
0.043
0.002
0.084
0.023
0.139
0.001
0.006
0.078
0.002
0.001
0.027
0.051
0.001
0.009
0.001
0.032
0.185
0.001
0.143
0.053
0.001
0.081
0.001
0.012
0.259
0.061
0.092
0.186
0.073
0.111
0.001
0.051
0.009
0.117
0.033
0.005
0.231
0.001
0.122
0.002
0.036
0.007
0.001
0.016
0.081
0.002
0.059
0.169
0.045
0.012
0.001
0.001
0.039
0.003
0.002
0.2
0.005
0.072
0.109
0.002
0.098
0.073
0.114
0.09
0.001
0.211
0.311
0.01
0.003
0.001
0.01
0.001
0.004
0.002
0.006
0.001
0.031
0.07
0.06
0.002
0.15
0.005
0.104
0.047
0.009
0.112
0.17
0.008
0.005
0.079
0.003
0.006
0.002
0.001
0.001
0.022
0.038
0.22
0.056
0.001
0.122
0.044
0.133
0.017
0.082
0.001
0.109
0.136
0.001
0.077
0.087
0.004
0.001
0.013
0.127
0.002
0.017
0.001
0.086
0.07
0.004
0.002
0.028
0.001
0.001
0.002
0.013
0.009
0.008
0.135
0.001
0.001
0.027
0.001
0.125
0.135
0.018
0.003
0.006
0.007
0.042
0.022
0.025
0.009
0.005
0.076
0.127
0.001
0.001
0.027
0.249
0.065
0.034
0.001
0.044
0.039
0.247
0.062
0.001
0.088
0.025
0.003
0.002
0.001
0.066
0.088
0.007
0.001
0.001
0.093
0.163
0.001
0.232
0.011
0.012
0.035
0.001
0.105
0.183
0.033
0.151
0.14
0.001
0.298
0.001
0.061
0.076
0.002
0.111
0.004
0.093
0.067
0.071
0.034
0.001
0.037
0.001
0.005
0.056
0.139
0.049
0.008
0.075
0.003
0.195
0.198
0.002
0.004
0.027
0.047
0.084
0.05
0.054
0.004
0.169
0.173
0.099
0.001
0.025
0.003
0.013
0.004
0.001
0.001
0.001
0.047
0.077
0.041
0.001
0.001
0.036
0.08
0.109
0.051
0.002
0.251
0.037
0.075
0.001
0.069
0.001
0.002
0.193
0.026
0.245
0.002
0.086
0.15
0.048
0.004
0.076
0.03
0.13
0.08
0.008
0.002
0.001
0.004
0.003
0.054
0.04
0.018
0.001
0.004
0.004
0.025
0.01
0.012
0.002
0.092
0.078
0.01
0.003
0.001
0.022
0.305
0.031
0.001
0.001
0.003
0.157
0.001
0.112
0.074
0.035
0.001
0.136
0.015
0.047
0.006
0.108
0.176
0.001
0.005
0.054
0.007
0.032
0.079
0.051
0.001
0.001
0.01
0.064
0.101
0.103
0.001
0.005
0.054
0.063
0.035
0.046
0.004
0.139
0.092
0.088
0.076
0.001
0.03
0.133
0.003
0.009
0.002
0.108
0.045
0.152
0.025
0.003
0.004
0.098
0.133
0.007
0.007
0.002
0.192
0.003
0.008
0.037
0.001
0.001
0.001
0.013
0.075
0.003
0.111
0.331
0.023
0.001
0.089
0.077
0.005
0.132
0.001
0.068
0.001
0.048
0.04
0.095
0.048
0.024
0.185
0.002
0.118
0.057
0.002
0.008
0.006
0.001
0.015
0.003
0.027
0.002
0.006
0.018
0.006
0.003
0.007
0.066
0.011
0.009
0.003
0.002
0.117
0.002
0.001
0.068
0.055
0.063
0.001
0.39
0.015
0.118
0.037
0.038
0.001
0.081
0.038
0.009
0.01
0.109
0.077
0.001
0.005
0.264
0.004
0.004
0.232
0.059
0.101
0.001
0.081
0.003
0.096
0.092
0.078
0.005
0.028
0.178
0.005
0.061
0.004
0.1
0.047
0.077
0.046
0.004
0.025
0.001
0.006
0.181
0.002
0.001
0.074
0.001
0.002
0.002
0.063
0.001
0.005
0.002
0.001
0.068
0.057
0.005
0.041
0.081
0.009
0.022
0.006
0.08
0.114
0.102
0.001
0.186
0.019
0.001
0.108
0.006
0.009
0.043
0.001
0.001
0.001
0.056
0.003
0.143
0.002
0.002
0.004
0.001
0.07
0.082
0.101
0.003
0.001
0.001
0.002
0.107
0.002
0.008
0.004
0.001
0.112
0.001
0.08
0.046
0.036
0.004
0.049
0.05
0.041
0.062
0.006
0.005
0.001
0.019
0.199
0.004
0.042
0.001
0.003
0.202
0.016
0.013
0.099
0.009
0.074
0.001
0.013
0.123
0.002
0.088
0.171
0.052
0.039
0.008
0.071
0.001
0.103
0.078
0.094
0.158
0.002
0.003
0.004
0.001
0.001
0.002
0.154
0.001
0.002
0.002
0.069
0.105
0.001
0.001
0.192
0.076
0.002
0.003
0.001
0.005
0.01
0.001
0.11
0.077
0.047
0.187
0.001
0.144
0.004
0.177
0.001
0.059
0.02
0.001
0.006
0.11
0.052
0.036
0.059
0.001
0.003
0.001
0.009
0.325
0.002
0.168
0.001
0.025
0.007
0.153
0.022
0.144
0.002
0.095
0.002
0.24
0.001
0.245
0.003
0.084
0.057
0.043
0.03
0.001
0.116
0.182
0.001
0.001
0.023
0.006
0.009
0.001
0.004
0.002
0.132
0.002
0.029
0.003
0.078
0.007
0.002
0.003
0.028
0.18
0.156
0.017
0.002
0.118
0.012
0.045
0.075
0.003
0.223
0.245
0.003
0.111
0.002
0.004
0.054
0.003
0.221
0.186
0.067
0.176
0.233
0.178
0.004
0.002
0.109
0.003
0.001
0.003
0.125
0.003
0.058
0.033
0.013
0.008
0.221
0.001
0.001
0.001
0.131
0.002
0.001
0.001
0.001
0.005
0.001
0.001
0.001
0.001
0.036
0.026
0.079
0.067
0.15
0.211
0.211
0.076
0.032
0.005
0.001
0.077
0.043
0.091
0.007
0.091
0.055
0.078
0.135
0.001
0.017
0.001
0.001
0.057
0.116
0.001
0.005
0.001
0.016
0.012
0.002
0.142
0.166
0.006
0.003
0.001
0.001
0.001
0.001
0.001
0.123
0.07
0.109
0.04
0.001
0.118
0.007
0.051
0.052
0.079
0.12
0.011
0.003
0.174
0.027
0.004
0.057
0.154
0.001
0.001
0.003
0.002
0.064
0.019
0.317
0.056
0.015
0.002
0.066
0.003
0.093
0.001
0.001
0.063
0.083
0.097
0.002
0.006
0.066
0.008
0.185
0.096
0.001
0.016
0.046
0.301
0.003
0.003
0.003
0.051
0.161
0.005
0.089
0.074
0.001
0.163
0.002
0.06
0.047
0.002
0.013
0.006
0.053
0.002
0.001
0.001
0.019
0.015
0.163
0.24
0.001
0.031
0.039
0.018
0.13
0.045
0.005
0.04
0.042
0.115
0.29
0.001
0.028
0.003
0.007
0.001
0.003
0.158
0.035
0.116
0.086
0.274
0.063
0.003
0.011
0.021
0.036
0.001
0.007
0.001
0.065
0.166
0.108
0.001
0.006
0.001
0.007
0.008
0.099
0.001
0.193
0.001
0.001
0.055
0.037
0.031
0.051
0.121
0.012
0.039
0.103
0.004
0.001
0.196
0.004
0.01
0.135
0.1
0.001
0.001
0.191
0.09
0.029
0.031
0.001
0.003
0.001
0.093
0.006
0.178
0.161
0.024
0.239
0.007
0.002
0.001
0.098
0.002
0.098
0.006
0.002
0.14
0.003
0.004
0.034
0.088
0.051
0.098
0.1
0.002
0.091
0.001
0.16
0.004
0.044
0.072
0.002
0.112
0.053
0.012
0.002
0.15
0.002
0.019
0.201
0.074
0.162
0.103
0.032
0.001
0.181
0.002
0.113
0.119
0.001
0.074
0.002
0.175
0.003
0.037
0.076
0.004
0.116
0.001
0.071
0.105
0.006
0.037
0.002
0.11
0.003
0.003
0.001
0.044
0.042
0.068
0.002
0.001
0.004
0.077
0.05
0.044
0.001
0.211
0.024
0.003
0.1
0.035
0.36
0.001
0.001
0.001
0.001
0.095
0.044
0.165
0.044
0.009
0.172
0.001
0.003
0.081
0.029
0.065
0.005
0.004
0.001
0.154
0.179
0.004
0.002
0.275
0.06
0.009
0.076
0.123
0.005
0.001
0.001
0.002
0.153
0.003
0.083
0.006
0.028
0.043
0.011
0.004
0.001
0.034
0.152
0.089
0.004
0.114
0.004
0.038
0.074
0.199
0.001
0.001
0.218
0.249
0.006
0.002
0.004
0.001
0.081
0.155
0.106
0.058
0.241
0.004
0.008
0.008
0.086
0.005
0.002
0.07
0.001
0.005
0.096
0.1
0.011
0.032
0.044
0.096
0.022
0.003
0.017
0.001
0.004
0.155
0.001
0.027
0.003
0.055
0.042
0.076
0.056
0.06
0.008
0.054
0.196
0.128
0.123
0.212
0.131
0.22
0.067
0.002
0.207
0.167
0.001
0.001
0.001
0.016
0.002
0.003
0.06
0.001
0.107
0.268
0.057
0.055
0.063
0.226
0.111
0.05
0.023
0.001
0.126
0.001
0.155
0.051
0.063
0.001
0.002
0.001
0.004
0.022
0.018
0.008
0.052
0.181
0.002
0.022
0.125
0.082
0.027
0.037
0.003
0.009
0.002
0.144
0.182
0.009
0.052
0.127
0.001
0.087
0.001
0.044
0.001
0.001
0.207
0.015
0.002
0.001
0.107
0.003
0.002
0.096
0.121
0.001
0.025
0.094
0.007
0.126
0.003
0.001
0.102
0.177
0.001
0.001
0.06
0.003
0.172
0.001
0.092
0.001
0.003
0.071
0.003
0.077
0.002
0.009
0.053
0.006
0.02
0.076
0.001
0.001
0.192
0.096
0.001
0.006
0.001
0.051
0.006
0.011
0.085
0.028
0.01
0.001
0.002
0.001
0.008
0.108
0.011
0.209
0.084
0.082
0.086
0.166
0.134
0.001
0.101
0.093
0.002
0.032
0.009
0.223
0.002
0.001
0.023
0.004
0.001
0.002
0.007
0.096
0.008
0.032
0.001
0.018
0.151
0.001
0.003
0.094
0.148
0.073
0.002
0.096
0.005
0.001
0.001
0.198
0.002
0.068
0.002
0.009
0.008
0.1
0.003
0.001
0.002
0.027
0.011
0.003
0.053
0.08
0.028
0.023
0.067
0.112
0.002
0.046
0.001
0.015
0.109
0.056
0.173
0.001
0.047
0.033
0.003
0.003
0.036
0.004
0.001
0.017
0.052
0.045
0.01
0.04
0.125
0.067
0.078
0.001
0.001
0.004
0.007
0.131
0.085
0.002
0.076
0.072
0.134
0.012
0.023
0.003
0.037
0.001
0.008
0.001
0.011
0.001
0.001
0.141
0.001
0.037
0.003
0.207
0.01
0.001
0.001
0.001
0.012
0.002
0.003
0.086
0.052
0.066
0.003
0.124
0.001
0.005
0.003
0.001
0.124
0.114
0.001
0.001
0.005
0.001
0.01
0.001
0.001
0.001
0.002
0.007
0.01
0.107
0.012
0.088
0.247
0.08
0.004
0.148
0.037
0.044
0.093
0.133
0.001
0.008
0.122
0.001
0.05
0.007
0.069
0.131
0.016
0.03
0.144
0.119
0.164
0.007
0.136
0.036
0.002
0.008
0.003
0.002
0.067
0.005
0.047
0.058
0.069
0.003
0.002
0.004
0.013
0.257
0.004
0.002
0.002
0.001
0.063
0.075
0.075
0.001
0.003
0.002
0.054
0.057
0.001
0.004
0.145
0.003
0.001
0.001
0.001
0.058
0.004
0.2
0.001
0.001
0.103
0.048
0.136
0.006
0.001
0.189
0.005
0.004
0.024
0.095
0.031
0.059
0.001
0.157
0.092
0.052
0.081
0.016
0.041
0.098
0.12
0.081
0.098
0.087
0.034
0.019
0.258
0.018
0.217
0.001
0.154
0.053
0.006
0.01
0.072
0.003
0.062
0.028
0.017
0.003
0.013
0.003
0.171
0.002
0.001
0.002
0.003
0.117
0.006
0.001
0.172
0.046
0.021
0.003
0.024
0.143
0.003
0.058
0.001
0.091
0.001
0.201
0.002
0.005
0.08
0.057
0.184
0.008
0.081
0.2
0.004
0.089
0.124
0.185
0.101
0.004
0.001
0.001
0.001
0.001
0.056
0.086
0.006
0.001
0.054
0.003
0.09
0.007
0.061
0.146
0.022
0.045
0.001
0.057
0.003
0.081
0.004
0.107
0.106
0.074
0.037
0.098
0.001
0.006
0.221
0.002
0.016
0.049
0.077
0.002
0.124
0.002
0.009
0.016
0.076
0.001
0.002
0.194
0.059
0.006
0.002
0.006
0.002
0.194
0.001
0.225
0.001
0.004
0.256
0.01
0.124
0.041
0.067
0.125
0.017
0.005
0.112
0.063
0.059
0.096
0.007
0.003
0.001
0.099
0.081
0.018
0.005
0.002
0.138
0.12
0.144
0.002
0.009
0.182
0.001
0.004
0.005
0.003
0.117
0.058
0.048
0.001
0.14
0.247
0.001
0.001
0.041
0.289
0.002
0.001
0.005
0.001
0.085
0.228
0.013
0.098
0.001
0.001
0.023
0.069
0.123
0.001
0.119
0.001
0.003
0.08
0.024
0.091
0.185
0.116
0.008
0.005
0.049
0.001
0.011
0.001
0.071
0.001
0.01
0.037
0.029
0.004
0.001
0.007
0.004
0.001
0.032
0.001
0.221
0.001
0.007
0.029
0.032
0.067
0.184
0.007
0.011
0.079
0.003
0.002
0.043
0.014
0.165
0.008
0.008
0.002
0.186
0.003
0.076
0.068
0.009
0.105
0.001
0.025
0.006
0.114
0.001
0.006
0.001
0.004
0.068
0.136
0.017
0.008
0.001
0.001
0.099
0.004
0.145
0.09
0.061
0.052
0.002
0.035
0.003
0.008
0.085
0.209
0.002
0.149
0.006
0.005
0.071
0.001
0.094
0.001
0.004
0.146
0.097
0.018
0.005
0.041
0.001
0.174
0.004
0.001
0.002
0.001
0.132
0.054
0.001
0.001
0.043
0.021
0.002
0.001
0.127
0.003
0.001
0.103
0.001
0.123
0.028
0.001
0.017
0.127
0.083
0.034
0.169
0.012
0.001
0.136
0.001
0.005
0.018
0.059
0.001
0.007
0.004
0.003
0.001
0.009
0.002
0.08
0.011
0.042
0.172
0.051
0.001
0.006
0.038
0.167
0.075
0.063
0.004
0.004
0.121
0.017
0.026
0.158
0.129
0.078
0.277
0.122
0.154
0.007
0.347
0.046
0.066
0.163
0.032
0.002
0.005
0.174
0.038
0.074
0.002
0.015
0.001
0.046
0.024
0.146
0.002
0.001
0.045
0.048
0.101
0.11
0.068
0.007
0.178
0.043
0.001
0.051
0.001
0.004
0.052
0.001
0.047
0.177
0.002
0.003
0.001
0.154
0.004
0.013
0.083
0.001
0.069
0.066
0.003
0.013
0.182
0.003
0.001
0.001
0.005
0.005
0.004
0.01
0.105
0.004
0.004
0.015
0.225
0.006
0.106
0.004
0.001
0.002
0.004
0.142
0.023
0.066
0.001
0.009
0.059
0.006
0.001
0.107
0.027
0.001
0.001
0.115
0.084
0.039
0.035
0.092
0.003
0.098
0.003
0.057
0.001
0.14
0.087
0.07
0.258
0.327
0.053
0.227
0.018
0.044
0.122
0.012
0.174
0.085
0.004
0.001
0.088
0.061
0.045
0.001
0.033
0.142
0.309
0.033
0.002
0.053
0.001
0.125
0.154
0.077
0.209
0.097
0.004
0.002
0.001
0.14
0.001
0.001
0.001
0.005
0.065
0.003
0.079
0.016
0.081
0.004
0.001
0.099
0.001
0.003
0.171
0.001
0.002
0.251
0.101
0.079
0.01
0.001
0.098
0.096
0.002
0.037
0.004
0.004
0.005
0.225
0.007
0.035
0.004
0.176
0.03
0.001
0.088
0.17
0.002
0.034
0.001
0.048
0.172
0.131
0.001
0.012
0.001
0.079
0.117
0.144
0.037
0.008
0.214
0.003
0.001
0.002
0.002
0.236
0.003
0.079
0.003
0.078
0.002
0.049
0.001
0.003
0.007
0.072
0.002
0.224
0.072
0.173
0.028
0.006
0.042
0.005
0.001
0.004
0.037
0.044
0.005
0.211
0.082
0.052
0.002
0.006
0.094
0.01
0.008
0.009
0.157
0.008
0.004
0.002
0.047
0.003
0.003
0.027
0.021
0.005
0.001
0.083
0.105
0.01
0.003
0.061
0.001
0.126
0.168
0.006
0.157
0.056
0.006
0.141
0.008
0.003
0.002
0.038
0.064
0.135
0.015
0.001
0.18
0.082
0.072
0.001
0.065
0.114
0.044
0.044
0.011
0.107
0.024
0.035
0.003
0.001
0.138
0.004
0.079
0.085
0.004
0.125
0.001
0.002
0.144
0.118
0.032
0.029
0.134
0.038
0.034
0.001
0.001
0.202
0.001
0.002
0.167
0.091
0.007
0.105
0.001
0.006
0.002
0.085
0.016
0.003
0.152
0.018
0.003
0.068
0.136
0.002
0.001
0.06
0.001
0.085
0.001
0.011
0.064
0.001
0.015
0.001
0.027
0.118
0.142
0.106
0.001
0.001
0.001
0.019
0.001
0.002
0.002
0.063
0.038
0.002
0.001
0.001
0.004
0.002
0.001
0.005
0.145
0.024
0.049
0.01
0.043
0.026
0.027
0.008
0.004
0.023
0.001
0.043
0.007
0.19
0.006
0.001
0.209
0.183
0.009
0.002
0.001
0.002
0.067
0.264
0.183
0.002
0.003
0.005
0.003
0.01
0.047
0.036
0.049
0.002
0.001
0.022
0.004
0.04
0.049
0.003
0.048
0.004
0.001
0.121
0.187
0.039
0.077
0.051
0.067
0.003
0.003
0.003
0.119
0.084
0.004
0.009
0.002
0.003
0.02
0.147
0.054
0.027
0.028
0.015
0.039
0.036
0.095
0.084
0.002
0.047
0.001
0.102
0.03
0.008
0.136
0.039
0.199
0.017
0.006
0.001
0.079
0.092
0.05
0.003
0.188
0.048
0.001
0.002
0.037
0.002
0.093
0.094
0.001
0.001
0.076
0.007
0.004
0.002
0.221
0.117
0.006
0.1
0.042
0.001
0.033
0.001
0.061
0.144
0.001
0.018
0.003
0.001
0.197
0.21
0.063
0.004
0.056
0.003
0.001
0.053
0.001
0.036
0.056
0.003
0.004
0.05
0.206
0.005
0.002
0.002
0.001
0.003
0.05
0.006
0.096
0.132
0.044
0.092
0.001
0.001
0.01
0.046
0.074
0.008
0.062
0.001
0.037
0.018
0.001
0.01
0.053
0.005
0.096
0.222
0.002
0.02
0.033
0.003
0.005
0.001
0.001
0.085
0.102
0.001
0.001
0.008
0.146
0.002
0.001
0.001
0.002
0.029
0.004
0.009
0.007
0.002
0.054
0.098
0.112
0.026
0.03
0.144
0.002
0.171
0.096
0.001
0.192
0.072
0.001
0.084
0.102
0.079
0.116
0.034
0.004
0.022
0.003
0.105
0.005
0.003
0.001
0.001
0.001
0.002
0.029
0.146
0.002
0.004
0.002
0.018
0.011
0.005
0.033
0.011
0.003
0.131
0.014
0.068
0.001
0.019
0.082
0.121
0.025
0.003
0.001
0.001
0.069
0.006
0.081
0.032
0.103
0.001
0.015
0.154
0.063
0.001
0.029
0.121
0.045
0.035
0.002
0.003
0.009
0.197
0.045
0.058
0.003
0.103
0.025
0.002
0.072
0.002
0.247
0.001
0.075
0.001
0.002
0.009
0.005
0.008
0.009
0.014
0.013
0.066
0.06
0.025
0.207
0.001
0.064
0.08
0.001
0.009
0.001
0.03
0.28
0.004
0.002
0.026
0.001
0.012
0.026
0.076
0.023
0.118
0.04
0.002
0.008
0.07
0.033
0.001
0.002
0.001
0.141
0.013
0.006
0.002
0.001
0.04
0.002
0.001
0.002
0.103
0.002
0.003
0.029
0.064
0.02
0.001
0.032
0.001
0.037
0.072
0.068
0.026
0.007
0.002
0.22
0.025
0.001
0.138
0.156
0.003
0.006
0.051
0.038
0.154
0.002
0.003
0.133
0.002
0.169
0.186
0.152
0.149
0.003
0.002
0.147
0.121
0.086
0.007
0.043
0.001
0.077
0.001
0.042
0.001
0.003
0.383
0.001
0.117
0.005
0.049
0.002
0.019
0.002
0.006
0.002
0.004
0.065
0.004
0.153
0.066
0.138
0.003
0.071
0.001
0.035
0.036
0.001
0.002
0.125
0.03
0.011
0.004
0.003
0.003
0.002
0.09
0.002
0.035
0.001
0.068
0.162
0.101
0.005
0.015
0.002
0.052
0.006
0.004
0.004
0.023
0.001
0.001
0.036
0.01
0.101
0.003
0.004
0.002
0.001
0.021
0.016
0.071
0.142
0.17
0.001
0.114
0.029
0.001
0.013
0.001
0.001
0.082
0.184
0.035
0.162
0.005
0.114
0.071
0.048
0.077
0.001
0.001
0.242
0.099
0.002
0.068
0.127
0.022
0.001
0.072
0.003
0.001
0.133
0.001
0.063
0.081
0.003
0.032
0.042
0.007
0.106
0.001
0.005
0.096
0.001
0.015
0.05
0.006
0.054
0.009
0.001
0.001
0.028
0.001
0.004
0.106
0.063
0.081
0.047
0.018
0.017
0.001
0.157
0.003
0.264
0.26
0.149
0.01
0.002
0.035
0.03
0.198
0.033
0.032
0.246
0.214
0.032
0.044
0.013
0.003
0.001
0.144
0.03
0.095
0.087
0.029
0.002
0.027
0.037
0.018
0.001
0.019
0.116
0.001
0.112
0.039
0.025
0.004
0.179
0.001
0.001
0.001
0.122
0.058
0.219
0.008
0.094
0.001
0.096
0.006
0.047
0.001
0.101
0.02
0.007
0.109
0.011
0.006
0.001
0.002
0.038
0.001
0.124
0.001
0.003
0.082
0.094
0.002
0.003
0.204
0.003
0.003
0.013
0.014
0.001
0.098
0.001
0.001
0.001
0.099
0.009
0.074
0.001
0.001
0.002
0.047
0.117
0.004
0.004
0.004
0.15
0.181
0.001
0.002
0.001
0.206
0.002
0.003
0.013
0.009
0.091
0.002
0.188
0.075
0.249
0.005
0.141
0.166
0.001
0.036
0.164
0.006
0.006
0.001
0.025
0.004
0.007
0.032
0.184
0.001
