0.307 0.296360153256705
0.308 0.317748091603053
0.304 0.299468791500664
0.305 0.282781862745098
0.292 0.263205128205128
0.303 0.260589651022864
0.294 0.258333333333333
0.295 0.281531531531532
0.301 0.307246376811594
0.293 0.284615384615385
0.306 0.271462829736211
0.303 0.29448717948718
0.304 0.299338624338624
0.298 0.285629921259842
0.293 0.301033591731266
0.294 0.290777338603426
0.304 0.30095785440613
0.293 0.29198717948718
0.3 0.265637065637066
0.298 0.325
0.292 0.283785529715762
0.298 0.247120098039216
0.293 0.254575163398693
0.304 0.297338403041825
0.292 0.300870147255689
0.308 0.27816301703163
0.302 0.320833333333333
0.3 0.251899509803922
0.305 0.292078580481622
0.303 0.285400516795866
0.302 0.288373655913979
0.292 0.297545219638243
0.291 0.285473411154345
0.3 0.289490049751244
0.291 0.306824146981627
0.3 0.301491569390402
0.301 0.275162127107652
0.306 0.274842767295597
0.306 0.29820322180917
0.293 0.243836477987421
0.309 0.269423558897243
0.294 0.287777777777778
0.294 0.288545688545689
0.304 0.318055555555556
0.307 0.267228464419476
0.298 0.279712858926342
0.306 0.288991389913899
0.292 0.300396825396825
0.298 0.251425030978934
0.309 0.30958815958816
0.3 0.244776119402985
0.307 0.288296568627451
0.291 0.28366935483871
0.304 0.274624060150376
0.309 0.291514041514042
0.293 0.317330677290837
0.291 0.277519379844961
0.296 0.285852713178295
0.294 0.268616352201258
0.303 0.316872427983539
0.298 0.273234200743494
0.291 0.31931659693166
0.294 0.298148148148148
0.309 0.262546816479401
0.299 0.303205128205128
0.291 0.27992125984252
0.296 0.297490347490347
0.292 0.301979565772669
0.302 0.31729797979798
0.293 0.296535947712418
0.305 0.295961538461538
0.302 0.277732793522267
0.298 0.33241469816273
0.308 0.306755050505051
0.291 0.300685871056241
0.306 0.30811320754717
0.299 0.287702871410737
0.303 0.285974842767296
0.296 0.27257636122178
0.304 0.279636363636364
0.303 0.279693486590038
0.295 0.305687830687831
0.295 0.292736705577173
0.296 0.305555555555556
0.294 0.27183908045977
0.301 0.300129198966408
0.291 0.300137741046832
0.306 0.263077858880779
0.291 0.310836762688615
0.293 0.314507422402159
0.297 0.293469387755102
0.298 0.314137483787289
0.296 0.316531165311653
0.309 0.321535580524345
0.304 0.320817120622568
0.305 0.258771929824561
0.306 0.318372703412073
0.305 0.304036458333333
0.293 0.274457215836526
0.292 0.346666666666667
0.294 0.296903820816864
0.308 0.293796992481203
0.292 0.265106117353308
0.306 0.270697954271961
0.291 0.302334630350195
0.298 0.278125
0.307 0.283912483912484
0.292 0.302
0.298 0.281106870229008
0.307 0.264974937343358
0.294 0.299864498644986
0.302 0.269119496855346
0.294 0.289249363867684
0.304 0.270570012391574
0.303 0.307647058823529
0.302 0.297364953886693
0.304 0.318404118404118
0.307 0.328758169934641
0.303 0.296070975918885
0.298 0.264232209737828
0.296 0.270363408521303
0.293 0.298945981554677
0.304 0.29328165374677
0.298 0.280275779376499
0.306 0.315122265122265
0.309 0.293434343434343
0.308 0.2997425997426
0.293 0.296174863387978
0.299 0.259308176100629
0.302 0.270591787439614
0.297 0.289411027568922
0.308 0.321144278606965
0.307 0.299239543726236
0.295 0.296854082998661
0.301 0.276117496807152
0.297 0.320348058902276
0.301 0.29002574002574
0.305 0.301686121919585
0.297 0.315625
0.297 0.267848258706468
0.298 0.269195849546044
0.3 0.29078431372549
0.295 0.340456989247312
0.292 0.29973544973545
0.306 0.285157232704403
0.298 0.308027210884354
0.307 0.333844189016603
0.307 0.266421568627451
0.293 0.265088383838384
0.296 0.289435695538058
0.303 0.265686274509804
0.304 0.288549618320611
0.3 0.293217054263566
0.291 0.292592592592593
0.292 0.263963963963964
0.296 0.271882951653944
0.304 0.314185750636132
0.296 0.275925925925926
0.302 0.276430348258706
0.292 0.289803921568627
0.291 0.27937106918239
0.295 0.28574144486692
0.299 0.292985842985843
0.294 0.295833333333333
0.304 0.313306451612903
0.309 0.289241293532338
0.3 0.293295739348371
0.298 0.244569288389513
0.307 0.288910256410256
0.292 0.282942708333333
0.295 0.290447957839262
0.302 0.266984732824427
0.306 0.305061728395062
0.298 0.277465667915106
0.296 0.28043758043758
0.307 0.309090909090909
0.297 0.32689701897019
0.306 0.285239852398524
0.297 0.262277353689567
0.301 0.286067708333333
0.293 0.299734395750332
0.296 0.295768229166667
0.308 0.313081761006289
0.305 0.294795539033457
0.304 0.279834605597964
0.299 0.258519900497512
0.296 0.312483399734396
0.295 0.257594086021505
0.296 0.32165991902834
0.306 0.273086419753086
0.297 0.295945945945946
0.295 0.308704453441296
0.297 0.325697211155378
0.309 0.304119138149556
0.294 0.28715953307393
0.298 0.318981481481481
0.304 0.288825757575758
0.304 0.311608300907912
0.297 0.282075471698113
0.298 0.280679012345679
0.304 0.302020202020202
0.296 0.2720737913486
0.308 0.292273307790549
0.292 0.312483130904184
0.3 0.26109068627451
0.299 0.320066666666667
0.291 0.306824146981627
0.308 0.32516339869281
0.294 0.281749049429658
0.301 0.263333333333333
0.307 0.322133333333333
0.306 0.264955640050697
0.303 0.283083645443196
0.296 0.304581673306773
0.3 0.319921875
0.293 0.272416020671835
0.294 0.296179183135705
0.309 0.292259675405743
0.294 0.297283950617284
0.298 0.284102564102564
0.3 0.311263020833333
0.297 0.330371900826446
0.295 0.31489501312336
0.299 0.285994930291508
0.301 0.324066666666667
0.291 0.300588235294118
0.293 0.316532258064516
0.297 0.266102756892231
0.309 0.293184634448575
0.296 0.297664141414141
0.308 0.284138785625774
0.297 0.312795275590551
0.305 0.27769696969697
0.291 0.268716931216931
0.307 0.252363184079602
0.299 0.283143219264892
0.298 0.272242874845105
0.309 0.310174029451138
0.3 0.271794871794872
0.293 0.298155737704918
0.3 0.249166666666667
0.293 0.339795918367347
0.298 0.310136054421769
0.296 0.253007518796992
0.297 0.278435114503817
0.295 0.299221789883268
0.296 0.310752688172043
0.305 0.261764705882353
0.295 0.296871008939974
0.307 0.306024096385542
0.297 0.280128205128205
0.297 0.296589446589447
0.295 0.271346153846154
0.292 0.307210884353741
0.309 0.279664179104478
0.302 0.267700729927007
0.304 0.272368421052632
0.293 0.294771241830065
0.298 0.289518229166667
0.298 0.274465408805031
0.294 0.308727034120735
0.295 0.289793281653747
0.292 0.25737812911726
0.304 0.279012345679012
0.302 0.291304347826087
0.297 0.296074646074646
0.304 0.262767295597484
0.303 0.292656449553001
0.301 0.263729246487867
0.297 0.325137741046832
0.296 0.315069444444444
0.299 0.318577075098814
0.308 0.295739348370927
0.299 0.279814814814815
0.3 0.28989703989704
0.3 0.278314028314028
0.306 0.256630170316302
0.299 0.261217948717949
0.291 0.306136680613668
0.294 0.306939040207523
0.293 0.270669291338583
0.308 0.291827541827542
0.298 0.29245406824147
0.308 0.32037037037037
0.298 0.297309711286089
0.298 0.297782002534854
0.297 0.301666666666667
0.294 0.297687074829932
0.297 0.296246819338422
0.295 0.295610687022901
0.301 0.308397932816537
0.298 0.281884057971015
0.294 0.276576576576577
0.291 0.277823129251701
0.293 0.3014
0.309 0.294505494505495
0.295 0.296640316205534
0.302 0.28339552238806
0.296 0.2646
0.309 0.292731829573935
0.295 0.286441798941799
0.298 0.304461942257218
0.298 0.286590038314176
0.295 0.277606177606178
0.296 0.272077114427861
0.291 0.282166018158236
0.309 0.270975918884664
0.299 0.281602564102564
0.299 0.271177944862155
0.303 0.307628205128205
0.307 0.300638569604087
0.296 0.292692307692308
0.301 0.319959677419355
0.292 0.279298941798942
0.3 0.242565055762082
0.291 0.284883720930233
0.302 0.312815656565657
0.308 0.277105575326216
0.296 0.272545219638243
0.296 0.280598958333333
0.305 0.303202614379085
0.309 0.291634491634492
0.294 0.305971128608924
0.292 0.263710691823899
0.3 0.299358974358974
0.304 0.309542483660131
0.309 0.301236979166667
0.291 0.278117048346056
0.301 0.253921568627451
0.298 0.272159800249688
0.295 0.288040712468193
0.307 0.290077821011673
0.304 0.307948717948718
0.307 0.285477941176471
0.308 0.279841897233202
0.298 0.323516949152542
0.305 0.29843137254902
0.294 0.285449735449735
0.307 0.308778625954198
0.308 0.295316301703163
0.291 0.312345679012346
0.308 0.298320895522388
0.301 0.3203125
0.303 0.282789115646259
0.291 0.295737913486005
0.303 0.272342995169082
0.297 0.269381313131313
0.293 0.29612724757953
0.299 0.284223918575064
0.299 0.294133333333333
0.309 0.313920817369093
0.307 0.285997521685254
0.291 0.28043758043758
0.291 0.295150273224044
0.297 0.305376344086021
0.291 0.290690104166667
0.292 0.26254752851711
0.295 0.284661354581673
0.293 0.273166023166023
0.296 0.305703422053232
0.309 0.270620437956204
0.305 0.299233716475096
0.305 0.289454545454545
0.308 0.245059523809524
0.302 0.242769607843137
0.294 0.304233870967742
0.303 0.308142493638677
0.307 0.284108527131783
0.304 0.284416365824308
0.294 0.32318244170096
0.303 0.287254901960784
0.308 0.265454545454545
0.301 0.274521072796935
0.304 0.31547619047619
0.3 0.296245059288538
0.302 0.3192
0.301 0.328639455782313
0.304 0.282964329643296
0.297 0.289818417639429
0.3 0.273037323037323
0.298 0.244444444444444
0.304 0.262316176470588
0.297 0.3015625
0.299 0.327950713359274
0.299 0.31231593038822
0.306 0.279323308270677
0.306 0.320247395833333
0.291 0.283463035019455
0.301 0.272342995169082
0.304 0.325390625
0.306 0.268634686346863
0.307 0.313671875
0.296 0.295542635658915
0.294 0.292979002624672
0.291 0.323333333333333
0.292 0.269130998702983
0.303 0.286766541822722
0.307 0.301781170483461
0.295 0.272286079182631
0.296 0.290996168582375
0.292 0.296854082998661
0.3 0.273856209150327
0.304 0.245568039950062
0.305 0.259051186017478
0.293 0.274479166666667
0.297 0.276041666666667
0.304 0.275220125786164
0.303 0.320965608465608
0.297 0.276119402985075
0.306 0.307257072570726
0.295 0.28637515842839
0.305 0.322285353535354
0.296 0.308499335989376
0.302 0.337379972565158
0.301 0.277421383647799
0.293 0.314634146341463
0.303 0.274292742927429
0.297 0.349590163934426
0.306 0.288727272727273
0.302 0.306666666666667
0.308 0.326245210727969
0.301 0.308366533864542
0.302 0.285677083333333
0.303 0.298906048906049
0.301 0.295175438596491
0.308 0.304249667994688
0.308 0.258724428399519
0.293 0.317427385892116
0.305 0.288976377952756
0.293 0.274313725490196
0.299 0.271411192214112
0.293 0.290891472868217
0.309 0.301221001221001
0.294 0.262466666666667
0.291 0.252075471698113
0.3 0.273359073359073
0.293 0.277561608300908
0.303 0.280810092961487
0.306 0.295101781170483
0.309 0.270308641975309
0.291 0.264197530864198
0.296 0.315637065637066
0.3 0.2990234375
0.297 0.302628205128205
0.292 0.291309987029831
0.303 0.313320941759603
0.298 0.281178707224335
0.306 0.257553956834532
0.294 0.306889763779528
0.304 0.321902937420179
0.307 0.3156330749354
0.309 0.259335839598997
0.295 0.327083333333333
0.299 0.313346883468835
0.297 0.296508563899868
0.3 0.288974358974359
0.304 0.285731857318573
0.3 0.290870098039216
0.3 0.313095238095238
0.294 0.287358490566038
0.299 0.279948914431673
0.306 0.282323232323232
0.3 0.295657726692209
0.295 0.317634854771784
0.301 0.283075933075933
0.301 0.277549751243781
0.302 0.283516483516484
0.293 0.28271375464684
0.302 0.297535667963684
0.301 0.256928838951311
0.292 0.277139208173691
0.296 0.288366013071895
0.303 0.259245283018868
0.3 0.260542929292929
0.296 0.312096774193548
0.3 0.279757343550447
0.306 0.269826517967782
0.306 0.312350597609562
0.302 0.283587786259542
0.291 0.308723404255319
0.301 0.287164750957854
0.3 0.312933333333333
0.306 0.269622641509434
0.297 0.294042838018742
0.3 0.281186868686869
0.293 0.2689364461738
0.293 0.279578392621871
0.298 0.270588235294118
0.301 0.295338441890166
0.291 0.282483660130719
0.296 0.295719844357977
0.305 0.264303959131545
0.299 0.3006
0.297 0.302108036890646
0.293 0.289060489060489
0.305 0.300699745547074
0.309 0.285916359163592
0.299 0.271206467661692
0.297 0.268638676844784
0.308 0.300518806744488
0.296 0.271799746514575
0.3 0.259335839598997
0.296 0.326747311827957
0.299 0.264107365792759
0.309 0.293610013175231
0.297 0.296245059288538
0.299 0.299485199485199
0.292 0.270955882352941
0.306 0.311007462686567
0.295 0.281191432396252
0.297 0.302887139107612
0.291 0.298252184769039
0.307 0.326548089591568
0.301 0.281923076923077
0.292 0.287154150197628
0.301 0.272094508301405
0.298 0.26264367816092
0.296 0.280513784461153
0.309 0.280246913580247
0.295 0.306266149870801
0.291 0.280961791831357
0.295 0.294771241830065
0.301 0.262983770287141
0.303 0.301093951093951
0.301 0.279472329472329
0.304 0.284596871239471
0.298 0.287919896640827
0.301 0.268221393034826
0.297 0.288565891472868
0.295 0.321484375
0.3 0.278171641791045
0.306 0.275555555555556
0.291 0.311132561132561
0.301 0.307768924302789
0.301 0.28733850129199
0.301 0.274166666666667
0.291 0.308565737051793
0.298 0.309919028340081
0.302 0.295381526104418
0.309 0.278927203065134
0.307 0.278598484848485
0.304 0.318061088977424
0.308 0.291293532338308
0.304 0.295320512820513
0.299 0.231021897810219
0.299 0.267239185750636
0.309 0.281402831402831
0.297 0.263194444444444
0.304 0.287132352941176
0.291 0.25342039800995
0.304 0.357308743169399
0.309 0.248698884758364
0.292 0.274254215304799
0.3 0.300948509485095
0.303 0.278397435897436
0.303 0.302067183462532
0.294 0.256892230576441
0.293 0.291830065359477
0.296 0.340456989247312
0.299 0.287832699619772
0.294 0.298307291666667
0.302 0.29559748427673
0.301 0.27970479704797
0.299 0.274716981132075
0.304 0.264598540145985
0.299 0.273232323232323
0.306 0.293783068783069
0.297 0.270607235142119
0.307 0.325651041666667
0.306 0.312143742255266
0.298 0.327777777777778
0.309 0.314495530012771
0.296 0.281089743589744
0.309 0.300243309002433
0.303 0.305683269476373
0.299 0.282896379525593
0.305 0.30474358974359
0.305 0.336513994910941
0.302 0.299689054726368
0.293 0.310977242302544
0.298 0.281939163498099
0.298 0.286753731343284
0.306 0.27525641025641
0.298 0.325132275132275
0.309 0.28912213740458
0.3 0.279356060606061
0.293 0.264929214929215
0.305 0.285036496350365
0.291 0.2541015625
0.291 0.306927297668038
0.3 0.311046511627907
0.296 0.298403575989783
0.309 0.305824039653036
0.302 0.296831432192649
0.305 0.279467680608365
0.299 0.312918340026774
0.294 0.306060606060606
0.309 0.300314465408805
0.3 0.288589743589744
0.297 0.310064102564103
0.302 0.293815104166667
0.301 0.300248756218905
0.301 0.295500633713561
0.309 0.279199475065617
0.309 0.267204301075269
0.291 0.290866666666667
0.305 0.28021978021978
0.293 0.256770833333333
0.295 0.23448275862069
0.308 0.298800505050505
0.303 0.276881720430108
0.292 0.308558558558559
0.304 0.296100628930818
0.299 0.294679487179487
0.308 0.284416365824308
0.294 0.2921875
0.309 0.312548262548263
0.291 0.278669154228856
0.296 0.307872340425532
0.307 0.319266666666667
0.309 0.276762246117085
0.296 0.285375494071146
0.292 0.270768229166667
0.308 0.304509803921569
0.292 0.31253280839895
0.309 0.252068126520681
0.291 0.335903083700441
0.302 0.29748427672956
0.294 0.2757343550447
0.298 0.292496679946879
0.307 0.295833333333333
0.304 0.300452196382429
0.302 0.273997493734336
0.307 0.293584905660377
0.295 0.289043824701195
0.297 0.2716796875
0.309 0.268796992481203
0.299 0.274094881398252
0.296 0.316873278236915
0.295 0.251584283903676
0.308 0.295657726692209
0.298 0.312483399734396
0.308 0.261703431372549
0.291 0.289299610894942
0.297 0.284230769230769
0.295 0.29203187250996
0.296 0.332167352537723
0.308 0.301378446115288
0.309 0.301908396946565
0.293 0.290604890604891
0.293 0.284543010752688
0.308 0.309514925373134
0.297 0.301089743589744
0.293 0.294820717131474
0.293 0.286412315930388
0.305 0.291825095057034
0.302 0.306885456885457
0.296 0.269182389937107
0.299 0.275905118601748
0.292 0.304266666666667
0.307 0.294
0.293 0.310272108843537
0.297 0.284514435695538
0.299 0.297178477690289
0.3 0.293695380774032
0.309 0.319140625
0.298 0.293921568627451
0.294 0.3074
0.299 0.284560723514212
0.293 0.268871595330739
0.308 0.316044776119403
0.295 0.256565656565657
0.304 0.303667953667954
0.298 0.275094339622642
0.299 0.258768656716418
0.307 0.299387254901961
0.296 0.277470355731225
0.302 0.299416342412451
0.299 0.267490494296578
0.294 0.298893229166667
0.291 0.261426767676768
0.3 0.335961272475795
0.307 0.297003745318352
0.3 0.256678921568627
0.291 0.304752604166667
0.297 0.278880407124682
0.307 0.284634448574969
0.299 0.283205619412516
0.303 0.258888888888889
0.304 0.274843945068664
0.294 0.278940568475452
0.305 0.27973137973138
0.299 0.32719298245614
0.307 0.313653846153846
0.292 0.289365671641791
0.296 0.266540880503145
0.293 0.285121328224776
0.294 0.307965194109772
0.292 0.294953519256308
0.306 0.313659147869674
0.293 0.266602809706258
0.299 0.289885496183206
0.309 0.28014440433213
0.298 0.279472329472329
0.306 0.303140096618358
0.3 0.270488721804511
0.296 0.265261813537676
0.303 0.278195488721804
0.295 0.275189393939394
0.306 0.279241877256318
0.305 0.29037037037037
0.298 0.286666666666667
0.302 0.309754521963824
0.301 0.263710691823899
0.295 0.337715803452855
0.3 0.277798507462687
0.302 0.317252604166667
0.293 0.285887611749681
0.304 0.294402985074627
0.304 0.300984009840098
0.298 0.253393939393939
0.3 0.298767833981842
0.309 0.311193111931119
0.301 0.324059139784946
0.295 0.266047087980173
0.292 0.298627450980392
0.291 0.306342780026991
0.308 0.301747815230961
0.309 0.311274509803922
0.294 0.311263020833333
0.301 0.283517835178352
0.307 0.288576779026217
0.308 0.28501872659176
0.291 0.328091397849462
0.302 0.278960709759189
0.306 0.292592592592593
0.305 0.26386815920398
0.294 0.281432192648923
0.308 0.302107279693487
0.297 0.23024453024453
0.3 0.290770252324037
0.299 0.2990234375
0.301 0.313371356147022
0.308 0.2727385377943
0.291 0.291732283464567
0.304 0.312919896640827
0.297 0.257477820025349
0.299 0.291372549019608
0.308 0.289124839124839
0.296 0.284237726098191
0.304 0.271074879227053
0.302 0.281007751937984
0.297 0.294856770833333
0.305 0.278782287822878
0.306 0.301222651222651
0.305 0.263358302122347
0.296 0.298950131233596
0.302 0.31156330749354
0.302 0.279710144927536
0.292 0.299581589958159
0.305 0.30145202020202
0.293 0.280208333333333
0.292 0.319466666666667
0.294 0.291304347826087
0.294 0.285222672064777
0.309 0.296811070998797
0.305 0.268277571251549
0.307 0.304088050314465
0.309 0.309067688378033
0.291 0.300544217687075
0.306 0.284865900383142
0.292 0.272309711286089
0.305 0.293684895833333
0.305 0.271480144404332
0.307 0.258180708180708
0.296 0.311375661375661
0.294 0.314209827357238
0.295 0.295705128205128
0.304 0.334321475625823
0.301 0.305827067669173
0.294 0.271713147410359
0.307 0.299026763990268
0.293 0.285258964143426
0.295 0.276587301587302
0.304 0.289591315453384
0.307 0.286438529784537
0.298 0.271564885496183
0.298 0.293968871595331
0.308 0.316984732824427
0.298 0.309431524547804
0.3 0.275839793281654
0.306 0.268417639429313
0.307 0.289786967418546
0.306 0.292145593869732
0.293 0.286316472114137
0.305 0.29858024691358
0.302 0.296063960639606
0.305 0.290858208955224
0.296 0.284504132231405
0.304 0.286248415716096
0.292 0.283066666666667
0.291 0.270631720430108
0.294 0.267171717171717
0.305 0.283394833948339
0.304 0.317302798982188
0.307 0.268933823529412
0.302 0.293071161048689
0.297 0.278524374176548
0.303 0.306241956241956
0.306 0.292784163473819
0.302 0.269433962264151
0.297 0.308234519104084
0.308 0.296371463714637
0.295 0.300461133069829
0.306 0.276545454545455
0.291 0.317213114754098
0.306 0.273800505050505
0.295 0.267602996254682
0.308 0.329265091863517
0.306 0.28609022556391
0.306 0.283017676767677
0.3 0.309395109395109
0.309 0.28358024691358
0.306 0.296040868454662
0.304 0.298275862068966
0.299 0.271156211562116
0.304 0.305317769130999
0.298 0.238507821901324
0.301 0.289393939393939
0.291 0.305577427821522
0.294 0.2818
0.297 0.295471698113208
0.296 0.296303501945525
0.305 0.272537878787879
0.292 0.29921568627451
0.3 0.301496598639456
0.302 0.303333333333333
0.305 0.317628205128205
0.294 0.246194225721785
0.293 0.278940568475452
0.298 0.272582697201018
0.306 0.299385245901639
0.296 0.315358126721763
0.292 0.28249354005168
0.295 0.313225371120108
0.291 0.266791979949875
0.305 0.293614303959132
0.309 0.293688725490196
0.298 0.260791826309068
0.297 0.273674242424242
0.299 0.283463035019455
0.305 0.264760147601476
0.307 0.318823529411765
0.291 0.2755859375
0.299 0.356707317073171
0.293 0.281901041666667
0.302 0.259848484848485
0.3 0.314344262295082
0.308 0.286410256410256
0.291 0.323076923076923
0.309 0.301111111111111
0.301 0.282051282051282
0.305 0.280627306273063
0.298 0.301033591731266
0.307 0.262454873646209
0.292 0.303076923076923
0.292 0.279407979407979
0.307 0.254074074074074
0.294 0.32167325428195
0.3 0.294315245478036
0.291 0.289001349527665
0.297 0.319659863945578
0.296 0.271741854636591
0.292 0.295295698924731
0.307 0.271910112359551
0.299 0.306361323155216
0.307 0.277777777777778
0.296 0.300539811066127
0.297 0.319246031746032
0.309 0.281904761904762
0.307 0.272566909975669
0.297 0.30136186770428
0.297 0.298249027237354
0.298 0.30078431372549
0.308 0.304005167958656
0.304 0.291698113207547
0.304 0.317861635220126
0.296 0.265744157441574
0.297 0.296354166666667
0.3 0.301480051480051
0.3 0.272222222222222
0.291 0.286122177954847
0.307 0.249692496924969
0.304 0.278954248366013
0.295 0.299728997289973
0.308 0.286256218905473
0.305 0.272946859903382
0.293 0.325933333333333
0.292 0.287285902503294
0.297 0.247810218978102
0.302 0.28339552238806
0.308 0.28695652173913
0.295 0.308938172043011
0.307 0.311466165413534
0.295 0.31530612244898
0.291 0.291925064599483
0.291 0.283265582655827
0.302 0.293307086614173
0.303 0.244710947109471
0.293 0.264285714285714
0.301 0.257303370786517
0.304 0.286904761904762
0.299 0.254072681704261
0.297 0.289276485788114
0.305 0.299363867684478
0.308 0.282889733840304
0.291 0.262710765239948
0.305 0.296010296010296
0.301 0.286293436293436
0.308 0.296704689480355
0.292 0.280998702983139
0.298 0.311794871794872
0.297 0.285551330798479
0.294 0.290266666666667
0.306 0.289253539253539
0.308 0.292673992673993
0.291 0.3372
0.295 0.294250645994832
0.3 0.309193121693122
0.303 0.283398692810458
0.308 0.285984848484849
0.308 0.291412213740458
0.297 0.292929292929293
0.301 0.291856060606061
0.308 0.293504901960784
0.296 0.298141025641026
0.305 0.301554726368159
0.293 0.260966542750929
0.292 0.270498084291188
0.292 0.299212598425197
0.302 0.28154533844189
0.308 0.28953488372093
0.309 0.259292565947242
0.299 0.274615384615385
0.295 0.301533333333333
0.297 0.274558080808081
0.303 0.295006485084306
0.298 0.292282749675746
0.298 0.318960863697706
0.298 0.315642076502732
0.299 0.300459317585302
0.305 0.288929889298893
0.304 0.291605839416058
0.308 0.294851994851995
0.296 0.290104166666667
0.306 0.31496062992126
0.309 0.295833333333333
0.309 0.319949494949495
0.295 0.302887139107612
0.303 0.2742656449553
0.303 0.29329643296433
0.301 0.33422131147541
0.303 0.281628787878788
0.292 0.277408854166667
0.3 0.257187112763321
0.295 0.307056451612903
0.301 0.288067444876783
0.303 0.299019607843137
0.292 0.295121951219512
0.293 0.292780026990553
0.302 0.285456885456885
0.291 0.27632944228275
0.293 0.293880208333333
0.296 0.312692307692308
0.309 0.264902676399027
0.3 0.325578231292517
0.299 0.278154050464807
0.293 0.293766404199475
0.305 0.285509950248756
0.303 0.285866666666667
0.306 0.263369304556355
0.308 0.304457364341085
0.293 0.283589743589744
0.307 0.289114391143911
0.306 0.287423687423687
0.309 0.296882951653944
0.298 0.29601593625498
0.302 0.305764411027569
0.291 0.2808
0.298 0.284237726098191
0.305 0.297849462365591
0.296 0.279607843137255
0.303 0.301515151515152
0.299 0.290903307888041
0.292 0.265589353612167
0.293 0.291509433962264
0.303 0.285935563816605
0.301 0.281554677206851
0.303 0.311533586818758
0.308 0.303525641025641
0.297 0.275833333333333
0.293 0.276154806491885
0.306 0.306970849176172
0.298 0.307020997375328
0.3 0.282179487179487
0.299 0.293710691823899
0.292 0.301944444444444
0.303 0.265660377358491
0.305 0.293836477987421
0.3 0.297718631178707
0.301 0.288250319284802
0.295 0.320238095238095
0.291 0.285529715762274
0.298 0.265094339622642
0.298 0.299872286079183
0.306 0.276137761377614
0.305 0.284600760456274
0.307 0.291791044776119
0.292 0.278290282902829
0.305 0.282758620689655
0.294 0.261494252873563
0.297 0.289314516129032
0.298 0.300448717948718
0.308 0.259225092250922
0.296 0.283202099737533
0.292 0.294955300127714
0.291 0.303066666666667
0.304 0.285246913580247
0.298 0.294213836477987
0.291 0.273560910307898
0.295 0.267250324254215
0.308 0.306150061500615
0.298 0.263432835820895
0.301 0.258179581795818
0.297 0.249622641509434
0.299 0.282363636363636
0.299 0.304452926208651
0.303 0.288758169934641
0.306 0.308142493638677
0.302 0.280012531328321
0.291 0.28202614379085
0.297 0.284695201037613
0.306 0.278012820512821
0.299 0.324705882352941
0.304 0.284320987654321
0.292 0.288346883468835
0.303 0.306756756756757
0.306 0.277883396704689
0.301 0.273308270676692
0.294 0.292257217847769
0.296 0.281994645247657
0.298 0.297554697554698
0.307 0.301596424010217
0.309 0.289010989010989
0.292 0.267241379310345
0.302 0.296706192358366
0.304 0.318773946360153
0.294 0.273496240601504
0.301 0.278589263420724
0.295 0.274242424242424
0.306 0.30734126984127
0.302 0.270024875621891
0.294 0.276209677419355
0.302 0.31485084306096
0.296 0.282319391634981
0.302 0.27449494949495
0.296 0.264771241830065
0.3 0.301584283903676
0.302 0.285732323232323
0.302 0.30159901599016
0.309 0.335780423280423
0.292 0.298669467787115
0.296 0.273853779429988
0.304 0.258054522924411
0.291 0.297694334650856
0.303 0.302133333333333
0.3 0.315127175368139
0.309 0.27939729397294
0.291 0.332786885245902
0.306 0.283271375464684
0.294 0.257610062893082
0.294 0.276013071895425
0.292 0.275984251968504
0.307 0.282581453634085
0.296 0.289382239382239
0.306 0.285935563816605
0.305 0.252380952380952
0.303 0.309496855345912
0.301 0.284469696969697
0.307 0.308706467661692
0.298 0.288823529411765
0.294 0.299795081967213
0.298 0.307911802853437
0.294 0.313550135501355
0.293 0.274383916990921
0.298 0.305447470817121
0.3 0.308168642951252
0.302 0.275308641975309
0.291 0.310866666666667
0.293 0.320454545454545
0.309 0.296992481203008
0.304 0.284487179487179
0.295 0.287320261437909
0.296 0.255867665418227
0.299 0.298473282442748
0.297 0.282110682110682
0.305 0.311559139784946
0.292 0.269570707070707
0.292 0.326075268817204
0.301 0.311454311454311
0.305 0.258518518518519
0.303 0.301724137931034
0.302 0.323497267759563
0.293 0.324
0.308 0.290852130325815
0.304 0.276618705035971
0.306 0.307115384615385
0.295 0.288679245283019
0.309 0.263151515151515
0.305 0.282138364779874
0.306 0.280698529411765
0.293 0.27972972972973
0.302 0.296491228070175
0.3 0.305747126436782
0.3 0.286027568922306
0.303 0.306496062992126
0.307 0.298339719029374
0.293 0.273006535947712
0.293 0.283265856950067
0.299 0.276262626262626
0.308 0.313653846153846
0.294 0.270025839793282
0.297 0.279871794871795
0.295 0.277756892230576
0.305 0.283957553058677
0.296 0.278073510773131
0.301 0.269507575757576
0.296 0.284639303482587
0.308 0.293508114856429
0.305 0.262962962962963
0.294 0.247739018087855
0.308 0.297823383084577
0.298 0.27264631043257
0.293 0.271391076115486
0.294 0.289707835325365
0.297 0.281241830065359
0.294 0.292809139784946
0.296 0.278128872366791
0.307 0.287907268170426
0.293 0.2867197875166
0.302 0.287434895833333
0.309 0.256630170316302
0.308 0.294910941475827
0.305 0.271410736579276
0.293 0.306894243641232
0.291 0.288715953307393
0.304 0.270508054522924
0.307 0.235265700483092
0.298 0.275757575757576
0.305 0.295483460559796
0.299 0.291931216931217
0.305 0.297853535353535
0.306 0.288630490956072
0.291 0.302496626180837
0.296 0.285
0.309 0.294886363636364
0.293 0.270265151515152
0.303 0.250814536340852
0.294 0.296940104166667
0.301 0.333997343957503
0.305 0.263530135301353
0.303 0.300823827629911
0.291 0.292271505376344
0.299 0.306704980842912
0.306 0.278921568627451
0.292 0.296923076923077
0.302 0.324212598425197
0.299 0.254661558109834
0.299 0.311838624338624
0.302 0.279478054567023
0.298 0.300375939849624
0.291 0.269422572178478
0.292 0.281364829396325
0.296 0.274624060150376
0.307 0.353280839895013
0.296 0.311178861788618
0.293 0.259208819714656
0.296 0.297011952191235
0.297 0.276061776061776
0.294 0.277367055771725
0.306 0.287100893997446
0.294 0.301859229747676
0.3 0.276957070707071
0.303 0.292389937106918
0.294 0.271111111111111
0.309 0.274847374847375
0.305 0.324363867684478
0.292 0.285325365205843
0.301 0.31046511627907
0.291 0.329590395480226
0.308 0.268827160493827
0.295 0.278260869565217
0.3 0.261679292929293
0.307 0.275814536340852
0.303 0.302146464646465
0.293 0.310142118863049
0.292 0.295125164690382
0.308 0.292379182156134
0.295 0.289670468948035
0.299 0.296519410977242
0.297 0.2814453125
0.308 0.282169117647059
0.292 0.285989375830013
0.305 0.280421313506815
0.301 0.297964376590331
0.304 0.322908366533865
0.305 0.306907477820025
0.306 0.31875
0.295 0.323224043715847
0.3 0.308801498127341
0.308 0.313802083333333
0.298 0.286111111111111
0.305 0.280297397769517
0.297 0.299150326797386
0.308 0.287705956907478
0.298 0.283010335917313
0.307 0.303320561941252
0.292 0.272455470737913
0.291 0.27640522875817
0.305 0.315853658536585
0.3 0.271235521235521
0.295 0.285816993464052
0.3 0.259444444444444
0.293 0.295125164690382
0.3 0.280839895013123
0.307 0.302756892230576
0.301 0.282506361323155
0.307 0.313008130081301
0.302 0.294986979166667
0.307 0.30202614379085
0.297 0.283077905491699
0.294 0.268227215980025
0.303 0.285833333333333
0.309 0.293107769423559
0.302 0.291858974358974
0.297 0.292490118577075
0.306 0.29520202020202
0.308 0.272767295597484
0.304 0.29922480620155
0.295 0.273230373230373
0.306 0.259428223844282
0.305 0.256140350877193
0.301 0.3064453125
0.297 0.245328282828283
0.307 0.281572327044025
0.304 0.293320610687023
0.301 0.316186556927298
0.304 0.274358974358974
0.309 0.298086419753086
0.299 0.281884057971015
0.297 0.267567567567568
0.294 0.3132
0.297 0.274671916010499
0.302 0.276481481481481
0.296 0.276848249027237
0.3 0.314501312335958
0.293 0.271705426356589
0.294 0.287007874015748
0.308 0.314154411764706
0.294 0.270419847328244
0.294 0.290104166666667
0.302 0.268864468864469
0.3 0.2727385377943
0.292 0.2575
0.294 0.293654114365411
0.295 0.282948717948718
0.307 0.311757105943152
0.307 0.273965936739659
0.308 0.2968671679198
0.306 0.301356589147287
0.308 0.274378109452736
0.303 0.272619047619048
0.302 0.286111111111111
0.293 0.331198347107438
0.309 0.278413284132841
0.307 0.297916666666667
0.307 0.324418604651163
0.294 0.283462532299742
0.299 0.306420233463035
0.302 0.287549407114625
0.291 0.299722222222222
0.295 0.280105401844532
0.296 0.326104417670683
0.303 0.264814814814815
0.3 0.301006289308176
0.303 0.267279411764706
0.292 0.291633466135458
0.291 0.286858974358974
0.294 0.315789473684211
0.297 0.275250626566416
0.292 0.284594953519256
0.299 0.330971659919028
0.295 0.255764411027569
0.292 0.285922974767596
0.295 0.274906367041198
0.3 0.297925033467202
0.295 0.311201079622132
0.292 0.279487179487179
0.296 0.300200803212851
0.292 0.289416983523447
0.304 0.283640836408364
0.304 0.310814249363868
0.299 0.284727503168568
0.298 0.317596281540505
0.305 0.264963503649635
0.308 0.258718861209964
0.292 0.298790322580645
0.306 0.290025252525253
0.303 0.285416666666667
0.301 0.283903675538657
0.292 0.255766793409379
0.308 0.290761548064919
0.291 0.273182957393484
0.306 0.279866180048662
0.301 0.283270911360799
0.292 0.273411154345006
0.295 0.320094086021505
0.298 0.26498127340824
0.308 0.294191919191919
0.309 0.274849578820698
0.291 0.304421768707483
0.301 0.290719696969697
0.306 0.276984126984127
0.291 0.273141025641026
0.293 0.257868649318463
0.303 0.302840909090909
0.305 0.291078066914498
0.299 0.264068441064639
0.293 0.291238471673254
0.302 0.298455598455598
0.304 0.331309041835358
0.292 0.292435897435897
0.292 0.304453441295547
0.301 0.234711779448622
0.305 0.258333333333333
0.295 0.306567534076828
0.304 0.267723880597015
0.294 0.304581673306773
0.301 0.320768229166667
0.292 0.310852713178295
0.297 0.273207547169811
0.294 0.297582697201018
0.292 0.291055341055341
0.296 0.284255599472991
0.302 0.323907103825137
0.301 0.286653645833333
0.309 0.277520759193357
0.301 0.277335858585859
0.307 0.286311787072243
0.305 0.309442332065906
0.303 0.307598978288633
0.292 0.303373015873016
0.291 0.270038910505837
0.299 0.320214190093708
0.294 0.279245283018868
0.302 0.284266169154229
0.294 0.281524547803618
0.294 0.274144486692015
0.296 0.310617760617761
0.309 0.266849816849817
0.294 0.302868852459016
0.308 0.289018087855297
0.297 0.2786
0.291 0.272681704260652
0.291 0.301355013550135
0.292 0.293121693121693
0.306 0.259124087591241
0.291 0.293968871595331
0.304 0.273845193508115
0.299 0.30510752688172
0.307 0.319433719433719
0.293 0.256912144702842
0.296 0.235534591194969
0.305 0.273522012578616
0.291 0.273687664041995
0.3 0.288910505836576
0.296 0.332647462277092
0.291 0.285882352941176
0.3 0.324409448818898
0.304 0.283640836408364
0.303 0.290641025641026
0.304 0.287547169811321
0.294 0.253552971576227
0.306 0.286374695863747
0.309 0.291343669250646
0.303 0.282449494949495
0.296 0.301673360107095
0.304 0.29669163545568
0.292 0.305170068027211
0.292 0.270487483530962
0.309 0.284386617100372
0.3 0.298184176394293
0.307 0.293358395989975
0.305 0.303820816864295
0.306 0.293782051282051
0.307 0.258698296836983
0.308 0.266300366300366
0.307 0.287369791666667
0.304 0.295559845559846
0.302 0.277861635220126
0.307 0.286473429951691
0.292 0.288569604086845
0.291 0.310236220472441
0.309 0.261350059737157
0.304 0.318104575163399
0.292 0.326348547717842
0.305 0.292592592592593
0.295 0.271124031007752
0.307 0.277340823970037
0.297 0.284294871794872
0.305 0.292230576441103
0.306 0.277106227106227
0.3 0.313227513227513
0.296 0.284227330779055
0.308 0.269384057971015
0.308 0.298295454545455
0.299 0.274453024453024
0.291 0.303794037940379
0.295 0.28562091503268
0.307 0.251785714285714
0.301 0.245505617977528
0.305 0.29440251572327
0.291 0.283333333333333
0.299 0.286653645833333
0.305 0.310987654320988
0.302 0.288186462324393
0.297 0.286078431372549
0.302 0.262327044025157
0.306 0.310762607626076
0.295 0.310091145833333
0.295 0.286641697877653
0.305 0.283897243107769
0.292 0.309895833333333
0.304 0.286654135338346
0.296 0.292704149933066
0.298 0.298627450980392
0.291 0.273216601815824
0.302 0.277626459143969
0.294 0.297456492637216
0.298 0.276127819548872
0.308 0.279244114002478
0.301 0.294485749690211
0.301 0.283002645502645
0.291 0.292297476759628
0.292 0.305816993464052
0.297 0.305249343832021
0.294 0.276629766297663
0.308 0.278934324659232
0.293 0.329150066401062
0.307 0.286922141119221
0.308 0.297574626865672
0.305 0.307258064516129
0.302 0.273406862745098
0.291 0.289068825910931
0.301 0.305928853754941
0.294 0.286827956989247
0.298 0.310272108843537
0.296 0.308875338753388
0.308 0.286967418546366
0.305 0.294228274967575
0.302 0.313154533844189
0.301 0.324965986394558
0.298 0.29198717948718
0.302 0.277083333333333
0.293 0.292674731182796
0.308 0.291792929292929
0.307 0.29957264957265
0.296 0.3086
0.303 0.260062893081761
0.305 0.269020356234097
0.298 0.262830188679245
0.291 0.288482384823848
0.298 0.302257636122178
0.307 0.281995133819951
0.299 0.297496706192358
0.305 0.271509433962264
0.303 0.290012484394507
0.295 0.309060846560847
0.301 0.298395061728395
0.296 0.3201171875
0.304 0.26125786163522
0.301 0.295436507936508
0.295 0.305533854166667
0.304 0.314784946236559
0.291 0.297876447876448
0.292 0.289477124183007
0.308 0.294607843137255
0.3 0.274254215304799
0.299 0.273091603053435
0.3 0.282379134860051
0.308 0.296037735849057
0.3 0.278598484848485
0.307 0.292902408111534
0.293 0.2625
0.308 0.30141975308642
0.293 0.256970849176172
0.305 0.288768115942029
0.292 0.271217948717949
0.292 0.289304461942257
0.303 0.3
0.299 0.278185328185328
0.309 0.288653846153846
0.291 0.281380208333333
0.295 0.315803452855246
0.3 0.305297157622739
0.297 0.308905852417303
0.307 0.303974358974359
0.305 0.281281094527363
0.299 0.318224932249322
0.302 0.288212927756654
0.303 0.29382951653944
0.3 0.29377358490566
0.309 0.301616915422886
0.291 0.3054
0.308 0.295360195360195
0.301 0.313294422827497
0.291 0.301322751322751
0.291 0.299212598425197
0.307 0.263930348258706
0.303 0.281818181818182
0.301 0.314332036316472
0.291 0.293733850129199
0.294 0.309170013386881
0.299 0.282824427480916
0.291 0.268540051679587
0.303 0.314038461538462
0.3 0.289058524173028
0.3 0.272773536895674
0.309 0.296125461254613
0.302 0.317628205128205
0.295 0.290239043824701
0.291 0.284889753566796
0.298 0.269656488549618
0.303 0.295391414141414
0.301 0.285842985842986
0.305 0.266051660516605
0.306 0.295654993514916
0.304 0.291831357048748
0.302 0.272262773722628
0.291 0.274343015214385
0.293 0.276962676962677
0.297 0.304562737642586
0.304 0.268374558303887
0.307 0.271262254901961
0.304 0.291381495564005
0.306 0.30625
0.303 0.337933333333333
0.3 0.2939453125
0.296 0.254134860050891
0.304 0.28251572327044
0.301 0.285057471264368
0.294 0.290521628498728
0.304 0.293358395989975
0.294 0.275793650793651
0.305 0.277926208651399
0.299 0.267997465145754
0.3 0.273509485094851
0.297 0.296303501945525
0.305 0.302099236641221
0.302 0.279779411764706
0.309 0.295555555555556
0.295 0.298406374501992
0.306 0.268560606060606
0.303 0.274201787994891
0.307 0.321229404309252
0.297 0.268840579710145
0.308 0.305224867724868
0.291 0.290402075226978
0.3 0.295816993464052
0.292 0.338271604938272
0.294 0.294109772423025
0.305 0.260062893081761
0.301 0.32742363877822
0.305 0.273565323565324
0.309 0.286100628930818
0.294 0.329471544715447
0.294 0.268269230769231
0.301 0.271229404309252
0.303 0.276923076923077
0.3 0.294935897435897
0.307 0.311442786069652
0.305 0.285213032581454
0.291 0.298550724637681
0.304 0.281598513011152
0.304 0.33340108401084
0.302 0.299679487179487
0.295 0.267241379310345
0.307 0.277611940298507
0.307 0.298184176394293
0.304 0.332445355191257
0.293 0.304365079365079
0.309 0.309541511771995
0.296 0.281233595800525
0.294 0.260861423220974
0.294 0.287066666666667
0.305 0.308664021164021
0.304 0.266605839416058
0.298 0.298848238482385
0.305 0.249347568208778
0.292 0.29047619047619
0.297 0.279343629343629
0.295 0.272138364779874
0.3 0.307063197026022
0.301 0.305599472990777
0.303 0.267374517374517
0.304 0.290148698884758
0.3 0.289040207522698
0.306 0.280545229244114
0.298 0.32058432934927
0.302 0.2920049200492
0.295 0.326797385620915
0.294 0.31905737704918
0.295 0.296945551128818
0.303 0.276506765067651
0.301 0.296034946236559
0.296 0.28421768707483
0.293 0.291933333333333
0.299 0.302325581395349
0.292 0.265019011406844
0.306 0.307726692209451
0.292 0.302549019607843
0.305 0.310559796437659
0.291 0.30587044534413
0.291 0.335907859078591
0.296 0.286882129277567
0.302 0.302671755725191
0.306 0.300445292620865
0.297 0.265379665379665
0.296 0.313501291989664
0.299 0.288562091503268
0.291 0.305465587044534
0.309 0.265262515262515
0.301 0.314687100893997
0.293 0.27359477124183
0.295 0.289934640522876
0.297 0.298214285714286
0.292 0.273202614379085
0.296 0.258364779874214
0.299 0.307161458333333
0.307 0.302893081761006
0.296 0.27568407960199
0.302 0.319312169312169
0.295 0.270783532536521
0.304 0.306881313131313
0.3 0.279028290282903
0.305 0.300255427841635
0.304 0.272160493827161
0.302 0.29727626459144
0.304 0.318733850129199
0.308 0.293570536828964
0.291 0.313756613756614
0.298 0.308955223880597
0.305 0.28314606741573
0.293 0.303474903474903
0.3 0.2928
0.301 0.293880208333333
0.306 0.291393939393939
0.308 0.324531835205992
0.306 0.312058080808081
0.309 0.276243781094527
0.304 0.304469987228608
0.303 0.289405684754522
0.303 0.289615384615385
0.295 0.290813648293963
0.296 0.280705128205128
0.301 0.277098765432099
0.296 0.31239837398374
0.299 0.322395833333333
0.294 0.28117048346056
0.307 0.30670356703567
0.294 0.301686909581646
0.306 0.276515151515151
0.309 0.29749373433584
0.307 0.304681647940075
0.297 0.27594696969697
0.305 0.297440699126092
0.299 0.274189364461738
0.298 0.303306878306878
0.299 0.290684410646388
0.299 0.262064676616915
0.295 0.303054448871182
0.294 0.276666666666667
0.292 0.289440203562341
0.297 0.289078282828283
0.295 0.273589743589744
0.291 0.288525641025641
0.303 0.274185463659148
0.305 0.344005270092227
0.295 0.276209150326797
0.297 0.260810810810811
0.294 0.32280701754386
0.301 0.293669250645995
0.296 0.312596899224806
0.306 0.285055350553506
0.305 0.30965250965251
0.298 0.290025252525253
0.309 0.260780669144981
0.294 0.302509652509653
0.294 0.307450980392157
0.298 0.26548946716233
0.301 0.288301886792453
0.294 0.251325757575758
0.294 0.316733333333333
0.3 0.269274809160305
0.307 0.294679487179487
0.309 0.310842627013631
0.293 0.266666666666667
0.306 0.328728923476005
0.3 0.277408854166667
0.306 0.32568093385214
0.299 0.313113695090439
0.291 0.288979591836735
0.299 0.293546365914787
0.302 0.320472440944882
0.307 0.285078219013237
0.308 0.289033457249071
0.296 0.286627140974967
0.308 0.277515151515151
0.302 0.317903645833333
0.303 0.301937984496124
0.295 0.310981912144703
0.291 0.286627140974967
0.305 0.295590142671855
0.296 0.306048906048906
0.292 0.294573643410853
0.307 0.300369003690037
0.305 0.282575757575758
0.302 0.287984496124031
0.295 0.296433470507545
0.299 0.324140211640212
0.309 0.316731016731017
0.294 0.300636132315522
0.293 0.294856770833333
0.298 0.292222222222222
0.301 0.3
0.301 0.299300254452926
0.3 0.301920693928129
0.306 0.29047619047619
0.299 0.272480620155039
0.304 0.301610904584882
0.299 0.30195681511471
0.308 0.284732824427481
0.299 0.27103620474407
0.309 0.285042735042735
0.292 0.263413014608234
0.306 0.28043758043758
0.301 0.29367816091954
0.307 0.273854961832061
0.308 0.301851851851852
0.294 0.265458015267176
0.293 0.273764258555133
0.301 0.294690860215054
0.3 0.274201787994891
0.303 0.291698113207547
0.301 0.278233830845771
0.292 0.275911949685535
0.295 0.328045515394913
0.305 0.267777777777778
0.296 0.288743781094527
0.306 0.292585551330798
0.308 0.279988052568698
0.292 0.244069912609238
0.3 0.30952380952381
0.303 0.291312741312741
0.304 0.298589743589744
0.297 0.295897435897436
0.308 0.302707581227437
0.3 0.254435994930292
0.296 0.291071428571429
0.303 0.29702154626109
0.308 0.314330808080808
0.294 0.287549407114625
0.303 0.293412384716733
0.298 0.275258397932817
0.308 0.301227390180879
0.291 0.294953519256308
0.301 0.3014687100894
0.292 0.309561752988048
0.309 0.310656753407683
0.3 0.286543209876543
0.301 0.28804347826087
0.292 0.29281045751634
0.3 0.319455511288181
0.302 0.298930817610063
0.306 0.289294871794872
0.299 0.291115196078431
0.291 0.280864197530864
0.302 0.298786717752235
0.301 0.266919191919192
0.302 0.266232961586121
0.309 0.283333333333333
0.297 0.302690288713911
0.293 0.276866666666667
0.3 0.271124031007752
0.305 0.282091503267974
0.307 0.298282442748092
0.303 0.309842519685039
0.296 0.31285140562249
0.303 0.324654088050314
0.3 0.272727272727273
0.292 0.312918340026774
0.293 0.316192411924119
0.302 0.288049095607235
0.298 0.274873737373737
0.292 0.303748326639893
0.302 0.321902937420179
0.297 0.287743190661479
0.303 0.321919584954604
0.291 0.323155737704918
0.296 0.277693282636248
0.3 0.291060025542784
0.303 0.310013440860215
0.292 0.335416666666667
0.305 0.315214646464646
0.297 0.260983397190294
0.299 0.26125786163522
0.307 0.267274939172749
0.302 0.313567493112948
0.305 0.293972939729397
0.304 0.28640522875817
0.292 0.261904761904762
0.302 0.280411686586985
0.297 0.269455006337136
0.294 0.26925505050505
0.309 0.289544895448955
0.301 0.29272030651341
0.302 0.310505836575875
0.307 0.310050890585242
0.294 0.29901185770751
0.305 0.277571251548947
0.301 0.29614898989899
0.309 0.30750307503075
0.305 0.270755885997522
0.297 0.313469387755102
0.302 0.306933842239186
0.291 0.332030178326475
0.301 0.32281746031746
0.296 0.300267737617135
0.298 0.316733067729084
0.295 0.318397435897436
0.299 0.297709923664122
0.306 0.26462962962963
0.302 0.273958333333333
0.309 0.272051282051282
0.307 0.277716727716728
0.3 0.288197146562905
0.294 0.308606557377049
0.294 0.321908602150538
0.291 0.248439450686642
0.307 0.303165374677003
0.299 0.307459677419355
0.298 0.293716931216931
0.306 0.321428571428571
0.306 0.294799054373522
0.305 0.284448818897638
0.294 0.269113756613757
0.295 0.309827357237716
0.301 0.294968553459119
0.298 0.286886304909561
0.297 0.308265582655827
0.309 0.260851318944844
0.306 0.318087855297158
0.299 0.282561132561133
0.297 0.310954301075269
0.294 0.265852130325815
0.3 0.308858267716535
0.304 0.26234335839599
0.299 0.276838235294118
0.303 0.271484375
0.302 0.312209302325581
0.309 0.299454545454545
0.296 0.240671641791045
0.292 0.276399491094148
0.292 0.290522875816993
0.301 0.298467432950192
0.305 0.271374045801527
0.301 0.255575980392157
0.296 0.306547619047619
0.308 0.278427672955975
0.298 0.275839793281654
0.295 0.298403575989783
0.301 0.252829028290283
0.292 0.286186770428016
0.291 0.301666666666667
0.295 0.285234474017744
0.296 0.28
0.297 0.247662976629766
0.298 0.293994601889339
0.297 0.328246318607764
0.295 0.27382762991128
0.309 0.258095238095238
0.303 0.299748427672956
0.305 0.30581098339719
0.301 0.290413533834586
0.3 0.310416666666667
0.305 0.309603469640644
0.298 0.339145658263305
0.3 0.288178294573643
0.305 0.291444866920152
0.293 0.314077025232404
0.299 0.285580524344569
0.307 0.2580900243309
0.297 0.325416666666667
0.306 0.312820512820513
0.301 0.269799498746867
0.307 0.294178921568627
0.308 0.30830164765526
0.309 0.291827541827542
0.302 0.283852140077821
0.292 0.29437908496732
0.309 0.306100628930818
0.295 0.283813443072702
0.299 0.296275252525252
0.301 0.283719433719434
0.302 0.305038759689923
0.301 0.280461922596754
0.293 0.301246719160105
0.307 0.276923076923077
0.301 0.305725190839695
0.291 0.317708333333333
0.298 0.292384519350812
0.308 0.284691358024691
0.299 0.298035230352304
0.296 0.299865591397849
0.303 0.297647058823529
0.297 0.291379310344828
0.293 0.295718050065876
0.307 0.319157088122605
0.305 0.289311594202899
0.304 0.293295739348371
0.308 0.271410256410256
0.303 0.291763942931258
0.294 0.257024265644955
0.294 0.284872824631861
0.298 0.295059288537549
0.309 0.271316425120773
0.299 0.285820895522388
0.305 0.283658854166667
0.309 0.28886815920398
0.299 0.302091254752852
0.3 0.271766169154229
0.309 0.320674300254453
0.299 0.28800505050505
0.302 0.290714285714286
0.303 0.290262172284644
0.3 0.296666666666667
0.305 0.320676691729323
0.3 0.295274584929757
0.3 0.272884615384615
0.297 0.254342273307791
0.305 0.279457364341085
0.309 0.283148831488315
0.306 0.306130268199234
0.307 0.266973039215686
0.308 0.335518102372035
0.307 0.278492647058824
0.307 0.306960408684547
0.3 0.301356589147287
0.294 0.292307692307692
0.293 0.267490494296578
0.293 0.269886363636364
0.309 0.286121919584955
0.291 0.277222222222222
0.304 0.301377952755906
0.302 0.280597014925373
0.297 0.274271229404309
0.3 0.29974358974359
0.304 0.302895752895753
0.292 0.287022397891963
0.304 0.263121890547264
0.307 0.272264150943396
0.307 0.299341238471673
0.302 0.268233082706767
0.294 0.35258019525802
0.302 0.290458488228005
0.291 0.270770202020202
0.292 0.286757105943152
0.294 0.27118320610687
0.302 0.266216216216216
0.293 0.28
0.301 0.280461922596754
0.295 0.291269841269841
0.301 0.25845498783455
0.305 0.265923172242875
0.293 0.277059569074778
0.309 0.297812097812098
0.307 0.299747474747475
0.298 0.330322128851541
0.302 0.273151750972763
0.291 0.291732283464567
0.309 0.294591194968553
0.292 0.297244094488189
0.294 0.295074224021592
0.291 0.282751937984496
0.307 0.278793532338308
0.297 0.247672955974843
0.294 0.312648221343873
0.297 0.248962148962149
0.294 0.309120734908136
0.297 0.291698595146871
0.306 0.29661558109834
0.302 0.307219973009447
0.297 0.257615480649188
0.296 0.318981481481481
0.305 0.306430446194226
0.294 0.283461047254151
0.295 0.310958005249344
0.307 0.275728770595691
0.303 0.280769230769231
0.291 0.294205729166667
0.307 0.282287822878229
0.295 0.295173745173745
0.303 0.307315521628499
0.291 0.299470899470899
0.291 0.298231292517007
0.307 0.284465408805031
0.307 0.27087980173482
0.302 0.279392764857881
0.301 0.286948529411765
0.292 0.271456692913386
0.305 0.274907063197026
0.298 0.262881562881563
0.303 0.328875968992248
0.307 0.300619578686493
0.304 0.299236641221374
0.291 0.266219667943806
0.293 0.278249678249678
0.305 0.315751633986928
0.309 0.272627737226277
0.298 0.318077956989247
0.298 0.305643044619423
0.307 0.274817518248175
0.293 0.286590038314176
0.303 0.252554278416347
0.299 0.286111111111111
0.304 0.307509881422925
0.309 0.295879458794588
0.296 0.274010217113665
0.291 0.307266666666667
0.304 0.280637254901961
0.295 0.309237726098191
0.309 0.265079365079365
0.306 0.281944444444444
0.292 0.279451137884873
0.299 0.303450520833333
0.3 0.272816728167282
0.291 0.298589743589744
0.294 0.2859375
0.307 0.312048192771084
0.307 0.295
0.309 0.268969696969697
0.309 0.296310432569975
0.295 0.313854595336077
0.291 0.297849462365591
0.297 0.291767068273092
0.303 0.308301886792453
0.307 0.295534591194969
0.294 0.288095238095238
0.293 0.29375
0.307 0.255
0.297 0.31259842519685
0.3 0.293017127799736
0.3 0.30990813648294
0.309 0.305118601747815
0.298 0.265882352941176
0.306 0.266042446941323
0.292 0.285458167330677
0.296 0.276601307189542
0.301 0.264141414141414
0.301 0.307726692209451
0.306 0.302269779507134
0.301 0.280410447761194
0.306 0.287683823529412
0.307 0.292874845105328
0.301 0.3150390625
0.296 0.28091697645601
0.297 0.304215304798962
0.307 0.286162361623616
0.303 0.291504539559014
0.305 0.281623931623932
0.301 0.249191542288557
0.298 0.271003717472119
0.295 0.289444444444444
0.294 0.275940337224384
0.302 0.274621212121212
0.303 0.285977859778598
0.291 0.328627450980392
0.297 0.2844
0.298 0.296153846153846
0.304 0.3026
0.295 0.29638783269962
0.297 0.285121328224776
0.3 0.285214007782101
0.3 0.279636363636364
0.292 0.260700389105058
0.299 0.26309963099631
0.296 0.299479166666667
0.299 0.291601049868766
0.291 0.310144927536232
0.3 0.289748677248677
0.297 0.288756613756614
0.304 0.281678921568627
0.294 0.311111111111111
0.299 0.283210332103321
0.306 0.292982456140351
0.303 0.365266666666667
0.309 0.301865671641791
0.306 0.27985347985348
0.304 0.297232947232947
0.297 0.308595800524934
0.294 0.304733333333333
0.294 0.28
0.298 0.288569604086845
0.304 0.261842105263158
0.295 0.332517006802721
0.305 0.256884057971014
0.308 0.299559748427673
0.299 0.314385297845374
0.297 0.281640625
0.296 0.278518518518518
0.295 0.27
0.299 0.280220492866407
0.306 0.301526717557252
0.306 0.283770287141074
0.303 0.23556338028169
0.302 0.292866407263294
0.3 0.314940239043825
0.301 0.264684014869888
0.309 0.286009732360097
0.308 0.262377450980392
0.303 0.301301115241636
0.302 0.286882129277567
0.303 0.281057810578106
0.306 0.283271604938272
0.303 0.306705729166667
0.304 0.273169191919192
0.296 0.28062015503876
0.299 0.252311435523114
0.305 0.295865633074935
0.305 0.285110294117647
0.299 0.305716253443526
0.291 0.331881051175657
0.301 0.335538261997406
0.3 0.277034120734908
0.303 0.303482587064677
0.292 0.301837270341207
0.299 0.292125984251969
0.307 0.302933832709114
0.299 0.277075351213282
0.297 0.265894465894466
0.298 0.309251968503937
0.296 0.298982188295165
0.306 0.266178266178266
0.296 0.296153846153846
0.3 0.305444887118194
0.305 0.267358490566038
0.304 0.2996138996139
0.297 0.268594527363184
0.292 0.312610619469027
0.304 0.286777367773678
0.303 0.27748427672956
0.298 0.324765729585007
0.299 0.303491436100132
0.298 0.305641025641026
0.306 0.287686567164179
0.298 0.299738562091503
0.305 0.303168567807351
0.294 0.272503242542153
0.294 0.257505910165485
0.299 0.258212560386473
0.298 0.296031746031746
0.292 0.329296875
0.304 0.277671755725191
0.306 0.276520681265207
0.292 0.344560669456067
0.302 0.282120051085568
0.298 0.280565805658057
0.307 0.290419947506562
0.299 0.290108401084011
0.303 0.297537878787879
0.298 0.269312169312169
0.298 0.265543071161049
0.295 0.283202614379085
0.293 0.253899371069182
0.293 0.302788586251621
0.307 0.286975308641975
0.296 0.283011583011583
0.301 0.301744186046512
0.292 0.315921409214092
0.3 0.284410646387833
0.303 0.277756892230576
0.297 0.301822916666667
0.307 0.311174242424242
0.307 0.32295719844358
0.303 0.283914728682171
0.298 0.280024509803922
0.307 0.316865079365079
0.302 0.310441767068273
0.305 0.293133333333333
0.295 0.280794270833333
0.302 0.276552598225602
0.3 0.295090439276486
0.296 0.273182957393484
0.296 0.300265604249668
0.293 0.272813688212928
0.299 0.276604938271605
0.309 0.285518102372035
0.298 0.296903820816864
0.307 0.319838308457711
0.294 0.25478855721393
0.298 0.317835178351784
0.307 0.281604938271605
0.308 0.296096654275093
0.304 0.287547892720307
0.305 0.289499389499389
0.298 0.247519083969466
0.302 0.29034749034749
0.303 0.304102564102564
0.298 0.285185185185185
0.297 0.316117969821674
0.306 0.276404494382022
0.301 0.306747638326586
0.295 0.258043758043758
0.3 0.275097276264591
0.3 0.305401844532279
0.295 0.268339768339768
0.304 0.279636591478697
0.295 0.288505747126437
0.307 0.32114898989899
0.292 0.306410256410256
0.308 0.257933579335793
0.297 0.271879021879022
0.302 0.272477650063857
0.303 0.301979565772669
0.298 0.304392764857881
0.297 0.271446540880503
0.307 0.275670498084291
0.307 0.299875156054931
0.306 0.290874524714829
0.298 0.312482853223594
0.304 0.291020671834625
0.293 0.27237532808399
0.294 0.281944444444444
0.296 0.287037037037037
0.302 0.3199604743083
0.304 0.283516483516484
0.301 0.282046332046332
0.299 0.253357753357753
0.297 0.2671875
0.306 0.284870848708487
0.302 0.306089743589744
0.302 0.280545454545455
0.305 0.27819083023544
0.293 0.279377431906615
0.294 0.288261997405966
0.296 0.312641509433962
0.299 0.295112781954887
0.303 0.250419664268585
0.304 0.268102372034956
0.291 0.273022049286641
0.305 0.298232323232323
0.306 0.315716096324461
0.291 0.311244979919679
0.301 0.30025641025641
0.295 0.268372703412073
0.304 0.290151515151515
0.295 0.289382239382239
0.297 0.33340108401084
0.291 0.279909560723514
0.304 0.299095607235142
0.306 0.330087390761548
0.297 0.290214646464646
0.301 0.25997425997426
0.299 0.267617237008872
0.308 0.266474358974359
0.308 0.30467720685112
0.305 0.296679197994987
0.302 0.287417654808959
0.308 0.284644194756554
0.293 0.275221799746515
0.299 0.283935742971888
0.307 0.288501291989664
0.292 0.303882195448461
0.297 0.329727891156463
0.307 0.279340937896071
0.294 0.281380208333333
0.292 0.293346774193548
0.299 0.310261437908497
0.295 0.269533333333333
0.301 0.296540880503145
0.306 0.342643229166667
0.299 0.327667984189723
0.294 0.28156862745098
0.292 0.320314735336195
0.298 0.273396226415094
0.292 0.320544217687075
0.291 0.296466666666667
0.308 0.289530685920578
0.296 0.266020671834625
0.305 0.303851261620186
0.293 0.277314814814815
0.306 0.302973977695167
0.291 0.30809906291834
0.302 0.292669172932331
0.299 0.280934343434343
0.296 0.296774193548387
0.305 0.270739348370927
0.307 0.279151061173533
0.307 0.279275905118602
0.303 0.288676844783715
0.303 0.257598978288633
0.293 0.264367816091954
0.303 0.276641414141414
0.293 0.296945551128818
0.309 0.302788339670469
0.294 0.303512132822478
0.308 0.285531135531136
0.295 0.2814453125
0.293 0.317540322580645
0.309 0.297609819121447
0.294 0.295362903225806
0.294 0.298393574297189
0.308 0.294320987654321
0.298 0.277302204928664
0.3 0.310810810810811
0.301 0.309700520833333
0.291 0.295866666666667
0.301 0.328002699055331
0.309 0.279166666666667
0.294 0.28010752688172
0.293 0.281641604010025
0.304 0.278606060606061
0.308 0.28690932311622
0.293 0.294144144144144
0.292 0.278685258964143
0.3 0.324183006535948
0.303 0.288285024154589
0.292 0.308843537414966
0.307 0.316602564102564
0.306 0.307428940568475
0.305 0.282894736842105
0.307 0.296060606060606
0.304 0.309589947089947
0.291 0.273107569721116
0.294 0.300745257452575
0.297 0.27027027027027
0.307 0.269206939281289
0.294 0.297005208333333
0.294 0.310618279569892
0.307 0.280523627075351
0.308 0.272032828282828
0.291 0.318290960451977
0.308 0.288231780167264
0.293 0.254460966542751
0.308 0.300245098039216
0.305 0.30974358974359
0.309 0.278606965174129
0.303 0.29760101010101
0.299 0.313063063063063
0.294 0.305191256830601
0.291 0.277865612648221
0.307 0.28515037593985
0.299 0.263816604708798
0.299 0.295576923076923
0.291 0.31239837398374
0.299 0.280087390761548
0.303 0.280495169082126
0.304 0.273621553884712
0.304 0.260185185185185
0.306 0.252867383512545
0.298 0.317526455026455
0.301 0.292051282051282
0.292 0.254725415070243
0.296 0.308266129032258
0.291 0.320054200542005
0.305 0.309906291834003
0.296 0.301085568326948
0.299 0.27985842985843
0.301 0.293308080808081
0.302 0.280459770114943
0.307 0.26531862745098
0.309 0.298161764705882
0.3 0.274561403508772
0.297 0.300980392156863
0.306 0.283333333333333
0.295 0.293401360544218
0.301 0.256088560885609
0.294 0.262820512820513
0.302 0.287433862433862
0.296 0.279525593008739
0.297 0.307001239157373
0.291 0.294553805774278
0.301 0.299045801526718
0.304 0.331387808041505
0.296 0.284294871794872
0.298 0.269475655430712
0.306 0.300387596899225
0.301 0.308984375
0.292 0.290012970168612
0.302 0.286121673003802
0.304 0.277226463104326
0.308 0.314915693904021
0.307 0.30264857881137
0.302 0.27685534591195
0.305 0.303133333333333
0.293 0.293066157760814
0.303 0.291194968553459
0.294 0.297932816537468
0.296 0.292764857881137
0.299 0.2892
0.294 0.266930171277997
0.304 0.277121771217712
0.294 0.280026455026455
0.293 0.293187830687831
0.297 0.305601659751037
0.296 0.286089743589744
0.309 0.314509803921569
0.292 0.261198945981555
0.294 0.3132
0.307 0.310323383084577
0.306 0.304661558109834
0.293 0.301102464332036
0.305 0.274813432835821
0.299 0.267639429312581
0.297 0.308039215686275
0.295 0.295649263721553
0.3 0.298544973544974
0.299 0.308775252525253
0.309 0.291759603469641
0.307 0.31956241956242
0.307 0.261272727272727
0.303 0.277465667915106
0.309 0.299814814814815
0.308 0.272363636363636
0.292 0.299411764705882
0.291 0.282435897435897
0.309 0.272632226322263
0.304 0.314321926489227
0.297 0.286381322957198
0.295 0.285367454068241
0.293 0.341397849462366
0.291 0.269488188976378
0.295 0.279986613119143
0.294 0.287051282051282
0.299 0.343212365591398
0.295 0.278091397849462
0.293 0.280038759689922
0.301 0.283084577114428
0.294 0.273137254901961
0.298 0.296522309711286
0.295 0.295538057742782
0.303 0.299338624338624
0.308 0.274935400516796
0.295 0.282115384615385
0.309 0.280062893081761
0.309 0.324310776942356
0.293 0.276908396946565
0.305 0.324578469520104
0.296 0.278580729166667
0.304 0.258333333333333
0.295 0.272445255474453
0.294 0.2689364461738
0.294 0.305123216601816
0.304 0.316666666666667
0.305 0.298098859315589
0.306 0.309417596034696
0.3 0.304406130268199
0.291 0.283527885862516
0.305 0.262421972534332
0.307 0.292606516290727
0.309 0.299163449163449
0.303 0.320128205128205
0.297 0.295949535192563
0.293 0.309084699453552
0.307 0.298501872659176
0.295 0.279937106918239
0.302 0.342682926829268
0.298 0.279935897435897
0.291 0.307385620915033
0.308 0.275723270440252
0.301 0.292111959287532
0.307 0.294316730523627
0.309 0.290413533834586
0.309 0.264294403892944
0.299 0.282874015748032
0.301 0.304086845466156
0.307 0.288014981273408
0.308 0.278413284132841
0.296 0.314748677248677
0.296 0.263573232323232
0.307 0.303995006242197
0.297 0.318832020997375
0.292 0.305248226950355
0.303 0.308884565499352
0.298 0.280970149253731
0.304 0.313137254901961
0.299 0.300516795865633
0.292 0.29979674796748
0.303 0.319775132275132
0.308 0.299248120300752
0.295 0.298313878080415
0.292 0.310551075268817
0.303 0.316795865633075
0.303 0.272305764411028
0.299 0.313745019920319
0.295 0.289341085271318
0.292 0.294353741496599
0.309 0.315088383838384
0.307 0.255413625304136
0.303 0.299621212121212
0.295 0.298074369189907
0.307 0.284320987654321
0.294 0.310013440860215
0.293 0.263518518518519
0.294 0.286625514403292
0.302 0.297168597168597
0.301 0.249387254901961
0.304 0.295933333333333
0.295 0.276013071895425
0.299 0.335383597883598
0.297 0.299802371541502
0.302 0.301066666666667
0.295 0.288379814077025
0.309 0.303880407124682
0.307 0.277038369304556
0.295 0.290402075226978
0.303 0.301851851851852
0.299 0.286393229166667
0.305 0.283524904214559
0.304 0.297834645669291
0.304 0.325064599483204
0.3 0.281495098039216
0.301 0.325520833333333
0.296 0.2890625
0.309 0.271660424469413
0.296 0.300576923076923
0.305 0.304166666666667
0.301 0.277160493827161
0.3 0.258700980392157
0.306 0.258937198067633
0.293 0.299411764705882
0.304 0.303359173126615
0.293 0.304309252217997
0.293 0.306036745406824
0.3 0.263113695090439
0.293 0.304132231404959
0.309 0.288026474127557
0.304 0.301866151866152
0.3 0.319325551232166
0.3 0.30136186770428
0.298 0.312984496124031
0.308 0.314728682170543
0.307 0.299553001277139
0.301 0.278385416666667
0.293 0.258177278401998
0.296 0.324236641221374
0.3 0.300389105058366
0.303 0.298275862068966
0.295 0.333971631205674
0.305 0.25230961298377
0.295 0.324862258953168
0.306 0.279650436953808
0.295 0.28983268983269
0.307 0.248148148148148
0.302 0.279863692688971
0.301 0.283836477987421
0.294 0.280338541666667
0.306 0.275252525252525
0.298 0.312403100775194
0.297 0.289150326797386
0.303 0.311372549019608
0.291 0.267852437417655
0.299 0.308666666666667
0.309 0.270609318996416
0.295 0.31521164021164
0.298 0.279559748427673
0.306 0.328108465608466
0.303 0.328439153439153
0.296 0.305032679738562
0.307 0.279739776951673
0.307 0.27874213836478
0.292 0.265422885572139
0.298 0.287213740458015
0.305 0.293065693430657
0.302 0.278117505995204
0.303 0.291157760814249
0.297 0.251340996168582
0.297 0.317278911564626
0.297 0.314980544747082
0.299 0.277967171717172
0.298 0.294851994851995
0.296 0.292549019607843
0.291 0.284688346883469
0.295 0.265671641791045
0.303 0.319422572178478
0.303 0.278456790123457
0.292 0.291228070175439
0.298 0.302595628415301
0.3 0.345883940620783
0.294 0.333549783549784
0.305 0.279726368159204
0.3 0.257024265644955
0.305 0.312126865671642
0.307 0.33735632183908
0.305 0.298605830164766
0.305 0.296514575411914
0.295 0.297773536895674
0.294 0.303477690288714
0.308 0.285731414868105
0.305 0.297117794486216
0.291 0.308622908622909
0.292 0.294401041666667
0.302 0.275343320848939
0.291 0.2684
0.307 0.275031446540881
0.305 0.300124843945069
0.301 0.296511627906977
0.295 0.306466666666667
0.302 0.30474358974359
0.308 0.29453125
0.3 0.287282463186078
0.309 0.30518102372035
0.303 0.301906519065191
0.302 0.247893432465923
0.304 0.254411764705882
0.305 0.288039215686274
0.308 0.282896379525593
0.308 0.308969465648855
0.296 0.284738186462324
0.296 0.281417624521073
0.295 0.319356955380577
0.306 0.277799736495389
0.303 0.293653846153846
0.3 0.3064453125
0.305 0.296138996138996
0.296 0.31005291005291
0.304 0.270335820895522
0.308 0.306704980842912
0.307 0.288156288156288
0.308 0.293928128872367
0.292 0.31336032388664
0.308 0.274411400247831
0.298 0.265384615384615
0.297 0.285573122529644
0.292 0.297144754316069
0.297 0.299598393574297
0.308 0.314370078740157
0.293 0.285609103078983
0.292 0.29803094233474
0.304 0.289846743295019
0.307 0.270758122743682
0.306 0.321775223499361
0.291 0.276245210727969
0.294 0.303902116402116
0.295 0.254296875
0.303 0.265185185185185
0.308 0.251388888888889
0.292 0.270707070707071
0.299 0.2875
0.3 0.283205619412516
0.299 0.327733860342556
0.301 0.291161616161616
0.296 0.281724581724582
0.308 0.306066411238825
0.291 0.241698113207547
0.291 0.274038461538462
