0.00237843602728439
0.00328266953466512
0.00193532770630907
0.00336443287860638
0.000393097193015618
0.0020252982237199
0.00682180239822288
0.00333105336936816
0.000538762279787057
0.00130475894666964
0.00243848013740997
0.00250501654188695
0.0030624406791217
0.00187959277573481
0.00273930040962534
0.00359067443855061
0.00200070295154599
0.0034196066475143
0.00219124633920878
0.00144008950209401
0.00266330820813017
0.00217664122014621
0.00539366640571634
0.00224228111736974
0.00237182472136415
0.00190991388072156
0.00478870038562502
0.00253464706406331
0.00330730998893568
0.00152678964908606
0.00349010963449112
0.00229529158116449
0.00232930969096625
0.00285855846420843
0.00356697831501002
0.00223757283319922
0.00265991909079254
0.00247114987341123
0.00542045659453444
0.00191172081092755
0.00125813962872243
0.00246259905541323
0.00463186343517327
0.00486546189845188
0.000940577950770423
0.00337523751459321
0.00361122666332893
0.0016167300832664
0.00121556811631661
0.00236115052635886
0.0021232534199047
0.00307346406456261
0.00410346316204336
0.00468038759514582
0.00322897218211755
0.0039484761137509
0.00265798020218498
0.00217221583997625
0.00275705371447974
0.00212976004696137
0.00252467791177617
0.00151360235830001
0.00254277309326862
0.00301059940570068
0.00342913585867835
0.00257237314853725
0.00344939664539263
0.00631267645841588
0.000944433755823309
0.00249340272956208
0.00198296702628331
0.00619250967111887
0.00149447802177189
0.00337088570150459
0.00314174002275651
0.00157871624924103
0.00220184896142135
0.00290238445600853
0.00246120231876184
0.00325208161544078
0.00292385717074492
0.00203419006853692
0.00466895330666026
0.00195513652710864
0.0022937820094503
0.00249882198034528
0.00130130177122318
0.00339152335614656
0.00380873271632386
0.00204964778761892
0.00102207846771366
0.00433932101687217
0.00127111571119665
0.0020745093765985
0.00165207504996996
0.00340113399881601
0.00138179162582319
0.00321043772898164
0.0015280228922003
0.00284486766291116
0.00149775621058823
0.00219691409232648
0.00321922581896013
0.00124262962390745
0.00331901803514633
0.00194764085750361
0.00155519559744712
0.00261015452029119
0.00131673028668301
0.00212352337488332
0.00427923909328353
0.00420043489652611
0.00351151615124328
0.00217186962643707
0.00383030709512305
0.00398039160989857
0.00271811100953115
0.0033794620104609
0.00165359778933223
0.0042713059619748
0.00126866968164837
0.00591538287038245
0.00389892731498915
0.00143853458090075
0.00340798498223216
0.00431619042525195
0.00148302411652001
0.00189635477181171
0.00306394922431313
0.00335551533278038
0.00178375800638393
0.00469100669828307
0.00294595722759862
0.00317045517276181
0.00151695694906491
0.0027802818964205
0.00252270511755408
0.0021841683049983
0.0043385513742909
0.00237481671343281
0.00796019931235344
0.0025439855621798
0.00636779175994978
0.00355012964417841
0.00272843312498459
0.00371786651751115
0.00297554042436215
0.00181969234479479
0.00103833101302077
0.00234548246847262
0.00686673393887338
0.00494495710170356
0.00233584067113783
0.00271868184303329
0.00215163198604112
0.0037148285548958
0.00684605367817235
0.0022829310927116
0.00221248295992565
0.000794334616913761
0.00533803938062105
0.00575291464528118
0.00220281431651265
0.00737122239149803
0.00173563405037731
0.00221985809700456
0.00325137221139748
0.00172804539438697
0.00283596055190713
0.00260173992231997
0.0015248697974609
0.0028810254906841
0.00159242826071315
0.00328637594600283
0.00570827327173013
0.00454349477681081
0.00225072422204713
0.00393170345803627
0.00239922980734607
0.00326628725351337
0.00396807452343981
0.00340638465349632
0.00348208590621889
0.00522809235197635
0.00128937778392605
0.00987506468738893
0.00243012824920633
0.00242561676323065
0.00129713925002238
0.0055617412201796
0.00211465682383586
0.00301511139815906
0.000219978948651476
0.00481925337068134
0.0033083989307019
0.00566705361446204
0.00251962897093577
0.00211421208004623
0.00292733175073575
0.00151780408460686
0.00171754165792744
0.00373734066365643
0.0025395473639106
0.0021362390096063
0.00385891338400088
0.000225832490488834
0.00263089464892142
0.00369004228341974
0.00392416412165522
0.0013582743657489
0.0034347034588428
0.00609795208698779
0.000817695774426687
0.00302007076139561
0.00192217317793586
0.00298104412034466
0.00258292112237409
0.00113427624615641
0.00177337205182303
0.00253271259037815
0.00343409779303165
0.00220359631325769
0.00537258386860209
0.00110645221426818
0.00174634781002458
0.00188178397261011
0.00245520205251855
0.00190087248876522
0.00205581271380325
0.0017148467479029
0.00148682973953009
0.00208040064506022
0.00368960382612003
0.00278375982727118
0.00173659043706152
0.0028226610759078
0.00205077941079211
0.00373245972419733
0.00266120172354612
0.00285378957970382
0.00255528905816164
0.00605005883553526
0.002059318052548
0.00217015528782217
0.00183275719730411
0.000619587285765475
0.00353267779775409
0.00403294459078313
0.0016270603591401
0.00318354798798936
0.00212198399500885
0.00153738525140931
0.00243959928535424
0.00279447052974717
0.00148317686648178
0.00581441738156007
0.00341122377331996
0.0011329501777682
0.00194808283281884
0.0025967204905349
0.00238531851210455
0.000634000827428583
0.00142927055700551
0.00582510001400174
0.00185281785306323
0.00219291123809053
0.00231192940550442
0.00320688013167809
0.00159771617927503
0.00368472743876202
0.00198669643105971
0.00433112488735769
0.00246183676707372
0.00185536127897736
0.00355182611840857
0.00278491470741553
0.00275896682775798
0.00481693052589216
0.00221196168320924
0.00339207640987998
0.00302556284585721
0.00180884596942708
0.00433849517458005
0.00117298770911183
0.00471956477527176
0.00285287304409049
0.00265323463324533
0.00337886993759676
0.00215008298012618
0.00167317851271491
0.00239696324090102
0.00324321006767851
0.00347871647831371
0.00196318074781049
0.00198645974281425
0.0098981746750038
0.00237578105198815
0.00482730208962733
0.00198298017722116
0.00149069368482823
0.00359838064309076
0.0027753075748635
0.00257987604499653
0.00406728170011277
0.00291773945858881
0.00221890208810503
0.0022600628785451
0.00480889117252247
0.00262019961589416
0.00716576267065995
0.00190536362751419
0.00235883077120596
0.00245425023997991
0.00321437131604468
0.00204246803237423
0.00123072525259527
0.00483183113887599
0.00627173761015373
0.00520664876191425
0.00193784796663218
0.00135943930099084
0.005797148797685
0.00293382429123465
0.00224255735101248
0.00493469627567285
0.00366129455103022
0.00329732977188569
0.00295655606071674
0.00319306791232414
0.0037899308246733
0.00174308405093308
0.00309272484501537
0.00295045779067079
0.00375629076224337
0.00100288587755717
0.00141299171069066
0.00259359361672656
0.00220662141028135
0.00268332586380303
0.00267977789818229
0.00286604094252221
0.00149456100575696
0.00226209771209631
0.00415291851169081
0.00263567896102204
0.000373309035352756
0.000933240827351257
0.00440896192082531
0.00167662747186829
0.00322456994901456
0.00113960158489998
0.00166237370067408
0.00614216981656884
0.00187433333537402
0.00131175872984552
0.00208966932297778
0.00200785455181436
0.00181803997435957
0.00205857319283385
0.00530225874957895
0.00368780129008837
0.00357553501010159
0.00451014996940866
0.00235900676144541
0.00207261598078875
0.00190726294911875
0.00391115908552025
0.00284478874613372
0.00377832657969152
0.00142219808905014
0.00298933432076924
0.00236965339309681
0.00294997682062855
0.00290746467819866
0.00400555003090746
0.00240872213024151
0.00233007242545965
0.00255943418520682
0.00103327896022389
0.0023082811787753
0.00214393941574846
0.00227054192895446
0.00100163308514199
0.00477399182021102
0.00161072241917951
0.00324697897987949
0.00198624753204786
0.00380959182000421
0.00205304806413846
0.00166421725040707
0.00378866509432279
0.00314714364273819
0.00171631913256648
0.00103474574466016
0.00217787901781912
0.00197152726194698
0.00160965594202546
0.0048384684909134
0.00272406488883991
0.00135862782571663
0.00253596542633901
0.00345556259058268
0.00158027786183505
0.00156381268769046
0.0030492634297495
0.00136830855747969
0.00239209572791318
0.00147032156947376
0.0015606504533317
0.00142540191871622
0.00229123424942203
0.00173123410931163
0.00479261881786353
0.00174216087299026
0.00161209283610815
0.00161934599446453
0.00720803516323109
0.00511467559044625
0.0020350737290696
0.00422886884389587
0.00345930587269153
0.0053438598443503
0.00227875912320526
0.00274991611357168
0.00576987872876795
0.00393477280328039
0.00213213252767002
0.00222826405513644
0.00326717866978982
0.00148790248733669
0.0018680766821233
0.00680170496715198
0.00295161299980233
0.00294278310625244
0.00156687339214993
0.00192699215060134
0.00083398580976835
0.00236345019669658
0.00306211325509961
0.00238206571354435
0.00257814673256756
0.00280028053724067
0.0020755600991816
0.00145008403398242
0.00224876759576288
0.00271806531212962
0.00261645203448494
0.00274521754816888
0.000933998007021569
0.003047598947361
0.00231227513455137
0.0023592388671858
0.00537511850985713
0.00137496979239108
0.00194102166946118
0.00195191830728842
0.00320519145275355
0.00605699902547962
0.00238196116244496
0.00525667761983434
0.00203287244424068
0.00241376199356541
0.00194571548624958
0.00111367984114703
0.00336573916444626
0.0028322514662254
0.00172853825477539
0.00121335644569866
0.00521833684134608
0.00258666484600622
0.00364846393860282
0.00386041152988694
0.00638149430566035
0.0031331875174751
0.00218722547548756
0.00157303726231921
0.00121173946633174
0.00356164995179159
0.00153058073469952
0.00467759637247496
0.00187821854708095
0.00365637370566126
0.00109295938311288
0.00613985376909108
0.00237472848990019
0.00221574204981002
0.00409064998736134
0.00352681879207592
0.00224916603689423
0.00238741528117551
0.00265765420962018
0.00610325491047463
0.00152726051489221
0.00111876411975977
0.0030580073744862
0.0021301174471876
0.00231140677605793
0.00240126091957432
0.00211751385531845
0.00246149211668462
0.00282499499973125
0.00415513635671435
0.00216682770133302
0.0026765102318324
0.00164483197276077
0.00249483549231172
0.00344379341730059
0.0074630793052613
0.00236304094385301
0.00275772236273918
0.00355981189883463
0.00192894438300377
0.00311252545500077
0.00375267341136366
0.00238389008072882
0.00252063483373152
0.00345136166310374
0.00213886511456643
0.00180990868726189
0.0023927060638016
0.00435622312256078
0.00198050650471383
0.0015756053396296
0.00279468647655988
0.00259915736461178
0.000806046925710254
0.00238274532293418
0.00207142490312318
0.00205575129034136
0.00228888660499619
0.00253029813041844
0.00292987207359481
0.00341384386594592
0.00449066983497803
0.00360813850181241
0.00235669136748927
0.0054029740148841
0.00631779909680816
0.00197527777640615
0.00249303113916824
0.00331622184486142
0.00264012488191156
0.00561795560285184
0.00260635695674239
0.0016610874764738
0.00260617756035347
0.00272929961296857
0.00161087994172117
0.00208474437777845
0.00236172848151145
0.000849266358249893
0.00259202403050265
0.00145213570144416
0.00198745260085178
0.00349209480952976
0.00346991016764983
0.00601970723912306
0.00169244852700939
0.00238132327248285
0.00251047124087053
0.00199481064897821
0.00516799841756471
0.00233305607376796
0.00236892462293742
0.00277361176833204
0.00224232804490353
0.00639508401454561
0.00180693984828563
0.00234589273156972
0.00360922586561958
0.00130551638869203
0.00321990216387347
0.00236854468422384
0.00531803937404686
0.00234341074428623
0.00455736898642904
0.0032282223717444
0.001095290334886
0.0015123620306516
0.00431239140117658
0.00319846780932724
0.00166073516085107
0.00267250944846234
0.00328191459684991
0.00227690245274402
0.00210017660390075
0.00150508819158439
0.00195068842577866
0.00275351710923741
0.00361256667721699
0.00121785151163824
0.00263141162589484
0.00273401262082571
0.00480290826552237
0.00269973758722611
0.00254520349706192
0.00240860426149598
0.00311293366330241
0.00347119339145532
0.00668986942166433
0.00272995650430082
0.00171546580397876
0.0020147619368843
0.00297521207486663
0.00201947704591356
0.00293707440233166
0.00174218856208681
0.00268006224270584
0.00405783328586007
0.00314404070252173
0.0025504123899852
0.00278967373780982
0.00124048458671388
0.00216434396348702
0.00250959141895127
0.00157373997688282
0.000991384274456162
0.00561987590388909
0.00470956073539022
0.00260045159701948
0.00275003915677835
0.00123117323446225
0.0044620047107998
0.00283391539245289
0.00334962183516229
0.00163550274755723
0.000773607015804477
0.00143182228976159
0.00493083143770187
0.00213057681085075
0.00149434212850973
0.00173387974793153
0.00148509856536831
0.00194254253755627
0.00132938195508396
0.0039794591304505
0.00195983989055357
0.00206157647772008
0.00392092760716307
0.00281407184486406
0.00162581437310343
0.00365805028360513
0.00326700308016816
0.00302052834100419
0.00230758071214923
0.00464985267002545
0.00362564307351735
0.00166137862511824
0.00304404663159957
0.0015672842504565
0.00197700714221214
0.0015368255474725
0.00212943770080818
0.00137841535775289
0.00301925689356716
0.00245392432082158
0.00311372655957361
0.00181279530480859
0.0022228887221247
0.00260643531024482
0.00174832514956174
0.0012145245704079
0.00174537100873503
0.00874378188500498
0.00262908873063022
0.0018685374022921
0.00285799368279956
0.00366407949654136
0.00300707441324122
0.00263771894878516
0.00536193239774245
0.00180998866857515
0.00364481331236478
0.00248482678106412
0.00226888127741849
0.000953896061638583
0.00463619258640234
0.00173825854844912
0.00218814157731228
0.00228359555176469
0.00335280934552404
0.00267477303447922
0.00172763957663404
0.00337238605767116
0.00286238770418276
0.00364129056324604
0.001927034272074
0.00538402441563796
0.00266427712557658
0.00181480014902065
0.0036300975852744
0.003302698555602
0.00345292893418639
0.00264256914219054
0.00256982079846189
0.00243437188894044
0.00194243472033586
0.00157125051211972
0.00551227217911533
0.0010029794854426
0.00199223791123299
0.00443739816702721
0.00262470248448974
0.00397430406983018
0.00691582381418526
0.00216949876567344
0.00249543497377033
0.00302677514345645
0.00177920113785371
0.0041369598326733
0.00460179916945785
0.00334189051401571
0.00307857118192362
0.00157250913698255
0.00484609440501039
0.00193496142336898
0.0023709515826232
0.00359475728787436
0.00451618425424476
0.0029086869390745
0.00346033810681814
0.00237539569138494
0.00179146343091222
0.00280596789685193
0.00176584494999063
0.0032558866543582
0.00214723331411811
0.00193526404891243
0.00324324209733867
0.00148903570178742
0.00189006882640346
0.00324455929991686
0.00399874949231658
0.00284304457198339
0.00414489069154089
0.0015960888130133
0.00292393931996521
0.00310287257132469
0.00158618255128981
0.0023243207627198
0.0038904085337949
0.00180685487593727
0.00339135812230894
0.00590245079643664
0.00251634108943532
0.00354825143109047
0.00178123672356859
0.00245511036490866
0.00164795426079392
0.00293649918520078
0.00182805035171125
0.00200192520583065
0.0012716732685054
0.00273551866064725
0.0020511242671805
0.00202285547924193
0.00473692558995603
0.00217394330631829
0.00192481812225396
0.00325248386904994
0.00733235647203479
0.00244531462587122
0.00243814101256076
0.00461587472483203
0.00173739423714555
0.00216023056422909
0.00207928716800509
0.00178526169626443
0.00420077205732669
0.00177041086721125
0.00547655028813163
0.00269462241764988
0.00333581057561859
0.00196225498137715
0.00321418814371304
0.00143823295316817
0.00167131160205155
0.00405512747535962
0.00271126840850642
0.00319784919896956
0.00210877924916401
0.00200658907162996
0.00334337641181702
0.00282217714671844
0.00213002176601367
0.00558147286016676
0.00365639113757836
0.00187147487627581
0.00181743404591406
0.00387804231403737
0.0024830061279047
0.00273862933468139
0.00463466857373275
0.00519857583555593
0.00229049991225377
0.00116382849295512
0.00188289719360919
0.00213772659408208
0.00192202279660114
0.00347260756967617
0.00255642415498524
0.00362268644917276
0.00404974012002158
0.00417932996072471
0.00332937720270255
0.0025981373463156
0.00257696029650886
0.00247370402233755
0.00302800930720978
0.00254115146756757
0.00121898870619096
0.0013539236676457
0.00307675586362475
0.00440173577249733
0.00415533049393172
0.00562887723552024
0.00214263356107551
0.00252654598991688
0.00173671184672038
0.00458270563054326
0.00293109329577681
0.00511665786652592
0.0052775923053959
0.00105289666685278
0.0044778290368
0.00312924360844552
0.00214612500659963
0.00132439659349506
0.00647710548584237
0.00450582311151081
0.00309726761223754
0.00318019440017463
0.00244181280298328
0.0017781123786205
0.00188202544097107
0.00395801443426782
0.00222979988114068
0.00179046214869582
0.00366962578284799
0.00304822138334581
0.00337279001029981
0.00210240342350639
0.00198605437747353
0.00275151351099526
0.00175558718549124
0.00201381572645008
0.00202371526756831
0.00219055209472977
0.00186964468527534
0.00341968952452413
0.00177010697532281
0.00210579206439965
0.00206729907668702
0.00253943037701976
0.00394951054537367
0.00259063501323473
0.00263835606963043
0.00114947095448691
0.00242290752416617
0.00597313040718398
0.00199743251343858
0.00334432689838787
0.00378854008100671
0.00431789583408536
0.00317538414819406
0.00653965594533633
0.00118255588983564
0.00299289719667544
0.00242475296114244
0.00376302616021269
0.0026071970127829
0.00159280068917603
0.00210549206647787
0.00200396533094781
0.00768530762295089
0.00205423019996146
0.00263084948183009
0.00149165715060916
0.00264251224518567
0.00384003733635099
0.00232022961927977
0.0027679834581556
0.00381269037218335
0.00602528117268078
0.00205910134915018
0.00383848179882648
0.00233402450723422
0.00140072244163105
0.00232237280586524
0.0039782130261867
0.00429769323474348
0.00343513176504488
0.00234990250928181
0.00207432621927638
0.00300937914737855
0.0031623201730992
0.00460275716570281
0.00125261053211936
0.000951284713180353
0.00237160789268292
0.00439114955648113
0.00301455634701199
0.00307625838600244
0.00287583194043964
0.00236245656618718
0.00245056369457343
0.0020058050062765
0.00243796322981002
0.00380580942841319
0.00670975148066257
0.00295784860580787
0.00276518480629134
0.00130757601370377
0.00373634270201896
0.00222457641192871
0.00167939028589162
0.0041355284287712
0.00196011935710082
0.00258439422126329
0.00283848889973575
0.00188179830318626
0.00299446614738051
0.00167152279769731
0.00151047262583237
0.00365126822159971
0.00174130583847985
0.00200045503533179
0.00202353296484312
0.00172942627038565
0.0017078366161007
0.00382938787280269
0.00448574301516433
0.00521271188028712
0.00267773085287188
0.00233001259014672
0.00116369168011986
0.00415007897645577
0.00110136172158097
0.00383593590648613
0.00263623849465129
0.00235698256263899
0.00235992716722034
0.00222322925757272
0.00305697262250069
0.00281306227555213
0.00257892686016731
0.00337884262207693
0.000760678555055991
0.00410417620300753
0.000266826484116188
0.0020952338982982
0.00474114839487436
0.00244488161322075
0.00264072442986521
0.00192517821834418
0.0030652378539951
0.00297016873809434
0.00447835301471871
0.00293233966850836
0.0025911051649511
0.00164608463541879
0.00467121373376383
0.00141142155375283
0.00707816085688395
0.00293900490328181
0.00125965689085215
0.00291295661479003
0.00182317100329107
0.00371891169561237
0.0025658696230452
0.00142276643395986
0.00604156313300771
0.00210712444290535
0.00520269800516072
0.00216544698853581
0.0018087036333934
0.00264687225467592
0.00351089736947311
0.00481246893713555
0.00336629180487115
0.00319371482400237
0.00287853614124536
0.0026532397110086
0.0016336354563166
0.00156762744377176
0.00114583666486249
0.00199156158266701
0.00518482242711541
0.00155438782995583
0.00270111426178521
0.00265991425585007
0.00330656749824753
0.00074974218789974
0.0054282196386154
0.0019999619677349
0.00204306966454873
0.00161652283364344
0.00134690185177573
0.00249116688581631
0.00222250890618784
