0.470588235294118 0.372549019607843 0.0758942303659399
0.481481481481481 0.462962962962963 0.112374858533488
0.508474576271186 0.423728813559322 0.086282168209555
0.481481481481481 0.407407407407407 0.111039596048646
0.51219512195122 0.463414634146341 0.102243207332617
0.456140350877193 0.385964912280702 0.0875722482916452
0.5 0.396551724137931 0.115127451537653
0.525423728813559 0.491525423728814 0.146408364994218
0.5 0.428571428571429 0.139264552242629
0.464285714285714 0.428571428571429 0.131375592935045
0.48 0.44 0.139148282927949
0.547169811320755 0.490566037735849 0.176852421558213
0.518518518518518 0.5 0.109208245535517
0.482758620689655 0.46551724137931 0.113208497368
0.526315789473684 0.473684210526316 0.14254691213884
0.490196078431373 0.470588235294118 0.123391650965803
0.5 0.446428571428571 0.117784953198862
0.5 0.410714285714286 0.121939717233828
0.5 0.446428571428571 0.16160164362733
0.481481481481481 0.444444444444444 0.101045854871062
0.454545454545455 0.340909090909091 0.0872276291907522
0.5 0.357142857142857 0.109451885892417
0.465116279069767 0.372093023255814 0.112124974121102
0.517241379310345 0.448275862068966 0.134990780805901
0.464285714285714 0.428571428571429 0.108057756003006
0.490196078431373 0.470588235294118 0.138632672721683
0.450980392156863 0.333333333333333 0.145059050004807
0.471698113207547 0.471698113207547 0.151820761914029
0.46551724137931 0.379310344827586 0.0767176399846986
0.490909090909091 0.4 0.147619667050776
0.509090909090909 0.418181818181818 0.0938238836944028
0.470588235294118 0.392156862745098 0.0989443344458031
0.5 0.431034482758621 0.0916574184398244
0.468085106382979 0.468085106382979 0.156659703863927
0.491228070175439 0.43859649122807 0.129353158496583
0.452380952380952 0.357142857142857 0.0958302155368112
0.471698113207547 0.39622641509434 0.10957222009868
0.525423728813559 0.457627118644068 0.168857774034313
0.450980392156863 0.411764705882353 0.109631681411475
0.525423728813559 0.491525423728814 0.131177724862179
0.465116279069767 0.441860465116279 0.0907450402461262
0.462962962962963 0.407407407407407 0.0770402495993246
0.461538461538462 0.384615384615385 0.105293200802594
0.5 0.416666666666667 0.120737874316488
0.474576271186441 0.457627118644068 0.104880773945804
0.490196078431373 0.470588235294118 0.0886052196126672
0.458333333333333 0.354166666666667 0.0992988466068444
0.474576271186441 0.406779661016949 0.096314495071098
0.48780487804878 0.390243902439024 0.137611171275749
0.477272727272727 0.454545454545455 0.165864076467932
0.518518518518518 0.518518518518518 0.178678312144847
0.482758620689655 0.431034482758621 0.0969196993663624
0.521739130434783 0.456521739130435 0.0972862543544754
0.489795918367347 0.448979591836735 0.133979177897103
0.527272727272727 0.436363636363636 0.127415827371298
0.454545454545455 0.418181818181818 0.137239014090913
0.5 0.431034482758621 0.0656531550979297
0.466666666666667 0.4 0.0904961653788851
0.464285714285714 0.357142857142857 0.081743554311873
0.48936170212766 0.404255319148936 0.141050493578209
0.489795918367347 0.408163265306122 0.173429093092442
0.457627118644068 0.406779661016949 0.110121433660479
0.491228070175439 0.456140350877193 0.128190602898497
0.478260869565217 0.391304347826087 0.148788321934302
0.456140350877193 0.385964912280702 0.0933410777098999
0.542372881355932 0.474576271186441 0.0860374172065482
0.471698113207547 0.415094339622642 0.115854707305881
0.510204081632653 0.510204081632653 0.132259037012784
0.490196078431373 0.450980392156863 0.0973574704646962
0.5 0.46551724137931 0.124768026408384
0.489795918367347 0.36734693877551 0.128429439293773
0.470588235294118 0.392156862745098 0.137922315096235
0.46551724137931 0.482758620689655 0.136492730156855
0.482142857142857 0.410714285714286 0.0961340293969399
0.462962962962963 0.444444444444444 0.0855503749867361
0.473684210526316 0.403508771929825 0.150260727698784
0.509090909090909 0.418181818181818 0.0495575439972248
0.464285714285714 0.410714285714286 0.105142367818637
0.454545454545455 0.363636363636364 0.0963617301734219
0.525423728813559 0.474576271186441 0.123803536996133
0.5 0.434782608695652 0.109565324973932
0.464285714285714 0.428571428571429 0.117142656109628
0.462962962962963 0.407407407407407 0.0966099327196865
0.46551724137931 0.413793103448276 0.0778275416784579
0.46551724137931 0.431034482758621 0.102202305467177
0.464285714285714 0.392857142857143 0.100441276453817
0.470588235294118 0.411764705882353 0.12584005953847
0.482758620689655 0.413793103448276 0.0947968810448843
0.481481481481481 0.462962962962963 0.150857259886011
0.482758620689655 0.431034482758621 0.104324542433785
0.464285714285714 0.410714285714286 0.116341270805519
0.48936170212766 0.425531914893617 0.146258860687491
0.491228070175439 0.43859649122807 0.13554323382537
0.454545454545455 0.309090909090909 0.0767304311852924
0.466666666666667 0.377777777777778 0.119910439628164
0.450980392156863 0.352941176470588 0.0894163910921028
0.464285714285714 0.357142857142857 0.075243532073385
0.454545454545455 0.477272727272727 0.186804645423118
0.490909090909091 0.436363636363636 0.0780748063035957
0.452830188679245 0.39622641509434 0.133652508519626
0.450980392156863 0.372549019607843 0.0905238998320061
0.46551724137931 0.431034482758621 0.0672813137710914
0.466666666666667 0.422222222222222 0.0970376440549202
0.480769230769231 0.442307692307692 0.0839548384110889
0.462962962962963 0.407407407407407 0.109865396674371
0.545454545454545 0.418181818181818 0.173176262432001
0.5 0.481481481481481 0.131544850722101
0.469387755102041 0.408163265306122 0.129847758649785
0.450980392156863 0.431372549019608 0.131323590021647
0.5 0.46 0.124867617373144
0.452830188679245 0.415094339622642 0.140547992481216
0.474576271186441 0.423728813559322 0.0857827390819178
0.509090909090909 0.436363636363636 0.136327134868016
0.456140350877193 0.421052631578947 0.118891617579518
0.46551724137931 0.431034482758621 0.137289411903668
0.482758620689655 0.431034482758621 0.150607322355284
0.479166666666667 0.395833333333333 0.110686609215322
0.46551724137931 0.396551724137931 0.113057042014028
0.46551724137931 0.396551724137931 0.10257847076702
0.452830188679245 0.39622641509434 0.137445686514174
0.545454545454545 0.490909090909091 0.135850176298334
0.53448275862069 0.517241379310345 0.116095016175012
0.530612244897959 0.428571428571429 0.13160751198488
0.52 0.46 0.139074241385988
0.474576271186441 0.440677966101695 0.085529569092793
0.470588235294118 0.372549019607843 0.119018701898478
0.509803921568627 0.431372549019608 0.119469300416237
0.456521739130435 0.41304347826087 0.0878285572432771
0.542372881355932 0.457627118644068 0.10949434190394
0.491525423728814 0.474576271186441 0.124597368192683
0.462962962962963 0.407407407407407 0.126449165617015
0.474576271186441 0.423728813559322 0.1002181925729
0.478260869565217 0.391304347826087 0.141077149304587
0.46551724137931 0.413793103448276 0.115849809444186
0.53448275862069 0.46551724137931 0.103965850864872
0.454545454545455 0.409090909090909 0.115479564313331
0.48 0.34 0.0602291405986548
0.472727272727273 0.436363636363636 0.0738079152919174
0.545454545454545 0.454545454545455 0.13069712658853
0.46 0.38 0.0881162131951251
0.528301886792453 0.39622641509434 0.0850781896851191
0.509090909090909 0.436363636363636 0.0892768351371119
0.491228070175439 0.508771929824561 0.109735976512353
0.456521739130435 0.456521739130435 0.114863044747611
0.456140350877193 0.385964912280702 0.11752030831285
0.508771929824561 0.473684210526316 0.187063101136896
0.458333333333333 0.395833333333333 0.114287286759974
0.5 0.41304347826087 0.130513782959052
0.528301886792453 0.415094339622642 0.100609410165832
0.490909090909091 0.436363636363636 0.0858226411685819
0.5 0.379310344827586 0.0965667837618682
0.452830188679245 0.415094339622642 0.0871232540811149
0.491525423728814 0.423728813559322 0.10108425447011
0.482758620689655 0.396551724137931 0.0731864353632615
0.48 0.44 0.106871339302708
0.458333333333333 0.375 0.100516834219715
0.473684210526316 0.403508771929825 0.101630082138959
0.480769230769231 0.365384615384615 0.0951094296290825
0.542372881355932 0.508474576271186 0.107858812867881
0.5 0.413793103448276 0.111048817796737
0.469387755102041 0.469387755102041 0.12576591754446
0.474576271186441 0.406779661016949 0.113211184161743
0.473684210526316 0.385964912280702 0.0719795207792348
0.5 0.423076923076923 0.0988895125252329
0.482758620689655 0.344827586206897 0.0800253702475255
0.535714285714286 0.464285714285714 0.106994387621432
0.517857142857143 0.428571428571429 0.125272842451133
0.52 0.46 0.136633353379495
0.489795918367347 0.469387755102041 0.187159661800989
0.454545454545455 0.409090909090909 0.148254376855728
0.472727272727273 0.4 0.0949428065949265
0.463414634146341 0.414634146341463 0.173159991165368
0.508771929824561 0.421052631578947 0.117738756196892
0.491525423728814 0.457627118644068 0.120367485220664
0.482758620689655 0.327586206896552 0.0578213693542937
0.491228070175439 0.491228070175439 0.0862916787408088
0.454545454545455 0.318181818181818 0.0814876574816247
0.46 0.32 0.108747043388884
0.521739130434783 0.478260869565217 0.213157721715604
0.482758620689655 0.431034482758621 0.146270337856824
0.474576271186441 0.406779661016949 0.118843799457891
0.476190476190476 0.404761904761905 0.121339038360095
0.472727272727273 0.363636363636364 0.113245464346828
0.490196078431373 0.411764705882353 0.0979422621232423
0.456140350877193 0.403508771929825 0.0871203581485325
0.51219512195122 0.463414634146341 0.153393721107017
0.491228070175439 0.403508771929825 0.0705982299729259
0.490909090909091 0.418181818181818 0.119844322879676
0.5 0.375 0.0890608784840754
0.508771929824561 0.43859649122807 0.12459729968417
0.458333333333333 0.416666666666667 0.130694289120603
0.5 0.444444444444444 0.148144362073483
0.472727272727273 0.418181818181818 0.0878701545482747
0.48936170212766 0.404255319148936 0.190147478538532
0.526315789473684 0.368421052631579 0.0961495979759746
0.450980392156863 0.313725490196078 0.0929160173969451
0.456140350877193 0.473684210526316 0.140543301076454
0.472727272727273 0.4 0.111060387160542
0.510204081632653 0.387755102040816 0.133703831693159
0.5 0.428571428571429 0.0827515302131635
0.5 0.461538461538462 0.132965933900184
0.491525423728814 0.406779661016949 0.0620838127982132
0.48780487804878 0.463414634146341 0.0857688501326821
0.472727272727273 0.436363636363636 0.132089764081053
0.5 0.46 0.168354442329464
0.509803921568627 0.411764705882353 0.11555582519107
0.454545454545455 0.381818181818182 0.104462894056022
0.450980392156863 0.411764705882353 0.103488132528171
0.491228070175439 0.403508771929825 0.0871462367090562
0.482758620689655 0.413793103448276 0.0873520728663903
0.471698113207547 0.358490566037736 0.0870076356425344
0.490909090909091 0.436363636363636 0.0716861752454287
0.470588235294118 0.352941176470588 0.112219850892794
0.456521739130435 0.434782608695652 0.190689137335476
0.51063829787234 0.404255319148936 0.143128876658815
0.481481481481481 0.407407407407407 0.126702884117695
0.48936170212766 0.382978723404255 0.116073199423248
0.454545454545455 0.345454545454545 0.0715029336404582
0.473684210526316 0.43859649122807 0.122482787827723
0.482758620689655 0.413793103448276 0.103164197001616
0.46551724137931 0.362068965517241 0.088661689134013
0.526315789473684 0.508771929824561 0.114213329992128
0.468085106382979 0.404255319148936 0.154959558039071
0.464285714285714 0.464285714285714 0.0892008789391806
0.479166666666667 0.458333333333333 0.125630542291375
0.472727272727273 0.472727272727273 0.141334018991601
0.454545454545455 0.363636363636364 0.0802357972167537
0.517857142857143 0.464285714285714 0.114096597706558
0.520833333333333 0.5 0.161150141666888
0.48 0.38 0.147068131314515
0.48936170212766 0.382978723404255 0.0977474009166567
0.490566037735849 0.452830188679245 0.0915272415530364
0.471698113207547 0.415094339622642 0.129501923852215
0.452830188679245 0.358490566037736 0.114650247230521
0.452380952380952 0.428571428571429 0.165128893971663
0.464285714285714 0.428571428571429 0.122105690997927
0.474576271186441 0.406779661016949 0.125501557517846
0.509090909090909 0.381818181818182 0.0745429444454671
0.454545454545455 0.386363636363636 0.146333080672718
0.48780487804878 0.439024390243902 0.174414171380299
0.490196078431373 0.450980392156863 0.136952348893526
0.457627118644068 0.423728813559322 0.116870322680927
0.473684210526316 0.403508771929825 0.110890017061693
0.5 0.357142857142857 0.115067799406172
0.457627118644068 0.440677966101695 0.12097349184156
0.471698113207547 0.39622641509434 0.125702839347205
0.508474576271186 0.491525423728814 0.149020779672101
0.472727272727273 0.4 0.0874855382514175
0.5 0.482142857142857 0.125984415414067
0.471698113207547 0.433962264150943 0.0980084739645428
0.473684210526316 0.456140350877193 0.139615948710551
0.5 0.454545454545455 0.216645263561746
0.454545454545455 0.4 0.0964054460815468
0.454545454545455 0.409090909090909 0.131876059672359
0.469387755102041 0.387755102040816 0.0742338785979083
0.508474576271186 0.389830508474576 0.0969339484410049
0.470588235294118 0.450980392156863 0.106738724441682
0.454545454545455 0.454545454545455 0.125179575512292
0.517857142857143 0.464285714285714 0.133923654920701
0.543859649122807 0.456140350877193 0.147378500628265
0.454545454545455 0.4 0.0959145136967969
0.510204081632653 0.448979591836735 0.112470761338926
0.456521739130435 0.434782608695652 0.127308782388622
0.525423728813559 0.457627118644068 0.0919027792473448
0.473684210526316 0.43859649122807 0.112569818678152
0.520833333333333 0.458333333333333 0.176971023461143
0.5 0.444444444444444 0.118054362937415
0.456140350877193 0.368421052631579 0.104855554051247
0.491525423728814 0.406779661016949 0.0998283888634963
0.450980392156863 0.411764705882353 0.0948347052859625
0.452380952380952 0.404761904761905 0.186492035248409
0.480769230769231 0.480769230769231 0.137718587609601
0.490196078431373 0.411764705882353 0.0948647831163536
0.465116279069767 0.395348837209302 0.0983378658640946
0.454545454545455 0.363636363636364 0.0928998704296104
0.531914893617021 0.51063829787234 0.133359887631668
0.491228070175439 0.421052631578947 0.117202233948886
0.508771929824561 0.473684210526316 0.0888378545348273
0.466666666666667 0.4 0.0914134223863366
0.490566037735849 0.452830188679245 0.175780727135832
0.518518518518518 0.462962962962963 0.187972082472313
0.517241379310345 0.5 0.094487988526394
0.5 0.339285714285714 0.0894282946362528
0.533333333333333 0.466666666666667 0.221690738755565
0.471698113207547 0.39622641509434 0.125787555214652
0.482758620689655 0.431034482758621 0.0976494088126944
0.456140350877193 0.368421052631579 0.101939284624094
0.489795918367347 0.469387755102041 0.116953016826824
0.466666666666667 0.4 0.141841225245244
0.456140350877193 0.350877192982456 0.130030230819038
0.456140350877193 0.368421052631579 0.129709719523279
0.468085106382979 0.404255319148936 0.104882579979077
0.46551724137931 0.448275862068966 0.0988470831691486
0.508771929824561 0.43859649122807 0.117635981517396
0.474576271186441 0.474576271186441 0.139177413509947
0.508771929824561 0.403508771929825 0.12653669639088
0.491228070175439 0.421052631578947 0.113943984381141
0.535714285714286 0.428571428571429 0.193986558044461
0.464285714285714 0.392857142857143 0.0925618804395422
0.509090909090909 0.472727272727273 0.0963477608338472
0.450980392156863 0.431372549019608 0.0805757150390558
0.5 0.446428571428571 0.128428442858059
0.508771929824561 0.491228070175439 0.124696344109772
0.454545454545455 0.418181818181818 0.078816867565858
0.454545454545455 0.363636363636364 0.102035046709135
0.482758620689655 0.46551724137931 0.117152766211068
0.457627118644068 0.440677966101695 0.0801289122730455
0.509803921568627 0.450980392156863 0.146243964996065
0.490566037735849 0.433962264150943 0.114540170641388
0.490909090909091 0.4 0.0711208746693387
0.46 0.38 0.0883342410921984
0.480769230769231 0.365384615384615 0.0889235741075334
0.456521739130435 0.369565217391304 0.105892749417445
0.5 0.44 0.141381207924507
0.472727272727273 0.4 0.135238351995596
0.545454545454545 0.436363636363636 0.105642673571299
0.491525423728814 0.406779661016949 0.0986524966066772
0.5 0.444444444444444 0.170802745107938
0.53448275862069 0.517241379310345 0.126072433834194
0.48 0.42 0.0773099113162212
0.474576271186441 0.355932203389831 0.0929780456084001
0.473684210526316 0.43859649122807 0.124085038991807
0.450980392156863 0.392156862745098 0.0806329225844612
0.471698113207547 0.433962264150943 0.0789282698537598
0.456140350877193 0.403508771929825 0.0802749847392936
0.482758620689655 0.379310344827586 0.0652114497668823
0.519230769230769 0.5 0.128505322554969
0.508771929824561 0.508771929824561 0.165920040667506
0.542372881355932 0.457627118644068 0.109928238801551
0.461538461538462 0.384615384615385 0.112124839325247
0.471698113207547 0.490566037735849 0.144700480712999
0.508771929824561 0.491228070175439 0.119063164669808
0.482758620689655 0.362068965517241 0.0822214164760451
0.472727272727273 0.363636363636364 0.10037676897608
0.5 0.407407407407407 0.129727346922769
0.543859649122807 0.526315789473684 0.164480262688235
0.470588235294118 0.450980392156863 0.101516764331762
0.491525423728814 0.406779661016949 0.0914824358109179
0.509803921568627 0.509803921568627 0.160685075233748
0.466666666666667 0.377777777777778 0.07367479892855
0.542372881355932 0.474576271186441 0.168963373743771
0.471698113207547 0.39622641509434 0.0876050552107198
0.479166666666667 0.458333333333333 0.140323758251677
0.456140350877193 0.385964912280702 0.0808346539647944
0.462962962962963 0.351851851851852 0.0818196006109038
0.490909090909091 0.381818181818182 0.0580531303760092
0.517857142857143 0.464285714285714 0.117652957522868
0.473684210526316 0.43859649122807 0.121680353340859
0.480769230769231 0.480769230769231 0.111897164934416
0.508771929824561 0.421052631578947 0.0786893500968497
0.456140350877193 0.350877192982456 0.102923502072809
0.454545454545455 0.4 0.112884951464925
0.452830188679245 0.358490566037736 0.0415815086860637
0.533333333333333 0.488888888888889 0.218919546894755
0.452830188679245 0.39622641509434 0.074547894693236
0.527272727272727 0.436363636363636 0.116942047649055
0.545454545454545 0.5 0.171354989545456
0.482142857142857 0.428571428571429 0.0799849780325305
0.508474576271186 0.457627118644068 0.158491158962039
0.48936170212766 0.319148936170213 0.106601281853056
0.46551724137931 0.413793103448276 0.173394479136924
0.471698113207547 0.377358490566038 0.0914878054577434
0.471698113207547 0.415094339622642 0.120084337239044
0.454545454545455 0.4 0.111761558830035
0.491228070175439 0.473684210526316 0.0945255977466804
0.474576271186441 0.372881355932203 0.12926113641918
0.480769230769231 0.423076923076923 0.134137212186009
0.454545454545455 0.418181818181818 0.109779871796261
0.490909090909091 0.490909090909091 0.112530752660994
0.462962962962963 0.425925925925926 0.0823781459674637
0.509090909090909 0.490909090909091 0.172372591508055
0.5 0.425925925925926 0.132037603719051
0.456140350877193 0.473684210526316 0.105122972543191
0.456140350877193 0.385964912280702 0.0999789681583826
0.450980392156863 0.392156862745098 0.160651999584549
0.46 0.34 0.0799369809257535
0.474576271186441 0.440677966101695 0.140443072771636
0.5 0.479166666666667 0.173769963614344
0.473684210526316 0.368421052631579 0.108527268060463
0.464285714285714 0.446428571428571 0.133349579532728
0.527272727272727 0.436363636363636 0.116657323636626
0.472727272727273 0.436363636363636 0.0940907743108847
0.456140350877193 0.43859649122807 0.0868558490703953
0.46551724137931 0.396551724137931 0.0775742267250085
0.472727272727273 0.436363636363636 0.100720388663604
0.476190476190476 0.238095238095238 0.0777488434399989
0.469387755102041 0.428571428571429 0.10393308674982
0.478260869565217 0.478260869565217 0.149448780424116
0.530612244897959 0.469387755102041 0.105514366994961
0.509433962264151 0.415094339622642 0.156535897233543
0.519230769230769 0.519230769230769 0.157212354294439
0.462962962962963 0.37037037037037 0.0959593937688714
0.5 0.42 0.118320628112712
0.482142857142857 0.428571428571429 0.126972829447691
0.473684210526316 0.403508771929825 0.0925709213561975
0.479166666666667 0.375 0.119327430768001
0.468085106382979 0.382978723404255 0.112860156932323
0.456521739130435 0.391304347826087 0.153070457123625
0.473684210526316 0.43859649122807 0.0908858101282848
0.518518518518518 0.518518518518518 0.0737854730089046
0.508474576271186 0.406779661016949 0.0955577424831457
0.450980392156863 0.333333333333333 0.0449146938426658
0.5 0.425925925925926 0.114107505676629
0.450980392156863 0.333333333333333 0.0948074927682036
0.473684210526316 0.403508771929825 0.0607224205710267
0.470588235294118 0.431372549019608 0.0876621570279021
0.46551724137931 0.396551724137931 0.126861592666725
0.519230769230769 0.442307692307692 0.141331997702304
0.464285714285714 0.392857142857143 0.136072568614567
0.457627118644068 0.440677966101695 0.125350953115936
0.468085106382979 0.361702127659574 0.178723213075079
0.537037037037037 0.481481481481481 0.141862169843615
0.474576271186441 0.406779661016949 0.127062318631865
0.469387755102041 0.387755102040816 0.127980063290439
0.454545454545455 0.454545454545455 0.146681794359811
0.490909090909091 0.454545454545455 0.135252350828364
0.465116279069767 0.395348837209302 0.173857148959314
0.458333333333333 0.395833333333333 0.196578662775467
0.490566037735849 0.39622641509434 0.11611450024532
0.482758620689655 0.396551724137931 0.151414494648526
0.456521739130435 0.434782608695652 0.0838621565671444
0.518518518518518 0.462962962962963 0.143687963402102
0.480769230769231 0.442307692307692 0.136753815979769
0.5 0.462962962962963 0.115821628251046
0.48 0.38 0.0812137458910978
0.456140350877193 0.385964912280702 0.0786928098669316
0.46551724137931 0.413793103448276 0.123047981594182
0.490566037735849 0.433962264150943 0.11346466045849
0.490909090909091 0.418181818181818 0.0984471257880302
0.450980392156863 0.431372549019608 0.145838383258864
0.470588235294118 0.450980392156863 0.0951343545493023
0.474576271186441 0.389830508474576 0.102975081019066
0.450980392156863 0.372549019607843 0.0817083718164588
0.470588235294118 0.392156862745098 0.0881776467641972
0.508474576271186 0.423728813559322 0.127671110999217
0.461538461538462 0.403846153846154 0.0968117551123807
0.473684210526316 0.385964912280702 0.10764047230681
0.469387755102041 0.448979591836735 0.132338206873119
0.54 0.52 0.188900428346936
0.508771929824561 0.43859649122807 0.086713132212185
0.508474576271186 0.440677966101695 0.106172409009944
0.471698113207547 0.433962264150943 0.127914894940263
0.5 0.482142857142857 0.108973702150237
0.457627118644068 0.406779661016949 0.112804129955217
0.510204081632653 0.469387755102041 0.172636870370794
0.464285714285714 0.375 0.0695528370368239
0.543859649122807 0.491228070175439 0.131209535517623
0.533333333333333 0.466666666666667 0.13889736208538
0.471698113207547 0.377358490566038 0.117198346811202
0.474576271186441 0.423728813559322 0.071555531124177
0.508771929824561 0.456140350877193 0.0922569514041879
0.468085106382979 0.425531914893617 0.0748789898755047
0.508474576271186 0.423728813559322 0.0790475073951709
0.490909090909091 0.454545454545455 0.107471999705575
0.491525423728814 0.406779661016949 0.0952211392048371
0.454545454545455 0.327272727272727 0.0896033954878959
0.482758620689655 0.431034482758621 0.0967992835634248
0.490196078431373 0.450980392156863 0.156147346938568
0.479166666666667 0.458333333333333 0.15415166406528
0.538461538461538 0.519230769230769 0.183217622420257
0.46 0.42 0.153117676536516
0.472727272727273 0.454545454545455 0.119816160298632
0.5 0.448275862068966 0.148632964382242
0.469387755102041 0.448979591836735 0.11416109953804
0.48 0.4 0.117949526395747
0.5 0.431034482758621 0.11160268932063
0.54 0.5 0.106555220584165
0.5 0.44 0.101502178903391
0.469387755102041 0.428571428571429 0.149036118428227
0.5 0.462962962962963 0.101741008749175
0.454545454545455 0.4 0.123334823579152
0.491228070175439 0.508771929824561 0.143908145345498
0.470588235294118 0.450980392156863 0.127832996032478
0.472727272727273 0.4 0.0995021145003859
0.473684210526316 0.421052631578947 0.104794783545737
0.458333333333333 0.416666666666667 0.149718023448461
0.468085106382979 0.446808510638298 0.0861891415654078
0.454545454545455 0.340909090909091 0.152156169002806
0.461538461538462 0.403846153846154 0.137428781798829
0.472727272727273 0.436363636363636 0.0990528236606441
0.5 0.444444444444444 0.104531181823026
0.525423728813559 0.525423728813559 0.106478659262967
0.509090909090909 0.472727272727273 0.0812009824583417
0.491525423728814 0.440677966101695 0.0988445800435002
0.481481481481481 0.444444444444444 0.105561477298292
0.522727272727273 0.431818181818182 0.14437020739292
0.490566037735849 0.358490566037736 0.102077938565372
0.48 0.46 0.139288928193961
0.454545454545455 0.4 0.107661715533406
0.481481481481481 0.444444444444444 0.192502281032672
0.480769230769231 0.326923076923077 0.121997400095913
0.519230769230769 0.461538461538462 0.101816624373633
0.474576271186441 0.491525423728814 0.135663910258266
0.46551724137931 0.379310344827586 0.107084834424755
0.470588235294118 0.470588235294118 0.127119869555412
0.473684210526316 0.403508771929825 0.0930412412793217
0.509433962264151 0.433962264150943 0.103587260869298
0.456140350877193 0.403508771929825 0.0987530862497855
0.491525423728814 0.389830508474576 0.0925476000536015
0.529411764705882 0.490196078431373 0.179614238823226
0.490909090909091 0.418181818181818 0.106399921008354
0.464285714285714 0.303571428571429 0.0440221665822813
0.509803921568627 0.411764705882353 0.116230658128149
0.457627118644068 0.406779661016949 0.0710300670967739
0.473684210526316 0.385964912280702 0.0963537199881737
0.490566037735849 0.509433962264151 0.137770359925725
0.456140350877193 0.403508771929825 0.102253176009059
0.52 0.36 0.110037207077277
0.490909090909091 0.4 0.118297109090452
0.545454545454545 0.490909090909091 0.117374300990606
0.470588235294118 0.431372549019608 0.0470385733680222
0.473684210526316 0.350877192982456 0.091785943457735
0.462962962962963 0.37037037037037 0.0504434465743113
0.464285714285714 0.464285714285714 0.106689271735435
0.46551724137931 0.396551724137931 0.0589870956423924
0.526315789473684 0.43859649122807 0.164238877458371
0.481481481481481 0.5 0.147075581528409
0.471698113207547 0.433962264150943 0.0635471745874855
0.542372881355932 0.474576271186441 0.118588652143332
0.458333333333333 0.416666666666667 0.120128886003314
0.472727272727273 0.436363636363636 0.121764296550316
0.508771929824561 0.43859649122807 0.082283729115582
0.476190476190476 0.428571428571429 0.114358884304841
0.452830188679245 0.415094339622642 0.132091506040979
0.482142857142857 0.375 0.0645503759666752
0.542372881355932 0.457627118644068 0.145711570338798
0.452830188679245 0.39622641509434 0.102078582179231
0.53448275862069 0.46551724137931 0.107875173172835
0.53448275862069 0.5 0.132706612433413
0.454545454545455 0.381818181818182 0.100510857925886
0.457627118644068 0.389830508474576 0.113744202515411
0.463414634146341 0.463414634146341 0.105451884287482
0.5 0.392857142857143 0.0968730216566222
0.471698113207547 0.452830188679245 0.118675922276308
0.480769230769231 0.423076923076923 0.130824010637872
0.465116279069767 0.465116279069767 0.14610018577968
0.470588235294118 0.450980392156863 0.157935344725398
0.454545454545455 0.454545454545455 0.126386628720544
0.462962962962963 0.388888888888889 0.128706572668264
0.481481481481481 0.37037037037037 0.134896546253441
0.48 0.42 0.136080370874635
0.488888888888889 0.488888888888889 0.173978209646711
0.509803921568627 0.490196078431373 0.148028714424728
0.465116279069767 0.348837209302326 0.132973363040251
0.482758620689655 0.413793103448276 0.0864504499866272
0.456140350877193 0.421052631578947 0.137959469045347
0.549019607843137 0.431372549019608 0.125835157659207
0.508474576271186 0.474576271186441 0.125859875901423
0.454545454545455 0.4 0.138706897319062
0.5 0.46551724137931 0.14446751830915
0.53448275862069 0.5 0.11010976915714
0.490196078431373 0.392156862745098 0.0933342574295464
0.46551724137931 0.396551724137931 0.0959341424461268
0.450980392156863 0.411764705882353 0.103472379450985
0.510204081632653 0.510204081632653 0.139196422281479
0.464285714285714 0.464285714285714 0.154424471792179
0.509803921568627 0.470588235294118 0.118115266220665
0.456521739130435 0.434782608695652 0.100356507394141
0.466666666666667 0.4 0.136979920959171
0.508474576271186 0.423728813559322 0.0989605910584142
0.526315789473684 0.473684210526316 0.114577668981234
0.470588235294118 0.411764705882353 0.153383830609731
0.542372881355932 0.474576271186441 0.152999698284701
0.541666666666667 0.479166666666667 0.13853701602332
0.531914893617021 0.468085106382979 0.140757637279149
0.5 0.461538461538462 0.110953527401502
0.5 0.5 0.142963332664188
0.517241379310345 0.46551724137931 0.101667869079067
0.466666666666667 0.4 0.147240485667064
0.462962962962963 0.388888888888889 0.135846032113289
0.454545454545455 0.381818181818182 0.0866581237807796
0.517857142857143 0.428571428571429 0.0983922852379039
0.48780487804878 0.463414634146341 0.204346795131318
0.538461538461538 0.384615384615385 0.0992027236925833
0.462962962962963 0.37037037037037 0.111598272645978
0.489795918367347 0.448979591836735 0.146863023155316
0.466666666666667 0.288888888888889 0.0555318282037787
0.456140350877193 0.350877192982456 0.0813364161277534
0.526315789473684 0.456140350877193 0.156120813222937
0.5 0.48 0.114704746790196
0.509090909090909 0.472727272727273 0.126597373109271
0.482758620689655 0.448275862068966 0.0976274854194886
0.461538461538462 0.403846153846154 0.15672544123282
0.472727272727273 0.454545454545455 0.0953654860699168
0.535714285714286 0.5 0.110006928853166
0.473684210526316 0.403508771929825 0.153989467988858
0.488888888888889 0.444444444444444 0.151566116356605
0.470588235294118 0.392156862745098 0.156444587737299
0.491525423728814 0.406779661016949 0.130556838464689
0.527272727272727 0.472727272727273 0.11701792277569
0.48 0.46 0.217701191374303
0.462962962962963 0.37037037037037 0.156796758358731
0.472727272727273 0.436363636363636 0.11884885642908
0.470588235294118 0.470588235294118 0.111282844941594
0.471698113207547 0.339622641509434 0.0776573944128102
0.471698113207547 0.452830188679245 0.117107545058836
0.482142857142857 0.392857142857143 0.121607440600007
0.490196078431373 0.450980392156863 0.120303329863776
0.5 0.431034482758621 0.0809093147338347
0.490196078431373 0.352941176470588 0.141880784001984
0.473684210526316 0.43859649122807 0.156746596339206
0.482758620689655 0.431034482758621 0.0926427487748351
0.490566037735849 0.452830188679245 0.127769257123344
0.473684210526316 0.421052631578947 0.101494957156824
0.490566037735849 0.415094339622642 0.0917620843492227
0.517857142857143 0.482142857142857 0.144762251732062
0.490196078431373 0.450980392156863 0.152047061088432
0.452830188679245 0.358490566037736 0.113833312292228
0.491228070175439 0.421052631578947 0.0650628888954071
0.457627118644068 0.322033898305085 0.0876170804991197
0.474576271186441 0.423728813559322 0.124372315621984
0.51219512195122 0.463414634146341 0.145295410637315
0.525423728813559 0.457627118644068 0.1161744669475
0.450980392156863 0.392156862745098 0.0924850164063011
0.479166666666667 0.395833333333333 0.116343023241502
0.5 0.37037037037037 0.122164445475863
0.517857142857143 0.446428571428571 0.0955635755505111
0.535714285714286 0.5 0.0885921005127847
0.54 0.4 0.120842483903963
0.469387755102041 0.36734693877551 0.118433358762972
0.53448275862069 0.46551724137931 0.134667737297887
0.490909090909091 0.381818181818182 0.0822766270049642
0.545454545454545 0.472727272727273 0.102138087521523
0.5 0.392857142857143 0.109329436003429
0.480769230769231 0.480769230769231 0.111888238640393
0.5 0.442307692307692 0.141801380625556
0.5 0.425925925925926 0.101170343152919
0.525423728813559 0.508474576271186 0.102551118814627
0.457627118644068 0.322033898305085 0.0678552063974437
0.5 0.428571428571429 0.135383747475375
0.464285714285714 0.410714285714286 0.116209162206272
0.462962962962963 0.425925925925926 0.114298646201142
0.517241379310345 0.431034482758621 0.123683502239311
0.458333333333333 0.333333333333333 0.0956828959926582
0.5 0.46551724137931 0.115183430064481
0.476190476190476 0.476190476190476 0.133135009569609
0.53448275862069 0.5 0.107531991944123
0.491228070175439 0.403508771929825 0.0804392162474228
0.472727272727273 0.381818181818182 0.0714320064029902
0.529411764705882 0.431372549019608 0.117412665454099
0.481481481481481 0.425925925925926 0.112713300353286
0.46551724137931 0.396551724137931 0.134992964354933
0.490196078431373 0.411764705882353 0.0725841914048118
0.521739130434783 0.41304347826087 0.165590391379442
0.456140350877193 0.385964912280702 0.0714386866214463
0.490909090909091 0.381818181818182 0.0817067473572185
0.5 0.379310344827586 0.103956084435865
0.466666666666667 0.355555555555556 0.174287387629449
0.525423728813559 0.491525423728814 0.104599594027585
0.473684210526316 0.403508771929825 0.096649055999213
0.457627118644068 0.406779661016949 0.0804102355555016
0.471698113207547 0.415094339622642 0.115236798489043
0.454545454545455 0.4 0.0702771506923887
0.490909090909091 0.490909090909091 0.126200167878839
0.456521739130435 0.369565217391304 0.0563307631848012
0.535714285714286 0.428571428571429 0.12252216094838
0.509433962264151 0.471698113207547 0.0654812783466162
0.454545454545455 0.363636363636364 0.148982427137851
0.482758620689655 0.431034482758621 0.0481344092297978
0.491228070175439 0.421052631578947 0.102618366142259
0.461538461538462 0.365384615384615 0.102891164086825
0.478260869565217 0.41304347826087 0.132958434238433
0.462962962962963 0.407407407407407 0.106614521887024
0.474576271186441 0.457627118644068 0.12967776092168
0.491525423728814 0.457627118644068 0.128431451951422
0.541666666666667 0.4375 0.126439378844467
0.469387755102041 0.428571428571429 0.180002687196496
0.480769230769231 0.442307692307692 0.111786574836363
0.452830188679245 0.358490566037736 0.0839555234581874
0.508771929824561 0.385964912280702 0.0998847776112771
0.46551724137931 0.413793103448276 0.0760317209189663
0.46551724137931 0.362068965517241 0.0630149585744775
0.517241379310345 0.431034482758621 0.124203550818083
0.482758620689655 0.379310344827586 0.0580648123588347
0.48 0.46 0.186192013438407
0.479166666666667 0.4375 0.158508701842953
0.470588235294118 0.411764705882353 0.079861912517607
0.531914893617021 0.468085106382979 0.124886941964803
0.5 0.351851851851852 0.130140277075892
0.468085106382979 0.361702127659574 0.0875611204850176
0.465116279069767 0.418604651162791 0.149405438104338
0.471698113207547 0.377358490566038 0.0980748160640905
0.46551724137931 0.396551724137931 0.125838024564003
0.508474576271186 0.457627118644068 0.104748438904399
0.454545454545455 0.418181818181818 0.0843374038531326
0.5 0.346153846153846 0.115357934010838
0.5 0.41304347826087 0.0567434874774507
0.456521739130435 0.326086956521739 0.104297587712868
0.541666666666667 0.5 0.137659463030576
0.490909090909091 0.490909090909091 0.117602678862807
0.461538461538462 0.442307692307692 0.11211398422984
0.535714285714286 0.517857142857143 0.160031276189808
0.468085106382979 0.425531914893617 0.12178911048947
0.481481481481481 0.407407407407407 0.11498298010925
0.46551724137931 0.396551724137931 0.0772962234522053
0.5 0.403846153846154 0.145633797208833
0.509803921568627 0.431372549019608 0.0970805707402038
0.489795918367347 0.448979591836735 0.111852955897358
0.5 0.4375 0.127190786952026
0.48 0.4 0.152277810393315
0.471698113207547 0.339622641509434 0.0997627886346105
0.5 0.395833333333333 0.124928993291802
0.5 0.386363636363636 0.116740853088815
0.53448275862069 0.46551724137931 0.123140326480374
0.464285714285714 0.428571428571429 0.0898133774638413
0.48 0.44 0.12173253625801
0.5 0.448275862068966 0.123085009306973
0.461538461538462 0.461538461538462 0.172025391281561
0.509803921568627 0.450980392156863 0.183665237911508
0.456521739130435 0.456521739130435 0.12684540183039
0.5 0.442307692307692 0.0997818014299376
0.457627118644068 0.389830508474576 0.112227740422247
0.474576271186441 0.389830508474576 0.113751873213707
0.509803921568627 0.392156862745098 0.0794421759343676
0.525423728813559 0.474576271186441 0.121535006650514
0.457627118644068 0.406779661016949 0.0796823382179296
0.473684210526316 0.403508771929825 0.154707838842727
0.482142857142857 0.428571428571429 0.0832299013559937
0.509433962264151 0.452830188679245 0.101539269875637
0.482758620689655 0.431034482758621 0.0931532842405759
0.491228070175439 0.43859649122807 0.0937259228955618
0.508474576271186 0.457627118644068 0.122881517378253
0.473684210526316 0.456140350877193 0.113002161329468
0.465116279069767 0.441860465116279 0.138354594130088
0.509090909090909 0.454545454545455 0.0738059965059368
0.508474576271186 0.423728813559322 0.0954497239970249
0.537037037037037 0.481481481481481 0.101755424660472
0.5 0.431034482758621 0.0971474140727553
0.537037037037037 0.5 0.132530147591069
0.482758620689655 0.448275862068966 0.128200980429909
0.456140350877193 0.368421052631579 0.0875292829807778
0.454545454545455 0.4 0.0841846084501691
0.491525423728814 0.372881355932203 0.0813798190226957
0.535714285714286 0.535714285714286 0.199152863522933
0.508474576271186 0.457627118644068 0.128150831531032
0.472727272727273 0.418181818181818 0.155557192498048
0.510204081632653 0.489795918367347 0.146044700202476
0.509433962264151 0.490566037735849 0.150014264005678
0.478260869565217 0.434782608695652 0.152252823500627
0.46551724137931 0.396551724137931 0.0827259835662638
0.462962962962963 0.425925925925926 0.117478681813129
0.525423728813559 0.440677966101695 0.140538244450477
0.482758620689655 0.448275862068966 0.126629113541867
0.5 0.5 0.180366318335289
0.461538461538462 0.384615384615385 0.122874886589017
0.456140350877193 0.350877192982456 0.0815831640679195
0.461538461538462 0.423076923076923 0.13707751957078
0.5 0.4375 0.176767460632125
0.470588235294118 0.431372549019608 0.125534911699211
0.478260869565217 0.41304347826087 0.0813463239624461
0.477272727272727 0.431818181818182 0.101850289690831
0.509090909090909 0.454545454545455 0.118856950877796
0.482142857142857 0.375 0.106366072598409
0.456140350877193 0.385964912280702 0.121355119724923
0.458333333333333 0.395833333333333 0.106355928424894
0.525423728813559 0.491525423728814 0.151399120147627
0.531914893617021 0.468085106382979 0.130968684902612
0.463414634146341 0.390243902439024 0.126928245924519
0.509433962264151 0.471698113207547 0.129746402500359
0.478260869565217 0.434782608695652 0.129367241578886
0.543859649122807 0.421052631578947 0.143439857561234
0.457627118644068 0.372881355932203 0.0581194678601195
0.474576271186441 0.389830508474576 0.081929371686528
0.450980392156863 0.352941176470588 0.0756720938070735
0.508474576271186 0.474576271186441 0.15970523135123
0.472727272727273 0.4 0.103059022968858
0.529411764705882 0.490196078431373 0.117507730659526
0.5 0.48 0.179062617837366
0.517857142857143 0.482142857142857 0.122148673518847
0.482142857142857 0.410714285714286 0.0999513671384475
0.509090909090909 0.436363636363636 0.0917272925676515
0.450980392156863 0.352941176470588 0.140461679836508
0.508474576271186 0.440677966101695 0.10459134959956
0.518518518518518 0.425925925925926 0.11478494033465
0.482142857142857 0.464285714285714 0.0947484449196719
0.450980392156863 0.431372549019608 0.113749008025311
0.5 0.396551724137931 0.118481044308655
0.482758620689655 0.448275862068966 0.0868646984407763
0.46 0.4 0.1030265305478
0.482142857142857 0.482142857142857 0.0895430604645815
0.519230769230769 0.5 0.168249165179596
0.52 0.42 0.079496288019489
0.481481481481481 0.444444444444444 0.0784471077122778
0.48 0.44 0.101918717323223
0.482142857142857 0.410714285714286 0.0888032877524686
0.465116279069767 0.348837209302326 0.145584834853612
0.452830188679245 0.39622641509434 0.084028161988598
0.517857142857143 0.464285714285714 0.110812879367353
0.454545454545455 0.381818181818182 0.135599118416365
0.508771929824561 0.473684210526316 0.126090124374706
0.491525423728814 0.491525423728814 0.106562246485727
0.509433962264151 0.452830188679245 0.10878227251456
0.452830188679245 0.39622641509434 0.0889534649062819
0.48936170212766 0.446808510638298 0.131665353399184
0.46551724137931 0.362068965517241 0.124620670051438
0.530612244897959 0.469387755102041 0.135913224214788
0.491525423728814 0.474576271186441 0.122796317088086
0.5 0.456521739130435 0.131277999134301
0.491228070175439 0.403508771929825 0.0772247426619091
0.538461538461538 0.480769230769231 0.0935089868668163
0.46551724137931 0.448275862068966 0.122408215677726
0.488888888888889 0.511111111111111 0.20812778527101
0.482758620689655 0.5 0.102416777917811
0.538461538461538 0.480769230769231 0.156380358363074
0.476190476190476 0.428571428571429 0.142410466372635
0.537037037037037 0.5 0.153907082950602
0.461538461538462 0.403846153846154 0.11683860150299
0.481481481481481 0.481481481481481 0.135584545436304
0.469387755102041 0.387755102040816 0.107520162773212
0.527272727272727 0.527272727272727 0.128903786681724
0.490909090909091 0.418181818181818 0.116482504699742
0.462962962962963 0.388888888888889 0.113383859442587
0.450980392156863 0.411764705882353 0.0927686086213425
0.476190476190476 0.404761904761905 0.0996207656467385
0.490909090909091 0.454545454545455 0.0981298648694409
0.480769230769231 0.423076923076923 0.119101473274023
0.454545454545455 0.409090909090909 0.112634370456587
0.547169811320755 0.509433962264151 0.210346457253946
0.471698113207547 0.39622641509434 0.086033935959214
0.464285714285714 0.357142857142857 0.0787448782280428
0.450980392156863 0.372549019607843 0.109292946643843
0.468085106382979 0.340425531914894 0.096828799286443
0.509433962264151 0.471698113207547 0.150782774753297
0.51063829787234 0.468085106382979 0.127537675965455
0.491525423728814 0.423728813559322 0.0917526994794802
0.46 0.42 0.0753870832773601
0.526315789473684 0.508771929824561 0.144692920735764
0.529411764705882 0.490196078431373 0.117804717771386
0.491525423728814 0.389830508474576 0.110469321759293
0.54 0.48 0.145216750752769
0.470588235294118 0.470588235294118 0.115443281067241
0.482758620689655 0.413793103448276 0.0764979504174059
0.454545454545455 0.436363636363636 0.106603618803467
0.509433962264151 0.452830188679245 0.165749857147207
0.464285714285714 0.446428571428571 0.104481539880806
0.456140350877193 0.385964912280702 0.104616503063544
0.542372881355932 0.474576271186441 0.0661434182431305
0.491228070175439 0.421052631578947 0.122113571128656
0.5 0.444444444444444 0.082032839413438
0.454545454545455 0.386363636363636 0.0961769399121395
0.509803921568627 0.352941176470588 0.106070529661183
0.46551724137931 0.396551724137931 0.114460799263455
0.525423728813559 0.440677966101695 0.0967270290683706
0.491525423728814 0.406779661016949 0.0940535696880613
0.461538461538462 0.365384615384615 0.0586152871462778
0.480769230769231 0.384615384615385 0.0889148499849585
0.468085106382979 0.404255319148936 0.0402081614434433
0.46551724137931 0.413793103448276 0.102697827678616
0.482142857142857 0.392857142857143 0.120969577211793
0.452830188679245 0.377358490566038 0.146993145476568
0.5 0.448275862068966 0.124985683321546
0.5 0.351851851851852 0.0725161012898886
0.450980392156863 0.333333333333333 0.0980448571248714
0.509090909090909 0.454545454545455 0.177648487969995
0.46551724137931 0.379310344827586 0.0901426443847402
0.474576271186441 0.406779661016949 0.0986156462386373
0.473684210526316 0.421052631578947 0.0937971268828805
0.490196078431373 0.470588235294118 0.129129552019238
0.508474576271186 0.491525423728814 0.11954514077267
0.473684210526316 0.491228070175439 0.141271548322111
0.535714285714286 0.464285714285714 0.106070274223314
0.46551724137931 0.396551724137931 0.0755695537961548
0.518518518518518 0.444444444444444 0.137307198330769
0.491525423728814 0.457627118644068 0.10300725394252
0.488372093023256 0.395348837209302 0.161498200066908
0.464285714285714 0.428571428571429 0.121453296339947
0.491525423728814 0.423728813559322 0.103338335832665
0.520833333333333 0.458333333333333 0.122482539423536
0.488888888888889 0.466666666666667 0.178170407248185
0.526315789473684 0.473684210526316 0.102657488390539
0.464285714285714 0.392857142857143 0.0879275817593534
0.489795918367347 0.448979591836735 0.119542628717523
0.477272727272727 0.363636363636364 0.0896032538513693
0.479166666666667 0.395833333333333 0.134942448052786
0.529411764705882 0.470588235294118 0.105765592847885
0.472727272727273 0.436363636363636 0.150552408037118
0.543859649122807 0.508771929824561 0.144477429130482
0.527272727272727 0.490909090909091 0.130806966227034
0.5 0.46551724137931 0.147259034554223
0.528301886792453 0.509433962264151 0.124664594573961
0.5 0.413793103448276 0.0871255032009254
0.462962962962963 0.407407407407407 0.0937491381525348
0.462962962962963 0.37037037037037 0.113814637315991
0.474576271186441 0.322033898305085 0.0633486817651693
0.46551724137931 0.362068965517241 0.0771759569976204
0.456521739130435 0.41304347826087 0.103950256616316
0.458333333333333 0.395833333333333 0.101934170929096
0.543478260869565 0.478260869565217 0.244367734538074
0.470588235294118 0.392156862745098 0.100615264474075
0.517857142857143 0.392857142857143 0.128381310123712
0.53448275862069 0.46551724137931 0.0815787776012812
0.457627118644068 0.457627118644068 0.144544516044197
0.450980392156863 0.372549019607843 0.0558138469193007
0.480769230769231 0.442307692307692 0.105614115173235
0.5 0.5 0.150888081533897
0.466666666666667 0.422222222222222 0.102226164162397
0.472727272727273 0.4 0.0986242027087618
0.46 0.44 0.106395122701888
0.511627906976744 0.418604651162791 0.116166704446046
0.474576271186441 0.474576271186441 0.128834736272269
0.471698113207547 0.377358490566038 0.107246561712638
0.509433962264151 0.490566037735849 0.115197180223577
0.5 0.444444444444444 0.11238004890043
0.53448275862069 0.46551724137931 0.0981461673955951
0.482142857142857 0.428571428571429 0.13049985747109
0.480769230769231 0.403846153846154 0.110947916600843
0.547169811320755 0.509433962264151 0.122897855692403
0.528301886792453 0.471698113207547 0.173455104274555
0.46551724137931 0.448275862068966 0.116499573953501
0.509090909090909 0.454545454545455 0.137277748818772
0.456140350877193 0.456140350877193 0.0867829356187309
0.525423728813559 0.440677966101695 0.0902659636875719
0.465116279069767 0.348837209302326 0.130851674673051
0.469387755102041 0.428571428571429 0.117122675764586
0.464285714285714 0.375 0.122889924838662
0.526315789473684 0.526315789473684 0.126276941026587
0.471698113207547 0.39622641509434 0.114927326503585
0.46551724137931 0.448275862068966 0.0985615508202946
0.452830188679245 0.339622641509434 0.108636030298299
0.472727272727273 0.436363636363636 0.124225161603883
0.471698113207547 0.452830188679245 0.141826108564001
0.480769230769231 0.5 0.141917240648469
0.452830188679245 0.415094339622642 0.0913851086259149
0.541666666666667 0.458333333333333 0.135574421423887
0.464285714285714 0.375 0.079715528892386
0.469387755102041 0.428571428571429 0.111547973987521
0.508771929824561 0.473684210526316 0.12485814384368
0.464285714285714 0.446428571428571 0.0890091267097322
0.471698113207547 0.471698113207547 0.152669158292787
0.456521739130435 0.304347826086957 0.101153272229572
0.482758620689655 0.448275862068966 0.113042614235935
0.457627118644068 0.406779661016949 0.127913034669819
0.481481481481481 0.444444444444444 0.0882829106763486
0.473684210526316 0.421052631578947 0.119116026791191
0.456140350877193 0.456140350877193 0.111711513812668
0.48936170212766 0.48936170212766 0.131209846273634
0.454545454545455 0.436363636363636 0.141062625610581
0.456521739130435 0.478260869565217 0.15970710035172
0.452830188679245 0.358490566037736 0.112833563171603
0.450980392156863 0.352941176470588 0.106262322852577
0.490566037735849 0.452830188679245 0.113020751695228
0.517857142857143 0.446428571428571 0.0945288422663578
0.48936170212766 0.468085106382979 0.163295066761075
0.457627118644068 0.338983050847458 0.133106036230752
0.457627118644068 0.423728813559322 0.0952353822300941
0.535714285714286 0.482142857142857 0.154319657640431
0.491228070175439 0.385964912280702 0.0613179100004201
0.489795918367347 0.387755102040816 0.102937660596486
0.508771929824561 0.456140350877193 0.0686934571379691
0.480769230769231 0.442307692307692 0.166468953441333
0.46551724137931 0.379310344827586 0.107676846372034
0.529411764705882 0.490196078431373 0.127626980720119
0.457627118644068 0.389830508474576 0.0866119461336194
0.517241379310345 0.46551724137931 0.139359562204665
0.482758620689655 0.379310344827586 0.0860785555806852
0.517857142857143 0.517857142857143 0.107612110077771
0.473684210526316 0.456140350877193 0.100245744973465
0.547619047619048 0.547619047619048 0.229491952098518
0.471698113207547 0.471698113207547 0.106782825460013
0.463414634146341 0.414634146341463 0.120185695763336
0.523809523809524 0.452380952380952 0.139202281532382
0.48 0.44 0.108814051251745
0.490909090909091 0.4 0.0923130680392334
0.491228070175439 0.403508771929825 0.0878896588246065
0.527272727272727 0.436363636363636 0.12655622733952
0.48 0.34 0.130150475879915
0.531914893617021 0.48936170212766 0.135721744599832
0.490909090909091 0.436363636363636 0.161566622018358
0.489795918367347 0.428571428571429 0.125730621782012
0.462962962962963 0.388888888888889 0.0828763688037902
0.466666666666667 0.422222222222222 0.0950132892804551
0.5 0.5 0.127991378257516
0.482142857142857 0.392857142857143 0.0956414621864768
0.46 0.34 0.0875935691736311
0.472727272727273 0.381818181818182 0.116334485645118
0.474576271186441 0.457627118644068 0.119169279274024
0.508771929824561 0.43859649122807 0.117741128412818
0.491228070175439 0.456140350877193 0.115316749737822
0.450980392156863 0.392156862745098 0.0817244469228455
0.452830188679245 0.39622641509434 0.104785100191098
0.470588235294118 0.450980392156863 0.116380210595829
0.542372881355932 0.440677966101695 0.0919504581805336
0.473684210526316 0.43859649122807 0.121867762504413
0.489795918367347 0.428571428571429 0.211565047598097
0.456140350877193 0.421052631578947 0.145952344221549
0.5 0.442307692307692 0.0997356315240891
0.469387755102041 0.408163265306122 0.103889447574897
0.533333333333333 0.466666666666667 0.149587809900285
0.490566037735849 0.452830188679245 0.15815802617921
0.458333333333333 0.375 0.0781934922272917
0.480769230769231 0.442307692307692 0.145195687751175
0.46551724137931 0.413793103448276 0.100587471291892
0.473684210526316 0.473684210526316 0.105111635644543
0.537037037037037 0.518518518518518 0.119827035574626
0.5 0.442307692307692 0.11616483765187
0.491525423728814 0.406779661016949 0.106737208317196
0.456140350877193 0.43859649122807 0.119743957708687
0.517241379310345 0.482758620689655 0.113847778834682
0.535714285714286 0.482142857142857 0.159497967557566
0.527272727272727 0.490909090909091 0.122657371129524
