0.0212140035451498
0.0223963388198862
0.018423953904675
0.0194220061638112
0.0271621237527882
0.0174491146437788
0.0247873338513018
0.0224304531660832
0.0191659677519898
0.0239933301354675
0.0236548110395973
0.0217899074673653
0.0202666818077931
0.0226061871391211
0.0187315066033349
0.0210840309748676
0.0205442595464968
0.0213613615832628
0.020971647956406
0.0250017805693359
0.0226746051595998
0.019758826683384
0.0203904589210917
0.0181765061523872
0.0192559485566438
0.0159190597244879
0.0139978597495017
0.0168244035941277
0.0188557174417567
0.0195910449465015
0.0167782200364991
0.0187320646676837
0.0200893023896091
0.017646848928057
0.0174799168171316
0.0162466798418876
0.0237221478728662
0.0251605750976617
0.0208461516845248
0.0155862370244905
0.0212142687050548
0.0218514380154881
0.01628261249542
0.0169375693674791
0.0221008912920097
0.020693290576344
0.0239448166426676
0.023476047161851
0.0193480196849864
0.0215289676101718
0.0191816038118817
0.0184298152863254
0.0205002660689747
0.0161412626914309
0.0226816478280563
0.0173218557636517
0.0218061511760755
0.0220067345709546
0.0241594131737004
0.0190753433577578
0.0228987779398712
0.0222330025968
0.0219147843619131
0.0202598335624959
0.0196319349083985
0.0203479535411332
0.0167510123582783
0.0203068058403178
0.0218624546510739
0.0195949865302646
0.0195435955423063
0.0228767884639821
0.0191231905763211
0.0218371275589326
0.0235079533207274
0.020670063055367
0.0224089026410308
0.0148918767552045
0.0194825904029305
0.0199647495962136
0.0197100444413656
0.0258434411572332
0.0190765283875659
0.0195934248160756
0.0196626137208979
0.0199963670623819
0.0218623664815387
0.0184821061057184
0.0164893146649839
0.0247105293291081
0.0230268349285465
0.0208414509179141
0.0178939484440888
0.0196937601128045
0.0221668880499655
0.0220991275263481
0.0167101844285937
0.0195403490969835
0.018061094941068
0.0188436827378815
0.0181056153094775
0.0196337841687119
0.0180694920368771
0.0207330591644885
0.018885383209442
0.0232773895980177
0.0180188518177033
0.0184591648034591
0.0233182152115506
0.0175759208664802
0.0262271187498723
0.0204386990710956
0.0212662417759896
0.0184525442715399
0.0219640846730863
0.0188584718013001
0.0194639479269527
0.0149830924539349
0.0209219468863317
0.0218276053412747
0.0236573364467811
0.0219918984462851
0.0201476688404542
0.0225278681086223
0.0203200095946693
0.0151694523339412
0.0236862550583841
0.0184422296913073
0.0246308780040553
0.0259158109596595
0.0278425777336763
0.0208127262080751
0.0231779110882147
0.017898376970292
0.0163159414106002
0.0220987546697904
0.0275518921444913
0.0252092487232851
0.0219685931914488
0.0276426450245768
0.0227952987625006
0.0244276277067675
0.0178356000677763
0.0267980714966623
0.0256326496507285
0.0230914636335221
0.020384350156686
0.0250027548733121
0.0250113690385188
0.0245758275703952
0.0204446311922015
0.0247075909182288
0.024878791597247
0.0236393266177424
0.0188128641825817
0.0212166448764179
0.0197708999638309
0.018690448343983
0.020369080478211
0.0188299666298132
0.023455327233387
0.0239294072351771
0.0205881514521047
0.018001290884084
0.021994499016876
0.0171876621181465
0.0195447500638007
0.020615155439093
0.0214405945383499
0.0215897442982275
0.0210744979569423
0.0173151582865633
0.0192293296158977
0.0177711741092396
0.0197573576213509
0.0191507033055172
0.0179909244880811
0.0237399842726852
0.0216992198093221
0.0176133247074788
0.0200945178107282
0.0271004160987901
0.0196748608154421
0.0154122376899469
0.0152180507552677
0.023459938511771
0.027775553700521
0.0158282352952877
0.0225380148038425
0.0213823061234297
0.016764265748397
0.0222733262588542
0.0211189152725166
0.0198239813854693
0.0201999039663609
0.0201253004751852
0.0210166937143352
0.0190847313452315
0.0174048893930616
0.0179250871587163
0.0180153650839132
0.0209415292559484
0.0201860680913654
0.0204433948627168
0.0202772128210552
0.0205448410310838
0.020652574445003
0.0221730991648906
0.0200243439028031
0.026788740736804
0.0217982485017452
0.0242539780276857
0.0247171858636259
0.0280445463088121
0.0202849771047176
0.0247864218489208
0.017794256051383
0.0174035982455482
0.0218085149234232
0.0183444170683767
0.0303955499208379
0.0196570095855191
0.0203716743480151
0.0241065968045998
0.0158954742934625
0.0213437703241091
0.0217122054507995
0.0194919132107471
0.0197758753375197
0.0213312861626042
0.024815259412203
0.0179484425183701
0.0255690146808673
0.0206848978955189
0.0189329830346707
0.0226642023628368
0.0215846914242954
0.0260691245694089
0.0265388856433024
0.0179795012911094
0.0246876305757292
0.0196935570098339
0.0246149649072054
0.0236880711173775
0.017586497963959
0.0289791621047566
0.0194405243754368
0.0254299148498266
0.025103437189864
0.0219868470149168
0.0254242334563679
0.017017170972483
0.0193935063677907
0.0196063907547212
0.0252552593956442
0.0197103450577598
0.0195558270007802
0.0217348596289982
0.0203800938390372
0.0195246287533588
0.0197197124954734
0.0176413564969275
0.0203691145611538
0.0194378493542396
0.0197949683513442
0.0218905546874485
0.0196281278460303
0.0147173606537558
0.0208543553068429
0.0174053799262274
0.0278507625470258
0.0225463770158269
0.0216397174863406
0.0196708350889833
0.019336133061707
0.0250877365540579
0.0186132441656434
0.0234659573665839
0.0210169611061115
0.025763565770544
0.0229278192633693
0.020374507871746
0.0171289437493664
0.0206299155818938
0.020488694365741
0.0197097742501982
0.0183045392926604
0.0215400317266859
0.020074352183288
0.0231450446085537
0.0203486927365504
0.0201404472500555
0.0158544048285194
0.0206806270734948
0.0180947733248197
0.0226078093559361
0.0197791516897123
0.0218325376964433
0.0200965626775381
0.0201766836029877
0.0173456114164192
0.0230171584846728
0.0171171813702987
0.0222711641387989
0.0219924241201698
0.0218947733585002
0.0302397159426821
0.021524812528066
0.0255314037665135
0.0205689421900012
0.0239720901393037
0.0222437130721726
0.0198042861194824
0.0223592869478004
0.0226519877882091
0.0250070582317665
0.0176152024999975
0.0191560807172021
0.0193645406771147
0.0202604318278153
0.0236239415827153
0.0211212027671353
0.0159989417393517
0.029035546053454
0.0208239489818995
0.0218115976831797
0.0196034069818104
0.0212642874538114
0.019365576872127
0.0202497312757985
0.0229936016808442
0.0229894271278697
0.0227317260659673
0.0175691677016842
0.0159358424285476
0.0223098377238701
0.0297256609395537
0.0243104063527793
0.0274456149548682
0.0187678312745416
0.0259837048150002
0.0203180695153823
0.019741344927414
0.0172561741110816
0.0239512511047734
0.0197927720200064
0.020277910992741
0.0220106403402537
0.0214173742213524
0.0193264893892759
0.0255263308203217
0.0237885948051633
0.0201803560315644
0.025243969490487
0.0276291527662112
0.0203228649654173
0.0209320793425352
0.0238583817382259
0.022527809654015
0.0201824725823743
0.0214725294681495
0.0172109059027104
0.0177796340454198
0.0163064729580385
0.0250284891538333
0.0177806736415744
0.0213382260432586
0.0251277208437583
0.0191852510408017
0.0196652164909229
0.0172007105317666
0.0203609816298147
0.0258610654158883
0.015270143344822
0.0166828440764435
0.0198228389400875
0.0182898617544088
0.0242005416831504
0.0187309765818789
0.0197280223444739
0.0202760345130025
0.0255239669933349
0.0194050004701908
0.019639574036004
0.0186626023356529
0.0204398236220192
0.0210477064792907
0.0199748622919582
0.0223457064788205
0.0215366479763591
0.0203290934051351
0.0226132802918455
0.0204556021819926
0.0123966346622337
0.0217813836847625
0.0217425843482609
0.0197612257015682
0.0179366002347842
0.0195007493893376
0.0190462593070624
0.0242438484459903
0.0163444833138941
0.0175100027316141
0.0217119404572168
0.0173576453951948
0.0199067580054326
0.016996216055937
0.0176835368492459
0.0198444647744693
0.0187491945097095
0.0214468054627637
0.0208135624526698
0.0215503960984041
0.0190970987090235
0.0234419185059549
0.0210700311956948
0.0217314928386003
0.0191535109734961
0.0243560043669607
0.0221442323890585
0.0205516513312818
0.01904003553417
0.0222619132021798
0.0206158965739567
0.0186631473447952
0.0173104777083293
0.022311233086141
0.0252903244134739
0.0211169756360792
0.017265100702816
0.0227228007231587
0.0193051753294949
0.0246588347730671
0.0183277542088544
0.0254151563899205
0.024304159832397
0.0213608752269737
0.0190459447866391
0.0180222475761582
0.0176125969454731
0.0215297157480868
0.0156511398943639
0.0215452669314767
0.0225100314345097
0.0214550525248266
0.0246467376615489
0.0251225231253568
0.0205740929578126
0.0245214688882815
0.0229740821118945
0.0165558958720112
0.0204073902623305
0.018532858546718
0.021025428504778
0.0161157988449827
0.0303168093025911
0.0152315217274519
0.0192987393835241
0.0185539495135269
0.0174820582572759
0.0200696879633963
0.022486134588476
0.017207185890448
0.0190465913014232
0.0236802038135099
0.0225156051779318
0.0203091923052447
0.0199997918763277
0.0226187001907144
0.0201919863793031
0.0196862455282529
0.023514352778883
0.020822986243057
0.0158748065453534
0.0183759109712215
0.0187024288124538
0.0230312431144091
0.0221597205821641
0.0253273557467964
0.0209574187942773
0.0217023339859297
0.0185814424646618
0.0235910198867538
0.0213173748148729
0.0198451857257576
0.0230625544723365
0.019769446764518
0.0200644363794241
0.0187111186981159
0.0188787594955426
0.0223338725376811
0.0187240820071874
0.0206935023449146
0.0234376505948382
0.020277571426538
0.0194763952345495
0.0208846088443692
0.018796331564496
0.0228501114176472
0.0206049740001642
0.020736314893133
0.0220236086591122
0.020125233717125
0.0194815865934133
0.0192472632182739
0.016505370647397
0.0198619547361684
0.0192058967502983
0.0215424299560204
0.0180101908804521
0.0186303624438082
0.0196896070344775
0.0210873975281091
0.0205507275449886
0.0212315626174362
0.0277754022977634
0.020889254295878
0.0196878178727066
0.022386937541237
0.0239733634533151
0.019724914811295
0.021168459898088
0.0272391828778915
0.0234691168895735
0.0230968532659503
0.0161605228677266
0.0187728663294011
0.0176665214671321
0.0192039970618619
0.0163409384251279
0.0188285792869627
0.0172781920120281
0.0201813029759382
0.0215835814472902
0.0193594987389853
0.0188812326453515
0.0166404417023124
0.0206767578459067
0.0240039896258599
0.0163161885005508
0.0201880244409105
0.0228197528495412
0.0267738277675109
0.0211903247991377
0.0209117706924752
0.0222326052709894
0.0216873183826273
0.0196237345610484
0.0178613125931912
0.0250052496868794
0.0222509703996082
0.0184200143424026
0.0183515321793398
0.0206830641377791
0.0193723451862184
0.0156837750915046
0.0205227376987379
0.0208306979967554
0.0161945488139634
0.0224075947336652
0.0182292140765758
0.0213872506263054
0.0184422446496847
0.0177198006728876
0.023426342424308
0.0192317640963929
0.0187187876790139
0.021061929730374
0.0272489817832374
0.0199540247283015
0.023831009637966
0.0214414768346424
0.0201167639398803
0.0220707584465188
0.0187979601877951
0.0227174549305277
0.0231339447642445
0.0239639386185878
0.024013693260974
0.0199237281586659
0.0237507581099545
0.0190179626422161
0.0226332472793224
0.0199824371008908
0.0246673196308043
0.018424923527009
0.0197353659038544
0.0219725688748884
0.019579030392586
0.0202135462690664
0.0218721115379649
0.0208279524134331
0.025922784393717
0.0188766506674476
0.0205968628777074
0.020282975101889
0.0204961151106404
0.0201809705208407
0.0275697642158027
0.0236536571922713
0.0232079972698677
0.0200297077136812
0.0251484113900022
0.0216630392529709
0.0216062673748071
0.017280817904113
0.0230878995808923
0.0264508529192455
0.0273968075637055
0.0249533305265339
0.0217216824701091
0.0166996267028551
0.0245973340095887
0.0282698678596623
0.016377170264785
0.0184955715675804
0.0222987250975422
0.0205699145579969
0.0222785770207992
0.0190114693694892
0.0187359207390727
0.0175212576396858
0.0180840942709058
0.0196387147468999
0.0213271612805044
0.022801862564737
0.0220232213751084
0.0152811491331215
0.0174844886712973
0.0156319409994842
0.023846252277364
0.0209830899321239
0.0173069720990264
0.0198469502799757
0.0191314199011391
0.02281276842907
0.0203982760148125
0.0241438622547616
0.0216220398980562
0.0198305086352355
0.0158605565417229
0.0215628258643999
0.0196035118867423
0.0226448026207939
0.0179910990170743
0.0191059089288361
0.021470463005573
0.0203890760972819
0.0249717844248516
0.0236412340470104
0.0193656221855396
0.0168335386887366
0.0189023099937534
0.0168518175744626
0.0220913525002728
0.022381602420961
0.0191775204421145
0.0194430435861698
0.021748687814401
0.0251285055167004
0.0218507976866559
0.0205087493593343
0.0185905765538276
0.0191511852007106
0.018371958660998
0.0202273454305095
0.0231499105690977
0.0189839864845595
0.0175148210087841
0.0194110359623459
0.0176946503941769
0.0221587979256904
0.0206097126009749
0.0256697586524094
0.026899177143354
0.0195658610480345
0.015449590119016
0.0209373173435298
0.0227982666828048
0.0176099086587824
0.0264207370167314
0.0206319420465175
0.0220532460373895
0.0162072845575232
0.0191694944473761
0.0204946488564037
0.02068042629043
0.0208505765676151
0.01904926032481
0.0219802513387935
0.0216075990452422
0.0169965647805135
0.0183588018665346
0.021122972368665
0.0212680010445992
0.0221416248735456
0.0190125535109909
0.0178083354019513
0.0254402157036834
0.0230367804312705
0.0257297689471062
0.0199261036592083
0.0178109507951576
0.0193371993816259
0.0197871000413868
0.0235333206572028
0.0181879471191605
0.0215525372359756
0.0283680288392311
0.0223141284100975
0.0214664810895329
0.0230614158699277
0.0191676027293686
0.0225156530508497
0.0185576477324397
0.0188529039989033
0.0279961959085951
0.0225907736654892
0.0237433309237944
0.0160339577643424
0.0197077462089402
0.0205399518369025
0.0170542288484224
0.0192978352830352
0.0159651124018889
0.0193866996618218
0.023638500257235
0.0177905469706459
0.0223036840201403
0.0188221087180865
0.0205483557049006
0.0216485451226647
0.0214771331818865
0.0153521214569903
0.0171538632601355
0.0197136897255526
0.0212407019948398
0.0183929832441042
0.0218311046646838
0.0169563710702382
0.0186627537642455
0.0191749557467574
0.0256136841734963
0.0239610084440231
0.0166394690987681
0.0210300077358605
0.0175277960702733
0.0184790156104672
0.0231125100207832
0.0201863122238551
0.0198964589167177
0.0202434018895621
0.0185766266751674
0.02479824638169
0.0159251217232723
0.0225760834430564
0.0185981856538993
0.0250948319863105
0.024522878231664
0.0237020478871574
0.0189608675453759
0.0186453001881481
0.0171023574537216
0.0219724871426501
0.0176902328863223
0.0204500421639036
0.0215878970383221
0.0173033720491292
0.0218404486675673
0.0183810887084633
0.0270686118877981
0.0206630105054756
0.0198339758502085
0.0250385840982625
0.0231476511480194
0.0211633675344969
0.0170315193281998
0.0239209963122196
0.0148484415414205
0.0272199143891698
0.0199045936970914
0.0191023422448129
0.0230774524754211
0.0256081761039779
0.022878284064212
0.0167842038793045
0.0206380722163017
0.0256782379738783
0.022892680835772
0.0228552912772483
0.0208191250045246
0.0229765311054967
0.0228595854963867
0.0211314017514228
0.0178397135512794
0.0229638728959809
0.0203099008110819
0.0210594190766084
0.0243882965288638
0.0208436727813786
0.0196717041609582
0.0263136934282685
0.0225868953634478
0.0224802805134672
0.0227155427127202
0.0228749199878842
0.02158539506381
0.0207478800651871
0.0203946673618803
0.0209341456492999
0.022933617517223
0.0223122889840506
0.0211281178591094
0.0185844776948475
0.0201714543096758
0.0170105393498977
0.0235784564376262
0.0228741435397449
0.0189224912403626
0.0274397565965853
0.0199089549033093
0.0213684785154826
0.0234178934989172
0.0160281265463099
0.0253419858554253
0.0256289655218711
0.0184839739534515
0.0185681388035694
0.0240330847767255
0.0254155161006401
0.0197704628813729
0.0201692833504116
0.0218160880175761
0.0245905138460439
0.01820107859944
0.0205080973327702
0.019597673994632
0.0193027560481848
0.0225927805704469
0.025699518210257
0.0151573430273911
0.0230033375544664
0.0256892264547999
0.0242478504599841
0.0251687034460868
0.0215294672812734
0.022020830618939
0.0188983084474926
0.0265017802832418
0.0275793241946434
0.0150578701094543
0.019094932197173
0.0183631238881931
0.018908744078815
0.0185715070596527
0.0203237993784921
0.0206486123021318
0.022404602568407
0.0230113811694691
0.0179939457331359
0.0211929198928746
0.0206918509497429
0.021322236661813
0.0204834086356106
0.0256267554183885
0.0185126145857073
0.0227129766151654
0.0195395357341323
0.0192778174689984
0.0220269459642081
0.0179399685170028
0.0223682690474027
0.0198903867041672
0.0224142531079211
0.0240488552091567
0.0239086208440799
0.0256086566334984
0.0192283919063808
0.0183972707864274
0.0193120529232235
0.0225059567498094
0.0238824344468169
0.0189196020719899
0.0285962970588793
0.0193034137523337
0.0192012919398528
0.0236089361677045
0.0234960192252299
0.0209009047278281
0.0237645528921849
0.021306741101157
0.0182436027995042
0.0195324054216229
0.0214065586418464
0.018952458482352
0.0221824814592915
0.0201909658491925
0.0178664443135451
0.0211299703491058
0.0222950845279379
0.0184038192217413
0.0245490544559733
0.0241086229322889
0.0196700405023246
0.0198387924299345
0.0238838384302577
0.0263964106641477
0.0181175339509604
0.0264347776167912
0.0185233423129135
0.0174513193466294
0.0184929288983636
0.0230444080915793
0.0183593650531666
0.0242970663888514
0.0193825947250642
0.0211608467222422
0.0220948642651507
0.026598653235416
0.0219713427075918
0.0263854542696191
0.0219824580112332
0.019510958434463
0.0264064988376927
0.0203887246048003
0.0224083641180474
0.0197440781199864
0.0199435800694105
0.0211459133539977
0.0192276887511186
0.0199199800775724
0.0205391515547749
0.0149583260983819
0.0230889933374453
0.0201629592606825
0.022130517424282
0.0164517369972443
0.0185118091464796
0.0239955394188979
0.0148777990194997
0.0228712360711491
0.0185881697146748
0.0159769171681
0.0191829329795036
0.0212414115868811
0.0181346018610898
0.0185445550188721
0.0236181852559048
0.0180053001213423
0.0231470632930471
0.0203379789356178
0.0169771534209667
0.022535696704803
0.02312316426616
0.0222937879140723
0.0249597819571176
0.025205886530952
0.0232319603662989
0.02625730863507
0.0226977249679274
0.0215066108752501
0.0209425401274236
0.0235347375187464
0.0179609100499826
0.0196595802942708
0.0220240878703252
0.0166305149939206
0.0242191176899721
0.0206193324706055
0.016959074397565
0.020753066599309
0.0179882232393091
0.0213941649298328
0.0200915409510843
0.0171528328826501
0.0185129808407579
0.0200864411104521
0.018285036123396
0.0163276107531962
0.0197133131632608
0.0195321956683331
0.0163288057814394
0.0222684778002952
0.0196934619549518
0.0228722893404739
0.0235559604022777
0.0242381964325712
0.021291311039979
0.0262743324066974
0.0161247484937431
0.0184203856176347
0.0157577531763733
0.018511997286559
0.0216929804753543
0.0235756455175007
0.018573402483796
0.022619633332335
0.0214859578054557
0.0168420863378093
0.0269683641751842
0.0292101203660107
0.0166055681073021
0.0195713025154072
0.0195623672068249
0.0196927603895388
0.0166901122090339
0.0236675013562185
0.0330824241192959
0.0198374308819392
0.017641177336865
0.0204528940867373
0.0241282239986807
0.023366523157055
0.0206522723744249
0.0182060520214713
0.0205779811757853
0.0269611533950805
0.0245133266769821
0.0174724863976778
0.0193614482231128
0.018507047057747
0.0198903401694114
0.0270091532007712
0.0170952443024736
0.0182323520372528
0.0236588665286418
0.0231422937655561
0.0249378983022337
0.0234589495015943
0.0240677941046443
0.0252119356714331
0.0181010814914077
0.0258902900483068
0.0240685043841623
0.0164846678024018
0.0237681097264814
0.0197076176704347
0.0165236521358419
0.0185652001901618
0.0243400951122178
0.0181195279375832
0.0199713192871106
0.0224047036678327
0.0196603167676618
0.0186213504992986
0.0212129943902434
0.0188060172841941
0.0195159820879437
0.0212834124978259
0.0174163549136089
0.0231615406243163
0.0227796033196418
0.0183986523108551
0.0233022299262235
0.0201148208248072
0.0198362538811624
0.0182414884527076
0.0230040801696437
0.0216111558310545
0.0214656879240904
0.0273441556914682
0.0208544814521841
0.026355585732748
0.0186248969708681
0.0206268956156247
0.0260817822102769
0.0249806586396005
0.0221630305144073
0.0219649459921926
0.0209842355189858
0.0169429094324485
0.0215785447848333
0.0238263842969815
0.0236713072653535
0.02541559588478
0.0224977203971187
0.0212898640327058
0.0222125286028876
0.0169837702894371
0.0204743077956392
0.0166828685725661
0.0218602622784217
0.0207994086285316
0.0190566593781059
0.0283435356979077
0.0204322937290796
0.0216189340900077
0.0198519085008669
0.0197579821845845
0.0207078526816163
0.0189790591291387
0.0163349335140885
0.020023843280066
0.0185693735721623
0.0205699579197384
0.0222499723325145
0.023003417937429
0.01393264706761
0.0166388831038109
0.0148567163283442
0.016352352871465
0.0199573846347789
0.0181576734551196
0.0193910901432698
0.0228678920645241
0.0165869590909023
0.0244709354693662
0.0206043148699818
0.0266402958005031
0.0201345873825883
0.0200298288768539
0.0240546294296952
0.0217197849159812
0.0177746846022773
0.0194138055128291
0.0163358946027979
0.0190546909104831
0.0247708649914463
0.0208933970350916
0.0215660954360212
0.024338092703546
0.0182122513194132
0.0202650709566512
0.0244100460324823
0.0245643670405843
0.0213153168754957
0.019235353985587
0.0206300641937924
0.0199876879158113
0.0193505841917499
0.0192968951767742
0.0204205284890473
0.021103435725136
0.023766738293808
0.0172798321057976
0.0159367453371843
0.0192429692133936
0.0223939822163711
0.0188724304664311
0.021316733493681
0.0225427812426963
0.0249095924200656
0.0184462283701655
0.0232299253934162
0.0191574366730095
0.0190190717452753
0.0189125575624121
0.0162448154474923
0.0208134906021779
0.0202026758274361
0.0186833151296033
0.0199163711383405
0.0195684498511281
0.0210402143425998
0.0208453429011368
0.0202563318427079
0.0187635761469538
0.0215552014346602
0.0181925646772893
0.0224212632794578
0.0224047420921081
0.0177954328530155
0.02016811845574
0.0173923768177799
0.0206947700262566
0.0240183470994963
0.0193867856284742
0.0256071628222098
0.0198422018381324
0.0219023330009259
0.0188341493812406
0.0191929785375076
0.0207527638788626
0.0220623972393124
0.0255683057345971
0.0156843188891204
0.0185567512045679
0.0224125181176217
0.0208306883853444
0.0190635304129196
0.0220642880254657
0.0227545991744903
0.0229844577465527
0.0178859489519388
0.0202499363491953
0.0207572737491976
0.0191465999198017
0.0201881699211106
0.0214083395278023
0.0201566107599368
0.0201733891854461
0.0207952711241156
0.0249663908315983
0.0186767541880049
0.0227993905784169
0.0181931922266001
0.0198533078873758
0.0230357523716249
0.0205676403872538
0.0187882412804745
0.025470428720614
0.0177874643589934
0.0305287727834756
0.0245884571674053
0.0236056310767371
0.0224072922929854
0.0182035773202365
0.024276531359432
0.022008223843969
0.0232353345799231
0.0220161643280089
0.0221819476458668
0.0217756871608031
0.0201177530496275
0.0140759345726028
0.025118368577485
0.0208182149854689
0.0218780369711008
0.0160373549010531
0.0155144442546335
0.0171188781238886
0.0239741268504133
0.0249241687032401
0.0289752372120969
0.0193541334768618
0.0261327307269165
0.0232620673385399
0.0226179118212079
0.0166353305679426
0.0210211622878662
0.0281076069764111
0.0222641085569575
0.0179680629175723
0.0250935294055338
0.0225490014961965
0.0252900523260955
0.0179711292719055
0.0198022317147129
0.0209683799010992
0.0228345417867888
0.0236230840131622
0.0201443784802619
0.0279203372156524
0.0246729905149847
0.0208012007800541
0.0203409966493923
0.0254291081193234
0.0194973165083055
0.0209899897126723
0.0173429641212338
0.0184615894838686
0.0189665443620083
0.0195277321218869
0.0179385629184752
0.0189814907177226
0.0173654814101377
0.0162661185182325
0.0242214250991094
0.0243264824055183
0.0237053064877476
0.0245450861991632
0.0202014453532622
0.0190281781918284
0.0249715444359178
0.019761160217453
0.0221147145719874
0.0189490573051482
0.0220624782868585
0.0241329402744655
0.0223148996910059
0.0207080893738096
0.0197863348745831
0.0202151143859712
0.0209748717778485
0.0220187672620602
0.0185058948402013
0.0209997841019487
0.0196302152523653
0.0202480749459829
0.0191584130820007
0.0209799080787296
0.0214481003098502
0.018930158556451
0.022095308563035
0.0276981134476281
0.0195676551260393
0.0187372120424105
0.0222860477768618
0.0200604664717068
0.0191283450486044
0.0263914770077579
0.0203666168617781
0.0206456545276376
0.0246882939013891
0.023181594442739
0.0188903468646016
0.0225376614073805
0.0190576265494496
0.0185947539984066
0.0201936674954465
0.0217176765359969
0.0208495979486525
0.0243992420877931
0.0183440384953207
0.0206224486508808
0.0210006623958532
0.021192486655337
0.025917859538122
0.0199184069631009
0.0200184094238467
0.020901493508624
0.0215368850384822
0.0204639904048708
0.019694961945307
0.0228497019938143
0.0251584124591154
0.018008292864974
0.0205101104080857
0.0267674641754566
0.0196203243420915
0.0199726974388857
0.0206463201104638
0.0260556778432149
0.0167860711420976
0.0197204294767184
0.0212505391151399
0.0210711267526192
0.0194899131079661
0.0222678483916138
0.0232435631372796
0.0201997111927036
0.0179867124939004
0.0203350185078678
0.0186248859752203
0.0251157692599839
0.021313116090513
0.0187556695644273
0.0241444149164351
0.018617174463439
0.0194646942861942
0.0219295177142381
0.0210696527843876
0.0175035059106111
0.0166676087612175
0.0236324253250114
0.0228178621295866
0.0229673164983683
0.0220566687945685
0.0214892821162274
0.020673213917202
0.0235769674434847
0.0200375913247471
0.0198698620363466
0.0173780338175328
0.0165874424384712
0.0190960463137498
0.0254785457297342
0.0210963883759101
0.0169031936802984
0.0200787753817253
0.018556665219429
0.0219825853397673
0.0256378593776882
0.0234203385742718
0.0244448666656088
0.0245433022717223
0.0213499113378978
0.0231264395471881
0.0220740055482443
0.0183253487717884
0.0243184978237017
0.017940478016907
0.0207659700795786
0.0204123543724435
0.0164586479476797
0.0193779714990308
0.0177678694212832
0.0204201958257416
0.0178908443101758
0.018262634789376
0.0146619443821144
0.0230837520206024
0.0182744310430792
0.0182612842373039
0.0172574147660727
0.0230342733585526
0.0201746482673505
0.0164239322040098
0.021918962125852
0.0213682072971734
0.0240784513988651
0.0183173146402501
0.0179558709790404
0.0198471357502101
0.0269998609337186
0.0231676836815761
0.0258360905320453
0.0196129464519539
0.0236598579321428
0.0246381178881246
0.0205077490449876
0.0205475633172509
0.0189526111758732
0.0221143801828244
0.0228901804040457
0.0267853159770391
0.020077433660779
0.0218914748151129
0.0251493282178721
0.0173391122535679
0.0268889848323266
0.0225849009528928
0.0244640601759565
0.0176666706702545
0.0215910260326668
0.0249399856406546
0.0205759303814591
0.0183841040364988
0.0191291169184099
0.0202990537019447
0.021385731287298
0.0182056037933558
0.0238592997356328
0.0193263753468077
0.0283476017279044
0.0172550252380505
0.0159753848715467
0.0199911098446708
0.0216719439535598
0.0182832186665696
0.0209328240744612
0.0260615206002314
0.0162182840496885
0.020204783460721
0.0178977497003881
0.0186460975756243
0.0226809621815891
0.0196417266135483
0.0268078861800005
0.0229582186845638
0.0249300730927738
0.0188001318132787
0.0227303975686335
0.0231303784324102
0.0175725542687981
0.0198257381123286
0.0177144059164036
0.0253658474331093
0.0172228269481637
0.0251002567582629
0.0211537741145755
0.0204013219815562
0.0222166235165124
0.0203977929112851
0.0192826418221294
0.0175135161414305
0.0207507461540373
0.0184214523348516
0.0302422461791222
0.0179975772671353
0.0210212251514982
0.021897152987012
0.0217175415278812
0.0175496626410765
0.0265552653125856
0.0207720397282039
0.016671025150638
0.0239605763106694
0.024640497430647
0.0214424736928521
0.0210516107817724
0.0190969104635311
0.0164793652569034
0.0171343855023763
0.0187341503802685
0.0153066898252101
0.0191428414698961
0.0196303916123224
0.021618718853477
0.0284314363360172
0.0273652039221579
0.0169934757973985
0.0194810375371275
0.0234533550988124
0.0203826363237608
0.0209739195724964
0.0221857019799227
0.0202658708496271
0.0208171301956104
0.020287356168537
0.0171323205994723
0.0196158913057659
0.0183828369970624
0.0196186534716548
0.0223422049384614
0.0246364872541069
0.0213723500583812
0.0212261050383737
0.0236964601060957
0.0192941389402346
0.0223795912031884
0.0178299124557651
0.0225447287648564
0.0211814721733272
0.0185910651204735
0.0175662466494762
0.0259387574120092
0.0220946437359172
0.0192195852904211
0.0229413443856762
0.0193625725181581
0.0262500308088545
0.0189532842548543
0.0214107622118328
0.0219403845863396
0.0201743649064757
0.0164533344568633
0.0157298394435656
0.0179687338416298
0.0187758358387688
0.0217333520949532
0.0208589822077204
0.0225246710091331
0.0249064723412792
0.0190939440228847
0.0220431701642379
0.0191513736290662
0.0217850279434562
0.0234181301124351
0.0209926466552773
0.0199143094550258
0.0200826538934158
0.0274220461933228
0.0191315754940222
0.0191107528675583
0.0245531005820798
0.0175083243320136
0.0208873714214981
0.0186817997577018
0.021945768253801
0.0220348681292967
0.0215059466066118
0.0210290400641288
0.027673939208874
0.0222109041106181
0.0173309270282285
0.0158960306019841
0.0249834606420571
0.0205146942675002
0.0197019278111858
0.0201241529385016
0.0226884779383109
0.025814265335736
0.0176727605475291
0.0198814502776216
0.0209590083703266
0.0186036693947175
0.0215261056038656
0.0230489253707494
0.0165571492099814
0.0197329325058249
0.0187602280754527
0.0225962048324977
0.0201789367660917
0.0174238462137209
0.0214553480587714
0.0237422698958565
0.0226786863874727
0.0219927004972363
0.0176240607160039
0.0174525954286504
0.0240336368297156
0.0177703406932179
0.0220845338274529
0.0232818967038014
0.0221273361353183
0.0208641196770847
0.0210600662402604
0.0174019388024846
0.0222742489469911
0.0199185740150605
0.0187007084067834
0.0248730711056277
0.020212412703693
0.0224054913616993
0.0195287638250757
0.0197224514752684
0.0160659186546664
0.0223682431285079
0.0236767891142341
0.0246626941431553
0.0197836655161015
0.0171331414299813
0.0178040741218969
0.0250430112390305
0.0259151992647321
0.0187892703547346
0.0239145878765253
0.0207762906748021
0.0208483097952968
0.0230997050365525
0.0181629651267435
0.0199594171751926
0.0188271243227903
0.0187022912340065
0.0225413780207761
0.0259165245097375
0.0204855491841584
0.0203386396459119
0.0175236762998413
0.0245593648084479
0.0259962407052151
0.0193216458744169
0.0183089151360236
0.0200659333378108
0.0184828997331692
0.0266257778057435
0.0199453903356468
0.02210746305437
0.0219128685866558
0.0222541146808062
0.0212073273896208
0.0247303985837996
0.0177349792587789
0.0215898097068712
0.0176434593321167
0.0212271617398048
0.0283828308761185
0.01773619874394
0.0205463261492924
0.0151300588217841
0.0192715896626229
0.0203539298601915
0.0170510458831644
0.0208141406251855
0.0215182359814434
0.0206813104402608
0.015501908873736
0.023105729768346
0.0194889703016016
0.0213487872005268
0.0191561354416242
0.0162346028729953
0.0211871192174001
0.019778870771522
0.0236159942583667
0.0195599384433898
0.0209957028226793
0.0200757132203265
0.0184386003724644
0.0173907097198928
0.0250088008714547
0.021111099454242
0.0226305035620063
0.0218375098039535
0.0180612694635402
0.0187097273066753
0.0214067931774281
0.0203311197774634
0.0205647263212844
0.0228796868435767
0.0222324654345773
0.0199403064937953
0.0210000790722922
0.0218311733836815
0.0157357629704365
0.0219022622092072
0.0209117372390398
0.0267919706463868
0.0188293689515521
0.0230915810514266
0.0183476954972494
0.0212447720060771
0.021545329770472
0.0216081811950779
0.0188374637260583
0.0205308263350008
0.0156573593035377
0.0187625141089949
0.0195368119695499
0.0201011814712229
0.0185297356858593
0.0204352889331137
0.0163058751121811
0.0227720581617917
0.0185514239214486
0.022613594263989
0.0158404066751655
0.0226305790528738
0.0178156521721155
0.0219287325361185
0.0229863580668433
0.0182693202950615
0.0206043597871366
0.0193379471994872
0.0194648388226524
0.0168480535289895
0.0195470603974241
0.019501801012247
0.0159757383167306
0.0220623466406152
0.0182614660999976
0.0203249425695935
0.0197850380270763
0.0132972518684549
0.0159156181202435
0.0189012519400153
0.0219445463618541
0.0235560088989484
0.0207704875672706
0.0244758484350873
0.0208702483730286
0.019195032053019
0.0204936117382211
0.0183216133420843
0.016549995537984
0.0200127042292803
0.0224264359382232
0.0230766425641045
0.0197851849419349
0.0222187191550016
0.0196834439127416
0.0214910374645096
0.0185652934480737
0.0202190969108798
0.0161757842996315
0.0217488899702432
0.0200487208800604
0.0218555756155123
0.016534623254457
0.0194365195441245
0.0235422465235932
0.0193180523698966
0.0250118771256696
0.0230152333540892
0.0212185751796849
0.0202668289614144
0.0167262477838614
0.0184280024006213
0.0216772941639177
0.0196980596678651
0.0269448252057184
0.0229318398382304
0.0209040896332989
0.0215537948235462
0.0247053102188968
0.0190576490220949
0.0224436838636511
0.0211932340797014
0.0211472150342625
0.0233025227234937
0.0195200075704887
0.0200373827831714
0.0232142257597527
0.0211980311100563
0.0218492967758165
0.0222081503011476
0.0183179001667369
0.0233925320854888
0.0186780903741872
0.0199005090813794
0.0207810111276006
0.0235888039595787
0.0180888998468832
0.0189622768050875
0.0236640611319355
0.0209985025221436
0.0192029233488366
0.0200642178055512
0.0162508230649258
0.0205157543361376
0.0219816854860776
0.0198537392167388
0.0170963454826648
0.0201938771929362
0.0191892084332995
0.0165347157971089
0.0199919042975294
0.0199384846471285
0.0176770379586014
0.0213101849036173
0.021667552248046
0.0252070798253849
0.0209253080584804
0.0202388727265134
0.020005098338841
0.0243239415845434
0.0217477508724034
0.0203794294286515
0.0159647245419334
0.021898721568637
0.0194852740819769
0.0188030919658031
0.0186101548259248
0.0181929645470516
0.0167232507052574
0.0194763972615152
0.0214207347078187
0.0240809960569375
0.0194919764285416
0.0188109953193464
0.0199784900992191
0.0215796199867392
0.0211178305555234
0.0189515075480499
0.0223428494068408
0.0214727982532603
0.0195459879306416
0.0259412386389705
0.0218520920391846
0.0166284998821425
0.0209873171194334
0.0224218285851957
0.0229451434226738
0.0172631670027142
0.0219563437612343
0.0185718632316685
0.0205388439598017
0.0154160808642663
0.0226529083813288
0.0233443369155624
0.0213052867065397
0.0281302677753669
0.0179832735518124
0.0179620746748352
0.0183755624894807
0.0202509344878413
0.0221315005483618
0.0219071261498857
0.0198945514298734
0.0170950318988346
0.0196015167934728
0.0215017324089301
0.0197037419131667
0.0183205248713743
0.0182384144447164
0.0200445497123681
0.0204032178071724
0.021632925539067
0.0184171391537549
0.0257220854723223
0.0181092315121133
0.0207943908510426
0.0167344052894855
0.0278016989876332
0.0185349842425645
0.0242093787395651
0.0226188701045864
0.0215531464804528
0.0196519974864059
0.0191509387416484
0.0199456233474545
0.0226982623110751
0.0190347427772515
0.0180339741809578
0.0199424371917132
0.0182854022786023
0.0179990540716526
0.0181333315746253
0.0219592629529914
0.0216650567033086
0.0184441227041575
0.0184971365147248
0.016871010965206
0.0187226548191417
0.020744056269757
0.0241407545959343
0.019315494498645
0.0217551678701201
0.0185317297064973
0.0196375882280625
0.0189950537180583
0.0250539445796913
0.014835875393431
0.0219199163383662
0.0240331877488301
0.0263007730391151
0.0203514581675854
0.0176908507977832
0.0190818490600241
0.028682615237903
0.0185163010419478
0.0209258163063834
0.0210481887865734
0.020832858366704
0.0180932458624911
0.0169293938784075
0.0211050752439471
0.0168548759933685
0.0228815766955365
0.0195125577979871
0.0204212933608961
0.0207331102204332
0.0196993812449609
0.0172979058218391
0.0210667082670475
0.0193270900188903
0.024964619936144
0.0215373326537493
0.0182964392875712
0.0209080555423452
0.0210572865138891
0.0265262414566612
0.0163769845520766
0.0180106714006102
0.0235464146781129
0.0248960441992836
0.021408632500114
0.0143665342071246
0.0219870642509795
0.0221468231506175
0.0200454725283166
0.020114301864091
0.0192806482152099
0.0219393389896697
0.0182036623943452
0.0179253228959114
0.0173980104580512
0.0185198869486245
0.0205383073143455
0.0195084796447234
0.020946497464169
0.0201560995617185
0.0228679080427474
0.0218626164202812
0.0210199772950222
0.0192492333040402
0.0208209239063182
0.0190232572693336
0.0213947815274574
0.0211920700955593
0.0183991535725203
0.0195992776469684
0.0185243960684526
0.0211654085446861
0.019035300119412
0.0224154525114939
0.019280041661888
0.0186562520478642
0.0216343059529825
0.0215580947218128
0.0193396611784866
0.0181333641350173
0.0191335472879663
0.0183128492281309
0.0206667557649799
0.0211032435809914
0.0205836199691825
0.0240601663556682
0.0178468084318445
0.021782889230651
0.0203583208983697
0.0182291766200952
0.0195063831706829
0.0219847170841424
0.027641313218961
0.021472566136147
0.021639237953969
0.0194397114059986
0.0172532669757748
0.0230310892583557
0.0235250535652422
0.0220054335205393
0.0177524119973153
0.0222034105515114
0.0209637334106517
0.020881287382538
0.027213249794659
0.0213509585043077
0.0229296265546422
0.0212021999546588
0.0195002997300694
0.0185400159773136
0.0221756952382807
0.019317002920624
0.0179183657814932
0.0137296934357486
0.0218394271795461
0.0152934629413757
0.0204080928153649
0.024495323173914
0.0238780974643346
0.0206934231089404
0.0194783571537099
0.020712865777465
0.0204803180426966
0.0244914437130883
0.0206437570486783
0.0184878153881687
0.0214706538767281
0.0257764402847335
0.0238845142357599
0.0173287474858204
0.0284253831419467
0.0215638699033734
0.0234834819133497
0.0177816702772367
0.019376240580614
0.0192043517312315
0.0189409754559197
0.0203774177924034
0.0161482039380389
0.0253646528545603
0.0201057743917938
0.0242627356495657
0.0270319623537373
0.0179725942119994
0.0213422169242734
0.0208205754745202
0.0215395975111414
0.0173540768156539
0.0210275454071578
0.0230671708633783
0.0177825223230883
0.0168772001333409
0.0199675096604269
0.0270799889567141
0.0228092539841178
0.0219823033416598
0.0217064562733284
0.0247706588395448
0.0191182416244848
0.0213922027897816
0.0219651165325816
0.0169494008045908
0.028361705926647
0.0226475320782185
0.0211135970035223
0.0199442537873245
0.0167039770162795
0.0234810238941615
0.0219226936018826
0.0179748007565462
0.0201397081174904
0.0156524328409231
0.0197861285049357
0.0187826845619909
0.0241432537938323
0.0186322341960098
0.0231551336009186
0.0209385748425815
0.020534578117666
0.0198043030743608
0.0192730706405563
0.0261250186904682
0.0267226565768159
0.0200988805806154
0.0219523796917
0.0200441588121732
0.0217963639870055
0.0232950969470251
0.0211583500980556
0.0195626862298617
0.0203237059385793
0.0187963206030455
0.0175426018883907
0.0214479905721945
0.0215881806314696
0.0212949699032794
0.0217350255726789
0.0193388682833484
0.0195154958630423
0.0225130749707517
0.0199063949821998
0.0263635950335065
0.0209555963620355
0.0232530345988252
0.0204941331446456
0.0218919722306953
0.0210441382215629
0.0232563283119242
0.0168364315958192
0.0207550126799158
0.0215048148926898
0.0184133145029156
0.019814885402566
0.0203297908711098
0.0239658591492211
0.0188108071690499
0.0234367537296332
0.0170794269747942
0.0200463330449961
0.0230295673600139
0.0215037278797111
0.0248888418361274
0.0240107093907222
0.0231015158668373
0.0190172416658621
0.0183079250131097
0.0259500304635906
0.0210129804129935
0.0210028461285453
0.0288940994034398
0.0210868606063705
0.0213564068492398
0.0192660162375247
0.0229480073561455
0.018878323119878
0.020507481084776
0.0260336686156913
0.018821059153889
0.0159841846256771
0.0201466666509129
0.0230092583631932
0.0240410806645879
0.0231687305929105
0.0238244347038157
0.0247544219622934
0.022241611286208
0.016185822167634
0.0198039258477536
0.0255521160596004
0.0193057794514051
0.0177754162031071
0.0226046694634024
0.0192848702767084
0.0192979245997241
0.022412889890315
0.0182776953350042
0.0219755052471752
0.0204652899936394
0.0216320571146045
0.0192060418400863
0.0184446421458564
0.020232617542343
0.0189177805147023
0.0193249880864447
0.0229347877536666
0.0187211950583198
0.0215109073852978
0.0184434931794694
0.0225686499001404
0.021525176125733
0.020838757628918
0.0153668037405758
0.0236461616063931
0.0217272582603498
0.0173181526826215
0.0216671576873795
0.0228375051186178
0.0200145570628735
0.0198046570507403
0.021074122784263
0.0246363055406751
0.0257208719460259
0.0275262767604517
0.0217806986263552
0.0225529304760343
0.0224989300175756
0.0196100795972718
0.0236520717686641
0.0198683681229723
0.0245335425442831
0.0183051808312171
0.0211492194901244
0.0191778433586089
0.0206012793320441
0.0218376500742889
0.0281125843344133
0.0231695231369475
0.020130218738211
0.020086729048962
0.0188271675758646
0.0228141262961525
0.023132513155775
0.0234035372806614
0.0176952321491523
0.0276028157624425
0.0180204874319883
0.0171769228584776
0.0263322628673661
0.0311881138408248
0.0187856886045852
0.0199879868930749
0.0208613568361402
0.0212548519552221
0.0258429506034083
0.019840857331119
0.0207034822357596
0.0206257862267733
0.0264767001193808
0.020732039757829
0.0200428714668083
0.0225341757071629
0.0229600955960446
0.0198136959099777
0.0214400675470523
0.0179994966783991
0.0210254604250508
0.0284872595823747
0.0233401060347121
0.0199392911788667
0.0218196697490968
0.0196150174909131
0.0185111293520641
0.0188021365269124
0.021553125289633
0.0206327895298286
0.0238974466557844
0.0265542151622582
0.0193392633565634
0.019880145465785
0.0212596755621179
0.0164925059973081
0.0244323854873237
0.0256365333057194
0.0190070622366113
0.0219310106610674
0.0184066505631627
0.0216697945766317
0.0188805329244595
0.0243011319870803
0.0209976956051962
0.0179811080500939
0.0156498785810575
0.0242333438131285
0.0216077323444094
0.0180559352810847
0.0213769625240534
0.0206941475043077
0.0237000079337551
0.0197176207603709
0.0191353046954839
0.021302103916582
0.0258908767946145
0.0262912834100173
0.0219207675480301
0.0226633050183118
0.0196990197524561
0.016682465953225
0.0219225672862066
0.0219379236660573
0.0183000624708461
0.016961662058087
0.0168803065067871
0.0196642486282328
0.019014774155826
0.0190195744174521
0.0174354126339198
0.0184535980998637
0.021311311539595
0.0212535996953325
0.018844514509537
0.024188576301511
0.0204988442035497
0.0231006557058738
0.0277274583109862
0.0209307335038056
0.0240195751549105
0.0155226478899728
0.0186709900451634
0.0238473004105005
0.0161368696578575
0.0194413176614138
0.0172350024580742
0.0211707988661926
0.0201010409054726
0.0284640407135031
0.0214872517977156
0.0192554777459094
0.0208262011699776
0.0245661787827487
0.0232286545763244
0.0203349629544834
0.0176981515714229
0.0242762801964869
0.021476502248583
0.025715811336157
0.0296310995082565
0.0204371787276766
0.0213839981192919
0.0257049455934618
0.0166224974112288
0.0215531117429155
0.0215748015718419
0.0196010012973211
0.0222859080302367
0.0251769393113786
0.0180235342679981
0.0245455038276492
0.0192090079452002
0.0235919281198376
0.0193716038301265
0.0201203945520354
0.0175628939744805
0.0191499815311674
0.0197232477056917
0.0250070997971282
0.0194541553843634
0.0194068683735001
0.0222053761654009
0.0269656815159941
0.01798785201291
0.017221843265668
0.0241136223542198
0.0220635346330691
0.019031157361784
0.0214387529559541
0.0262597408438544
0.021105957809667
0.0165944707021436
0.0163127281162935
0.0227815299450042
0.019799278432616
0.0190296704683262
0.0187129957943385
0.0316414724589239
0.0260080367058227
0.0181347244367104
0.0184324673456225
0.0201868466527606
0.0207451956481489
0.0231356691110235
0.0207836063915808
0.0205655023951082
0.0205030696898809
0.024250107080348
0.0221184145073862
0.0216048511785696
0.0182577808582735
0.0222789477750093
0.0202814384079049
0.0267854975768776
0.0171136426819301
0.0176720955499003
0.022438646945834
0.0242334455603672
0.0245278710738295
0.022898639681823
0.0281817498776098
0.0210665141897036
0.0223265947614716
0.0197679458439908
0.0203068356802755
0.0162746957050106
0.0195096247462179
0.0205518470256447
0.0221303723393194
0.0203952727556649
0.0197949123449073
0.0199361750101577
0.0192415365155557
0.0171499720152165
0.0165658273589852
0.0275827765584493
0.0260892260716886
0.0201843634852165
0.0233451805248683
0.0242210963013616
0.0202983802674662
0.0194453828823373
0.0245031145277449
0.0251381890229168
0.0233903251915775
0.023115657263374
0.0207552428253838
0.0232599026623225
0.0219430521003425
0.0201903774104851
0.022138029139119
0.0217664737760452
0.0216348748926276
0.0167190669357323
0.020918481780826
0.0185366606351373
0.0209367600836609
0.019410327318457
0.0214869649004297
0.0209784764679144
0.0201574435470007
0.019705759760771
0.0197883245419079
0.0178127963545987
0.0245014778655684
0.0214974411366849
0.0255705280996254
0.0170603225795389
0.0222040255941926
0.0203026819609748
0.0202814142475835
0.0255611313782903
0.0176186272600629
0.0165465719760436
0.0156974602204442
0.0238120375379387
0.0201312964387818
0.0210566679886828
0.0206690481004423
0.0185179425041133
0.0210429038242351
0.017815051949944
0.025426552098207
0.0226098420191921
0.0227062234189293
0.0180429298329738
0.0169921544926361
0.0207902492613764
0.0223347851455674
0.0227638886249538
0.02618126794673
0.0223098962955059
0.0220825952230222
0.0234475583553971
0.0195427783089908
0.0169087340237114
0.0221901975229979
0.0224496824272259
0.0243315913301673
0.0202050917138194
0.0178689001130323
0.0204129577966929
0.0175939181594614
0.0199389066601135
0.0226111696055896
0.0224116140266193
0.0208532517398652
0.0207600669516023
0.02489491046825
0.0236266484937095
0.0188978383783744
0.0217916826738221
0.0174225350116015
0.0197775443423665
0.0180497766727471
0.0221206389668372
0.0213029723398307
0.0208128101909677
0.0213953753777521
0.0211407107087389
0.0187205001689102
0.026272682146581
0.0186409913195646
0.0234504694998583
0.0204688494227825
0.0242795230820992
0.0220276085648776
0.0242260719080874
0.021260058102721
0.0167848342493037
0.0239498563747965
0.0204893987633149
0.0207536197732808
0.0190047949062017
0.0207966748874301
0.0246794837969305
0.0191900497672502
0.0192698001351782
0.0289512024159283
0.0246153675297754
0.0222818507994906
0.0168214290452748
0.0195090278648276
0.0198819261618795
0.020789100702742
0.0215321851750767
0.0199341231816389
0.0287279530313307
0.0228648173749736
0.0174507624875131
0.016096784689977
0.0204532441970454
0.0201730503557067
0.0183316299140126
0.024187696371059
0.021237790799106
0.015735114455045
0.0188944437296875
0.0210127569252342
0.0168208461302091
0.0189028610055982
0.02096674972747
0.01876402670039
0.0186422664670339
0.0187605301391129
0.0238177026752057
0.0162789942402802
0.0233334926368869
0.0179786227542002
0.0226039674625737
0.0194222913535515
0.0203095089133597
0.0213665213783561
0.0228580719194137
0.0219054981820494
0.0219128564117386
0.0165817150742031
0.0211622224303593
0.0173565675475584
0.0199553687690886
0.0191366040843234
0.0196319927824114
0.0200146204589961
0.0191353296346016
0.0205391289535923
0.0269206942790607
0.022320493865113
0.0216491637181607
0.0221513952048907
0.0241973424084105
0.0249388311517973
