0.0712040414408999
0.0615579480611342
0.0587966460838882
0.0600732224578791
0.0737393307368849
0.0623719047682279
0.0604368048165596
0.0570275280209091
0.0862615651643993
0.063761806926277
0.066460554168037
0.0762067194328026
0.0607367265803704
0.0620935624684629
0.051580163477826
0.0446940227705668
0.0721660963459427
0.0529624020253277
0.0522395711409911
0.0593308153700066
0.0420031733551681
0.0577125180726432
0.0519918570436782
0.0636775701769311
0.069296741482968
0.0600908975046057
0.064032267420753
0.06224640139023
0.060469465575671
0.0907573057246569
0.0719006501787043
0.0497925830778591
0.0620748156223778
0.0584376753727616
0.0456999948370195
0.0492008015782199
0.0451284498234723
0.0530402222152612
0.0526023946326369
0.0707487084208496
0.0649063730779039
0.0521816564067521
0.0534764399450378
0.0634024339322813
0.0574879250511794
0.0455970279971091
0.0696034139260409
0.0505172346501845
0.0484801712766944
0.0564026918540306
0.0708635520401911
0.0619695789738594
0.053837935967748
0.0654952234486118
0.0609553479130477
0.047372617248103
0.0558658269626724
0.0549972981885233
0.0440711919873482
0.0570129628564989
0.0646364085779993
0.0630709032323686
0.0434669817560112
0.071414520920291
0.0648916899329875
0.0492544227744534
0.0580314435800465
0.0628155633580807
0.0674049950836663
0.064727952053124
0.0634109410274766
0.0629624873831607
0.0590812583365017
0.0479495458199939
0.0575595283876907
0.0736192461239926
0.0645704208282566
0.086421421130651
0.0513957395631236
0.0562329194818361
0.0650160760301986
0.0586905964464012
0.0436174448662582
0.0473240158370049
0.0735345799272481
0.0580429759676716
0.057976817872004
0.0527416507190022
0.0635288824068735
0.05094212097587
0.0829199944476863
0.0744601804237668
0.0387824745087871
0.0840730172823072
0.0629988143863032
0.0461635195940019
0.0779198359643799
0.0535781861998951
0.0469474728743531
0.0570651958251878
0.0547969373472987
0.0513880862728297
0.0545626828306041
0.0663263216493111
0.0463807373187291
0.0441694920997626
0.0631898286204521
0.0657399408173417
0.065286602591919
0.0703951794357379
0.0593442982981771
0.0452030035642861
0.0762523103055452
0.067678751986323
0.0471598192683867
0.0593617915001833
0.0431735012049044
0.0482165054774772
0.0492927019594176
0.0415176759258997
0.0571596014310364
0.0603094879904138
0.0600982026964132
0.0742785333415996
0.0740533871770546
0.0528613850457589
0.0592236202373945
0.0521240771658363
0.0554856348539361
0.072985918210652
0.043974154844476
0.0431494043145904
0.0567128528838094
0.0464394401895146
0.0520518653412284
0.0664536103648133
0.0420677157174831
0.0567787193977613
0.0467539373993366
0.0618594835668897
0.0650909933147199
0.0729983466319123
0.0626685545511187
0.0546015419558458
0.0747684799935298
0.0371131240717659
0.0658933169874795
0.0769107499389202
0.0585414066352212
0.0625204918783323
0.0684280439787014
0.055466623432404
0.0419801146085014
0.0791136374835672
0.0626049355347206
0.0608364968006269
0.056676705337769
0.0485984404758851
0.0749795079448335
0.0572443132556251
0.0618456425767135
0.0438875560084643
0.0680228959485419
0.0426987611264516
0.0732906152955691
0.0802879640011055
0.0556651455441336
0.0732273281657276
0.0750993977604972
0.0394814134486014
0.0499137413504938
0.0540489936519324
0.0541650152941589
0.0773881231311075
0.0598864563367614
0.0675588784513425
0.0433930386877886
0.0557506789797376
0.0662645939126367
0.0670647501295622
0.0599845587521736
0.0671675072455463
0.0642661508053668
0.0623463648664823
0.0567349503374487
0.0517609720486471
0.0575366887817087
0.0696010473368217
0.0560583225080864
0.0653059297778596
0.0748156591140705
0.0626634475180634
0.0661981491250548
0.0574810488801703
0.0397562839151438
0.052774108435058
0.0640165557342044
0.0626782898048135
0.0539451785014694
0.0568480150323892
0.0588011404729764
0.0548887788816127
0.0532821516485265
0.069860004537559
0.0576086322415401
0.0739548993092002
0.0497693912495858
0.0587757489506642
0.0546764755871606
0.0466201778004591
0.0475971427068485
0.0691173937431203
0.0545184764001446
0.0648404638254684
0.0522327250905616
0.061156059437278
0.0416072837220198
0.0761254305650966
0.0581965431003657
0.0651304803430053
0.0473435691354817
0.0468881726162787
0.057285029446878
0.0482916496625016
0.0626515683711499
0.0537061286698161
0.0508552736639384
0.0645767446198442
0.0654750445511914
0.0569399156224249
0.0480003793948405
0.0725106347748341
0.0675683515730051
0.0539280407240916
0.0514946690055138
0.0703951864787251
0.0551723557951047
0.0524232975994638
0.0427083205647425
0.0714937260945227
0.0663398727383871
0.0665353538359623
0.0550028993833632
0.0533553502827404
0.069336346572674
0.0544483498757834
0.0433009857867502
0.0815681842556594
0.069816879871206
0.0654015311123148
0.0879307980555629
0.0574916212577144
0.0670836866479017
0.0534741175118296
0.0505664017606365
0.0764737739622463
0.0551737634008436
0.0826041412953414
0.0488284076364735
0.074522136358267
0.0531695433253748
0.0505349794540789
0.0473902694948004
0.062817065432302
0.0383632165059377
0.0587022026279123
0.0495961223188427
0.0589991639627868
0.0533782597484547
0.0569748345796384
0.0605160734416491
0.0424063169855273
0.0489633833571388
0.0491101797124405
0.0575167753435596
0.0568593233685806
0.0587965300257358
0.0680242550964447
0.0515981535249688
0.0629615773322011
0.0382409615609443
0.0467490743253424
0.0702426363325202
0.0649859746989116
0.0455636679832576
0.091417587656471
0.0645562728536126
0.0710003485807571
0.0587412998628597
0.0616695793334075
0.0493734166583435
0.0459949896931993
0.0645448952572512
0.0613132229094505
0.0585631042447671
0.0823039172823724
0.0596467471512109
0.0538289304047738
0.0673167862530065
0.0687405868044968
0.0571358494580385
0.047698852000737
0.0515901774604984
0.0440345407936889
0.0661346679583361
0.0523054292443166
0.0599136776384993
0.0494945029944713
0.048093061298862
0.0456619114888333
0.0662126189984892
0.0602217974538461
0.0499095114189488
0.0590107838381587
0.0543063498392676
0.0571066508732338
0.0783944409390518
0.0534421508172183
0.0638201600082326
0.0656985877806259
0.0436359917915264
0.051822928970475
0.0515842021269271
0.0629826386878502
0.0716877094181305
0.0709643977496242
0.0582133219308015
0.0520993976870184
0.0486940834591812
0.0544627102981556
0.0811025893177971
0.0542701261503974
0.0685240718277502
0.0581308965330971
0.0747327196565725
0.0837004573599874
0.0433840675047889
0.0648603590669871
0.0437571605666176
0.0417581489943232
0.0591300420129284
0.0976702197639698
0.0559865944335159
0.0532617760829291
0.0505557758199725
0.0539125510997403
0.052185179863069
0.0610625187934876
0.059303997824044
0.0608334920159049
0.0570321916878551
0.067115153908227
0.0704109729423493
0.057613921692082
0.0523695011850632
0.0661058280447908
0.0356303208485811
0.0490012659622051
0.0556774571924261
0.0753530641885238
0.055451498376995
0.0560704856752985
0.0596885705336895
0.0803722050452713
0.0654108007325568
0.0562411013985622
0.0790907036447759
0.0624393339571688
0.0704995000635119
0.066980638348269
0.0539347810317414
0.0667648643866761
0.0579528074548454
0.0551328053136474
0.0533228007662849
0.0655326703554926
0.0644618356099393
0.0564630463973409
0.0548220102850957
0.0654774322302732
0.054046708502075
0.0649346156095786
0.0507299843257805
0.0810034569048083
0.0601517965239903
0.0713655340256038
0.0496739105017206
0.0544584971583972
0.0671515815043851
0.0610421387458246
0.0495412384484627
0.0690851635803765
0.0655453802761185
0.057807062390437
0.0875540763309616
0.0706201951963334
0.049987520578626
0.0536871912018281
0.0551802789395966
0.0632345813004581
0.0651904118230016
0.0444023032894778
0.065486234122569
0.0862086696907763
0.0584294313227601
0.0432594451479262
0.0703246763443542
0.0709727526972396
0.0566782261032922
0.0635919439820819
0.0507821362672346
0.0635035739596289
0.0480899460917555
0.0805242828065789
0.0858136009060769
0.0552751116836124
0.0542436447986266
0.0720861335744787
0.0538349401484611
0.0807081256399586
0.0675504182682865
0.0467384547211251
0.0547454777004412
0.0785114300385779
0.0442933258106931
0.0701287019230671
0.0716171073133633
0.0755769621482251
0.0574918806091039
0.0419088441904603
0.0740110421220077
0.0580773851998588
0.056882874508545
0.0587010664922169
0.0358691530414031
0.069723696278142
0.0598233718779748
0.0729359821544912
0.0578569458092546
0.0392898657242017
0.0743398452663638
0.0731453348646531
0.0476587484476349
0.0508173257349896
0.0520440231207421
0.054560063390628
0.0644559189567486
0.0617022675234965
0.0548728448048345
0.0808370590673212
0.0411455726380808
0.051558501780025
0.0686022525988351
0.072360681361758
0.0677558703084103
0.0698482696276504
0.0478146254646102
0.0442898443953279
0.0624134574586704
0.0501371847533027
0.0664903191441261
0.0659177101723894
0.0614700393507444
0.0761494992704903
0.0548460689357202
0.0697830334739387
0.0590145295386012
0.0522000514932271
0.058856530706939
0.0560792078978928
0.054728832952777
0.0548857173501196
0.0479883209869231
0.0569841823679676
0.0568319805248808
0.0608604328324427
0.0501914776520181
0.0586533955003395
0.0540822118871492
0.0503386598370912
0.0396673551148595
0.0645578867940759
0.0476797540116582
0.0612016511752999
0.0513738198220949
0.0593209705111468
0.0520172307778824
0.0580859259890981
0.0468157417881988
0.0537471414666637
0.0734986757139123
0.0585579103024497
0.0564342435798261
0.0462190385082965
0.0857293796182807
0.0724099701290013
0.0523287899394419
0.0575090118168754
0.0639254525142166
0.0504986537599217
0.0560865026821129
0.0730787978530931
0.0739338351298251
0.0700963067983631
0.0556882602903097
0.0503173873819274
0.0641292604799703
0.0482803028787753
0.0652831283220635
0.0538527927805334
0.0657318544722152
0.0513319128281144
0.0687772199541575
0.0448293876092488
0.0530354139755582
0.0976274299249633
0.0414548491794978
0.0613693099186221
0.0418016934856324
0.0549429848524624
0.0661722269891225
0.0384876821725774
0.0555276742587053
0.0649635759361561
0.0495958944562082
0.0722925171054994
0.0421880600020702
0.0502404964824855
0.0647541650044724
0.0550587463553617
0.0451150688457302
0.0485536093374595
0.058013622781329
0.0557807101798473
0.0723874836178006
0.0546304458069036
0.0877515873488292
0.046284021929203
0.0725799376139066
0.0803261120602319
0.0812182767068238
0.0612982296332903
0.0800787462920165
0.0604753468686292
0.0473514097143165
0.0470582127790441
0.0507662247161636
0.0899521359200109
0.0591877695818039
0.0548296979288488
0.0595544019586123
0.0508241195608009
0.0571374590410594
0.0636289161844767
0.0646192575034217
0.0613889314359907
0.0563626857687306
0.0525688724629148
0.0563892678637247
0.0483208085117525
0.0608694604736924
0.0524156087038123
0.0509641801064555
0.0382557399833775
0.0506225628772911
0.0606152542940573
0.0570384278717373
0.0496892535385895
0.0728436150780424
0.0629722993839004
0.0655690978948629
0.0608037656005598
0.0621212789693228
0.0463407765475638
0.0630341227435288
0.0481122306923158
0.0473532122679945
0.0395967896121086
0.0601841140054554
0.0677503270033796
0.0646787941710379
0.0478984416343432
0.0598243721625557
0.0380348129294326
0.0455294627844994
0.0418532877216401
0.0508899469147582
0.0556177102361456
0.0591843126444311
0.0561558376407627
0.0535310556469306
0.0521558412300886
0.0637658384421571
0.0606345388247002
0.0507037107925375
0.0482288109278934
0.0795874545904851
0.0795765695399248
0.0528822702421672
0.0470643176350251
0.0554003039322016
0.0621219715230028
0.040559011303839
0.0863672487401259
0.0660945898868203
0.0527592715611813
0.0515847985851171
0.0707254110907051
0.0659946878719034
0.0607969878957465
0.0638373645913907
0.0632151013860446
0.0582393881320348
0.0530725599596638
0.0575138936104621
0.0662536843888385
0.0543952961894434
0.0888621888288799
0.0724567962345302
0.0584642737016029
0.0531267524298574
0.0718437747961182
0.0529083296139284
0.0518233112174554
0.0603888264125791
0.0607720801364635
0.0741400002675762
0.0591557424930265
0.0604299896656631
0.0540719194707756
0.0504252098682818
0.0567498345398116
0.0701874567849157
0.0681208654413684
0.0623464284350054
0.0474211124805919
0.0674278590818116
0.0821953072848519
0.0584928726789923
0.0636502437508389
0.0895654385149711
0.0558927736283543
0.0538755661700833
0.0745834420859983
0.0487055918486781
0.0415430932198522
0.0619668369916996
0.0804398116517748
0.0653210292626873
0.0735183455559551
0.050737484175609
0.0506273265181671
0.0693170557537888
0.0658119429324529
0.0486011760663335
0.0680640795490266
0.0584657046603067
0.0532991720999116
0.0516677709744895
0.0716866414994938
0.067067536049749
0.0570341665074624
0.0555707698865037
0.0541459848826437
0.0664429377562819
0.0632028669283232
0.0503994669505049
0.0503068714874189
0.0681758659372978
0.0680066223986369
0.0733810936915101
0.0581711411358407
0.0704202018546906
0.0479549996898864
0.0674254297435969
0.0761086217475052
0.0639931117937856
0.0654547114133645
0.0426461148502744
0.0424603944146089
0.0557081251075039
0.074348908852604
0.0706123892065783
0.0527218644751668
0.0579803750248185
0.0540790227355544
0.0636497280870928
0.0658290168272212
0.0769981871444293
0.0617387652727873
0.0646940567062466
0.0530970244359939
0.048499731283643
0.0673639833919388
0.0622701530155677
0.0466088578838562
0.0604358084207337
0.0545857283822708
0.0699789343114951
0.062670879128465
0.0564514768812256
0.0474669117570935
0.0783998449878566
0.0395763133270326
0.0507972057021091
0.0692666114657732
0.058220307770424
0.046569871607458
0.0520258526358646
0.0830309176640193
0.0624850592866573
0.0549009051648908
0.0389888761360264
0.0547035264302986
0.057723296557883
0.0604406152907518
0.0500336219545912
0.0558922611572454
0.0536885622325813
0.065017302655786
0.0554538637629128
0.0604410532589681
0.0653270621366412
0.0681761980036115
0.0708355569012002
0.0507624163422261
0.0826993359299021
0.0576346372108456
0.0467501861893728
0.0805121384138651
0.0666455266853052
0.0600826252063566
0.0670486573664811
0.0589418742622469
0.0617404688314308
0.0447045030617518
0.0418986081002894
0.0561747047804117
0.0532431954211749
0.0641723673139503
0.0691284032505414
0.0531231937541614
0.0539241628824784
0.0527352236536675
0.0567987799051693
0.0463184087963752
0.0690502658704756
0.0629753498895554
0.0610347191998189
0.0852349252108359
0.0693578051236968
0.0424339867980341
0.0413784947460195
0.0614274419624447
0.0450198807290371
0.0544759240050532
0.0456970791922338
0.0777567299741244
0.0521504645034927
0.0589546817135273
0.0796045818114032
0.0821861920991705
0.0585986624722756
0.0689042135167281
0.0554017742831753
0.0550298671491613
0.0650753480305887
0.0926734666757277
0.0588930890817742
0.0588694151686132
0.0725516316769369
0.0719358907731185
0.0575031212258223
0.0548034131183928
0.0531284767443119
0.0531094770717144
0.0641444212828426
0.0569225379534927
0.0393307610818956
0.053963099464424
0.0679948034879494
0.0447414367759646
0.0706202151279004
0.0381166096914534
0.0478275990532508
0.0709409486283726
0.0494467253317293
0.0501711806674925
0.0444378558610986
0.0551062922889829
0.0587041595351298
0.0525203471343232
0.0617332345439268
0.0541404690687433
0.0395298769684586
0.071664617856563
0.0649589631754757
0.0685377655068941
0.0680789676933166
0.0444478017611688
0.0607984864204801
0.0673018823214323
0.0763226433142369
0.0580904281903077
0.0429148137542827
0.0686165089465895
0.0641389377675543
0.0772359523035898
0.0631175789481675
0.0650479260689182
0.0372343918197841
0.0502283670668126
0.0629547280133117
0.050789527250783
0.0636471202355667
0.0721149200016293
0.0769632216991102
0.0707082551893429
0.0541648443858344
0.0519751872444866
0.0512566134571134
0.0631126837829942
0.0449841677931337
0.053622348911865
0.0487104081290848
0.0713155897299146
0.0505700239057335
0.0495107549707876
0.0719157972003253
0.0520227189183746
0.0577547569197874
0.0595638292172577
0.0609743783781247
0.0643934174550825
0.0688932375429025
0.0755912631160268
0.0576349392301286
0.0600212724000461
0.0756551331457109
0.0600826121049557
0.0752144074874803
0.0663699660890275
0.0650695626547194
0.0535972060574269
0.0681656017597457
0.061680424764779
0.0780180850684155
0.0589100724713334
0.0685210707790381
0.0503126863355346
0.0577003767145303
0.0470437599919143
0.0428274609260422
0.0628062931999177
0.052331593794348
0.0535146404448305
0.0791885793435845
0.0748632158197675
0.0504950783316849
0.0540011105628162
0.0791872098449695
0.068237892171998
0.0613930708312181
0.0453747080289062
0.0629022999179925
0.0797743014697966
0.0568650811104334
0.0711644701247679
0.0773670814998134
0.0296669793109281
0.0614008316153539
0.0502625354360512
0.062765506260922
0.0570350958235898
0.053688914133738
0.060880137848417
0.0747054658123055
0.0600879337234958
0.0487639499774585
0.0760139116767322
0.0569577291562106
0.0717691946409507
0.0620542684779056
0.0476154352378495
0.0506537897959391
0.0713829547960965
0.0502172034949674
0.0605342222427293
0.0746821376838952
0.0431198467605083
0.0567029778524187
0.0590379274172112
0.0556630143581059
0.0501750505471305
0.0599931464191588
0.0505795927501928
0.0463433983634999
0.0447136156377892
0.0748360732025324
0.0652717088464486
0.0544992574708739
0.0763882883359392
0.0856692116478849
0.0729821272456144
0.0610801297136123
0.0896263708639821
0.0477450621501896
0.0604935411318492
0.0525839693638692
0.0476782138739419
0.0763110539736094
0.0652662259744784
0.0650630875340566
0.0709220550603677
0.0474722422983844
0.0514683327315762
0.041887806193443
0.0763012321467966
0.0569094116959205
0.0660883158037167
0.0652944445542522
0.052004674613525
0.0544221265086226
0.0484163866346864
0.0800458243603289
0.0573160290190607
0.0653929371354285
0.036928605696812
0.0554696788935735
0.0626080683308352
0.0686948787647571
0.0531531250812009
0.0737194031310966
0.0816628714534521
0.0471811003372049
0.0532051023967774
0.0781216226202326
0.0417888935217934
0.0676954374930064
0.0589058276343311
0.0751882843228192
0.0689979108846955
0.0573799211284096
0.0434098471227427
0.0649859622049942
0.066368580390505
0.0573492053143592
0.0398793702962062
0.074818053221971
0.0941526364087245
0.0608782457847936
0.0505182956246568
0.0548553233268964
0.0372424173044202
0.0587408428207099
0.0510856933764403
0.0665457445802363
0.0601840580100213
0.0666658720465608
0.0418387729075481
0.050248447506898
0.0565927077632325
0.0655411378023099
0.068074068961533
0.0440180900708313
0.0633991254616858
0.0474509223213685
0.0527158483388833
0.0558889120996254
0.0738083295307501
0.0489659083577007
0.0695269397341391
0.0507928982218275
0.0573618776768176
0.0650544854608075
0.0921055678596942
0.0618252590226286
0.0766409292005035
0.0425994199690958
0.0593695933415693
0.0583723094540366
0.0543141110861031
0.0487880648713129
0.0684616494883922
0.0553782130988698
0.072884602504117
0.0649038550746233
0.0683856689346029
0.0709819155538577
0.049941004541362
0.0400539594405871
0.0672408198627474
0.0311686030585242
0.0740115759180119
0.0520770304625335
0.0676488378492141
0.0835925673457001
0.0665559455433601
0.0584579948671127
0.066607861375543
0.0740033215697998
0.0795825752383078
0.0644810873145158
0.0803803118222958
0.0624266979990039
0.0595519889087493
0.0524400625963451
0.0647062964949566
0.0804634291608453
0.0676382640038642
0.067659319959131
0.0594480686518438
0.0606259639582988
0.0558872671307278
0.0363277411724531
0.0701503356439401
0.0446242134914615
0.0525498067920659
0.0638823033189342
0.0726128903415556
0.0517666668171166
0.0474125941562623
0.0563993465589344
0.0761792717262075
0.0522237295211699
0.0562343683946494
0.0503316975782534
0.0403010853916092
0.0689687165399032
0.0671644356678323
0.0482971489060491
0.0587724196055193
0.0678467810587729
0.0705054326682938
0.0385135076850141
0.08777580750894
0.0471043431811983
0.063422228731401
0.0746592158438776
0.0629072837505888
0.0643154336943333
0.0595408022537232
0.0649932243998106
0.0602340150759853
0.0389543418241695
0.0556034011354581
0.0519735278606198
0.0503146352922092
0.0532891079502526
0.0648606128384929
0.0532193884591141
0.0460051233694602
0.062133458652355
0.0611470680844303
0.0577284925624501
0.0777365918623007
0.0567613074400564
0.0714355597177198
0.0599861909824827
0.0506575890013907
0.0465640450997984
0.0474918230093319
0.0474019616423736
0.0613641816823075
0.0454358932820462
0.0871510485314533
0.0529373161890127
0.0484273586701405
0.0704796230811721
0.0583032052106537
0.0850062864124206
0.0522213161316678
0.0500972962514688
0.0585806684886383
0.0448981546599846
0.06740797092201
0.0627605338595959
0.0465434514286416
0.0541243169500329
0.057038369938819
0.055823713655738
0.0677338741444316
0.0741931753449425
0.0564105006192875
0.0846373027037698
0.0617583135581179
0.0530925229665482
0.0536655707112483
0.0555230409456302
0.0604822122209426
0.0688672975909004
0.0857541582565567
0.0595278926137842
0.0717867159590413
0.0580398395823052
0.0745780159598966
0.0449689700587431
0.09244560838063
0.0536989508155723
0.0526282417202305
0.0583327379760196
0.079529005249011
0.0724371660706148
0.06090672664191
0.0638625513794524
0.0872090508760427
0.0627361557854735
0.0670859465126864
0.0716008366073195
0.0556757656599929
0.0670576484336657
0.0500232564966786
0.0625471903094723
0.0683774894355829
0.0678292898021335
0.0475299797271399
0.074890020604024
0.0598117076762291
0.0557461958227721
0.0557511240413131
0.0557948462124007
0.0387375458427625
0.0732402704171543
0.0580431075265479
0.0594511674468002
0.065481037480365
0.0542635845706526
0.0593671695913608
0.0504244421759867
0.0682119879297548
0.0754811294717953
0.0567432000841964
0.0688574274933123
0.0536708237499331
0.0508217211311859
0.059261450115967
0.0443010309875286
0.0486252583037449
0.0760416142648743
0.0567993842319375
0.0616319741116493
0.0707288607545036
0.0592986446306025
0.0740035906601878
0.0683727325944155
0.0618630146212347
0.0497963103954304
0.0445154147425085
0.0523016929229393
0.0526777665410343
0.061172784893245
0.0748288087100189
0.0557934181708093
0.0521029058721043
0.0523529189889493
0.103533473397874
0.0552899638413041
0.0552969266083057
0.0829525413040921
0.0436742492213863
0.0381716113436666
0.0564847399830889
0.0505404259991337
0.0622385675038065
0.070676848315366
0.0777756797217606
0.0658340916956403
0.0567932293791782
0.0776324806477106
0.0626703102855928
0.0654040290583314
0.0464969875534297
0.057602788600807
0.0465379512772208
0.0639257661372184
0.0780521119741803
0.0451252066631964
0.0615224905178007
0.0751978375477158
0.0380645863232728
0.0615858641946022
0.0496929677904398
0.048528454644301
0.0633608019105015
0.0661022839192636
0.0442980440645692
0.0547016649412917
0.0537013542195148
0.0628490528577335
0.0587856910765391
0.0598675945476752
0.0732809973161149
0.0577170174535793
0.0689146585604188
0.049346765557269
0.0416732319928165
0.0611171143753535
0.055698637430364
0.0400746279949808
0.0578087607209197
0.0447992112370638
0.067736265101139
0.0539690113738316
0.0605673935079229
0.053630522619372
0.0477302723429364
0.0643296189209212
0.059076094646924
0.0590878451173651
0.0646618581808064
0.0511047483456908
0.0318555305930471
0.0671152014975142
0.0500899426812287
0.0593873093833461
0.0693145168887785
0.0462165321092594
0.0660948766948374
0.067565153206667
0.0673234095565723
0.0814364226993077
0.0749930609670414
0.0509105811066797
0.0808800278685873
0.0537441180453317
0.0666607600584785
0.0523600432530759
0.0556099316757356
0.0860050204192035
0.0470052842262716
0.06420275065947
0.0629245258542368
0.0642241138470571
0.0610151549612769
0.0862961811876442
0.0655257285047376
0.0567710551904731
0.0667477901700631
0.061579050285827
0.0674027309977863
0.0500121720000397
0.074692272353807
0.0559215223192778
0.0528670721685313
0.0513322970869985
0.0613124568228912
0.0767814997543423
0.0378038946188027
0.037408709959226
0.0884393573775728
0.0619019054552905
0.0601123248848421
0.0690145770936558
0.0448361998851689
0.0633753112491782
0.0514822638279971
0.0584191962382445
0.0630589488919681
0.0593114959179799
0.0573417029567107
0.0437062895627559
0.0548343020414955
0.0711152776169357
0.0668545446339082
0.0613590836304256
0.0948051491416411
0.0524356674354776
0.0725375691203167
0.0540113625933703
0.0448206873353308
0.0686217323312489
0.0542527540626275
0.0578426386041937
0.0631795912672259
0.0707395664238857
0.061636256469017
0.044677145371864
0.0562142998671586
0.058395698044413
0.0699449823611252
0.0366963064006128
0.0629842943037836
0.0516501418827525
0.0551535047466615
0.0648918933079895
0.0568576265264142
0.0504646272284628
0.0768249018698915
0.0741554526643048
0.0831344011466093
0.0639930127458667
0.0633548683373503
0.0663641388633353
0.0681575114412694
0.0660818568890189
0.0731810483732281
0.0523651059652066
0.0629203761457029
0.0526444883420482
0.0628127907562764
0.0627903526752116
0.0476965974334956
0.0609562071363833
0.0568614504043563
0.0639716710167274
0.0580483386819542
0.0607289936728134
0.065112778101463
0.0677169278060572
0.0495214753242802
0.0596052464577432
0.0568096497444399
0.0527641492935178
0.0511356451731278
0.0873794966873874
0.0535116880438926
0.0591339811786718
0.0520008573405522
0.0745913699977576
0.0644368789775658
0.0778383407011821
0.0618279008504637
0.0606207818133375
0.0676942069036708
0.0458624838730419
0.0767157801868518
0.0587713101317882
0.0646877722294197
0.078817768143468
0.080181113970888
0.0603756227491639
0.0588405993172797
0.0544730770809067
0.0536078498064105
0.0601377248971555
0.0674956897023986
0.0612051771321494
0.0840042384833375
0.0470414158950929
0.0645564380615953
0.0495876252045226
0.0653106799939198
0.0668039185272478
0.0504815867900655
0.0544275819049501
0.0532772348503943
0.0718794342603699
0.0597079617368661
0.0610858869416476
0.0794357500178482
0.0603017409469549
0.0606204615960721
0.0477054008612866
0.0770001798978105
0.0777127244059631
0.0550052565035489
0.0692510929281271
0.041724403384255
0.075128891911565
0.0485543734048301
0.0684109722760991
0.0568071834912996
0.0920219696023286
0.0363672136177206
0.0616759420742164
0.0587018256625304
0.065609021927697
0.0473407175549712
0.0598637838923291
0.0435244289827938
0.0633961027437313
0.0464036642294813
0.0497954021807402
0.0654833477772323
0.0389504610444435
0.0746483103923478
0.0558313543216677
0.0570872518276191
0.0525909482367408
0.0560144772103048
0.0651994285291038
0.0671881890865093
0.0713171664661347
0.0544920166359353
0.0433428980307301
0.0700996593477861
0.0538945655642778
0.0595373148727338
0.0538513941214892
0.0529791604124246
0.0443297114249078
0.0494786519967806
0.0410709565224304
0.0642291150775977
0.0602624089701803
0.0709084699669861
0.0715720606814033
0.0475079151182687
0.0708591099685951
0.0553729778187769
0.0782997387012864
0.0842455118008263
0.0713951644227257
0.0434719574321724
0.0411944293871245
0.0669073874860399
0.0632456738214897
0.0683205602814617
0.0390194458368853
0.0541727761419483
0.0487584580058074
0.0829330683755855
0.0588809418579667
0.0585506173252936
0.0573632363855783
0.0730787497467707
0.0647375693409815
0.0859706701567045
0.047687425428636
0.0569433980903252
0.0785467242752008
0.0395073514925097
0.0536487792322353
0.067828697710251
0.0974731330820754
0.0606062577481995
0.063851279154414
0.0767671823698322
0.0480169482209736
0.0581756716237305
0.0562496200911653
0.0576329838103613
0.0454523427961675
0.0510696218898131
0.0671638202177049
0.0708109050329292
0.0771786285158405
0.0539575027943511
0.0629817184113652
0.0680939461874457
0.0578271295815364
0.0755784463718373
0.0569461387657092
0.0604580064506633
0.0592706621161345
0.0614225884137979
0.0886192842735186
0.0663414827964529
0.075830136387961
0.0651197821971554
0.0483226905966313
0.0733943727005809
0.0657385870495587
0.0649062057214086
0.0561052746379218
0.0692105774688793
0.0622042194508168
0.0580951067947865
0.0500842873667722
0.0634305813409034
0.0745289297967354
0.0745851732546852
0.0423204960240143
0.0743782506381119
0.040148918741937
0.0661845778470147
0.0688536685387076
0.0463398432969052
0.0638992190957622
0.0560870332399085
0.0514580155068862
0.0578315072194502
0.0753436759440836
0.0589733749895165
0.0500399417900979
0.0492579910784956
0.061896678274964
0.0679677256113968
0.0535383735752806
0.0632539413604148
0.0831832619639611
0.0650126337733662
0.06342991314072
0.0730457561470178
0.0646707252074274
0.04996275799854
0.0603319911775759
0.0620611106424433
0.0784658448280957
0.0766223536105057
0.0753463683790949
0.0582274774957011
0.0586207234712653
0.076366353853714
0.0681626181207521
0.0527923332683506
0.0598577691428861
0.0496646784761681
0.0616269044632742
0.0461164621449162
0.0611832677724425
0.0643991250179626
0.056887528917943
0.0635268046365314
0.0469035402056625
0.0621825487566274
0.0829455689597079
0.0667857982480411
0.0473164105254808
0.0623935190305192
0.0836880071905483
0.0534490226192249
0.0649104723136141
0.0668500144094167
0.0630490397023516
0.0568203566653269
0.0579957117708779
0.0574974957667025
0.0764407054126527
0.0938982742112331
0.0547911991180065
0.0646035744690078
0.0745179563193186
0.0492774363907134
0.0579112772493457
0.0651320336666661
0.0755443423292479
0.0527317499949443
0.0654962203127097
0.0534802166225624
0.0788250668985294
0.0571014250948253
0.0872854039379946
0.0565402667572555
0.0619772129474242
0.0576852517344962
0.0660546215376331
0.0375019248003853
0.0658078043835345
0.0443115675163826
0.0681237093762631
0.0652097934177248
0.0569492941689773
0.084769512588921
0.0729429819527417
0.081521802242775
0.055582623665927
0.0753579667490285
0.0445410597618237
0.0586228049994337
0.0514566203598088
0.0512504874541791
0.0610661165995589
0.0478298930400652
0.0845740658881403
0.0450914668108897
0.0525620930172942
0.0616847127998067
0.064949824229062
0.0582319745826903
0.0711796817033053
0.0558229103160037
0.0852589005530192
0.0561151478408564
0.0818727216368244
0.0561417408028037
0.0549462127704412
0.074295870017634
0.0700290155124979
0.0847339146251848
0.0754494783867996
0.0684761274119212
0.0654057379915227
0.0744643128415829
0.0657384413670277
0.0592408788899751
0.0457876187221665
0.0601565335968011
0.064966920128774
0.0604914482272173
0.0597499354155428
0.0571162537267291
0.0608526230092606
0.0509579084053756
0.0423294083976548
0.0631636401307603
0.0549506103802324
0.0417124179669995
0.0692426519122644
0.0529625409534248
0.0531165550288837
0.0653332954621547
0.0721375882768774
0.044342880923052
0.0554517770444291
0.0578422405055172
0.0697692483624916
0.0552551440555585
0.0528624183988594
0.0773058189463079
0.0534285031118658
0.0759916618673398
0.0667476128654464
0.0759195683815253
0.0692327681583755
0.0486892634207952
0.0692061063007423
0.0402216882297773
0.0676487856197763
0.0698106905845221
0.0505891521928427
0.0556798292704287
0.0359891951965274
0.0656506602633633
0.0572644457423761
0.054014489780915
0.0864907282586394
0.0457250957128062
0.0662376964153016
0.0491866988514525
0.0708981563912238
0.0628731063726519
0.0588532831149318
0.0560302771353125
0.0531480036008131
0.0637795190238078
0.0700155690701318
0.045790721059309
0.0664613150625108
0.0639192487650779
0.096384272408096
0.0583948989491562
0.0447253601635842
0.0653696065648818
0.0584851488356864
0.0666150795286085
0.041688587449927
0.0697450921745305
0.0581033786367015
0.065428084113204
0.0528167641235387
0.0474055342614029
0.0507757107609986
0.072224041380705
0.060310338036706
0.0584979535239465
0.0686254662263384
0.0596103565802976
0.0432875721492
0.0443621444783727
0.0538010254549621
0.0598100240626518
0.060754453949774
0.0522205635675327
0.0571900582359628
0.0750378943611886
0.0498197119158722
0.0664494739369458
0.0640771102626581
0.0642527539718447
0.0488102668378592
0.0640648714525417
0.0554212965769818
0.0662305309887601
0.0339795348653142
0.0581960433735858
0.0846359332820344
0.0539418296194769
0.0558429066633266
0.0748313445815287
0.0550484429781592
0.0407328909487537
0.0826811021599111
0.0627382104994383
0.039581606893881
0.0537631241140469
0.0596194319571246
0.0792979665028967
0.0649124552157056
0.0713761482285975
0.0552825113167264
0.0906869760402712
0.0628630470456679
0.0631621966151976
0.0455374633501291
0.083758412428619
0.0850211610419065
0.0626439388084558
0.0789157630538979
0.0561478292886043
0.0586341473100963
0.0748873986499587
0.0631916607948206
0.0616523221253005
0.0423362558242055
0.0535549037578694
0.0614772186501931
0.0620791801574365
0.0483615425736677
0.0525071039084694
0.0519631180493184
0.0440612990146998
0.0692109077711957
0.0644514515425655
0.0643625954672915
0.0497281326477849
0.0604687089096802
0.0798816111828619
0.0519246632990889
0.0461837468371166
0.0708129275289585
0.0442806808030899
0.0749274341678375
0.0534187195027115
0.0549017285899933
0.0587752806183558
0.0618095165665578
0.0634015163284328
0.0607615716580662
0.0762802482839122
0.0623704498555869
0.0584267642048589
0.0583050675902728
0.0770480429072855
0.061860375238193
0.0662763217020684
0.0465520138084698
0.0442830550502589
0.0510034937185077
0.0516490077407567
0.0617394134941601
0.0529178896890981
0.0468908449087594
0.0389611884045974
0.0439014337977726
0.070838765422695
0.0650570575574539
0.0545854238558043
0.0532180401173748
0.0600826112966998
0.0661487836066935
0.0591766759303647
0.0702776821313798
0.0606228935662333
0.0735262355203542
0.0729353833305259
0.069078796688603
0.0675709819369345
0.0677926178836139
0.0457180352024717
0.0648519943874787
0.0439526851706409
0.0783898327168886
0.0480895583849149
0.0681951032345897
0.0686927741780728
0.0464876007817411
0.0474010122808056
0.0521987183123492
0.0446847273669775
0.0686514875584235
0.0607031630787327
0.0455259022293278
0.0635698554835552
0.0501991718040789
0.0500912968827371
0.05308714462446
0.0414575862867832
0.0608770991729829
0.0550813662791202
0.068415694670549
0.0618593395725761
0.0592434604260048
0.0794650869530903
0.0550854528253443
0.0515125803241061
0.0560837343053018
0.0616680577026695
0.0609909116391454
0.0531323774903389
0.0744203326858322
0.0591760513557754
0.039614389108935
0.0392492980550476
0.0608914848967066
0.0539272304550758
0.066523756828779
0.0590172720150554
0.0588431371972726
0.0477536306850367
0.0651857682885626
0.0767153628713647
0.0564835979988185
0.0554405017578136
0.0651210786873114
0.0607852776891784
0.0624744915380998
0.0748103159207754
0.0689724846020914
0.0546020981340129
0.0584785974107475
0.051575743621867
0.0549337204256617
0.0496936669107004
0.0567348854588805
0.0532415399786328
0.0522410859201265
0.0598761450481308
0.0792391308486939
0.0566657425196621
0.0542824377472484
0.0702178563219779
0.0731042190335581
0.056641401222784
0.0688128071980538
0.0832873892429778
0.0420491312719707
0.0453934197434679
0.0708175712605658
0.0566115543248344
0.051558762953734
0.0515864888920111
0.0713384009841526
0.0660351076855386
0.0581984529917249
0.0686814601613517
0.0684743315716844
0.066313238678197
0.0794123729293717
0.0486077387174582
0.0693656881769022
0.0778060771490487
0.0577248834351206
0.0678432395935593
0.0602359522102291
0.0666707818111868
0.0719286541618645
0.0424004235000634
0.0714218806964975
0.0536460006478108
0.0447097720779696
0.0532228903610273
0.0601667881595702
0.0749094047453386
0.0682065486757708
0.0422574520570888
0.0546996075140604
0.0603287237604611
0.0575108865876856
0.0530743757879127
0.072014273093119
0.0579306951305195
0.0549934622168042
0.0464421600513666
0.0626890910460568
0.0648096851023719
0.0835316106313809
0.0764482013180595
0.065603095690373
0.0506807258402942
0.060107515971141
0.0647898391923689
0.0461355642573373
0.0577668153992623
0.050124385312442
0.0644975794947291
0.0648195883370424
0.0619754395628675
0.0707308772104391
0.0442320331292212
0.0480155819508015
0.0659270425627802
0.0420097662355798
0.0526548873402864
0.0531518812882713
0.0690751334475586
0.047560981117124
0.0650173715420427
0.0646098093161038
0.0516752247838394
0.0660910881056286
0.070634059763035
0.0393556933223768
0.0564265804364436
0.0708768576845086
0.0801259343446118
0.0460994922682487
0.0629585333359819
0.0582285683323462
0.0710588894899008
0.0715744881686354
0.0787123832160622
0.0525888200912612
0.062369750804624
0.0516714721094023
0.0673570221273807
0.0532914890789956
0.0668726024568843
0.0610058075218514
0.052694042823643
0.0555585855344014
0.084071416090362
0.046433776302695
0.0486058789502448
0.0637753105374746
0.0533679305158834
0.0577798079077344
0.0650075446296526
0.0450141045947281
0.0509453544063911
0.0693178678273855
0.0642308571048831
0.0621416202005812
0.0646003591806568
0.0467003945534395
0.0731577283646155
0.0474844596973192
0.0708826454121741
0.0609621026591811
0.0490517242762557
0.0442017640347302
0.0709150693376899
0.0654937428001079
0.0391980645344774
0.0559532226732402
0.0554806596052143
0.059295073208693
0.0739902137984694
0.0777932177770736
0.074301290079598
0.0554580201740099
0.0801512747282246
0.054218372125795
0.058364912501132
0.0658445164757233
0.0706318041066438
0.0512553372784057
0.0561895174718675
0.0636094569586957
0.0515344164055878
0.0583185268580361
0.08717601968626
0.0490638861531059
0.0679240736074057
0.043870825157259
0.0641380282885565
0.078290850534903
0.0537243215593533
0.0589973257967472
0.0613151498871203
0.0485000357050476
0.0861459312795671
0.0609124251629206
0.085317989282679
0.0466515195269521
0.0537585677889236
0.0650632884178754
0.0479354606367866
0.0536172621470084
0.0646442778127876
0.0437242336422481
0.0678144059562476
0.0553443438487033
0.0464108617722775
0.0549557056626652
0.0734086788988748
0.0414886377102914
0.0476385349758425
0.0527664530225715
0.0576324206847702
0.0659681160238146
0.0556054837770337
0.0459044852865948
0.058988286019935
0.0571029418864895
0.0729563180896755
0.0633508522615409
0.0526561494802891
0.0548349188402618
0.0615430596736044
0.0856329078740729
0.0666986669857124
0.0608470136258823
0.0715514514969049
0.0460223027280662
0.0548149082490679
0.0610587558375163
0.0413489149822933
0.0565858307530152
0.0786515532660409
0.0654009352199378
0.0518029601931182
0.0617869297184477
0.0648135461655374
0.0598011080698247
0.0726964469774476
0.0745251340532569
0.0561071462504314
0.0644981251093282
0.0833053849920479
0.0627338974767113
0.0669470460394163
0.0565027170304447
0.048647933258337
0.0576259240042999
0.0626600771056152
0.0513516420788422
0.0569186191313869
0.075661842853757
0.0536889066071418
0.0444073528121664
0.0592938457558155
0.0513880570695318
0.0570720937679277
0.045659859435201
0.0774433109925154
0.0688149631122201
0.0500575439796649
0.0607655609979528
0.0512576951149145
0.063347755973355
0.0507423323305425
0.0610004167285096
0.0538687460893202
0.059832682942947
0.0710936825704239
0.0718001994843905
0.0571722070258568
0.0784364809943742
0.0640809957363054
0.0613566073677458
0.0636676010857568
0.0704662880161654
0.0729381921290433
0.0558634682335166
0.0667115932910689
0.0768959807744523
0.0588128276864019
0.0365707768734079
0.0427181663609679
0.0518451294623725
0.0676423885612753
0.0522320908171662
0.077325564286708
0.0727589950157036
0.0636890908990913
0.0570338861195164
0.0679786475714263
0.0600937353742366
0.0370607028070949
0.0646661251855691
0.0670064347257326
0.0663497372562578
0.0426914472562835
0.0584380800037263
0.062051055626799
0.0677553540867925
0.0606324272389069
0.0539983859104111
0.0510317948160679
0.0596440861395669
0.0503506887108208
0.0596542934954908
0.0514897302268399
0.0684141505843466
0.058435305645301
0.0610779264873555
0.0540050621276374
0.0445494675823436
0.0608625526814857
0.0592133312856032
0.0468765010229417
0.102793464607917
0.0621450826355059
0.0432260210229745
0.0534081779777736
0.083578268385065
0.0788010368215611
0.0676078581111617
0.0499094787768186
0.0403566139194306
0.0607877396617583
0.0490334598761707
0.0623200364611001
0.057610748470465
0.0360939001262124
0.0645386153285889
0.0516015533570203
0.0390688591945164
0.0486476888546262
0.0656143520503774
0.0477918068169408
0.0497807707512964
0.0720814788621362
0.0650322363948406
0.0560078234103807
0.0719958844041184
0.0534443264990342
0.0466197654963751
0.0692353136786311
0.0451935691161973
0.0684039659970581
0.0596341562987739
0.0531700598023626
0.0575067693790519
0.0491974532045113
0.0496218188262741
0.0505599792529242
0.0602447461264241
0.0600637256447274
0.0503340854718052
0.0605054457613348
0.065567343987566
0.05741518709644
0.057276379439431
0.0342251832249102
0.0671216472055421
0.062474651630426
0.0562969410871364
0.0517689240353973
0.0741944684630506
0.0423042407973855
0.0711980086444317
0.0620795711676928
0.0786222438899712
0.0700282933544279
0.0679817560152964
0.0671816456806895
0.0696790144482107
0.0452731439934381
0.0551477211349908
0.0636680377368532
0.0585281170722121
0.0620153666956542
0.0586611371074382
0.0736839560106471
0.0546367796374911
0.0428828943341102
0.0584949799936422
0.0672152770232868
0.0655416698771322
0.0769007999913212
0.065298366461769
0.0735687719838331
0.0495101365107458
0.0574971448388562
0.0568972707394198
0.0613294126169145
0.0799211823987099
0.0589080998178838
0.0454609826245287
0.04678189528337
0.049829823996655
0.0571930932892279
0.0626787159659915
0.0591096274667903
0.0668434368862869
0.0553715907407547
0.0542895292887955
0.0808912697776669
0.0567588052426959
0.0672826921170694
0.0583521553741012
0.0522952288799481
0.071670213400505
0.0706017382242219
0.0722135877899261
0.0605114652615148
0.043854487455583
0.0804200231645714
0.0557416157687742
0.0385729993997856
0.0474015750906747
0.0739867364715121
0.0712860365370928
0.0582532405454078
0.0494458924803684
0.0475633648874438
0.0471521171254537
0.0672167811134697
0.0506440314251519
0.0678958901475438
0.0615293623188022
0.0423310971122337
0.0679366555432908
0.0350322680165023
0.0673917719191221
0.0642132137857158
0.0561567325020109
0.0515272896994518
0.0871058155436807
0.0596272052611594
0.0736302823259161
0.0576153573978502
0.0624732897495566
0.0696476367387298
0.0675899060684377
0.0630753445616571
0.0827134542534448
0.0601342328136343
0.0422684289620826
0.0412902724415905
0.0496284159294432
0.0679720225640121
0.0592261513922852
0.0446337814592297
0.0670250530207794
0.0600597506582085
0.0518582805680468
0.0603192590759021
0.0451865678824233
0.050310019544671
0.0744324552111674
0.0721956509500316
0.0660949328811583
0.0614575546761366
0.0499890570358531
0.0560279369829882
0.0562043057897643
0.0526279543239852
0.0656984979495602
0.047947228475604
0.0528117455501244
0.044564627012712
0.0690177630272428
0.0478239596952802
0.0534199428561559
0.0580280088523319
0.0584120072237193
0.0503966770202627
0.084008970445487
0.083073367888193
0.0727786254040295
0.0570973748678124
0.0602689176005614
0.0505201751443464
0.0561804898469831
0.0369041904853098
0.0861728693581333
0.0568668035020585
0.0811836737179285
0.0591898764366339
0.0605750496347244
0.0446164595471791
0.0403243877560703
0.0871545190865966
0.0536190410183105
0.0540545115027712
0.0523243118429067
0.0552122270519739
0.048136251174858
0.0491693784488685
0.0542404957184364
0.0495879481698861
0.0921427863619117
0.0477219221180006
0.0552373589630052
0.0616186399847874
0.039139094572699
0.0569985939243878
0.0695413265278533
0.0584259326359403
0.0602751659007526
0.0447973170733994
0.0575231475904404
0.0595762171965453
0.0474093727375691
0.0583136667318599
0.0455389008416613
0.0561597218299644
0.0690776414059741
0.0482518375333167
0.059548055480703
0.0726588913142756
0.0447331194671096
0.0625191616944476
0.0480843911895514
0.0590816140718966
0.0683612497817438
0.0680441643668315
0.0592533729138179
0.0431242150778667
0.0597546972842215
0.0622446584369659
0.0608231659125598
0.0826089334124404
0.0630114010576388
0.0772684401958867
0.0471246476452239
0.0526217333483961
0.0450766198422009
0.077302990840777
0.0446907243114828
0.0411967034612754
0.0546716674711289
0.0619295470626329
0.0652976820148939
0.0565141950370627
0.0804871235331524
0.0730908640973197
0.0557734006541469
0.0699327745747036
0.0931864817450573
0.0491673633278289
0.060257757979483
0.0731528236249
0.0736853815602941
0.0787916726385351
0.0683244101689933
0.0515581295111552
0.055688459986135
0.0388111566571978
0.0670980090265583
0.0536312179971039
0.0539923309047381
0.0727243723861918
0.0665693500104054
0.0391784551448915
0.0574187425781203
0.0922080620380115
0.0652772662986946
0.0553506516079938
0.0535510609699666
0.0525380125375792
0.0565615818889866
0.0576053048401069
0.0534757627749682
0.0531117776914955
0.0649424157591393
0.0594333969813604
0.0545545879131425
0.0524068268545594
0.0730646901039281
0.0548736785624528
0.0521888107341504
0.0623561718978292
0.0418988079831813
0.0743301459007336
0.0606749263873085
0.0445700064375412
0.0817597408341284
0.0530326522133775
0.06810514924023
0.0805763627305132
0.0550931912712385
0.0555858031656717
0.0577611445143915
0.0725274324343144
0.0794375278825319
0.0444238848032289
0.0522960954610085
0.0462119140453475
0.0550783841831993
0.0608862405326021
0.0694665604990266
0.0540343594869639
0.0644298786958959
0.0932414007358196
0.0682088514479913
0.0479642172646544
0.0577362760435873
0.0519874312656591
0.0625297675352839
0.0620658739947227
0.0525883872912028
0.0594212667635799
0.0434965370362852
0.0658595964925912
0.0544022990858143
0.0619880369643614
0.0494033249512306
0.0729828830464205
0.0608380553767827
0.0637478445301595
0.0554987979421544
0.0491330837656621
0.0522895217034376
0.0612668703208514
0.0673561067493262
0.0609435295511204
0.0592401916857338
0.0737551344887692
0.0541445607835261
0.0805892217336021
0.0522457663210699
0.057681257679692
0.0615194647637613
0.0648560737389517
0.0593913091575286
0.0819627617772776
0.0559915435046977
0.0729479294442954
0.0577878808997704
0.0493216052183426
0.0574768487752015
0.0852863606209763
0.0559231297236299
0.0817462108471565
0.0753746143850954
0.0580547576984592
0.0637803761348435
0.0636998779008475
0.0563930210507378
0.0577380587201846
0.0648218499018905
0.0855130742558171
0.0684097598385856
0.0635603788629662
0.0597820778934912
0.0677956812091788
0.0563424565363192
0.050187027947193
0.0615980900385729
0.0520884259614124
0.0667516797465928
0.0483858593677991
0.0722395988038141
0.0505555974078425
0.0650292216121885
0.0719628558294649
0.0718028428468145
0.0760822782677499
0.0709314106910522
0.0468106459545605
0.0633497152356754
0.0674757109048132
0.0506362914869692
0.0424772132299493
0.042339062504653
0.0566232270772998
0.0594973980858438
0.0613354055924197
0.0691841027963901
0.0724247439412678
0.055245254059724
0.0602107235021691
0.0663804131794207
0.0404452765814304
0.050026629928926
0.0462060517821425
0.0482801215452913
0.0409045431347791
0.0527780797728557
0.0537656200401711
0.0478736280812737
0.0501906920863563
0.0633010638149098
0.06806605045047
0.0657314109094569
0.0503167251465846
0.0419797582517838
0.0613169449992411
0.0579196970922659
0.0579798227782291
0.0480485876075328
0.0553676624404332
0.0907603570869156
0.0588047695272281
0.0735562867569963
0.0517807684703968
0.0646268832118247
0.0530740460386903
0.0570620180255784
0.0629328888220026
0.0758868597707743
0.0779464886978216
0.0533501182106002
0.0448424953508618
0.0547256586994949
0.0624854778473254
0.0646689561764684
0.0405108016671284
0.0530934251229215
0.0587740333898764
0.0573033447933337
0.0617435953424068
0.0631760988734446
0.0795672367161459
0.0493072940361541
0.0815772060242179
0.0519747017734888
0.0705819085940079
0.0626131819514058
0.0630157415763255
0.0641663070812284
0.0590657776026579
0.0638076690350971
0.0579547058341381
0.0746666244511286
0.0653857051960113
0.054272278285617
0.0516372113989343
0.0838720058192187
0.0606513611967395
0.0503636694894366
0.0605150540337973
0.0610855172312185
0.0821116207330751
0.0465285966211886
0.0734454777038973
