0.032064002029866
0.0289048491487466
0.026602372432669
0.0237232879814475
0.0335842291042829
0.0241158665690174
0.0284704500362548
0.0278741935204722
0.02333493599564
0.0299224118799388
0.0265005653730165
0.0263800024453944
0.0233998228875756
0.0268188225977012
0.0251700768140031
0.0237580005641417
0.0275495456160726
0.0244580365262029
0.025816531443264
0.027857941128146
0.0244454019927069
0.0258239199816706
0.0259048185773334
0.0197741472321739
0.0318185875320956
0.020676024349932
0.0199769872662884
0.022821307492273
0.0254583985177368
0.0218567000202753
0.020807783829631
0.0239958785076169
0.0235601244874177
0.0261597997805065
0.0277238620720334
0.0211103319886874
0.0276832603254119
0.029281541109844
0.0251688689445925
0.0254055077176161
0.0239610652021932
0.0281883884998532
0.0200393218795578
0.0212097080257883
0.026916638093424
0.0305046887624543
0.0315121090250719
0.024770896710729
0.0255854240074471
0.0274521845080711
0.0226867028061643
0.0238716954485062
0.0234254558916034
0.0218073010847139
0.0251239302530683
0.0236248398388629
0.0258766037751624
0.0266273239396291
0.0268481681146128
0.0234664914948633
0.0305339127120343
0.0289951093427575
0.0237890761503367
0.0261605106760938
0.0221839247879321
0.0235142464317665
0.0263782552116773
0.0255712676439813
0.0256070741681079
0.0305000756130577
0.0247826887030156
0.0241161345561464
0.0233004203335311
0.0307477406810519
0.0271643909594847
0.0227262731987634
0.0272401476097938
0.0204210173317033
0.0286465790413086
0.0264016002603206
0.0230712290911227
0.0298952331835209
0.0225499067478933
0.023641289488216
0.024909272479933
0.0239229453311846
0.0228362226452436
0.0241484374276567
0.023253947050096
0.0254428620670899
0.0288066861449506
0.0280964532286943
0.0233446840756869
0.0223686035209925
0.0265326376705057
0.025898538372603
0.0219550609213164
0.0276209883903502
0.0227383485224234
0.024803747813097
0.0228847881473972
0.0238313820510832
0.0225956469082616
0.0269115390740935
0.0246105787949554
0.025912282064939
0.0251768338147506
0.0215906226048009
0.0254950094113449
0.0244845851497905
0.0319020437592557
0.0248975697501532
0.0251905239656209
0.023607390430421
0.0272161340618174
0.0217217474438414
0.0238192881374462
0.0214955800801797
0.0275922557666649
0.0284796941092826
0.0254733881451548
0.0297576366337354
0.0265099026949986
0.0285846213053073
0.0228401214460953
0.0230354074648496
0.0282842839026219
0.0247491869336883
0.0296432014123633
0.0312311245883341
0.0330119155344029
0.0254944269142907
0.0278492204036217
0.0252021797623967
0.0199738465484196
0.0291140283759234
0.0312962132183607
0.0291326100374986
0.0314375754489614
0.02896832826516
0.0296427989496893
0.034596721098439
0.025975926853176
0.0333314806897949
0.0274282526514046
0.0256209819296992
0.0265241688083193
0.0257621305289923
0.0251769306808286
0.0278099628888837
0.0231775864137935
0.0262907057410485
0.0295536817741039
0.0236394700815867
0.0274039921924773
0.0295280865779826
0.027964333646515
0.0211323141166178
0.0220481959226498
0.0231347053165101
0.0255026369787775
0.0242480708752447
0.029490919496772
0.0249092139587822
0.02719072808214
0.0211698083062144
0.0216840124283486
0.0256960256154299
0.0260992647624393
0.0241099768223552
0.0276302696377436
0.0254736382468642
0.0255235138890701
0.0255036545875258
0.0255147351030073
0.0260631543287807
0.0241017676074364
0.0257700333657912
0.0278372736211227
0.0225111753517132
0.0257286997696307
0.0367751540252517
0.0227828620458914
0.0215236073124376
0.0213495313775415
0.0258887087800504
0.0329894095715602
0.0207872807228336
0.0296139037230588
0.0269251482079569
0.0226532597502855
0.0259403450705202
0.0253748323344734
0.0280453254527318
0.0218256980349101
0.027196028681611
0.0246799337000101
0.02477117698975
0.0245668707351674
0.0228571361127759
0.0237564430033687
0.0297774139067608
0.0283025178837443
0.0267331653331762
0.0283088986854862
0.0262500138968646
0.0231722883729077
0.0311906969887126
0.0288731369412714
0.0280283397523994
0.0231204133615739
0.0278341909371414
0.0245138613079137
0.0322022747767568
0.022183355292991
0.0310257755922316
0.0221649542950782
0.0236888290878654
0.0306362243868587
0.02341651174134
0.0333019565279602
0.027350065090713
0.0271768804053406
0.0300456476286967
0.0211356589259172
0.028971934329852
0.0253611422980426
0.0242553345870439
0.0249802139958735
0.0259070567915042
0.0246272634881666
0.0246187690818737
0.0288963129650394
0.0316530384738815
0.0249285731720061
0.028395819637483
0.0268345856056416
0.0278716404593657
0.0280741428334737
0.0212834832977188
0.0257712740336284
0.0217320095933895
0.0297982224469996
0.0262305608413624
0.0217472605718668
0.02887190024071
0.0208533825038506
0.0255234598898601
0.0261741713149837
0.0264253746532901
0.0237092848095061
0.0256489593511542
0.0240649532313242
0.0266635192139762
0.0278248314494921
0.0251930291947176
0.0262615957330348
0.0270140461724073
0.0250154496696913
0.0246369480930926
0.0250233696353001
0.0244692622359113
0.0244064033995028
0.0230482468976674
0.0259909308046193
0.0276830933425393
0.0247546076415775
0.0202736362160805
0.0237028483952446
0.0231594356931458
0.0282507694710166
0.0281959661337483
0.0241518558026751
0.0235049362146392
0.0243419553912259
0.0289874471697822
0.0228399611625102
0.0279714653681229
0.0237869646065618
0.0293936640223138
0.0259459391741046
0.0238066419199596
0.022576565789338
0.0268539049275667
0.0329364944442041
0.0235516862719948
0.02435836647546
0.0242956901585578
0.0270296880940525
0.0308950350618098
0.0258441683874457
0.0269285139782471
0.0217486838429955
0.0251644470833858
0.0278378398847778
0.026122159368355
0.0289247196106229
0.0261735591333421
0.0295475635952446
0.0248209331380658
0.0257677961009122
0.0273178642278187
0.0230479856512148
0.0240658354754067
0.024424395910058
0.0289937766230858
0.0297664356885874
0.024194472296842
0.0254893680668594
0.0247398602887099
0.0273191369266301
0.0224764191660515
0.0265065942510954
0.0307722426734091
0.0303980502380993
0.0290371823717677
0.0224069257788579
0.0239650670429595
0.0246760496040361
0.0288234542111584
0.0312108017132516
0.0248121206713439
0.0207348526484128
0.0270047224631308
0.026925407329599
0.0258550922821583
0.025936932435298
0.0258184678864825
0.0245920923081577
0.0244562707725695
0.0249677822806172
0.0247473269129852
0.0272036197054921
0.0218245155290099
0.0208568422317509
0.0258919036430148
0.026996893960953
0.0306181858405887
0.028416583483158
0.0253679551739262
0.0294602144517737
0.0257086802832359
0.0207994886070491
0.0223597233055648
0.0251896878360814
0.0208864081001322
0.0261795904988652
0.0258578261299141
0.0278901562208774
0.020874503485815
0.0306858381523597
0.0299052883723195
0.0305196664988723
0.0267271920207217
0.0265311212785818
0.0251752655417899
0.0286546819888067
0.0271559981276726
0.0296465522591469
0.0257075784970729
0.0292037538233601
0.0207529177298834
0.0221715331051119
0.0207905766488201
0.0275598709925415
0.0244739159889891
0.0275184477632747
0.0281982218359765
0.0223682199673865
0.0279165990819158
0.0254067247206873
0.0270268627482584
0.030025580887017
0.0213069085106399
0.0263551558496775
0.0268551691023943
0.0248923619669341
0.0252340291751784
0.0256715005609042
0.0252840927165919
0.0232027112881457
0.0288504457951043
0.0225047366450743
0.0225748653042317
0.0279530064579251
0.0234586135721358
0.027294596900121
0.0239173520179175
0.0233754887651312
0.0236792848160412
0.0257467185773615
0.0301212400726782
0.0221002014780768
0.0174136891667559
0.023805088723612
0.0247030186947541
0.028848523907328
0.0228945924913068
0.0242659390111638
0.0219866688364959
0.0274211676055684
0.0220874801090065
0.0244166962794577
0.0254512362873923
0.0235473862999199
0.0246463651505399
0.0259510518148883
0.0225672359564692
0.0238954193929244
0.0242309266955971
0.0237813209315753
0.0302713033865306
0.0283405011982326
0.0253793571581395
0.0291096846997496
0.0241450716519947
0.0281030710582258
0.0259892836707347
0.030250743711812
0.0269610325740571
0.0266934945759537
0.0254076082464955
0.0263525356284593
0.0256748663018376
0.0267091586853244
0.0259453168863753
0.0233600176651176
0.0297000014657681
0.0260063738444539
0.0200367046816531
0.0256726019108114
0.0231461419705294
0.0320927424962155
0.0228124702644975
0.0265537588300049
0.0236211862322583
0.025982901412351
0.0287679315069671
0.0242989354154976
0.0254533280414799
0.0278811325183812
0.0242531484514029
0.0253844454970366
0.0247585463812612
0.0252716708000916
0.0305141837782799
0.0268423733166454
0.026980797210909
0.0243913903770704
0.0249542796321532
0.0171858289838989
0.0230897263858548
0.0251781752382016
0.0306007914540963
0.0218420853053158
0.0288109317532898
0.0235622999485475
0.0273384731827634
0.0246985508184946
0.0242478314984224
0.0239716179128094
0.0289720580334102
0.0212939739721736
0.0273779670221421
0.0305484575044097
0.0259574225063849
0.0273520535564696
0.0271248506174303
0.0261060327954222
0.028067328926695
0.0206228014131173
0.029668635498897
0.0236246519617393
0.020664214233053
0.0224813146443882
0.0210041481616738
0.0250513191818733
0.0279901033770566
0.0263619622044736
0.0260952357277134
0.0244395103266976
0.0247797063124816
0.0270224282447673
0.0234628466390907
0.0253583628853626
0.0257684266129124
0.0265445402159115
0.0273857755955942
0.0256629893293988
0.0253882383413694
0.0274959921948755
0.0241574279468956
0.0236351132257841
0.0307073857582674
0.0268085801972642
0.0270135113882728
0.0258041535777316
0.0263046020218897
0.0225911463096597
0.023328860949547
0.0245911515628022
0.0288637572958428
0.0231700435788326
0.0259125504920192
0.0279139560615337
0.0230011372703544
0.0239385617014826
0.0259760818624202
0.0208481402341897
0.0220810952345317
0.0246835308900305
0.0244631538978663
0.0252673567648952
0.0227677290252495
0.0258680194690344
0.029323196436463
0.02639238376864
0.0232970400695467
0.0279097593829995
0.0306244048924139
0.0274641980597152
0.0346428483710224
0.0269231856993846
0.0253466129735138
0.0325137170788356
0.0203696140110775
0.0288108200130897
0.0256311488172073
0.025111865484755
0.0221863378172505
0.0202127206732217
0.0226641871145404
0.0274086024047855
0.0242221006664698
0.0265297180708912
0.0223549984643575
0.0241124917481444
0.0259294031133832
0.0269396101933534
0.0212150647006615
0.0244909184056608
0.0320405966041703
0.0259528767731317
0.024388052768152
0.0290346490238794
0.0274363878984128
0.0294823677532714
0.022848906801334
0.0241815870058162
0.0303209356223968
0.028133959661698
0.023633633994606
0.0259728148145022
0.0305843667798495
0.0222563297111962
0.0230006553925288
0.0266695955491585
0.0226101845780347
0.0242701054225416
0.027035533959244
0.023391630090724
0.0292404688884426
0.0256368181985107
0.0250668207846883
0.0266908455936984
0.0255521391383967
0.0270607468145495
0.0269325987006217
0.0335279658964561
0.0276289672909044
0.0286814443506313
0.0271568136039158
0.0264835665104671
0.0244649823234812
0.0246797244839064
0.0261046262686429
0.0263767710538814
0.0273780058385702
0.0301876693790652
0.0254938779032951
0.0274400701129679
0.0248027751969589
0.0269877925490022
0.0290795380261722
0.0282615604060122
0.0272017121679044
0.0268216006062847
0.0311964927547037
0.0227925650540197
0.024994277474301
0.0306392947546207
0.0275873328516468
0.0305495986013683
0.0237498047866745
0.0242836591741895
0.0242345352444867
0.0262661218180542
0.0284760383807576
0.0301506139935883
0.023750783031926
0.0277012268430228
0.0260405724753684
0.0280663844884045
0.0298446981131565
0.0291478297288429
0.0211537502160234
0.0263347162557315
0.0260241390103053
0.0333825036163005
0.0257724551201299
0.0221826703130993
0.0207694165774344
0.0293368824274508
0.03012117731672
0.0202327840194657
0.0245513402535985
0.0257046607402302
0.0229478066364182
0.0286522460700488
0.024685775737103
0.0248984827990369
0.0201332869428239
0.0230935699213241
0.0262333175137116
0.0300371735616732
0.0255414393490363
0.0299323124436936
0.0255839018545215
0.0221594331694662
0.018826210006527
0.0281978116660557
0.0269322221571732
0.0235478652972726
0.0282098632916266
0.0233283836270331
0.0286947254101076
0.0258381624554876
0.0306640240973896
0.0277249478434758
0.0313064758639483
0.0201843360140597
0.028138955579797
0.0260450022898019
0.0280816317605381
0.0248223825062668
0.0272915149260763
0.0261228734794132
0.0222443827134381
0.0263460324306257
0.0317710853755759
0.024161645668348
0.0296527355625913
0.0232727200539262
0.0253013331032814
0.0275014042580486
0.0219752829993913
0.0233505650719106
0.0233046547364875
0.0285649998474956
0.0280262045586058
0.0320230118992428
0.0256541566523075
0.0249040305035078
0.0259560805137505
0.024010596885732
0.0238483497284671
0.0277553809766362
0.0252316034324703
0.0239170217895408
0.0248449016376183
0.0227934532359617
0.025957483749348
0.0263498867194009
0.02660700521265
0.027751986447929
0.0253892896142298
0.0212263361783284
0.0317031320782151
0.0252682194606049
0.0221119066183693
0.0295984271196469
0.0241714401784076
0.0261038119701066
0.0212472492802991
0.0239067086657248
0.021675969882417
0.0270547529023537
0.0263820410089469
0.0227221872243585
0.0302756813578126
0.0256831961359466
0.0215475425343241
0.0236574018684375
0.0271853811526473
0.0243060752612164
0.0259190784421868
0.0230857670232024
0.0280983766183063
0.0279705945523937
0.028368660124419
0.0319381994741819
0.0245102264223927
0.0226634884615343
0.0240076071733679
0.0257021730642913
0.0299105890672688
0.0238733015522816
0.0289010751531564
0.0301484414494472
0.0285961450924202
0.0261985424939345
0.0240481831036824
0.0250610683921794
0.0299953077079082
0.0221368650571854
0.0256196760415882
0.0276715090511701
0.0296776556901444
0.0294384529968584
0.0202817947034313
0.0240830754220756
0.0263173438929535
0.0219310054698981
0.0254051445675687
0.0223359002975856
0.0243712967564803
0.0267557539172294
0.0210696740645063
0.0259813674829881
0.0254264347374099
0.0227230735074667
0.0303870316530295
0.0263326571240891
0.0202499207456826
0.0253814239791388
0.0226279018041573
0.0275980629978506
0.0237111995900671
0.0238837982155631
0.0242449979264724
0.0256372250512331
0.0252495967623619
0.0275440787321577
0.0299289509043346
0.0253923029970655
0.028907125080936
0.0223688230032187
0.0247519821018603
0.0313392751064653
0.0269131971425723
0.0231600262691747
0.0281702045166471
0.0235122542291976
0.0320532551062774
0.0205375415745354
0.0261225392097016
0.0247499796798498
0.0313760952950511
0.0243657062304663
0.0288921345782238
0.0237280618012008
0.0250878965693434
0.0217189071738887
0.0274676858750374
0.0255459927281941
0.0273589652104205
0.0277419127891325
0.0214576801082617
0.0308962477908806
0.022731321516639
0.0286780144553058
0.027050133856979
0.02642646479368
0.0291298074759872
0.0329284699707367
0.0289285972599156
0.0259574094341253
0.0309597126357925
0.0223386960496653
0.0313532858407591
0.0223148080469012
0.0263866025846137
0.0292208711978959
0.02567438929415
0.0257477596395875
0.024593280135457
0.0259355512377489
0.0309486085072456
0.030162425194754
0.0298083906111494
0.0259448764154236
0.0262499813676938
0.0292115173975419
0.0262606407074433
0.0258161328158143
0.0287138226583395
0.0261243134893655
0.0278896209944412
0.0284626558407067
0.0264102143057534
0.0268115730028694
0.0259847469489771
0.0299743398310117
0.0304634951378651
0.0336738242832435
0.0284984247722454
0.0265171225481859
0.0275526214680155
0.0237970682547835
0.0241378317507866
0.0280256999179891
0.0353038693048422
0.0254326842277766
0.0232997708645331
0.0256704740838793
0.0222561974616833
0.0258216207826475
0.0278939144588725
0.0242254297064734
0.0291421096769182
0.0252669547045917
0.0273085984931582
0.0278938128198329
0.0244694423523497
0.0329556077649182
0.0283530689985958
0.0221288005907774
0.0254458582587701
0.025921230879351
0.027115883425978
0.0254570477583394
0.0229293146754033
0.0270967330810026
0.0275271943157171
0.027948650868288
0.0272392526737917
0.0240439347018086
0.0244018368271715
0.0260284617506573
0.0243500215967662
0.0207420421253921
0.0247725053200286
0.0327810606636558
0.0263986213075175
0.0268413753962569
0.0257683414076339
0.0241570257078866
0.0261063599576353
0.0285236837958744
0.0300458794148371
0.0192481675313759
0.0257349678068565
0.0261779935928905
0.0231617743740546
0.0259813880383361
0.0243773305614812
0.0257918998146922
0.0254527471019366
0.0234320230768399
0.0243951616097751
0.0250120300418745
0.0267695893300331
0.0258832887814858
0.027156387815648
0.0308619574434232
0.0273422766159934
0.0278399159628684
0.0241146311416538
0.0266026980207149
0.0282734977316676
0.0241393484036645
0.028817182422217
0.0272479847069422
0.0272919173893353
0.0284805967363934
0.0288231326624789
0.0263586247305356
0.0258945814854415
0.0198789517610938
0.0255748185892178
0.0269371228905146
0.0250687134028648
0.0227245889412385
0.0301501515822376
0.0257583388449934
0.0246149284043036
0.0266096421842575
0.0284531246276737
0.0277543361364817
0.0246945535957812
0.0257112659474036
0.0265859166035714
0.0265681222758562
0.0251147042482783
0.0251171159757745
0.0269607672724089
0.0288117012371408
0.0219784474675064
0.0256829320624433
0.0308465562714048
0.0247997258897495
0.027254322707224
0.0286937836411028
0.0276379920254636
0.0245050760032805
0.0277119964457968
0.0296492275902885
0.0237194716415208
0.0272174885187708
0.0243582193345011
0.0230121886627408
0.0256410988877801
0.0303360019453287
0.0202284153275486
0.0258855717624506
0.023173831629891
0.0307485011956372
0.0278189557223859
0.0250520057577455
0.0267481453313998
0.028043913950746
0.0284643441451516
0.0240673694834867
0.0271198519041502
0.0263663073375206
0.0343992526690171
0.0237577917399626
0.0265984640219481
0.0265887765912177
0.024999295609764
0.0234064542776989
0.0253980599904228
0.0232891880697014
0.0274245844155555
0.0259985492126783
0.0239181561600141
0.0208941587648123
0.0238587156133383
0.0319983270502345
0.019782840936566
0.0255712123122589
0.0251865856219584
0.0214797923987153
0.0239706673721492
0.0280353108927537
0.022126560780854
0.0312057378111106
0.0311884030174624
0.0245869814811107
0.027061284806579
0.0272373441063303
0.0238841445412718
0.0252194334829463
0.0264986161712429
0.0307484429292998
0.0250500787570554
0.0270593651450953
0.0254958636912573
0.0317077656289717
0.0253907141083491
0.0242402209632976
0.0233934495316895
0.0332227186098071
0.0251494449275857
0.025366971149308
0.0243225393456712
0.0264914072606575
0.0284348449522989
0.0278293248477507
0.0219600907321994
0.0256893947905546
0.0289878946313629
0.0268432942526731
0.0257243187854814
0.0218936437845651
0.021863424144907
0.0255173199294424
0.024002869752314
0.0219123073439386
0.0310517647437586
0.0254626520401639
0.0203471416061653
0.0305070106507523
0.0250951613601508
0.0280476834961276
0.0265486752186422
0.0277846413893085
0.0283361161893211
0.0302235773637884
0.0208143586720321
0.0318842533330612
0.0216924775661412
0.0247815521402534
0.0254128854792748
0.0258095970658895
0.0229873437223804
0.0280764789847051
0.0249847203955333
0.0273617475663652
0.0327387437128964
0.0245898576009859
0.0214963280592023
0.0219142797395647
0.0226004043280963
0.0226131099986847
0.0215585422029381
0.0253659220639768
0.0293458369921638
0.0256443754540426
0.0220172552669315
0.0270853867100739
0.0296556738467948
0.027029744286627
0.0214376097078686
0.0238506044505879
0.024082077196214
0.0327985142179691
0.0235603399166777
0.0226039768562466
0.0231400569163684
0.0218614370717873
0.0238361541945184
0.0266790064259561
0.0233461507865179
0.0267865504954647
0.0243324984901511
0.0278129690427069
0.0301638934133883
0.030530546300124
0.0344665285439029
0.0302200391207358
0.0223497596947437
0.0280415161223145
0.0272013111711944
0.023136073412093
0.0279193968076318
0.0268372312101031
0.0242520473112789
0.0220500012677288
0.0296789982443793
0.0241949547017104
0.0264199079148942
0.0284730289425559
0.0209586355875604
0.0219202099441684
0.0282331685820804
0.0228193698716097
0.0219852418111122
0.0229129806450116
0.0234025840599858
0.0274290164057427
0.0287957978879125
0.0223689598574041
0.0291447176144072
0.0228656881579097
0.0250069463567332
0.0202990234800218
0.0276370519599764
0.0257750049257141
0.0298627437010138
0.0273030919289896
0.0264906967572128
0.0295635260857233
0.023886505816631
0.024912386921805
0.0300587255666044
0.028287980762701
0.0282613537578686
0.0267909133613751
0.029900607631922
0.019955785303777
0.0290521953672796
0.0282118904627322
0.0252981972886279
0.0272321903049554
0.0252830846339377
0.0287231679278592
0.0294941619408741
0.0226717944953451
0.026074148642195
0.0226140814852954
0.0275468858742848
0.0298607860014942
0.0245547112879879
0.0291708554787346
0.0229330003341842
0.0260743175228712
0.0239687926852162
0.025000654472295
0.0284249897840631
0.0228738917223108
0.0241136869506256
0.0266911671576142
0.0220283223855354
0.0242109103460623
0.0282943531645849
0.0273643671438692
0.0211641081680458
0.0234958790343513
0.0201982212776025
0.02151985285915
0.0250449672602068
0.0221814960285038
0.0235966674112334
0.0298500809957313
0.0216866466778511
0.0294705118289724
0.0268732905263579
0.0305007551208944
0.0273108449343872
0.0258279111506155
0.0285897428754074
0.0289405074393972
0.0270940252901193
0.0238664566338855
0.0218694864072273
0.0243117538820536
0.0278836585792583
0.0237995621789863
0.0273033998392672
0.030203797992075
0.0228173222056415
0.0259181326721228
0.0303010916010997
0.0246546425480859
0.0239400843068288
0.023600191560605
0.0249481045099617
0.0253831417418644
0.0269935461876903
0.0262070647773109
0.0267526166005082
0.0286295276446335
0.0283130902596414
0.0249042768054525
0.0206366826447561
0.0251956574336052
0.0292085431763537
0.0241669517777292
0.0240292845448355
0.0297745158293175
0.0316015569957426
0.0226317672194305
0.0292111094967283
0.0266858176904349
0.0232298297407468
0.0255360692618125
0.0209771821390559
0.0224334194214812
0.0252557143249966
0.0246734937265864
0.0246342871673075
0.0270854426314855
0.0239550093127007
0.0279023099699623
0.0264537792104711
0.0268972185266333
0.0279153649667161
0.0239637992347501
0.0294388533248798
0.0271542271033784
0.0226376881441849
0.0279985227972933
0.0230605756492319
0.0279506015074297
0.03000413597571
0.0233886090968153
0.03342820411337
0.0233642140934337
0.0294454234276578
0.0226758864653182
0.0238775879717391
0.0256594503465969
0.0274034416822183
0.030077780367368
0.0196304807954869
0.0226518711244818
0.0305852552702759
0.0258903481217422
0.0262620629034048
0.0232044064237748
0.0299510709006292
0.0264516754078491
0.0249645829886771
0.0237782228006866
0.0315543938695594
0.0256345859024442
0.0247277150039787
0.0292511216703122
0.0255588799494121
0.027254463862212
0.0268664612542938
0.0285153910294097
0.0250974600967177
0.0284576373650426
0.0253437550381923
0.0268297650807097
0.0299446713106134
0.0246448367735957
0.024589289546697
0.02784520655421
0.0231973956841909
0.0291605572584697
0.0209173280702114
0.0314413543130009
0.0294742045817128
0.0236139910997476
0.0256566235445177
0.026361269960037
0.028229957825886
0.0296929089494563
0.0251633950318449
0.0250022877794461
0.0266545964240441
0.016312368659418
0.0259446699138417
0.0264829396115319
0.0281610095228358
0.0227622861221462
0.0256332344663112
0.0219841407780469
0.0272624874984057
0.025875308271817
0.0266011604870642
0.0268508826343458
0.0305488142878968
0.0263528460761904
0.0285753200162467
0.0221990634591624
0.0275180889725793
0.0291306924693721
0.0240955925488163
0.0244897088165725
0.0229410642101699
0.027951630651915
0.0242205396271331
0.0264723192303332
0.0240428889569639
0.0248313050031338
0.0211930097930226
0.028941480346068
0.0274328025161342
0.0318843553862524
0.0278523228815883
0.0250937114757268
0.0248827143996793
0.0234064041032417
0.0254840586157938
0.0244959265341978
0.0217717639286475
0.0238766544673783
0.0271281436952257
0.0276359617566687
0.0245029739929706
0.0223538743643749
0.0226893073867709
0.0212974991600191
0.027605638554108
0.0296346893074127
0.0260452128537428
0.0285007268447525
0.0248939325934349
0.0249425718877468
0.0300752230960224
0.0301983094421463
0.0252057088756025
0.022842575061472
0.02975350097279
0.0321029273555666
0.0260495170324277
0.0294563754286546
0.0264187866156024
0.0239631897072732
0.0284196691722146
0.0267943298868948
0.0244503404393855
0.0276514185373002
0.0284280666147397
0.0263113339037392
0.02602825001022
0.0267182213266689
0.0274266866533918
0.0230875573679169
0.0249257750823903
0.0257087418039759
0.0233070919218324
0.0268674969260857
0.0252964270328701
0.022730136861098
0.0292471283647206
0.0276604835757305
0.0209919941102194
0.0284164252038881
0.0276380090910555
0.0293053815458879
0.0244257543697569
0.0277801466871854
0.0216106067280694
0.0228672548458694
0.0225138545189347
0.0321563396968446
0.0266281867024559
0.0280333400127578
0.0246740112754124
0.0276266448150463
0.0269495243923654
0.0291732348660579
0.0280061682222068
0.0282378740754763
0.0272718070756571
0.0242175379352174
0.029868891779514
0.0275941724516322
0.0237841586358961
0.0296821023880558
0.0289018326243798
0.0213487796211566
0.0241236340010974
0.0345133421415984
0.0225837437332449
0.0256307117779501
0.0233115071820261
0.0327392331370889
0.0231650139187559
0.0259204651236421
0.0233397743855167
0.0276404090151107
0.0243721623229664
0.0250732339732311
0.0294141535104804
0.0261702088644815
0.0220023163687062
0.0273248077536251
0.0239514914262355
0.0277679015983623
0.0272049270899373
0.0222236742488059
0.0304812409395793
0.0254641640007331
0.0285650017647298
0.0237542686664172
0.0296848915856999
0.0267284967545399
0.0209208373167324
0.0305781718174265
0.0249162007838504
0.0275800679987204
0.024066029543298
0.0236438976497288
0.0256347730525895
0.0294629698319758
0.0295227041180484
0.025124925476845
0.0217077706640466
0.0229052402752305
0.0237569697160661
0.0267159180183087
0.0303606707163904
0.0229581557012761
0.0272815773205845
0.0226899378583995
0.0274257149795962
0.0319360813233938
0.0279057911613425
0.0277440618582085
0.0289939627828259
0.0250606807264044
0.0263670772286799
0.0243416825438848
0.0240295948790539
0.0299748891859025
0.0245028021331968
0.0268176345285964
0.0273948847576546
0.0256984204759176
0.0276401082086628
0.0226766164271269
0.0266001963009624
0.0288479385264653
0.024621523070589
0.0220034426868501
0.0268623622176831
0.0251043334937206
0.0235739289426477
0.0269936363344275
0.0274293857774562
0.0229930553711749
0.0221842998530683
0.0258944460638667
0.0270290778981979
0.0301217896051938
0.0217058528090787
0.0254117771893615
0.0271852795709899
0.0336736919351217
0.0268640491010733
0.0283782037157783
0.0270452660409319
0.026519498705074
0.0285706767539987
0.0238959695141333
0.0243148734540716
0.0304870850526795
0.0265011309468715
0.024084433499496
0.0315772792400479
0.0246574978090764
0.0240481390674141
0.0286970635166884
0.0198691767382078
0.0324681425591568
0.0242543329704371
0.0258407890373753
0.0273490077503345
0.0243965994711497
0.0272128679139753
0.0286904080835823
0.0232327370375037
0.0259737041867542
0.0264122684646671
0.0268867523644407
0.0239145892774961
0.0274100000500503
0.0244737679070489
0.0274652729509301
0.0229575068008115
0.0197707343881055
0.0238613201003278
0.026958690416156
0.0215227232611469
0.028291259604877
0.0279474187673938
0.022692978625604
0.0238523323136831
0.0227982861244643
0.0242224654037904
0.026683752142178
0.0260572125297817
0.0275143625950756
0.0246904318877966
0.0267261671815233
0.0241178763075116
0.0297606485591323
0.024006315583628
0.0210816237026617
0.0283415686383846
0.0227246526506938
0.0303216495083069
0.0215163497230237
0.0247175065098773
0.0291110753009911
0.0251042708539156
0.0262189201856106
0.0253593499074788
0.0247832619188331
0.0223983683445576
0.0282945600998907
0.0268767259811533
0.0312823324601971
0.0248374464521649
0.0282211342467566
0.0268957057969106
0.0287603473049946
0.020911450232592
0.0242910552588426
0.0334243507206239
0.023809935249954
0.0341215610476606
0.0227032520572493
0.0286253943969124
0.0277918420205567
0.0216938089129476
0.0222621222700784
0.0246003921774706
0.0225734994304373
0.019679831224997
0.0256969271976523
0.0243470063925483
0.0263443047163578
0.028628801699091
0.026376977066965
0.0229110626060823
0.0247584752377813
0.026166388877432
0.0229405595528634
0.0218646259204019
0.0298644171119303
0.0274563733251547
0.0257204043857365
0.0250484887299393
0.0194651595426051
0.0269773863391608
0.0251944973554706
0.0245216406146232
0.0324161740292967
0.0280870568338429
0.0235015055828725
0.0262727909271206
0.0325591265294583
0.0245937358201457
0.0293660795079837
0.0266731134894318
0.0268888685493382
0.0299545003572761
0.026994138608456
0.0231936783220328
0.0308756840949312
0.0277352076415116
0.0234664222833892
0.0268177834818014
0.0244661294822469
0.0293145903801208
0.0241383064344418
0.0300194721731894
0.0257740264886544
0.0243791853539343
0.0238215211720714
0.0230340746393611
0.0238064312386715
0.0256702287013279
0.0262283507343099
0.0253297296920938
0.0253486088334451
0.027656638238299
0.0278011472025359
0.0249937273389186
0.0250968778696986
0.0244184850179824
0.0333313445819083
0.0263740918581148
0.028924541294879
0.0276342629528028
0.0258120520793566
0.0250138504272361
0.0275809821894308
0.0301183221069174
0.0236190629474051
0.0240490614319287
0.0234125885748175
0.0267276741430079
0.0268540400973586
0.0261358416668961
0.0287687388884417
0.0283195889727168
0.0291655449886327
0.0237899331511368
0.0193974772494918
0.0283016506068292
0.0317925357824466
0.029570584459985
0.0289888200816164
0.0302923781486516
0.0276907984836665
0.0218655992724669
0.0251781038471014
0.0259202754977064
0.0249316255885681
0.0262564502378259
0.0262958946116912
0.0215080456394241
0.0234122427410509
0.0237938536548089
0.0242199206847686
0.0217426168186752
0.0260176841279819
0.0218564582567725
0.0318578886116993
0.0290685256134496
0.0284497579980197
0.0246698082827116
0.0240773681993858
0.0288933989679073
0.0256319118040986
0.0274110147848633
0.0281416780064316
0.0264967102693814
0.0251481163959342
0.0242632382917408
0.0219503492052256
0.0278465842058396
0.0268980779426304
0.0287421209898789
0.0316329670023286
0.0276185019773416
0.0269049243137252
0.028303612607228
0.0248622538417193
0.0266713504998369
0.0264487343862029
0.0249905571754452
0.0296099166207833
0.0244006420436341
0.0211688319106271
0.026262377540804
0.0323268357536642
0.0275205104968169
0.0249924714186704
0.0269173999608515
0.0292995363961661
0.0242361187233473
0.0243210362480178
0.0234493492945496
0.0248793996794751
0.0237365874553175
0.0246781701421111
0.0311998713728949
0.0243277244066969
0.0231519625181251
0.0261154369321757
0.0268181571541368
0.0269787492263186
0.0331256685639397
0.0218228746521153
0.027772879701783
0.0229513042481312
0.0231385219456559
0.0273314246491428
0.0271331146921197
0.0295138022250717
0.0251704305857937
0.024063614284287
0.0247852126625463
0.0276259566511932
0.0224467158066637
0.0262749024394779
0.0226159294015619
0.0265551990792832
0.0327551629605746
0.0237916375054965
0.0282724525863995
0.0198594720019147
0.0264944139963646
0.0207521344432209
0.024369306638675
0.0264717619185783
0.0252262824326252
0.0257756643044426
0.0217864889036639
0.0281385311891098
0.0242779091106127
0.0265530201223408
0.0256223618107642
0.0215867957081559
0.0270812005297242
0.0317257728736594
0.036219902566539
0.0247117706805512
0.0267259906468296
0.0261414199226267
0.022964367510521
0.0227577456684322
0.0371277072878126
0.0267180101476641
0.0237542922725208
0.0261268073371545
0.0273070032682149
0.0262766338997297
0.0270217641261601
0.0288324647312884
0.0299958446581157
0.0282962135613719
0.0268315031586554
0.023541001665578
0.0262523091390238
0.0253734457226383
0.0198753384989578
0.0268434913058083
0.0245400391914057
0.0262290855642496
0.0251451472896374
0.0282755774348533
0.0245956737376357
0.0278539661885669
0.0268714104782343
0.0256926126287375
0.0234474846994356
0.0242274684970444
0.0194712497300578
0.0245018093721999
0.0280147672679888
0.0279234462923073
0.0240887587337374
0.0281323454567771
0.0234263345768614
0.0296845463588556
0.0254632339634005
0.0250232879284079
0.0216641201962203
0.0298635389075715
0.0242317256656017
0.0263113401413092
0.0303997670363251
0.0257821233162097
0.0247784879079258
0.0234326402185454
0.024727937989866
0.0231342596973337
0.0301418022291231
0.0261716842246713
0.0227813645502943
0.0276214305149334
0.0226231573667126
0.0237212043242742
0.0281382972853125
0.0184505401922228
0.0199878772630342
0.0251442597123375
0.0279332968328312
0.0276256268466806
0.0271523955712605
0.0283394214363631
0.0329600514613653
0.0253424062401528
0.0242880043456222
0.0232212661680283
0.0214099595639215
0.0292911213491517
0.0282509238536084
0.0259403210417059
0.0254251962291647
0.0273502923501419
0.0244633264756241
0.0248680875237968
0.0244329060922536
0.0232193612059143
0.0222438356021793
0.0261239322973297
0.0239992273313152
0.0259512968028265
0.0228976136142626
0.0298101217543335
0.026461476091862
0.0218912897968976
0.029394044316633
0.0263119840631349
0.0260101221129402
0.0260866722805353
0.0199458826957078
0.0223824802643441
0.0255043842429063
0.0239101134406881
0.029159143663857
0.0298886706782823
0.0202997924709762
0.0255021089328518
0.0304707556375152
0.0256767004778777
0.0255188891707773
0.0305157188253002
0.0241258754877388
0.0288409472076801
0.0242176147851846
0.0271228237281196
0.0296432360010732
0.0266117675010815
0.0264241561975713
0.0290232480373148
0.0241821635912681
0.0283542462280091
0.0274023188845214
0.0230827628070138
0.027737422881806
0.0263096196942167
0.0234539041739818
0.0248290125668027
0.0287907360890483
0.0267317339229422
0.024550028843972
0.0234396572207743
0.0230684421194078
0.0241805417086238
0.0222941260556172
0.023144476338305
0.0244446120556228
0.0247176179770253
0.0247575046951935
0.0235434600945784
0.0253506681223895
0.0217770017831793
0.0233506148809115
0.0268727884362702
0.0266242750524509
0.0252552664705496
0.0230369472401549
0.0273914464151814
0.0248602031411565
0.0254635412763267
0.0292719666329927
0.027631955516504
0.0249949918370426
0.0257567790736556
0.0269324133628648
0.0229933323028752
0.0227998135493126
0.0218355465064275
0.0210849218296682
0.025254202765776
0.0297632160735908
0.0306595500843314
0.026255981188965
0.0227895224585082
0.023952548054489
0.026150503155233
0.0289179713412031
0.0246419136935361
0.0296291001878957
0.027361840656356
0.0268136245851004
0.0312237141502926
0.0237056653666463
0.0218404377110072
0.0250783575188327
0.0326225839523956
0.0273448876479296
0.0229750853418954
0.0209617369580855
0.0230565732694324
0.0249940462132976
0.020306669945787
0.0253816646837569
0.0268451638927081
0.0252459630623522
0.0283938858692063
0.0239122847932358
0.0240354537086187
0.0241344204356722
0.0291235827022058
0.0270846208646841
0.0282624397631524
0.0265948153018257
0.0227684737695079
0.0250259539210771
0.024237819285398
0.0247710427031017
0.0215912312949675
0.0237460664871636
0.0236270150071998
0.0256719161596314
0.0257917266800809
0.0220785855055138
0.0288497498772389
0.0246597554735391
0.024881434491285
0.0222485341724757
0.0312939795427965
0.0226091076241572
0.0299214649822372
0.03024509653581
0.0238279533071887
0.0285805854194188
0.0265927440889669
0.0237751625248835
0.0279481584683802
0.0246089517579934
0.0306478571527399
0.0223094529382632
0.0243268981466109
0.0227148139214764
0.0220194333307015
0.0267615104582181
0.0290407023255783
0.0219707257464274
0.0252011516655028
0.020773418232328
0.0250770937156706
0.0262343197398697
0.026364966316474
0.0253665865635095
0.0286817161836844
0.0232616145891234
0.023991689796765
0.0266059996661765
0.0306840004963035
0.0185799911379543
0.0271361612248179
0.0309063237637808
0.03180453732111
0.0267887224911515
0.0218141000770271
0.0238694477287548
0.0305183789112268
0.0248396917551146
0.0269685846589148
0.0274304749627578
0.0267771831948568
0.0232665528030645
0.0227244793367766
0.0286165181472185
0.0222136571877819
0.0287081640567709
0.0238134378198568
0.0264377704467225
0.0279983713838009
0.0241942109052934
0.0276931442548238
0.0222088430081176
0.0250148128752033
0.0277016728239884
0.0296348048195407
0.0257405043001862
0.026966002496493
0.0282487849356033
0.0269851178448437
0.0208727874202059
0.0230944887889856
0.0259971685944249
0.0311365255212171
0.0265880336937592
0.0214053012267187
0.0281797750588826
0.0283638285185117
0.0246004558142064
0.0220116808327412
0.0257025155834027
0.0269241961846513
0.0232953901439551
0.0219095287747867
0.0216953385840914
0.0248961066408566
0.0216671751345525
0.0267337479059668
0.0260521901577033
0.0227083366460958
0.0285650731691172
0.0241463660060696
0.0241577101525529
0.0237579116493352
0.0242669470178376
0.0294137899952604
0.0262528122550474
0.0252219006127422
0.0247114855533253
0.0255782736455701
0.0247050781971752
0.0213287557379441
0.0210960853196665
0.0296178167096144
0.0226134509173743
0.0238533066402956
0.0289284024365715
0.0255356852237197
0.0241971736043521
0.0248125767581286
0.0236583060195063
0.0239686238264894
0.0275372819570647
0.0270320363602065
0.0287533631589488
0.0243410966701732
0.0210626898384931
0.0268203121627212
0.0251599513153492
0.0287113373596121
0.0255828350032759
0.0336334004944037
0.0282761957817782
0.0272398970266801
0.0298602713179103
0.024834136429746
0.0284967985908356
0.027812001383117
0.0262650603244161
0.0310066635599189
0.0223651790645936
0.0295608022058751
0.0272855285170598
0.0235554214502971
0.0258368512482463
0.0276614388983508
0.0246519141300733
0.0266421404601832
0.0250874834017814
0.0252417415888319
0.0277735010612724
0.0235014004723131
0.019967625074255
0.0199751105862198
0.0249096284086958
0.0197809162580478
0.0260419744840767
0.0278251034326882
0.0290582520783214
0.0253205093432312
0.0281319909059532
0.0260027246847848
0.0263452227438451
0.0272136362577921
0.0285111871506511
0.0269308885235771
0.030435667583905
0.0257337305400533
0.028287614712231
0.02137618311008
0.0273455275812666
0.0261672735766773
0.0254834433898536
0.0245037463098854
0.0219164908973479
0.0252163544496023
0.0228059638138655
0.0238206844118
0.0200347825220882
0.024045599511626
0.0230175014257776
0.0232554829399992
0.0305823282093883
0.0229357093369428
0.0278300401840572
0.0246289261063702
0.0286733262910076
0.0213745890750287
0.0233836412033317
0.0271043824362806
0.0263995863552811
0.0220073054893011
0.0273733265698775
0.0353397701602122
0.0270346347053062
0.0254565858010801
0.0257893551275969
0.0270691918874561
0.0248026321973189
0.0281473198703131
0.0285157814684825
0.0236866362091201
0.029813521113288
0.0261326726247638
0.0276001939028672
0.0241825063878145
0.0228255657253998
0.0265785088361642
0.0227996277170619
0.024287536086639
0.0263551983648705
0.0204786064773215
0.0237598244095154
0.0246972461775535
0.0281793195707426
0.0266266557178315
0.0325027162527301
0.0266839485206278
0.0267248181923307
0.0244304605368674
0.0241432552927238
0.0298436603030926
0.0271346500856309
0.023012006916828
0.0279871631757851
0.0260309911149774
0.0259928172829429
0.027799043811814
0.0260456508754881
0.0224851775910042
0.0262390996905306
0.0228186279504687
0.020937529446274
0.0272807930469281
0.0283075222728576
0.0252084746833763
0.0230095772860427
0.0265124021485949
0.0269532499179066
0.0323467844356992
0.0303116592225909
0.0293544090493836
0.029116773710531
0.0273532388604275
0.0260474610996388
0.0251216855084124
0.023983975744924
0.0297555969201751
0.0209567373544744
0.0221678598319993
0.0237668897645331
0.0241898001507871
0.0277527454627083
0.02616584512934
0.0252326412275674
0.0236483055158581
0.0255787050429608
0.0216761994137286
0.0242623682150091
0.0247583399818044
0.0308573908643424
0.024417974350919
0.0279303588758567
0.0297563926855412
0.026736356178127
0.0243271291446348
0.0297801360206655
0.0217120751194302
0.0269361747932115
0.0306820762378098
0.0252337430814916
0.0252376963155151
0.0223185353687595
0.0298831608542348
0.024145978334402
0.0235958672167928
0.0268651285151758
0.0256039041829233
0.0209935923537164
0.0274461698928302
0.0261221504908534
0.028080536075735
0.0243247327047461
0.0274334662015879
0.0311258998424884
0.0248042900047244
0.0239269944868176
0.0249501218648187
0.0264885092003368
0.0251316455872249
0.0230678104894913
0.0292162546172251
0.0239803861604954
0.0262154435497187
0.0270645663944354
0.0215389626808945
0.023996819529544
0.0255460186030701
0.0260584271920206
0.026922736852744
0.0250099179294561
0.0253321495390559
0.0225077846719789
0.0230282635536364
0.0291530723446131
0.0252252155268367
0.028111111887295
0.0232862378843346
0.0283482227478024
0.0270253713743998
0.0239557541781746
0.0205486720127068
0.0320954310845541
0.0266376965840417
0.0239661550395238
0.0265439724138347
0.0265840454377533
0.023086348668548
0.0249362559036791
0.0249800116144072
0.0266560568626991
0.0304719619702105
0.0313077690354428
0.0258376393223483
0.0286147318034253
0.027694592460195
0.0273711582046914
0.0245338340952745
0.0244367170749412
0.0272249083071832
0.0248337981200637
0.0272937946876397
0.0233947786279502
0.0251009332195948
0.0255923460742799
0.0295929560032526
0.0266069359503904
0.0313101901724137
0.0279842488218987
0.0251462196137814
0.0283676054670322
0.030214021190055
0.0267818407029365
0.0212211263262462
0.0293839223277794
0.0239820684899901
0.0267524339750215
0.0292793089601351
0.0271702365869332
0.0246787507965681
0.0281753442703049
0.0271615360218029
0.0275135819497527
0.0258156294292388
0.0236101779868601
0.0299281940483528
0.0251507057621806
0.0289611194271456
0.0293146447309277
0.0258800288576864
0.0263067364797342
0.0261164945481848
0.0219060839170795
0.0268466214800073
0.0226853759055151
0.0284922006512923
0.0306448384050602
0.0293199328306794
0.0226974515472276
0.029549062916686
0.0247317764628025
0.0231265237345908
0.0248582571961357
0.025462244421613
0.024102960873917
0.02589137952087
0.0327878461955605
0.0242249683652693
0.0307656483616938
0.0263862632495025
0.0243776316558904
0.0292115162960107
0.0265008414353774
0.0246472702304318
0.0267680201465619
0.0222907067773704
0.0287997359090353
0.0256304203331076
0.0264015175793328
0.0291211736633343
0.0242803467635322
0.0223026164071853
0.0259067246933865
0.0278631637301246
0.024520464173366
0.0260687351212547
0.0269083651467575
0.0290150146268507
0.0254503393181114
0.0247567546544026
0.025394923963847
0.0245922388138806
0.0311751808634392
0.0272280990235749
0.0261872634122075
0.0227892225416555
0.0258618200485784
0.0270740538937232
0.0247202811895793
0.0189093688087912
0.0211842210071345
0.0248022027244982
0.0242992797672009
0.0233169973999565
0.0248422533540415
0.0270452962649732
0.0242925254245842
0.0323377862568436
0.0253960102043682
0.0265752000988857
0.0303595745913657
0.0263614530612453
0.0285335761984339
0.0297000014142922
0.0227973538967458
0.026201390664183
0.0221155579349071
0.0246618562357074
0.0269870895353828
0.0227572681758251
0.0278101170546116
0.0246108101440928
0.0255158323456471
0.0256466422986311
0.0330159565469139
0.0301312728494717
0.0257465035891685
0.0270578788525061
0.0273850043387766
0.0260653629519272
0.024340282303328
0.0241377243400957
0.0265495029430122
0.0261472936315192
0.0276809636335416
0.025509843020253
0.0246250375949442
0.0262377595949048
0.0281515137116871
0.0230288925859845
0.0289237599928069
0.0258818631028054
0.0227833552183027
0.0291852457478195
0.028364523585264
0.0252214795092612
0.0265923794125827
0.0255768053651031
0.0302123628328337
0.0277843162524837
0.024722183641422
0.0242611870264991
0.0257916808392434
0.0287529231860886
0.0279575159170707
0.0248427060384172
0.0273783157981668
0.0294114491752902
0.0267270296848738
0.0224263458389911
0.0240761702517689
0.0262316803403772
0.0261142076042855
0.0241220987873638
0.024781419403918
0.0288163340468106
0.0254370932769337
0.0250119279484455
0.0229962064389791
0.0307233942492242
0.0248449509281212
0.022405988079356
0.0233443894539942
0.0327043949362248
0.0296145235800155
0.0242831988528495
0.0277284542780161
0.0251801536993635
0.0216505246080449
0.0233880950456146
0.0247217570475346
0.0251501406707793
0.0261185827547587
0.0329761512267581
0.0287677804921282
0.0324015437071559
0.0242232148013709
0.0248617324910027
0.0254795596950344
0.0272864604261192
0.0217690028383589
0.0262555653997692
0.0265244242233528
0.0311466845261795
0.0277776148150026
0.0315160679551401
0.0343894747858271
0.0222449082100611
0.0254866369923994
0.0224600119508634
0.026422339089688
0.0215653419970416
0.0240412248364466
0.0280878565523576
0.0240751525656325
0.0254209895932406
0.0235297505619888
0.0239054222418701
0.0242542124995178
0.021659910314933
0.024233526422764
0.0280081497133115
0.0299122750442693
0.0260059630504786
0.0266512678674008
0.0264538677945093
0.0222449825911341
0.0240608731074238
0.0231872665597404
0.0296329273377139
0.0311121272874366
0.0337847999871637
0.0272493857485924
0.0282594412088119
0.027254691241252
0.0277848249137705
0.025463374456607
0.0283276146799396
0.0260653061268282
0.0229475331749721
0.0252063081907949
0.0226806403748464
0.0273082905207945
0.0231130779406056
0.0264318924228942
0.0251535271555706
0.0246766246114888
0.0226621695441336
0.0259300259584333
0.0241224358295644
0.0293502390181317
0.0251328027084687
0.0298005423373164
0.0215082744842876
0.0267635479842535
0.0245460374989348
0.0276240867217219
0.0267151216906926
0.0225980188531333
0.022066250527891
0.0200486859594135
0.0303943237316702
0.0279904273570254
0.0249690667607561
0.0279664115275519
0.0253610102327342
0.0272601657474368
0.0227266683590526
0.0305325311616739
0.0276953340993256
0.0299766804283944
0.0240041748568998
0.0204266315993734
0.0252450642872003
0.0300510954402727
0.0271286863239925
0.0299557718236692
0.0260777022180869
0.0213209823146823
0.0255179750412684
0.0251110144189186
0.0233340646065156
0.0275879937754573
0.0266851107190072
0.0281083892944347
0.0301301343471425
0.0254625392387415
0.0249035848207145
0.0227051441597229
0.024657164121534
0.0236609460618551
0.026619735442914
0.0267045382371025
0.0243188421303103
0.0342082735700058
0.0244441170510706
0.023706725651277
0.0248044712886862
0.0200862702775281
0.0219464779218381
0.0277507072921569
0.025933166233831
0.0248237716969943
0.0228708231224844
0.0263451133742997
0.0288282576412772
0.0227895042366697
0.0278889829154404
0.0231443109897729
0.0266538876280347
0.0260664518248794
0.0267107747486804
0.0243319383354962
0.0280123308738776
0.0261902529974218
0.0224840572612091
0.0335759873277062
0.0324921318165092
0.0267225616304831
0.0238793720138973
0.0270178364257856
0.0277321130587335
0.0264782882999672
0.0232767472772705
0.0260845766701765
0.030932777838318
0.0268968426164686
0.0224611823929943
0.0240490151710445
0.025672216888933
0.0270412557895243
0.0315242640661368
0.0240335865711034
0.027294332023917
0.0305097613945562
0.0219681566750761
0.0211411799951613
0.0211858548622922
0.0262498197533648
0.0220213739361375
0.0293818353192806
0.0240946225436599
0.0198888130788089
0.0224422577962996
0.0275146484514312
0.0251349489026666
0.0269235451626816
0.0294937793896344
0.0238426404563909
0.0244936815690652
0.0239664440857055
0.0248645604726888
0.0208262691929718
0.0262606711334444
0.0234107459642275
0.0281809071698895
0.025529339243628
0.0247376950307713
0.0222410019835976
0.028717249035137
0.0250960781416104
0.024293093747824
0.0212080078023235
0.0240038925754433
0.0230154621911508
0.0269024761979979
0.0243954464713088
0.0258371006380101
0.0226696963681317
0.0245824807439717
0.0293619397049569
0.029130931949318
0.0268772860468799
0.0282903877010257
0.0260945655126268
0.0287285690998574
0.0280206916740036
