0 0.0434782608695652 0.0116798015392417
0 0 0
0 0 4.57167104610585e-23
0 0 0
0 0 1.21858910886981e-89
0 0.0416666666666667 6.19755192100554e-05
0 0 3.28107023004625e-30
0 0 1.24357025568801e-10
0 0 5.21381327480522e-77
0 0 0
0 0 0
0 0 0
0 0.03125 0.00153761203316947
0 0 0
0 0.0357142857142857 0.00800254421597654
0 0 0.0476190476190476
0 0 0
0 0.0357142857142857 3.55766325137629e-06
0 0 0
0 0 0
0 0.0952380952380952 0.0998102940739371
0 0 2.61470121389581e-11
0 0 1.06956644661494e-77
0 0.0625 0.00147937963506526
0 0 0
0 0.0384615384615385 0.0102360709406045
0 0 0
0 0 7.19461053972073e-57
0 0 7.45097320623765e-12
0 0 1.11876586016214e-297
0 0 0
0 0 0
0 0 0
0 0.0476190476190476 6.79968563921499e-08
0 0 0
0 0 1.55002456054121e-07
0 0.0714285714285714 0.0346597350466429
0 0 2.76157979478374e-05
0 0 0
0 0 4.27618276030457e-227
0 0 0
0 0.0689655172413793 3.15222286750213e-05
0 0 0
0 0 0
0 0 2.41162271299615e-09
0 0 0
0 0 3.95827593506194e-52
0 0 0
0 0 0
0 0 2.20226230667096e-212
0 0 2.4295187007813e-14
0 0 0
0 0 2.46275638569902e-24
0 0.0526315789473684 0.0121039525049907
0 0.0416666666666667 0.00573540406612884
0 0 0
0 0 0
0 0 0
0 0 3.11893970811321e-11
0 0 0
0 0 2.00277745823453e-14
0 0 4.75794655650058e-50
0 0.0714285714285714 0.0370369396275359
0 0.0869565217391304 6.02746885156616e-07
0 0 0
0 0 3.05800366345e-10
0 0 7.58121491688987e-69
0 0 0
0 0 0
0 0 0
0 0 1.7389141727088e-24
0 0 6.41308339524202e-13
0 0.04 0.00892662264977055
0 0.0434782608695652 0.000158496026284523
0 0 0
0 0.0434782608695652 0.0237853148438724
0 0 2.46106306606499e-50
0 0.0384615384615385 0.0101249373363849
0 0 0
0 0 2.48783423528586e-77
0 0.0357142857142857 0.017145765683776
0 0 1.0960230618349e-83
0 0 0
0 0 0
0 0 1.09022144704071e-27
0 0 0
0 0 0
0 0 0
0 0 3.44090737420761e-06
0 0 0
0 0 6.97189836125864e-53
0 0 0
0 0.0967741935483871 0.0216901617582546
0 0 0
0 0 1.02561002276455e-182
0 0 0
0 0 0
0 0 1.36117148176886e-13
0 0.0645161290322581 0.0379055390253979
0 0 0.000121087215002553
0 0 0
0 0.0476190476190476 1.05403579940397e-06
0 0 0
0 0 0
0 0 0
0 0 0
0 0 0
0 0 0
0 0 0
0 0 0
0 0.037037037037037 0.038461538430661
0 0 0
0 0.0344827586206897 2.65946504052236e-06
0 0 0.0434782608695652
0 0 1.66324932034626e-26
0 0.0384615384615385 0.0123451778587547
0 0.0416666666666667 2.87067022919278e-05
0 0.08 0.0249183562549051
0 0 2.52378153981597e-100
0 0 3.24872469397387e-139
0 0 3.16439559644251e-171
0 0 1.78498742104584e-09
0 0 0
0 0 0
0 0 0
0 0 0
0 0 8.11607753589941e-116
0 0 1.28135106562998e-07
0 0 1.02094679528169e-85
0 0 3.98379423383352e-41
0 0.05 7.94686051768785e-05
0 0 2.93492792214261e-165
0 0 3.09797268299793e-13
0 0 6.42457260474321e-82
0 0 9.28636710228993e-143
0 0.0263157894736842 0.0269620769463386
0 0 1.53743272240189e-07
0 0 0
0 0 7.49239375137234e-07
0 0.0434782608695652 0.00116008850249251
0 0.0454545454545455 5.45262675015307e-07
0 0 2.44924581657289e-21
0 0 0
0 0 0
0 0 2.14702571078304e-13
0 0 1.2290683022998e-81
0 0.0333333333333333 0.00809129148123752
0 0 0
0 0 3.82212225596065e-40
0 0 0
0 0.04 0.0205701975846487
0 0.027027027027027 0.00557595655280628
0 0 0.0573437092428341
0 0 0.000266520197693216
0 0.0689655172413793 0.0124045935426519
0 0.0416666666666667 3.23863762902004e-09
0 0 0
0 0 0
0 0.0384615384615385 0.00738676821119085
0 0.03125 3.12616381730841e-08
0 0 0
0 0 4.91726666454337e-207
0 0 0
0 0 5.51847372905111e-244
0 0 7.07291405738473e-21
0 0 0
0 0 9.14842776442183e-45
0 0.0384615384615385 0.00353681966488588
0 0.0454545454545455 0.0241808010147755
0 0.0434782608695652 0.00373668868204762
0 0 3.18864973135957e-05
0 0.0357142857142857 0.000695494507942614
0 0.0357142857142857 1.801523438284e-09
0 0 6.61420996586214e-26
0 0 0
0 0 0
0 0 0
0 0 0
0 0 0
0 0 0
0 0.03125 0.0118851280504952
0 0.0689655172413793 0.0076777257600045
0 0 0
0 0 4.55209114188137e-06
0 0 3.68173577810276e-36
0 0.0714285714285714 0.00648378282772353
0 0.04 1.39209251544945e-05
0 0 0
0 0 0
0 0.08 0.0262677242134247
0 0 0
0 0 0
0 0.04 0.000326546824533722
0 0.0434782608695652 4.75021824672964e-05
0 0 0
0 0 2.84272225231551e-119
0 0.0666666666666667 4.00092625328609e-05
0 0 0
0 0.032258064516129 0.000131314807656553
0 0 3.14465016297399e-70
0 0.0384615384615385 0.0269107764930202
0 0 0
0 0 6.71735584205905e-21
0 0.0526315789473684 0.00965246786229738
0 0 0
0 0 0
0 0 0
0 0 2.46187241753541e-18
0 0 1.31968252907649e-12
0 0 6.15044037686328e-09
0 0.0384615384615385 0.0112935571772894
0 0 0
0 0.0434782608695652 0.000494569803499949
0 0 3.5542231276123e-123
0 0 0
0 0 0
0 0 7.19440749767598e-46
0 0.0740740740740741 0.00925854651638766
0 0 0
0 0.0769230769230769 0.00965597793808094
0 0.0357142857142857 0.0162269191044383
0 0 0
0 0.0416666666666667 0.00099945239220821
0 0 0
0 0 5.66975808273381e-16
0 0 2.94117734405792e-24
0 0 0
0 0 2.18091921625266e-11
0 0 0
0 0 0
0 0 5.91160126012907e-88
0 0 0
0 0 0
0 0 0
0 0.0416666666666667 0.000571179099065491
0 0 0
0 0 0.0454545454545455
0 0.0434782608695652 0.00195545437428076
0 0 1.34414130754287e-10
0 0.0416666666666667 0.0434782584330739
0 0 0.000120589768561253
0 0 0
0 0.0434782608695652 0.00854735705153888
0 0 0
0 0 6.94382113104692e-103
0 0.032258064516129 0.0076398438400754
0 0 0
0 0 7.62714455300576e-06
0 0 3.12104726839841e-174
0 0 0
0 0 0
0 0.04 0.0134457670640222
0 0 1.23810740261125e-91
0 0 1.35931675682962e-244
0 0.0454545454545455 0.00832648854988422
0 0 1.92397352119802e-07
0 0 0
0 0 7.63498191726902e-282
0 0 6.02601871348432e-84
0 0 0
0 0.0384615384615385 1.68404660422978e-06
0 0 0
0 0 0
0 0 4.56180289316378e-25
0 0 0
0 0 7.94414982521117e-124
0 0.0277777777777778 8.12892662162919e-09
0 0.0357142857142857 0.00209680694522119
0 0 0
0 0 2.36140880426781e-06
0 0 8.73690425509148e-24
0 0.0294117647058824 0.0303030303030303
0 0 7.67565113033715e-159
0 0 0
0 0 0
0 0 0
0 0 0
0 0 2.97612050454354e-15
0 0 8.05225082709291e-12
0 0 6.83086271091108e-108
0 0 7.51273445366964e-75
0 0.0384615384615385 0.0134230793755488
0 0 4.53845989435361e-44
0 0 0
0 0.0384615384615385 0.040023779609493
0 0 0
0 0 0
0 0.0526315789473684 0.0555555555045991
0 0.0294117647058824 1.3678580598059e-07
0 0 3.19116298619629e-273
0 0 4.81050053294573e-60
0 0.0357142857142857 0.0185182734357652
0 0 0
0 0.037037037037037 0.0376273596757609
0 0 5.64764358183778e-33
0 0 0
0 0 0
0 0 6.72671315509032e-16
0 0 4.37529985324208e-230
0 0 1.7661429634076e-16
0 0 0
0 0 3.71555572055334e-07
0 0 4.75499069532035e-94
0 0 1.64684397652857e-74
0 0 0
0 0 0
0 0 1.12390516985285e-124
0 0 3.51494262479528e-10
0 0.0384615384615385 1.76914313064949e-05
0 0 0
0 0 0.000254387138479274
0 0 0
0 0 0.00043356081015408
0 0 0
0 0 0
0 0 9.58856047722014e-69
0 0 3.50486830630146e-101
0 0 0
0 0 0
0 0 0
0 0 6.95547739606158e-12
0 0 0
0 0.0526315789473684 0.0152260341218117
0 0 3.9835490374089e-111
0 0 0
0 0.05 0.0164029745233815
0 0 2.66518559333246e-24
0 0.0294117647058824 0.00828078054922949
0 0 0
0 0 0
0 0 1.11002137621306e-10
0 0 1.9222907490558e-99
0 0.0333333333333333 0.0130782374103814
0 0.037037037037037 0.0384553760510198
0 0.0357142857142857 8.40968277630375e-10
0 0 1.81158952400186e-17
0 0.04 0.0266259264495164
0 0 4.61138896148068e-55
0 0 9.9094376793549e-66
0 0 0
0 0 0
0 0 0
0 0.0434782608695652 0.0212292887283462
0 0.05 0.044203020986856
0 0 3.25876888508999e-17
0 0 5.45799262906646e-05
0 0 0
0 0 0
0 0.0434782608695652 0.0439750114970621
0 0 9.2756727415757e-148
0 0.032258064516129 0.000269515186481365
0 0 2.98344570830508e-25
0 0.0434782608695652 0.00454838723560537
0 0 2.12366839795835e-11
0 0 0
0 0 0
0 0 0
0 0 8.2615159722871e-18
0 0.0476190476190476 0.0477900953639056
0 0 5.07042533381869e-27
0 0 2.19332863668476e-23
0 0 0
0 0.0384615384615385 0.0399209580420496
0 0 1.84668091071848e-05
0 0 0.000195027085887087
0 0 0
0 0 0
0 0 0
0 0 0
0 0.0303030303030303 0.0219642536025135
0 0.0303030303030303 0.0180027529686735
0 0.0357142857142857 0.0111758826404296
0 0 0
0 0.037037037037037 0.0296860485660442
0 0 5.81482069724739e-20
0 0 0
0 0.04 0.0215346978964885
0 0.032258064516129 5.16934249566372e-06
0 0 4.69263184131053e-255
0 0 1.56745607066648e-42
0 0 0
0 0.0454545454545455 0.000294922486371201
0 0 5.55088140733533e-19
0 0.0454545454545455 0.0476190476190476
0 0.0285714285714286 2.26988845775809e-06
0 0 0
0 0 0
0 0.0869565217391304 0.0127861516996267
0 0 4.19782588141234e-14
0 0 7.76443572364862e-251
0 0 0
0 0 8.77870701301271e-14
0 0 7.33597544641949e-74
0 0 3.63044798562197e-08
0 0 9.22291531577026e-27
0 0.0333333333333333 6.74806351067475e-06
0 0 2.74276082160444e-88
0 0.04 0.00184948357032112
0 0.037037037037037 0.0105513396077356
0 0 1.52250066438631e-240
0 0 0
0 0 4.73020317770094e-133
0 0.032258064516129 0.00708926204165338
0 0 0
0 0 8.83254666362165e-48
0 0 0
0 0 3.64200253503591e-177
0 0 1.23952032388697e-51
0 0.0333333333333333 3.52359783880355e-08
0 0.15 0.0624271987986408
0 0 1.70787734235683e-69
0 0 1.00040350240207e-19
0 0 0
0 0.0434782608695652 0.000255136087000481
0 0 5.57419824252263e-64
0 0 0
0 0 0
0 0 2.42033251266844e-71
0 0.0333333333333333 0.027977275781836
0 0 0.0434783571322791
0 0 4.60484821426694e-09
0 0 0
0 0.0454545454545455 0.0188664143243778
0 0 1.93143821639155e-06
0 0 0
0 0 0
0 0 4.6847437947784e-17
0 0.0454545454545455 0.0061312491692032
0 0 0
0 0 0
0 0 4.32881224222021e-20
0 0 0
0 0 1.96221535415566e-98
0 0 1.24882501749417e-18
0 0 0
0 0 0
0 0 3.23517374345977e-281
0 0.0357142857142857 0.0130168836094238
0 0 0
0 0 0
0 0 2.13945041919133e-94
0 0.0303030303030303 0.0045870026492879
0 0.032258064516129 0.0110737246845804
0 0 0
0 0 0
0 0 5.49034227586605e-40
0 0.0344827586206897 0.0153935617281863
0 0 0
0 0.121212121212121 0.0181294762220976
0 0 0
0 0 3.60195559018164e-33
0 0.032258064516129 0.00121249799885054
0 0 1.24199884008078e-58
0 0.03125 0.00512100608194675
0 0 0
0 0 1.07104076320271e-277
0 0 5.44318501327643e-96
0 0 2.65524538301425e-08
0 0 0.000524261724570947
0 0 0
0 0 8.88524485163183e-93
0 0 0
0 0 0
0 0 0
0 0 0
0 0 0
0 0 2.49896640370828e-11
0 0 0
0 0 3.01478172380602e-08
0 0 3.41447649225864e-270
0 0.037037037037037 0.0106718332548883
0 0.032258064516129 1.28775605195564e-07
0 0 0
0 0 0
0 0 0
0 0.0526315789473684 0.0343691692432546
0 0 0
0 0 0
0 0 0
0 0 0
0 0.0434782608695652 0.00643390078540458
0 0.0357142857142857 0.0119188229433406
0 0.0384615384615385 1.01549506602587e-09
0 0 7.80432283210603e-19
0 0.0416666666666667 7.24136170593694e-05
0 0 3.65514581157872e-134
0 0 0.000184359846108939
0 0 3.92869487977247e-23
0 0 0
0 0 6.90890620305672e-14
0 0 0.0123667183773857
0 0 2.47479741743524e-07
0 0 3.22665224514039e-28
0 0 1.95851663254991e-67
0 0 0
0 0 0
0 0 3.39624555556385e-119
0 0 5.88340416565476e-113
0 0 4.01646893505086e-24
0 0 0
0 0 4.20750510790932e-190
0 0 3.01004069692539e-186
0 0 0
0 0.032258064516129 0.00998160114172985
0 0 0
0 0.0625 1.24029880922219e-05
0 0 0.00016104747000183
0 0.04 3.90682104973486e-06
0 0 0
0 0 6.31163532555746e-18
0 0 5.54569456191984e-55
0 0 0
0 0 0
0 0 0
0 0 2.45203733825453e-215
0 0 0
0 0 0
0 0 0
0 0.0333333333333333 0.000366514135068947
0 0 1.15015351548952e-14
0 0 3.46250277495444e-24
0 0.0555555555555556 0.0268386314943204
0 0 0
0 0 6.83900704884995e-255
0 0.0833333333333333 0.0062951203045813
0 0 6.5300634060123e-55
0 0 1.30252477055852e-58
0 0 0.000414696098020774
0 0.037037037037037 0.0155019089958835
0 0 8.39822890954071e-42
0 0 0.00471435339105395
0 0.032258064516129 0.0216301500589944
0 0.0454545454545455 0.0119474401634854
0 0 5.18345590814906e-200
0 0 3.70187706411241e-62
0 0 0
0 0 0
0 0 2.71862408905594e-06
0 0.0333333333333333 0.00903042264286283
0 0.04 0.0109083925537511
0 0 0
0 0 0
0 0.0294117647058824 0.00184983003114196
0 0 6.09762370784175e-133
0 0 1.1461665883461e-83
0 0 2.44616721436454e-25
0 0 1.3178335042397e-49
0 0 0
0 0.04 0.000273400254318296
0 0 5.21019359319638e-130
0 0.0454545454545455 1.23491469758163e-05
0 0 8.6582177496404e-99
0 0 0
0 0.0434782608695652 0.0454545454545454
0 0 0
0 0 0.00943147904985095
0 0.05 0.0280676897983829
0 0 0
0 0 6.91165381601263e-187
0 0 0
0 0 2.04364515214974e-47
0 0 0
0 0 1.58206490619724e-170
0 0.0344827586206897 0.00345300916005382
0 0 0
0 0 0
0 0 0
0 0.0384615384615385 0.00982408182980008
0 0.05 0.0234107491421923
0 0 1.8485011471995e-27
0 0.0454545454545455 0.0125407738751711
0 0.0434782608695652 0.0144216389890104
0 0 0
0 0 4.43097875970282e-99
0 0 2.56748774083247e-11
0 0 0
0 0 0
0 0 0.0588235251850389
0 0 1.50257532287681e-118
0 0 2.10048926154543e-24
0 0 1.21521714223528e-91
0 0 0
0 0 0
0 0.032258064516129 0.0214947574435446
0 0 0
0 0.032258064516129 1.15961344660933e-06
0 0 0
0 0 2.44659551359874e-05
0 0.0333333333333333 6.07907239631365e-09
0 0 2.18059565250277e-92
0 0 0
0 0 2.19722504781628e-171
0 0 0
0 0 0
0 0.0384615384615385 0.00558877087506279
0 0 0
0 0 2.31998239642318e-12
0 0 1.63671678688639e-102
0 0 0
0 0 5.4537010229897e-08
0 0 0
0 0 0
0 0 2.07531094080629e-236
0 0 5.07957268002613e-19
0 0 1.57703075190148e-136
0 0.037037037037037 0.0103645498813682
0 0.0416666666666667 0.0432761788830337
0 0.0357142857142857 1.61486399814862e-05
0 0 7.15656021671756e-158
0 0 1.46854450185861e-158
0 0 0
0 0 4.71190126284905e-17
0 0 0
0 0.0434782608695652 0.00940040320887782
0 0 0
0 0 0
0 0 0
0 0 0
0 0.0357142857142857 2.63748047210178e-08
0 0 0
0 0 0
0 0.0645161290322581 0.0203345035055286
0 0 2.3702287413419e-25
0 0 0
0 0 9.30104799351294e-244
0 0 5.14642539544165e-22
0 0 0
0 0.04 8.62454662295648e-06
0 0 0
0 0.032258064516129 0.0061094255414581
0 0.0285714285714286 2.14496972320601e-05
0 0 0
0 0 5.98499459179743e-58
0 0 0
0 0 0
0 0 1.20865766726963e-101
0 0.05 0.0354666936580448
0 0.0526315789473684 0.0136489651179936
0 0 4.25834180396187e-241
0 0.0333333333333333 0.00335487284399695
0 0 0
0 0 0
0 0 0
0 0.0740740740740741 0.0413442415902597
0 0.0333333333333333 3.38786832184755e-05
0 0 0
0 0 0
0 0 0
0 0 1.34242551794154e-65
0 0 4.27001984842528e-05
0 0 1.41703124879567e-05
0 0 1.14033731107926e-96
0 0.0434782608695652 0.00204070916462546
0 0.0434782608695652 9.94319904010331e-08
0 0.0526315789473684 0.0136637274164876
0 0.0476190476190476 0.0481340571959074
0 0 8.27042306563656e-10
0 0 4.21949486355839e-206
0 0 1.9519377345146e-209
0 0 1.431439647738e-21
0 0 0
0 0.0416666666666667 6.99906933931469e-05
0 0 0
0 0.04 0.000325271454182685
0 0 0
0 0.0333333333333333 0.00605246110712579
0 0.0384615384615385 0.00398464343024145
0 0 0.0318857766711672
0 0 0
0 0 0
0 0 0
0 0.0526315789473684 6.19991661461605e-05
0 0.0357142857142857 0.0123260486625455
0 0.0689655172413793 0.00896306608914211
0 0 0
0 0 4.4051999686043e-177
0 0.0357142857142857 0.00683890940873808
0 0 3.57040329424758e-128
0 0 1.32503483096341e-05
0 0 1.77748831488596e-12
0 0 0
0 0.05 0.010315976214523
0 0 0
0 0 4.92498275525661e-122
0 0 0
0 0 5.44747939349944e-200
0 0 2.42683900508283e-164
0 0 0
0 0 0.000197161623987632
0 0 0
0 0 0
0 0.0606060606060606 0.0130329209754506
0 0.0476190476190476 0.00746727807026907
0 0 5.0030035923e-12
0 0 2.23797410128131e-10
0 0 0
0 0 0
0 0 0
0 0 1.50184137276548e-21
0 0 0
0 0 7.57002982444068e-113
0 0 0
0 0.037037037037037 0.00778583875590383
0 0 0.000315511081451693
0 0 1.03346006525082e-08
0 0.0277777777777778 6.29227961005753e-05
0 0 0
0 0 0
0 0 0
0 0 0
0 0 2.33413540909601e-95
0 0 0
0 0.0714285714285714 0.0475028239250958
0 0 0
0 0 8.6958075834153e-210
0 0 0
0 0.0555555555555556 0.0139564804862514
0 0 0
0 0.0357142857142857 0.00919799629629256
0 0 0
0 0 0
0 0 4.91575711196492e-39
0 0 0
0 0 0
0 0 2.85505901992972e-07
0 0 0
0 0 2.56128630619471e-302
0 0 9.16617225424492e-31
0 0 1.15806797090533e-32
0 0.0526315789473684 0.0530073310858414
0 0 5.36073589547121e-17
0 0 0
0 0 0
0 0 1.15279934766442e-122
0 0.0344827586206897 0.0351960068446606
0 0.0555555555555556 2.74772856548496e-06
0 0 4.86663752542492e-248
0 0 0
0 0 0
0 0.032258064516129 9.41465139439889e-07
0 0.032258064516129 0.00163293482627182
0 0.04 0.0138766632368063
0 0.0740740740740741 0.00463755606592738
0 0 4.65685987672834e-28
0 0 1.77559996343514e-08
0 0 9.6993527345563e-25
0 0 7.28093244973099e-13
0 0 0
0 0 0.02
0 0 0
0 0 1.72189018033565e-12
0 0.115384615384615 0.0416663056164326
0 0 0
0 0 4.67571643081441e-09
0 0 0
0 0 0
0 0 3.87491120762683e-186
0 0 2.49670431445201e-106
0 0 0
0 0 3.84182804015391e-52
0 0 0
0 0 0
0 0 4.95928454102926e-83
0 0 2.23274355295047e-270
0 0 0
0 0.03125 0.0108837222322451
0 0 8.26622536124138e-09
0 0.0344827586206897 0.0126169282988009
0 0.0357142857142857 0.0108315239756624
0 0 0
0 0 6.31085173673014e-13
0 0 3.5926983924552e-216
0 0 9.89246424304509e-26
0 0 0
0 0 2.69441306276882e-10
0 0 5.19068911326469e-25
0 0 0
0 0 0
0 0 6.95846306537123e-170
0 0 0.037037037037037
0 0 0
0 0 0
0 0 0
0 0 0
0 0 0
0 0 0
0 0 0
0 0 3.73107433726168e-10
0 0 2.12728179823773e-79
0 0 1.14623229835169e-321
0 0 6.00614660770352e-10
0 0 4.04068178247051e-15
0 0.0769230769230769 0.0222105843444717
0 0 1.63164007310442e-43
0 0 1.22313706441596e-25
0 0 0
0 0 5.36135385374255e-40
0 0.04 2.78014450269398e-05
0 0 0
0 0 0
0 0 4.00515263061895e-16
0 0.0263157894736842 0.0101953848438363
0 0.04 0.00068225750346688
0 0 1.32930389430698e-14
0 0.0294117647058824 0.0148777460189162
0 0.0454545454545455 1.62343987448476e-06
0 0 2.24146859279414e-08
0 0.0333333333333333 0.0340965899049129
0 0 0
0 0 0
0 0 1.60305235733619e-22
0 0 0
0 0 0
0 0 0
0 0 2.95450993822614e-28
0 0 0.000190458205165483
0 0 1.67520340167257e-08
0 0 0
0 0 0
0 0 0
0 0 7.86825954285368e-290
0 0.0333333333333333 0.0135041540282802
0 0 1.00770513837908e-07
0 0 0.00103027278330886
0 0 1.6648202989111e-10
0 0 0
0 0 0
0 0.03125 0.000424515766868673
0 0 0
0 0 4.94708742462001e-69
0 0.0416666666666667 0.000930487773908081
0 0 0
0 0.0740740740740741 0.0347355090209363
0 0 1.19516544173181e-07
0 0.037037037037037 0.000278776637545765
0 0.04 0.00357836268975074
0 0 0
0 0 2.25505940153961e-14
0 0 4.13574318548075e-25
0 0 0
0 0.0357142857142857 7.8027845512553e-06
0 0 0
0 0.037037037037037 0.000703426745966276
0 0 0
0 0 1.20864198722491e-69
0 0 2.35828006071823e-84
0 0.0416666666666667 0.000840402178767626
0 0 7.90864107272017e-37
0 0 0
0 0.0357142857142857 4.89170865724356e-06
0 0 2.35500136766368e-17
0 0.037037037037037 0.00203922317602815
0 0 0
0 0 0
0 0 0
0 0 0
0 0 1.97465924168102e-14
0 0 3.66464422706686e-187
0 0 0
0 0.037037037037037 0.000498773054218314
0 0 0
0 0 0
0 0.032258064516129 0.0105670785209857
0 0 0
0 0 0
0 0.0285714285714286 0.00328785213033149
0 0 2.19721370150878e-85
0 0 6.40729114398119e-10
0 0 1.42507222832202e-248
0 0 2.21693392105145e-09
0 0 0
0 0 0
0 0 3.47213515231774e-54
0 0 6.1104173606895e-44
0 0 0
0 0 1.63645393307333e-37
0 0 0
0 0.0416666666666667 0.000178720976726125
0 0 0
0 0 0
0 0 0
0 0 0
0 0 0
0 0.0625 0.0101232782564303
0 0.04 0.0355529337021017
0 0 0
0 0 0
0 0 4.62471055353269e-11
0 0 0
0 0 0
0 0 2.91449134898339e-24
0 0 0
0 0 0
0 0 2.63671398977346e-25
0 0 0
0 0 0
0 0 0
0 0 0
0 0 6.22196157875654e-20
0 0 1.02018357830384e-149
0 0 0
0 0 2.41990341755018e-16
0 0.037037037037037 0.00240932656860479
0 0 4.20139974468269e-36
0 0 0
0 0 0
0 0.0416666666666667 0.00625003929592278
0 0 1.67745380673742e-142
0 0 3.96524580753473e-38
0 0 4.49949734943955e-86
0 0.037037037037037 0.00116023115208859
0 0 6.32512012652903e-09
0 0.032258064516129 0.00884404815781958
0 0 2.2678631052801e-06
0 0 4.56866552754133e-59
0 0 0
0 0 1.64399926632949e-119
0 0 1.2104567019562e-05
0 0 0
0 0 8.86245989232884e-56
0 0 0
0 0 0
0 0.04 0.0222504583476382
0 0 0
0 0 3.75352780586365e-28
0 0 0
0 0 0
0 0 2.08132309906652e-75
0 0 0
0 0 0
0 0 3.05965259952402e-185
0 0 0
0 0 0
0 0 0
0 0.0454545454545455 0.0121664764403275
0 0 1.30170315935012e-99
0 0 0
0 0 0
0 0 2.43768572794262e-13
0 0 0
0 0.037037037037037 9.2793660531896e-07
0 0 4.79920141142819e-227
0 0 4.1412039616965e-07
0 0 0
0 0 6.28271270550173e-59
0 0.0434782608695652 0.020653191432008
0 0 3.58595139687966e-05
0 0 0
0 0 1.67950095426533e-19
0 0.03125 0.00115965951553764
0 0 0
0 0 8.43741220767352e-42
0 0.04 0.0140375237583421
0 0 4.33283282599686e-10
0 0 0
0 0 0
0 0.0454545454545455 0.0231870991436684
0 0 0.000519842090849715
0 0 0
0 0 0
0 0 1.65974890494586e-34
0 0 2.93325264833174e-108
0 0 0
0 0.0384615384615385 1.16071935219455e-05
0 0.0384615384615385 0.000220062048932516
0 0 5.32448568892244e-44
0 0 0
0 0 7.85391866227154e-17
0 0 2.85830329334584e-95
0 0 0
0 0 0
0 0 3.2203346727621e-176
0 0 0
0 0 3.39066780534494e-129
0 0 9.64121921766114e-66
0 0 0
0 0.0476190476190476 0.0249999167043732
0 0.0333333333333333 0.00703534566706843
0 0 0
0 0 0
0 0 0
0 0 3.68507784895148e-308
0 0 4.40098673389372e-28
0 0 3.79898238620549e-141
0 0 0
0 0 5.55854097707471e-229
0 0 0
0 0.0882352941176471 0.0211557981019945
0 0 0
0 0 6.71174156260667e-05
0 0 0
0 0.0434782608695652 0.00243849101685622
0 0 0
0 0 0
0 0 0
0 0 0
0 0 0
0 0 3.93931889556498e-11
0 0 0
0 0 0
0 0 0
0 0 0
0 0 1.64098468652838e-39
0 0.04 0.0428177623881852
0 0 0
0 0.0333333333333333 0.0107759839637238
0 0.0454545454545455 0.00327345963768768
0 0 7.47372062512019e-274
0 0.0303030303030303 0.00322530807142371
0 0 0.000229977397250024
0 0.0416666666666667 0.00103140879758131
0 0 1.73177041734828e-26
0 0 4.21122915625198e-123
0 0 0
0 0 0
0 0 1.40709510647206e-182
0 0 4.05806301740116e-57
0 0.0333333333333333 8.91912211127046e-10
0 0 1.12408217903398e-130
0 0 6.32332908206857e-49
0 0.0416666666666667 0.00238617373050373
0 0 0
0 0 1.33373255440197e-208
0 0.0526315789473684 0.036405380845055
0 0 3.27671834118928e-159
0 0 0
0 0 1.15480427571863e-186
0 0 0
0 0 1.55989228148449e-151
0 0 4.11341201448672e-90
0 0 0
0 0 4.43505541957979e-12
0 0.0416666666666667 0.004998735288495
0 0 3.15539404965583e-170
0 0 0
0 0.0384615384615385 0.0234029299342501
0 0 0
0 0 2.59919078195232e-136
0 0 1.68864239005175e-70
0 0 0
0 0.0454545454545455 0.020745605652117
0 0.0384615384615385 0.016797187220873
0 0 0
0 0.037037037037037 0.000193610051216183
0 0.037037037037037 0.00966162146399563
0 0 0
0 0 5.44045948218414e-53
0 0.0454545454545455 0.0029399533676518
0 0 0
0 0 0.000799399745349816
0 0 5.80446716748993e-07
0 0.0666666666666667 0.024755106802679
0 0.0434782608695652 0.00351485043251636
0 0 3.42307514277975e-285
0 0 0
0 0 8.33321856820027e-40
0 0.032258064516129 0.00318254936101332
0 0 0
0 0 0
0 0 0
0 0 0
0 0 2.87761707801784e-57
0 0 8.49437953810632e-241
0 0 0
0 0.05 0.00203647411082521
0 0.032258064516129 3.53358198193472e-07
0 0 2.63933016984915e-69
0 0 6.24990946582739e-07
0 0 0
0 0.0416666666666667 0.0196290137470697
0 0 4.3365927898751e-15
0 0 0
0 0 6.98885130941041e-209
0 0 0
0 0.04 0.00676722643901096
0 0 0
0 0 4.75526553439999e-55
0 0 0
0 0.0476190476190476 9.60510917290672e-05
0 0.037037037037037 0.0110031066928314
0 0 1.89660194796126e-14
0 0 2.64334039667759e-11
0 0 0
0 0 7.24062127561783e-13
0 0 8.75787113544028e-08
0 0 0.0383742359116485
0 0 0
0 0 1.06479126253799e-19
0 0 3.38453462465475e-09
0 0 1.2159392513568e-10
0 0.0645161290322581 0.00346235974417854
0 0.0333333333333333 0.0126364666451804
0 0 0
0 0.0333333333333333 0.00834170769539181
0 0 0
0 0.0357142857142857 0.000160053827540774
0 0 0
0 0 6.93622202116394e-16
0 0 1.22449274949204e-66
0 0 0
0 0 0
0 0 5.51645452360572e-134
0 0 0
0 0 3.40563518987417e-16
0 0 7.77700420575383e-33
0 0 0
0 0 0
0 0 0
0 0 0
0 0.0357142857142857 0.0105743796519322
0 0 8.0343896266267e-09
0 0.0625 0.0222821486024544
0 0 0
0 0 1.83345208054341e-144
0 0 0
0 0.0476190476190476 0.0132624386389657
0 0 0.00417200348286496
0 0.0384615384615385 0.0118120984665707
0 0 6.32050938780688e-34
0 0 0
0 0.0333333333333333 0.00876257779929308
0 0 1.90980813769805e-157
0 0 0
0 0 0
0 0 0
0 0 7.03748521673993e-14
0 0.0454545454545455 0.00271948403227241
0 0 0
0 0 1.70496093053426e-09
0 0 0
0 0 1.54098792907551e-53
0 0 6.69702282281108e-21
0 0 1.11230094450908e-10
0 0.0333333333333333 0.010078572419532
0 0.0476190476190476 6.38904158841308e-07
0 0.037037037037037 0.0102558362058042
0 0 7.3693324356425e-156
0 0 0
0 0 0
0 0 2.96439387504748e-321
0 0.0357142857142857 0.0102920951628397
0 0 0
0 0.0769230769230769 0.0213658219973148
0 0.037037037037037 0.000316303081453976
0 0 1.19745376379012e-08
0 0 0
0 0.05 0.00770692329673787
0 0 0
0 0.0555555555555556 0.000380806085929598
0 0 3.36198791245277e-126
0 0 4.52693820509352e-34
0 0 0
0 0 0
0 0 7.0119647505054e-58
0 0 0
0 0.0476190476190476 0.0474326573518667
0 0.037037037037037 0.000561391848578026
0 0 0
0 0 0
0 0.04 0.000262277149568162
0 0.0416666666666667 0.0111765585325488
0 0 3.39792958390935e-07
0 0 0
0 0 0
0 0 0
0 0 2.32645757840282e-07
0 0 1.41024711164577e-62
0 0 1.78530179230085e-23
0 0 3.798617481594e-27
0 0 0
0 0 0
0 0.0454545454545455 4.44338740132915e-09
0 0 0
0 0 0
0 0 0
0 0.0357142857142857 0.0246437036545054
0 0 3.11844556225965e-108
0 0 0
0 0 1.35574972331279e-154
0 0.04 0.0517608184678795
0 0.032258064516129 0.00536582820029351
0 0.0454545454545455 0.0109344789406518
0 0 0
0 0 0
0 0 0
0 0 8.60664825463109e-237
0 0.03125 8.64743749490781e-08
0 0 0
0 0 1.21773648638079e-30
0 0 0
0 0 0
0 0.0454545454545455 0.0117799505173335
0 0.0303030303030303 0.00696205280897156
0 0 0
0 0 0
0 0 2.08650853024173e-10
0 0.0357142857142857 0.00478913087844734
0 0 3.99675739784902e-52
0 0 9.39520240210883e-35
0 0 0
0 0 3.28262225992381e-88
0 0 2.71935598247615e-14
0 0 8.37451604695259e-22
0 0.0869565217391304 0.0133462154057175
0 0 0
0 0.032258064516129 0.012730427258001
0 0 0
0 0.0434782608695652 4.04177637735284e-10
0 0 5.72218310786333e-270
0 0 0
0 0 0
0 0 1.1489685209891e-110
0 0.0238095238095238 0.00365597157565052
0 0.0357142857142857 0.00620788517412992
0 0.04 0.00460153408356397
0 0 1.66453553662382e-12
0 0 0
0 0 1.58585298967452e-118
0 0 1.12016949243322e-149
0 0.0476190476190476 0.0316820203520987
0 0 0
0 0 1.47388539124949e-115
0 0 8.97758281816193e-165
0 0 5.80537030274271e-21
0 0.0416666666666667 0.00346224042115631
0 0 0
0 0 6.30012041192344e-14
0 0 3.65860057752672e-118
0 0 0
0 0 2.92828057781349e-42
0 0 2.30850118433944e-13
0 0.0526315789473684 0.00334215938242382
0 0 0
0 0 2.73443005811808e-196
0 0 8.46454360567394e-62
0 0 0
0 0 0
0 0 0
0 0 3.07231510296275e-45
0 0 0
0 0 0
0 0 0
0 0 0.0526315789472803
0 0 5.52541315295528e-10
0 0.0625 0.0478314174788218
0 0.0344827586206897 0.0179340568760362
0 0.027027027027027 0.00925921164441033
0 0.0952380952380952 0.0280665603681975
0 0.0714285714285714 0.0182230235002972
0 0 0
0 0 0.00106351037636929
0 0 0
0 0.037037037037037 8.88736305255062e-06
0 0 1.25810279743705e-170
0 0.0344827586206897 0.0217238058639659
0 0 6.99427152179212e-92
0 0 1.15939013611007e-147
0 0 0
0 0 1.55686428193773e-13
0 0 0
0 0 4.24840069317046e-11
0 0.0357142857142857 0.0194017096913042
0 0.0588235294117647 0.0312413034967478
0 0 8.13034756064784e-107
0 0 3.6876851289084e-12
0 0 7.91559693642001e-134
0 0 0
0 0.0344827586206897 0.0354976132362538
0 0 6.58345977839183e-44
0 0 0
0 0 0
0 0 1.30324684870186e-62
0 0 1.54219177177051e-243
0 0 2.61125967729706e-232
0 0.0416666666666667 7.4706792331791e-06
0 0 0
0 0.05 0.0253697808602715
0 0 0
0 0 3.12453201260269e-40
0 0.0357142857142857 0.0135055035533402
0 0 1.27082237609164e-11
0 0 1.13095111787041e-64
0 0 7.83435832734484e-237
0 0.05 0.00679712589527351
0 0.0384615384615385 0.0204996056023057
0 0 0
0 0 0
0 0.037037037037037 0.00333739129165993
0 0 8.06326259046736e-160
0 0 3.09437895304296e-12
0 0 1.19095841402145e-117
0 0 2.37980284291897e-83
0 0 0
0 0.037037037037037 0.000287295463371105
0 0.0625 7.33367949363957e-05
0 0 0
0 0 3.08181253200314e-25
0 0 5.23698556678794e-137
0 0 1.78602853556802e-111
0 0.04 0.0129288680861856
0 0 0
0 0.0454545454545455 0.0193546588857287
0 0.0294117647058824 0.00126705791617577
0 0.0344827586206897 0.0178620675343039
0 0 0
0 0 0
0 0 0
0 0.0384615384615385 0.0131683621559733
0 0 0
0 0 7.78309989787817e-207
0 0 0
0 0.08 0.0582285188397522
0 0 4.03598526884761e-126
0 0 0
0 0 0
0 0 1.15199200870082e-247
0 0 1.35966621951583e-14
0 0 5.58990819371606e-21
0 0 1.02068127239844e-29
0 0 0
0 0 8.90719550321381e-76
0 0 1.05067720622137e-12
0 0 0
0 0 0
0 0 0
0 0 5.52900720476319e-36
0 0 3.3662257976432e-38
0 0 0
0 0.0384615384615385 1.13698551740632e-05
0 0 1.08006714197771e-13
0 0 1.42799797479196e-20
0 0 0
0 0 0
0 0.04 0.00628018740145078
0 0 0
0 0 1.50315334663352e-273
0 0 1.90675514435733e-303
0 0 0
0 0.0344827586206897 0.0300588766977955
0 0 0
0 0 1.90043319135799e-08
0 0 0
0 0 0
0 0.03125 0.00364819752437704
0 0 0
0 0.0333333333333333 0.00699034351168752
0 0 0
0 0.0952380952380952 0.0396334813896114
0 0.037037037037037 0.0279523249094252
0 0.0645161290322581 0.00346250632733904
0 0 3.55205936624278e-24
0 0 1.0100479327891e-62
0 0.0416666666666667 0.00164550751414127
0 0.0434782608695652 0.00231850206946854
0 0 3.01405479219905e-10
0 0 0
0 0.0357142857142857 0.000251988423482762
0 0.0740740740740741 0.0388933883687706
0 0 6.1064503841808e-25
0 0 0
0 0.032258064516129 4.06431856737007e-10
0 0 0
0 0 9.09606546248994e-70
0 0 8.67461928914886e-08
0 0.0357142857142857 0.00730834464261527
0 0 0
0 0 4.17560192131285e-10
0 0 0
0 0 0
0 0 0.0227197247198867
0 0 0
0 0 0
0 0 0
0 0 0
0 0 0
0 0 8.73702410558437e-78
0 0 0
0 0 3.09628755482361e-38
0 0.0384615384615385 5.89026629979242e-05
0 0 0
0 0 1.90589835962883e-106
0 0 3.21382106071899e-12
0 0.04 0.0217390905366777
0 0 0
0 0 6.21329967112307e-19
0 0.0666666666666667 0.0219857246015992
0 0 0
0 0 0.025190989500112
0 0 0
0 0.0645161290322581 0.0376664519430279
0 0 0
0 0 2.53197175959204e-22
0 0 2.77237092674886e-20
0 0.0344827586206897 0.0107418915520417
0 0 0
0 0 0
0 0 1.51544315811398e-12
0 0 0
0 0 0
0 0 1.44263612512934e-150
0 0 0
0 0.04 1.73582901057469e-05
0 0 0
0 0.0344827586206897 0.0102573900937197
0 0 3.17105286789915e-155
0 0 8.30256504118153e-149
0 0 4.23744241572149e-15
0 0 4.74848677693212e-18
0 0.0285714285714286 3.66416240930093e-05
0 0 7.34179022738214e-07
0 0 0
0 0 0
0 0 0
0 0 7.15689309791798e-06
0 0 0
0 0 1.2087813581596e-08
0 0 0
0 0.0344827586206897 0.0356273095610959
0 0 3.35351361105713e-13
0 0 0
0 0 0
0 0.0434782608695652 0.0209191284297376
0 0 2.30522811034253e-08
0 0 0
0 0 0
0 0 0
0 0.0303030303030303 0.0238210874792181
0 0.0294117647058824 0.000707865374743573
0 0.0263157894736842 2.72375777183992e-05
0 0 0
0 0.0434782608695652 0.0333046808898921
0 0.0344827586206897 9.92962534857865e-10
0 0 2.94256801919594e-117
0 0 0
0 0 0
0 0 6.24774805603847e-120
0 0 3.44884982520556e-15
0 0 0
0 0 1.25916598231712e-23
0 0 0
0 0 1.96034818055609e-08
0 0 0
0 0 2.35941223176873e-165
0 0.0434782608695652 0.00532765323767142
0 0 1.33505690708239e-06
0 0 0.00092535289561723
0 0 0
0 0 4.24729810354213e-13
0 0 0
0 0.0434782608695652 0.0909090909090909
0 0.0740740740740741 0.00167204577713359
0 0 0
0 0 0
0 0.0434782608695652 0.023583587693342
0 0 1.93855436725025e-12
0 0 1.76642637235943e-44
0 0 1.23962035590276e-232
0 0.08 0.0416666677261927
0 0 0
0 0 7.7982489306994e-82
0 0.0666666666666667 0.0387366738350821
0 0 2.62129557349815e-07
0 0 7.39947783719665e-10
0 0 0
0 0 2.81011851546062e-71
0 0 4.60762220270483e-293
0 0 0
0 0 4.05038821967341e-111
0 0 0
0 0 0
0 0 0
0 0 0
0 0.0476190476190476 0.0147036303027179
0 0 0.00705707997281427
0 0 2.41058069244794e-17
0 0 5.6888655668884e-90
0 0 0
0 0 8.93151844026831e-07
0 0.0357142857142857 7.7764034013964e-07
0 0 0
0 0 0
0 0.037037037037037 0.00442644192151607
0 0 5.06340329045647e-44
0 0.0740740740740741 0.0180868593444247
0 0 3.27235995960341e-10
0 0 0
0 0 2.45523292777426e-187
0 0 8.25858284860801e-195
0 0 0
0 0.0454545454545455 9.10263848381686e-06
0 0 1.24185108201695e-26
0 0 0
0 0 0
0 0 0
0 0 0
0 0.0303030303030303 1.74776538158127e-09
0 0 0
0 0.0434782608695652 0.0371382178093513
0 0.0434782608695652 0.0111625516909729
0 0 0
0 0.0384615384615385 0.0110537898833101
0 0 0
0 0 0
0 0 0
0 0 0
0 0.037037037037037 0.00531845768957976
0 0.0476190476190476 0.0131920644989531
0 0 0
0 0.0434782608695652 0.000101654155237381
0 0 0
0 0 2.23287132221977e-38
0 0 5.91611601516445e-19
0 0 1.86904150232918e-07
0 0 0
0 0.0476190476190476 0.00570390798437607
0 0 0
0 0 5.70642505861927e-90
0 0 6.17344437658227e-65
0 0.0333333333333333 0.00116795113505076
0 0.0303030303030303 0.00094141167609174
0 0 1.33636424012772e-179
0 0 1.52991947852299e-67
0 0 2.325106433105e-200
0 0.0384615384615385 0.0198395160507887
0 0 0
0 0.0384615384615385 3.63443860762842e-07
0 0 0
0 0 0
0 0 3.92324585146885e-26
0 0 8.62990066805067e-102
0 0 0
0 0 1.08829971359718e-79
0 0 1.20191008750282e-63
0 0 0
0 0 6.33817038419354e-97
0 0 0
0 0 1.80685983040087e-14
0 0 1.465323102973e-12
0 0 0
0 0.0526315789473684 0.0555155519865523
0 0 0
0 0 2.59909121303443e-20
0 0.0476190476190476 0.0256733457018254
0 0.03125 0.00876372854769359
0 0 3.84737139250465e-08
0 0 0
0 0.0416666666666667 0.0430759509977935
0 0 0
0 0 3.01120659499094e-318
0 0.0476190476190476 0.0249307195263895
0 0.0357142857142857 0.0197860652732386
0 0 6.75588667072485e-262
0 0 1.12129255228448e-30
0 0 0
0 0 0
0 0 0
0 0 0
0 0 0
0 0 0
0 0.0454545454545455 0.0310208079827859
0 0 0
0 0 3.7999428681527e-44
0 0.04 0.000147166366978108
0 0 2.20000112983178e-28
0 0.037037037037037 0.00664144212918754
0 0 0
0 0 0
0 0 1.37406240347352e-304
0 0 0
0 0.0333333333333333 6.81049045169329e-06
0 0.0384615384615385 0.0229983230867284
0 0 5.18964360030681e-192
0 0 0
0 0 0
0 0.0357142857142857 0.00756961904763935
0 0.0344827586206897 0.0078310266884799
0 0 3.08442448643783e-31
0 0 8.519850258139e-88
0 0.0571428571428571 0.00705118217993896
0 0.0384615384615385 0.00334928290772518
0 0 3.65826335682918e-159
0 0 0
0 0.0344827586206897 0.00601906853849992
0 0 8.71280460473325e-58
0 0 3.40145489203962e-76
0 0.0625 0.0666666362237665
0 0.03125 0.0153479444261346
0 0.0384615384615385 6.26284158274427e-09
0 0 5.18712649561241e-23
0 0.0384615384615385 8.05837271739868e-08
0 0 0
0 0 4.55071217677831e-218
0 0 1.16302313525227e-243
0 0 0
0 0 4.81994320345672e-95
0 0.0294117647058824 7.29769545331281e-10
0 0.0344827586206897 0.00481183025587403
0 0.04 1.0872540514918e-07
0 0.03125 0.00127106586296524
0 0 0
0 0 0
0 0 6.87277043506789e-37
0 0 2.13139622349718e-215
0 0 1.4956128715546e-10
0 0 0
0 0 0.0454545454545455
0 0 3.04481022172972e-34
0 0 0
0 0 0
0 0 0.0199508253320945
0 0 1.17533317533376e-10
0 0 0
0 0 1.33789711262455e-91
0 0.0714285714285714 0.0190830110528057
0 0 0
0 0 0
0 0 0
0 0 6.51819606085583e-14
0 0 9.77300249754707e-37
0 0 0
0 0 0
0 0 0
0 0 1.6197587486817e-12
0 0 0
0 0 1.93792554430623e-77
0 0.0357142857142857 0.000178875482108719
0 0 2.49141852192455e-05
0 0 0
0 0 0
0 0 0
0 0 9.33080356854082e-156
0 0 0
0 0.0476190476190476 0.00118063215709118
0 0.05 0.00570529512562708
0 0 0
0 0.0384615384615385 0.0081968731605515
0 0.0714285714285714 0.0761868710528441
0 0 7.01334983935499e-59
0 0 0
0 0 2.9510370068406e-83
0 0.04 0.00251544464543307
0 0 4.87564977026374e-225
0 0 0
0 0.0333333333333333 2.74084290420416e-06
0 0 7.1022590689193e-43
0 0 6.70649923211523e-32
0 0 0
0 0 0
0 0.0416666666666667 0.0427738165257881
0 0 0.000121915925547216
0 0 0
0 0 2.63788475742951e-240
0 0 5.75129941982116e-191
0 0 0
0 0 0
0 0 2.48752032928127e-60
0 0 0
0 0 1.49168006838404e-34
0 0 3.43138005751127e-121
0 0.05 0.00017368486910192
0 0 1.70553282984945e-38
0 0 0
0 0 1.12040990417463e-21
0 0.0555555555555556 0.0121172651785666
0 0 0
0 0 6.02736568431453e-24
0 0.0333333333333333 0.00866193000335553
0 0.0333333333333333 0.0164919832607307
0 0 4.78442485770156e-111
0 0 2.46669677192407e-34
0 0 1.72307033887296e-43
0 0 0
0 0.0526315789473684 0.00760744635229938
0 0 3.47331766329672e-05
0 0 0
0 0 0
0 0.037037037037037 6.34857902942468e-05
0 0 1.66231241125703e-38
0 0 0
0 0 0
0 0 0
0 0 0
0 0 0
0 0 0
0 0 0
0 0 1.17024924318965e-09
0 0.0857142857142857 0.017597054777849
0 0 0
0 0 0.0454545453774884
0 0 0
0 0 3.13069881007019e-27
0 0 8.24715921966954e-17
0 0 0
0 0.0476190476190476 0.0257742470644587
0 0 0
0 0 0
0 0.0769230769230769 0.0165318697285517
0 0 0.0434782608695652
0 0 0
0 0.0303030303030303 0.0101642244840922
0 0.04 0.00740836330032826
0 0.0454545454545455 0.000269118186666625
0 0.0303030303030303 0.0075511293453418
0 0 0
0 0 3.46819831364917e-36
0 0.0384615384615385 0.00451328884164852
0 0.0476190476190476 0.032249272941557
0 0 0
0 0 0
0 0 0
0 0 8.06307388637016e-219
0 0 2.00992289252964e-145
0 0 0
0 0 0
0 0 3.05515965521641e-233
0 0 0
0 0 2.44687322057445e-10
0 0 0
0 0 0
0 0 7.29868686560877e-15
0 0 0
0 0.05 0.0126215343601819
0 0.0384615384615385 1.77017509469002e-05
0 0.0476190476190476 0.000378570616151187
0 0 2.60113932699562e-284
0 0 0
0 0 2.181622672603e-12
0 0.0344827586206897 0.00613700426450196
0 0 0
0 0.0606060606060606 0.0177693269004044
0 0 0
0 0 0
0 0 4.33095760642723e-42
0 0.0344827586206897 0.00512713849490969
0 0.032258064516129 0.00709824499619354
0 0.037037037037037 0.001593414343222
0 0 1.02541177916023e-73
0 0 0
0 0 6.99913602530794e-14
0 0 0.00688997033071471
0 0 0
0 0 0
0 0 1.16892304476528e-25
0 0 0
0 0.0555555555555556 0.000743069002397125
0 0 8.67613073510673e-30
0 0 0
0 0 1.30488999395456e-27
0 0 6.81498797136411e-13
0 0.04 1.06149849359088e-07
0 0.0434782608695652 1.90335345239786e-06
0 0 0
0 0 0
0 0 0
0 0.0357142857142857 0.0179903585176898
0 0 0
0 0 1.1768217238439e-146
0 0 0
0 0 9.49174418069474e-65
0 0 0
0 0 0
0 0 9.54640494084635e-278
0 0.04 0.0415791912072579
0 0 0
0 0 0
0 0 0
0 0.0344827586206897 0.00171472950615477
0 0.0303030303030303 0.0312391794044936
0 0 3.13869466298943e-180
0 0.0357142857142857 0.00273738388340423
0 0 0
0 0 0
0 0 0
0 0 0
0 0 0
0 0 3.2347991804324e-25
0 0 0
0 0 0
0 0 9.58488236035836e-12
0 0 0
0 0 0
0 0 0
0 0.0333333333333333 0.00793863617490887
0 0.0476190476190476 0.0499981059943791
0 0 3.53389347356032e-99
0 0 0
0 0.0952380952380952 0.0487878019520536
0 0 1.54237791903572e-47
0 0 2.93725130724857e-84
0 0 2.23174277242701e-50
0 0 0
0 0 0
0 0 0
0 0 4.48566195307044e-10
0 0 5.28694316139771e-14
0 0 1.83040981203337e-101
0 0 0
0 0 3.46727690440448e-202
0 0 8.59280102890918e-13
0 0 0
0 0.0384615384615385 0.0133338147340907
0 0 0
0 0 9.98528239807842e-40
0 0 1.17525793846821e-09
0 0 0
0 0 0
0 0 0
0 0 0.0485536032584418
0 0 1.11069649829041e-28
0 0 0
0 0 0
0 0 0
0 0 0
0 0.0769230769230769 0.0278859584981001
0 0 4.14443000834099e-08
0 0 2.39805192559638e-161
0 0.05 0.0186947181769754
0 0 0
0 0 0
0 0.0277777777777778 0.00299750372602204
0 0 0.000108568101933224
0 0 2.47566555761342e-08
0 0 1.33601923597278e-53
0 0 3.3882348059496e-72
0 0 0
0 0 0
0 0 1.33722600968917e-05
0 0 0
0 0 0
0 0.0333333333333333 0.00126981567705311
0 0.03125 0.00709328494530773
0 0 1.31291614441241e-22
0 0 8.11755890400523e-73
0 0 0
0 0.04 0.0235637546226486
0 0.0645161290322581 0.0307338172529848
0 0 0
0 0 0
0 0 1.87989156869087e-11
0 0 2.66238955342903e-26
0 0 1.07590974123194e-160
0 0 0
0 0 0
0 0 0
0 0 6.14200562306405e-35
0 0 0
0 0.0333333333333333 8.83953925008336e-09
0 0 3.78736436206242e-19
0 0 7.31101294314021e-64
0 0 1.39632502130051e-33
0 0 0
0 0 2.54419477317791e-130
0 0.04 0.0188652156225676
0 0 9.95877388656918e-10
0 0 0
0 0 0
0 0 8.04130094966599e-15
0 0 0
0 0 0
0 0 0
0 0.0476190476190476 0.00194758015880631
0 0.0571428571428571 0.0164807757740972
0 0.0384615384615385 0.00217576630171515
0 0 1.49362661214952e-15
0 0 0.00452679922822106
0 0 0
0 0 1.72968404249503e-69
0 0 9.96332873846466e-22
0 0 6.44776572813879e-21
0 0.0540540540540541 0.00263221882614545
0 0 0
0 0 0
0 0 2.19967355974141e-13
0 0 0
0 0 2.3103055081687e-14
0 0 2.09324497342644e-55
0 0.037037037037037 0.00654361491413653
0 0 0
0 0 0
0 0 0
0 0 1.3355132029234e-11
0 0.04 8.85574474273547e-05
0 0 0
0 0.04 0.0012449054633706
0 0 0
0 0 0.0208333333328991
0 0 0
0 0 2.56483514668799e-72
0 0 0
0 0 0
0 0 0
0 0 3.85767676123525e-12
0 0 0
0 0.037037037037037 0.000485189982277592
0 0 3.87890459859449e-06
0 0 0
0 0 9.25084142006603e-270
0 0.0454545454545455 0.0466215199305989
0 0 5.60145956235786e-05
0 0.0476190476190476 0.0197042895532097
0 0.0454545454545455 0.0185204526902697
0 0 0
0 0 0
0 0 0
0 0 6.34879717492536e-05
0 0 0
0 0.0344827586206897 0.00146217071030871
0 0 2.95810228642486e-10
0 0.1 0.03926957860729
0 0 1.85762559095515e-13
0 0 0
0 0 0
0 0 4.36162765510745e-37
0 0 0
0 0 0
0 0 0
0 0 0
0 0 0
0 0 3.538886705377e-88
0 0 0
0 0 3.36170703395642e-15
0 0 6.30489687515434e-09
0 0 0
0 0 2.06986505789083e-20
0 0 3.75140588222128e-70
0 0 3.85138867542065e-13
0 0 0
0 0 0
0 0.0416666666666667 6.50717614603196e-05
0 0 0
0 0.0384615384615385 0.037993650740241
0 0 0
0 0 0
0 0.0666666666666667 0.0354081449825609
0 0.0344827586206897 0.0231039248464643
0 0 5.73662730049467e-90
0 0 7.39763421240024e-75
0 0 0
0 0 0
0 0 0
0 0.0357142857142857 0.00115325243054938
0 0 0
0 0 6.99386242260533e-15
0 0 3.55338068841215e-14
0 0 0
0 0 2.31703382612965e-12
0 0 8.29359207752851e-59
0 0 0
0 0 0
0 0.0416666666666667 0.00355660632377474
0 0 9.04624964797882e-06
0 0 1.29774318124612e-68
0 0 0
0 0 0
0 0 4.57929386144447e-93
0 0 0
0 0 1.79963634916942e-153
0 0 7.07304060474556e-25
0 0.0689655172413793 0.046218061516044
0 0 1.00930884625854e-233
0 0 0
0 0.0256410256410256 0.000311006692276339
0 0 2.04583209259397e-35
0 0 0
0 0 1.12267497490364e-15
0 0 4.62402720379077e-32
0 0 2.25921597040799e-09
0 0 2.5789923847944e-107
0 0.0454545454545455 0.000382170651589876
0 0 1.70662014125546e-34
0 0.0416666666666667 0.0415205387574493
0 0.04 0.0090626418936099
0 0 0
0 0.0555555555555556 0.0330452871149653
0 0 5.48121792888786e-145
0 0 0
0 0.0256410256410256 0.000239953747231099
0 0 9.92258464441314e-30
0 0 7.12121200342843e-274
0 0 0
0 0.03125 0.00983049731678282
0 0 0
0 0 8.43816490472768e-14
0 0.0454545454545455 4.92654569483751e-08
0 0 4.11029148834423e-14
0 0 0
0 0 1.66422166604541e-06
0 0 0
0 0.05 0.0392587986630499
0 0 6.03335145978454e-52
0 0 2.94614763923947e-35
0 0.0476190476190476 0.00568371338029337
0 0.0689655172413793 0.000198009595647597
0 0.0416666666666667 0.00259632338909615
0 0 4.88700383056097e-86
0 0.0357142857142857 0.0091768511181331
0 0 0
0 0.0476190476190476 0.0107158149712404
0 0.0344827586206897 0.00700950504686083
0 0 1.14232405418304e-10
0 0 2.88316392938684e-53
0 0 1.8001089666963e-56
0 0 2.40602901234468e-113
0 0 6.36300951162119e-136
0 0.0588235294117647 0.00231764982558586
0 0.0416666666666667 0.0104414912344014
0 0.04 0.0286517918453575
0 0.1 0.00496576771094695
0 0 0
0 0 7.86604444458784e-101
0 0 3.50372241328847e-40
0 0 2.99151326004195e-08
0 0 1.67349342807036e-212
0 0 1.43918873229861e-12
0 0 0.0208982872537187
0 0 0
0 0.037037037037037 0.0199982045782112
0 0.0434782608695652 0.0124448824348616
0 0 0
0 0 0
0 0 3.4039556723556e-12
0 0 2.08658390209061e-60
0 0 1.48358571728673e-18
0 0 9.53028892457332e-11
0 0 3.74616697922713e-14
0 0 3.83526578274701e-150
0 0.0625 0.00398053919840655
0 0 2.98442392092523e-05
0 0 0
0 0 0
0 0 0.000212064789415882
0 0 3.55428103531212e-54
0 0 1.13915188521994e-144
0 0 0
0 0 0
0 0 1.74268360191622e-21
0 0 0
0 0.05 0.00271279357733906
0 0 1.10050056508124e-254
0 0.05 0.0488724299591826
0 0 0
0 0.0416666666666667 0.043467007808078
0 0 2.06671071516502e-22
0 0 0
0 0 0
0 0 3.96957150203292e-81
0 0 5.33383132730556e-68
0 0 0
0 0.04 0.000732090901307817
0 0.0869565217391304 0.0360878062268721
0 0 0
0 0 4.77366972651903e-07
0 0.04 2.24660072609446e-06
0 0 0
0 0 3.49608966698505e-248
0 0 0
0 0 1.66244506037595e-13
0 0 1.1677762752094e-09
0 0 1.38346511425654e-08
0 0 1.91395116797754e-17
0 0.037037037037037 0.0210284889881969
0 0 0
0 0 0
0 0.037037037037037 1.38456044648767e-06
0 0.0476190476190476 2.77722868523916e-05
0 0.03125 0.00831375890650499
0 0 8.15270924122307e-58
0 0 0
0 0 1.98117602857923e-23
0 0 0.037037037037037
0 0 1.86559745544093e-17
0 0 3.92213299386503e-13
0 0 2.27647036962078e-146
0 0 0
0 0.0416666666666667 1.61424299714328e-08
0 0 4.1917095072683e-215
0 0 0.0022521438508706
0 0.0294117647058824 0.00456259827429188
0 0.037037037037037 0.00982497552794015
0 0 0
0 0 0
0 0 0
0 0 0
0 0 3.49186427624933e-13
0 0 0
0 0.04 0.039336314152173
0 0.0625 0.0316398005410508
0 0 0
0 0 0
0 0.0357142857142857 0.0366021177965672
0 0 0
0 0 0
0 0 3.74701370753709e-53
0 0 0
0 0 1.71032325113347e-25
0 0 0
0 0 0
0 0.0555555555555556 0.0291124388727924
0 0 1.17968358630032e-05
0 0 0
0 0.0526315789473684 0.0509695251738976
0 0 5.53175738971749e-177
0 0 1.83474567220053e-24
0 0.05 0.00399856122585143
0 0 3.8328308503718e-27
0 0 0
0 0 0
0 0 5.02292985925741e-76
0 0.037037037037037 0.00711395902769044
0 0 0
0 0 0
0 0 0
0 0 1.2720334788082e-84
0 0.0555555555555556 0.0584149424760633
0 0 0
0 0 5.30044489840818e-06
0 0.03125 0.000271295248120865
0 0.0769230769230769 0.0329844282486538
0 0 0
0 0 8.85276362820667e-258
0 0 0
0 0 3.98659539016001e-16
0 0 1.17170688787913e-59
0 0 0
0 0 0
0 0 3.17482074408168e-90
0 0 0
0 0 0
0 0 2.12140239371698e-05
0 0 0
0 0 0
0 0.1 9.42300217234927e-06
0 0 0
0 0 0
0 0 6.87084430949878e-278
0 0 5.6579946836848e-17
0 0 0
0 0.0833333333333333 0.00638639127768535
0 0.0526315789473684 0.0120605334581628
0 0.0357142857142857 0.00360748867736324
0 0 0
0 0 8.87791826551977e-40
0 0.0476190476190476 1.41033966391525e-05
0 0 1.59874150088739e-49
0 0.032258064516129 0.0131285448064902
0 0 4.85334588140597e-223
0 0.04 0.00246631509913284
0 0 2.98032329331136e-128
0 0 0
0 0 0
0 0 0
0 0 3.32591151903173e-05
0 0 5.97018607976539e-14
0 0 0
0 0 1.38745189004842e-47
0 0.04 0.0152407142660627
0 0 1.16636380293931e-128
0 0 0
0 0.0833333333333333 0.00014828005601452
0 0 0.000398536808929616
0 0 0
0 0 0
0 0 9.50600928761625e-112
0 0.05 0.00992050046737089
0 0 4.24338682533268e-10
0 0.0833333333333333 0.0143806056780487
0 0.0476190476190476 3.24752796939288e-05
0 0 5.04653237264622e-11
0 0 0
0 0 0
0 0 1.42514678855251e-18
0 0 0
0 0 0
0 0 2.74006030898897e-35
0 0 0
0 0 3.81540501577876e-07
0 0 0.000140026610856441
0 0 0
0 0 0
0 0 1.31728465415809e-07
0 0 0
0 0 5.09020933322498e-09
0 0.05 0.0131687805640659
0 0 1.60357025978405e-147
0 0 0
0 0.0434782608695652 0.00628238759259496
0 0.0434782608695652 0.0204377323744046
0 0 0
0 0 0
0 0 0
0 0 1.43311526659376e-294
0 0 0
0 0 4.2913221989617e-08
0 0 4.37481718813095e-10
0 0 8.81903028635244e-14
0 0.04 0.00158274995274275
0 0 0
0 0 0
0 0 0
0 0 0
0 0 5.85476015347243e-24
0 0 0
0 0 0
0 0 0
0 0.0625 3.62355180142079e-08
0 0.0434782608695652 0.0205775417357555
0 0 0
0 0 0
0 0 0
0 0 1.1051164502408e-15
0 0 0
0 0 8.00571216827385e-32
0 0 0
0 0 0
0 0 3.92978152136866e-17
0 0 6.55278200908396e-50
0 0 0
0 0 0
0 0 1.70190315632182e-29
0 0 1.58260631972218e-56
0 0 0
0 0 0.037037037037037
0 0.0416666666666667 0.00544909282258316
0 0 5.15693439217429e-96
0 0.04 0.0119431195403938
0 0 0
0 0 5.08949396774805e-159
0 0 0
0 0 0
0 0.04 0.0416091861666422
0 0 5.32445591493326e-06
0 0 0
0 0 0
0 0 0
0 0 2.01748144559137e-47
0 0 0
0 0 4.604699794176e-12
0 0 0
0 0.0476190476190476 0.0124985101566036
0 0 1.89045843061914e-05
0 0.04 0.0203173990306338
0 0.032258064516129 1.12337383305689e-09
0 0.0384615384615385 4.85945004427059e-09
0 0.0384615384615385 0.0200791612844988
0 0 1.05875298482321e-130
0 0 0
0 0 0
0 0 3.33584128431262e-06
0 0.0555555555555556 0.0294117652303878
0 0 0
0 0 9.56876371488583e-17
0 0 1.10706819922807e-57
0 0 7.11841617767244e-19
0 0 0
0 0 0.00409496013495116
0 0 6.02816867543501e-57
0 0 0
0 0 3.71516783717509e-22
0 0 1.99027781345915e-39
0 0.0416666666666667 0.0797935315125942
0 0.0454545454545455 0.0401948102435406
0 0 3.755322508046e-136
0 0.0434782608695652 6.63746879174366e-08
0 0 2.332804175915e-12
0 0.04 0.0366759386563828
0 0 8.6302358245212e-119
0 0 0.00207992471874093
0 0 1.14176351254797e-206
0 0.0384615384615385 0.000105961730206259
0 0 1.0235594263428e-145
0 0 0
0 0.0294117647058824 0.00856477926002951
0 0.03125 0.00932506291566311
0 0 2.82358800961534e-18
0 0.04 6.28243701915127e-05
0 0 0
0 0 0
0 0 1.05475313225923e-232
0 0 4.22830293804897e-139
0 0 4.12322239230339e-32
0 0 0.0666666666666667
0 0 0
0 0 0
0 0 0
0 0 0.00123494415441446
0 0 0
0 0 0
0 0 9.80189267645002e-310
0 0 0
0 0 0
0 0 0
0 0 0
0 0 4.25051059946993e-29
0 0.0454545454545455 1.4021726352773e-05
0 0.0555555555555556 0.0117294399904548
0 0 0
0 0 6.0434234892502e-297
0 0.0357142857142857 0.000264472789937067
0 0 0.000163607579172989
0 0.0333333333333333 3.80388171950893e-05
0 0 6.9273378950688e-264
0 0 2.02332069447538e-82
0 0 0
0 0 0
0 0 1.38141311746745e-145
0 0 0
0 0.0416666666666667 0.00292354435008491
0 0 0
0 0 0
0 0 1.37782506003727e-169
0 0 0
0 0 2.79989868940491e-06
0 0 0
0 0 0
0 0 0
0 0 0
0 0 0
0 0 0
0 0.0434782608695652 2.62664911145099e-06
0 0 0
0 0.0476190476190476 0.0344210339139137
0 0 8.82548647942379e-23
0 0 2.4475941334199e-42
0 0.0344827586206897 0.0165812175696404
0 0.0384615384615385 0.00740503564867712
0 0 0
0 0 0
0 0 0
0 0 0
0 0.0689655172413793 0.00806494341637992
0 0 2.89757585230778e-276
0 0 0
0 0 1.9628616546416e-20
0 0 2.68933134780162e-39
0 0 0
0 0 0
0 0 5.47483377696159e-313
0 0 2.13322492937864e-134
0 0 0
0 0 0
0 0 6.77462267393239e-209
0 0 4.85068360053862e-21
0 0.0285714285714286 0.000194388624819229
0 0 0
0 0 0
0 0 0
0 0.0454545454545455 0.0174399296618155
0 0 0.0148823735657802
0 0 0
0 0 4.85856746503989e-15
0 0 0
0 0 0.000120878535426872
0 0 0
0 0 0
0 0 0
0 0 2.68386796376088e-14
0 0 0
0 0 3.4486170648971e-05
0 0.0526315789473684 0.0433291277533155
0 0.03125 0.000238586298362351
0 0 2.65407235832517e-10
0 0 2.172848982562e-22
0 0 1.87418208113035e-11
0 0 2.80626111070483e-64
0 0 0
0 0 0
0 0 0
0 0 1.49206462711537e-12
0 0.0625 0.0666666666666667
0 0 7.87647587459141e-121
0 0 0
0 0 0
0 0 0
0 0 2.5299624679707e-59
0 0 4.13914554496061e-192
0 0 0
0 0 0
0 0 0.00802307720345035
0 0 1.67558337311179e-14
0 0 4.3778137278829e-174
0 0 4.80760304415113e-53
0 0 0
0 0 0
0 0 0
0 0 4.24391494631656e-21
0 0 0
0 0 8.44278055416411e-27
0 0.0454545454545455 0.0597681086210662
0 0 0
0 0 5.62094566704317e-38
0 0 0
0 0.037037037037037 0.0197851061072043
0 0 4.49216730814142e-122
0 0 5.60954214402776e-27
0 0 2.46500574253931e-33
0 0 0
0 0.0333333333333333 0.0117866922703833
0 0 0
0 0 0.0158746079494542
0 0 0
0 0.0454545454545455 0.0138650424369599
0 0 0
0 0.0384615384615385 0.0127809221295963
0 0.0434782608695652 0.00117144686982307
0 0 0
0 0 2.00473085629078e-50
0 0 3.29211801556709e-17
0 0.0588235294117647 0.0219735026378759
0 0 0
0 0 0
0 0.0454545454545455 0.0118972690515182
0 0 1.89026643690132e-11
0 0 0
0 0 4.91316317003809e-85
0 0.0416666666666667 0.002163623261179
0 0 5.68196983976972e-05
0 0 2.16405703761782e-77
0 0 6.32017344823737e-223
0 0 0
0 0 0
0 0 0
0 0 0
0 0 4.54030006745515e-28
0 0.032258064516129 0.00837081413143322
0 0 2.40015855360932e-133
0 0 0
0 0 4.48498142615237e-41
0 0 0
0 0 0
0 0 9.33873739390117e-11
0 0 7.35506376887554e-193
0 0 0
0 0 3.75853650686339e-126
0 0 0
0 0 1.45232194552389e-61
0 0.04 0.00661179722690856
0 0 4.6950858717639e-32
0 0 0
0 0.0476190476190476 0.0250005331047201
0 0 0
0 0.0303030303030303 0.0146470723589676
0 0.0384615384615385 0.0105567400835416
0 0 0
0 0 3.24279871174763e-51
0 0 7.57216874844742e-09
0 0 0
0 0 0
0 0 0
0 0 0
0 0 2.14160972679834e-41
0 0 0
0 0 0
0 0 8.59367512306185e-26
0 0 7.7772990417398e-12
0 0.0454545454545455 0.0236387771778675
0 0.04 0.00345321301589705
0 0 1.81829804142129e-09
0 0 0
0 0 0
0 0 0
0 0 0
0 0 0
0 0 1.04957621498571e-33
0 0 1.47241575780912e-164
0 0.0555555555555556 0.0586128979503857
0 0 4.93884690857868e-25
0 0.0714285714285714 0.013338089668267
0 0 5.61988287784979e-44
0 0 0
0 0 5.67683615571885e-62
0 0 0
0 0 9.19836152470993e-31
0 0 0
0 0 0
0 0 7.91464737321422e-30
0 0 0
0 0.0588235294117647 0.0426857475197443
0 0 0
0 0 0
0 0 1.73059730295871e-96
0 0.04 1.76672818675688e-07
0 0 5.00237398756725e-127
0 0 0
0 0 6.73223833218417e-07
0 0.0588235294117647 0.00321601379596017
0 0 5.29582183301363e-10
0 0 0
0 0 0
0 0 0
0 0 0.032258064516129
0 0.0714285714285714 0.0769230769217051
0 0.032258064516129 6.70044375248669e-09
0 0 2.73648692068774e-13
0 0 8.11439961109397e-12
0 0 4.70880523403417e-80
0 0 3.40692214706863e-11
0 0 0
0 0 0
0 0.0384615384615385 0.00326604867888381
0 0 1.32046572069231e-14
