0 0.0563380281690141 0.000765626644021967
0 0.0967741935483871 0.00585426509461702
0 0.0967741935483871 0.00274946707373939
0 0.0794701986754967 0.00201354864594003
0 0.0993377483443709 0.00259296581203161
0 0.0866666666666667 0.00679778981130477
0 0.0878378378378378 0.00194007286332696
0 0.0945945945945946 0.00238847015171197
0 0.119205298013245 0.00147284124431229
0 0.0972222222222222 0.0073813654194338
0 0.0743243243243243 0.00208614778155768
0 0.0851063829787234 0.00503112826077537
0 0.177304964539007 0.00700258349946572
0 0.130434782608696 0.00924373319442639
0 0.06 0.00336878010217934
0 0.118421052631579 0.00670106936653203
0 0.117241379310345 0.00488399707608842
0 0.10958904109589 0.00406212306296338
0 0.0980392156862745 0.0155132038960819
0 0.0616438356164384 0.00163638644785952
0 0.0674157303370786 0.00210642160404526
0 0.0975609756097561 0.00709314979767992
0 0.105263157894737 0.00523732685847425
0 0.100591715976331 0.00128453637753438
0 0.107142857142857 0.0044683482163645
0 0.0416666666666667 0.00228095443649769
0 0.0610687022900763 0.00131330176335277
0 0.146198830409357 0.00722949691454278
0 0.0547945205479452 0.00192746137644446
0 0.0828025477707006 0.00264905732713318
0 0.0699300699300699 0.0011112809736462
0 0.0946745562130177 0.00379888628791094
0 0.111111111111111 0.00177628583701657
0 0.0909090909090909 0.00423593752603516
0 0.0986842105263158 0.00749837983770801
0 0.0843373493975904 0.00179351306607269
0 0.0576923076923077 0.00140995171232657
0 0.0844155844155844 0.00513318319837674
0 0.129251700680272 0.00411682928539193
0 0.0638297872340425 0.00248678350813494
0 0.0753424657534247 0.00137735382798441
0 0.101796407185629 0.00625493247840997
0 0.0814814814814815 0.0095667816389479
0 0.102040816326531 0.00233079453105531
0 0.0625 0.00130244875928371
0 0.06 0.000860714552229145
0 0.121019108280255 0.00417823959909348
0 0.135338345864662 0.00333728056278284
0 0.0802469135802469 0.00684811822295185
0 0.0882352941176471 0.00327528514999915
0 0.171232876712329 0.00252820712176963
0 0.104575163398693 0.00303376902302976
0 0.0961538461538462 0.000601190588080072
0 0.13768115942029 0.00193118629126995
0 0.10738255033557 0.00314020877797342
0 0.0555555555555556 0.00286059324954104
0 0.0647482014388489 0.00238621849238924
0 0.0857142857142857 0.00559801544671357
0 0.0694444444444444 0.000427901382237308
0 0.0748299319727891 0.0014174239255842
0 0.087248322147651 0.00261006556483484
0 0.0753424657534247 0.00149149773278172
0 0.108108108108108 0.00422121635668042
0 0.0632911392405063 0.00069231563809171
0 0.0784313725490196 0.0040543761706616
0 0.0833333333333333 0.00535628826710663
0 0.0743243243243243 0.0023894974207647
0 0.10828025477707 0.00615114150802042
0 0.120805369127517 0.00985405612769658
0 0.0838709677419355 0.00289531583283795
0 0.10062893081761 0.00315898915767529
0 0.113095238095238 0.00407855586853708
0 0.110344827586207 0.0031095703535963
0 0.0507246376811594 0.00139707540857534
0 0.0858895705521472 0.00137507419569915
0 0.106666666666667 0.00505265524613076
0 0.0827586206896552 0.0023001370851954
0 0.10126582278481 0.00382766389502475
0 0.121621621621622 0.00215453071975246
0 0.0845070422535211 0.00200576712757253
0 0.0962962962962963 0.00804370841330931
0 0.120805369127517 0.00307127456217096
0 0.0974025974025974 0.00361434632343375
0 0.048951048951049 0.00388642358100536
0 0.12 0.00594743900784026
0 0.121621621621622 0.00315163589067408
0 0.0869565217391304 0.0121620531672418
0 0.111111111111111 0.00258730796722856
0 0.108843537414966 0.00346683937357694
0 0.0961538461538462 0.00122092733690134
0 0.0838709677419355 0.00389976406682545
0 0.126666666666667 0.004857795760743
0 0.107142857142857 0.00126272584852332
0 0.0714285714285714 0.00507892961891795
0 0.0657894736842105 0.00241334721961594
0 0.0774647887323944 0.001991702507744
0 0.0833333333333333 0.000736298715242114
0 0.0645161290322581 0.00610689641868511
0 0.108108108108108 0.0072963672331779
0 0.10828025477707 0.00249086813957529
0 0.121621621621622 0.00419301503706304
0 0.0733333333333333 0.00185980852082053
0 0.0779220779220779 0.00578197538707759
0 0.0961538461538462 0.00188943906392212
0 0.125714285714286 0.00531037307351195
0 0.0657894736842105 0.00317974653703499
0 0.0939597315436242 0.00290399044490792
0 0.135135135135135 0.00314101579483505
0 0.0974025974025974 0.00237675722366648
0 0.103225806451613 0.00789091066957429
0 0.104575163398693 0.00178545468777522
0 0.0902255639097744 0.00414533356824226
0 0.111111111111111 0.00408290341121074
0 0.0869565217391304 0.00690821282849502
0 0.103896103896104 0.00368627122944123
0 0.0933333333333333 0.00440279168124026
0 0.0694444444444444 0.00862040668657827
0 0.0828402366863905 0.00166144702520844
0 0.0753424657534247 0.00228345015659334
0 0.10625 0.00380857341965867
0 0.0699300699300699 0.00497704848531801
0 0.0898203592814371 0.00208080763427071
0 0.125 0.00215760202688746
0 0.125748502994012 0.00656538405590076
0 0.0689655172413793 0.0026493924698921
0 0.10958904109589 0.00365073505254125
0 0.109677419354839 0.00315032244766333
0 0.0657894736842105 0.00390920580314479
0 0.113207547169811 0.00623460844621769
0 0.121951219512195 0.0072205491558618
0 0.125 0.00300161284645054
0 0.0680272108843537 0.00220614396895391
0 0.0838709677419355 0.00380593335222873
0 0.101449275362319 0.00616845984497994
0 0.128048780487805 0.00459479583047907
0 0.12 0.0034598489115835
0 0.0866666666666667 0.00141929025403062
0 0.112582781456954 0.0110800096851976
0 0.103896103896104 0.00495377668224369
0 0.0748299319727891 0.00841573007541901
0 0.0633802816901408 0.0023811729286324
0 0.100719424460432 0.00647804089103896
0 0.0633802816901408 0.0041864040714862
0 0.10958904109589 0.00111946676401032
0 0.116438356164384 0.00496741222482338
0 0.147435897435897 0.00268989212849989
0 0.100671140939597 0.00135041717902911
0 0.0839160839160839 0.00416724396627086
0 0.0928571428571429 0.00454760693365173
0 0.0903225806451613 0.00318243453929866
0 0.0652173913043478 0.00244954906919823
0 0.112676056338028 0.00409904222748158
0 0.0833333333333333 0.0014301636713929
0 0.0860927152317881 0.00150917190846502
0 0.0526315789473684 0.00176267951816491
0 0.0675675675675676 0.00124333498087742
0 0.0699300699300699 0.00212459351520017
0 0.0580645161290323 0.00428585728374956
0 0.150326797385621 0.00221561115075754
0 0.0723684210526316 0.00927455871894429
0 0.0909090909090909 0.00469179752551593
0 0.111111111111111 0.00260745047273358
0 0.049645390070922 0.000249516600840005
0 0.0817610062893082 0.00311547152842714
0 0.111801242236025 0.00177591402549057
0 0.127388535031847 0.0026186643312809
0 0.0616438356164384 0.00140362787657541
0 0.124293785310734 0.0044910976911922
0 0.1 0.00226766254287263
0 0.0914634146341463 0.00245251586362973
0 0.0902777777777778 0.00155812062157659
0 0.134146341463415 0.00618653964089413
0 0.0620689655172414 0.00420263811648343
0 0.106382978723404 0.00429432812304816
0 0.133333333333333 0.0033181253746745
0 0.0769230769230769 0.00170942029029703
0 0.149659863945578 0.00664807831368353
0 0.106918238993711 0.00432296035226623
0 0.0759493670886076 0.00910301768654625
0 0.11038961038961 0.00524143267339237
0 0.126865671641791 0.00295358683971153
0 0.087248322147651 0.00205743503053371
0 0.096551724137931 0.0022201089578673
0 0.0764331210191083 0.00324310587943123
0 0.0680272108843537 0.00134539476072389
0 0.109677419354839 0.00379714138586049
0 0.0735294117647059 0.00320479305156429
0 0.0740740740740741 0.00303702188992026
0 0.101351351351351 0.00265515932201784
0 0.138364779874214 0.00458764961989721
0 0.0629370629370629 0.00106966981242849
0 0.14375 0.00412070682930006
0 0.0817610062893082 0.00125810396014269
0 0.105263157894737 0.00253468844341663
0 0.158940397350993 0.00496927579520956
0 0.0869565217391304 0.0037541109403198
0 0.0987654320987654 0.00129745284327144
0 0.096551724137931 0.00292917516518968
0 0.106508875739645 0.00362104244563511
0 0.150684931506849 0.0077156265385304
0 0.149350649350649 0.00343674980689597
0 0.116564417177914 0.00532456232728375
0 0.136054421768707 0.00648519684124607
0 0.0592105263157895 0.00156705661920283
0 0.0928571428571429 0.00262577202742187
0 0.113924050632911 0.00369920055996195
0 0.0933333333333333 0.00395665377926338
0 0.114864864864865 0.00138422732177179
0 0.122448979591837 0.005454164554151
0 0.0774647887323944 0.00294316011003641
0 0.0460526315789474 0.000597273176373226
0 0.104166666666667 0.00690396552007899
0 0.0921052631578947 0.00184870366916364
0 0.119496855345912 0.00378936466687477
0 0.0662251655629139 0.00162403872710404
0 0.0943396226415094 0.00191724978083735
0 0.0984848484848485 0.00489483627784987
0 0.0952380952380952 0.0035391570417414
0 0.0597014925373134 0.00216354223353452
0 0.129496402877698 0.00329374491612787
0 0.112582781456954 0.00147571169014291
0 0.0839160839160839 0.00235447781389464
0 0.0656934306569343 0.0032522102296752
0 0.0387596899224806 0.00030129648957285
0 0.0769230769230769 0.00309215755350048
0 0.0839160839160839 0.00409879823050573
0 0.0903225806451613 0.00274007671011304
0 0.09375 0.00138027109673509
0 0.109489051094891 0.00515542166894284
0 0.0962962962962963 0.00771986176437267
0 0.106918238993711 0.00392622551981937
0 0.0555555555555556 0.00397570807724189
0 0.138364779874214 0.00243407327278361
0 0.102739726027397 0.00216873039824457
0 0.0827067669172932 0.00282153853978283
0 0.0864197530864197 0.00573238676803476
0 0.113333333333333 0.00302741479954136
0 0.0689655172413793 0.0029413677822938
0 0.0792682926829268 0.00169790714359052
0 0.0994152046783626 0.00198688139396017
0 0.100671140939597 0.00222444115265351
0 0.119496855345912 0.00417482561891485
0 0.105960264900662 0.00580477923726638
0 0.0576923076923077 0.00433548550425157
0 0.0649350649350649 0.00346792963202369
0 0.0529801324503311 0.00267758322230474
0 0.0851063829787234 0.00443720773655912
0 0.132075471698113 0.00365250525865212
0 0.0743243243243243 0.00399755660566599
0 0.0738255033557047 0.00256986358775835
0 0.0955882352941176 0.00275238122313797
0 0.112676056338028 0.0088304300010482
0 0.0985915492957746 0.00257240948149276
0 0.10738255033557 0.00507908090288865
0 0.12 0.0034037817663485
0 0.1 0.00146393024795931
0 0.0849673202614379 0.0012799729730155
0 0.0629370629370629 0.00175983790155697
0 0.0864197530864197 0.00589123975189664
0 0.101351351351351 0.00181696063549503
0 0.0748299319727891 0.00276858609272292
0 0.0838709677419355 0.00314022221147388
0 0.089041095890411 0.0101786658436009
0 0.0857142857142857 0.00375673992675479
0 0.0638297872340425 0.00206762152081289
0 0.126582278481013 0.00790147245793588
0 0.10126582278481 0.00352446249759913
0 0.0986842105263158 0.00073619204711782
0 0.124223602484472 0.00573805607714562
0 0.11046511627907 0.00411144246130868
0 0.0789473684210526 0.00224758476307534
0 0.106382978723404 0.00185323698782547
0 0.0743243243243243 0.00174508170679614
0 0.139240506329114 0.00346199274343375
0 0.0692307692307692 0.00992394263027221
0 0.0740740740740741 0.00221630628382338
0 0.108695652173913 0.00351813524315843
0 0.0855263157894737 0.00101887823004091
0 0.0719424460431655 0.00484867899154983
0 0.117283950617284 0.00642967751196731
0 0.0878378378378378 0.00161103836679307
0 0.132911392405063 0.00546297411814619
0 0.12 0.00426557514694895
0 0.101910828025478 0.00677285616749771
0 0.13855421686747 0.0039341985893584
0 0.0526315789473684 0.00186884083669339
0 0.103896103896104 0.00189516716153303
0 0.0676691729323308 0.00040249088620412
0 0.109756097560976 0.00305515055637557
0 0.0952380952380952 0.00289143212023155
0 0.089171974522293 0.00285770875653192
0 0.08 0.00209841331828752
0 0.0986842105263158 0.00601874378997292
0 0.0921052631578947 0.00569967013830538
0 0.0802919708029197 0.0030589410800519
0 0.0709219858156028 0.00952420503466558
0 0.138157894736842 0.00842845473642887
0 0.079136690647482 0.00111914582231762
0 0.079136690647482 0.00453823284240731
0 0.0680272108843537 0.00106813713098936
0 0.122448979591837 0.00863012481815271
0 0.11875 0.00284206215537844
0 0.131034482758621 0.00365076662331022
0 0.102040816326531 0.00305748994110037
0 0.0743243243243243 0.00245904407849909
0 0.0774193548387097 0.00157164895180558
0 0.0896551724137931 0.00904283391703264
0 0.102409638554217 0.0025146040229965
0 0.0949367088607595 0.00107320628815713
0 0.0916030534351145 0.00259855966866472
0 0.102189781021898 0.00400408622639086
0 0.0719424460431655 0.00245295534100842
0 0.0694444444444444 0.00268149827637979
0 0.0821917808219178 0.00104578403548164
0 0.134228187919463 0.00394712227046265
0 0.0422535211267606 0.000462248799301208
0 0.106666666666667 0.00279881833448626
0 0.089041095890411 0.00565874126699246
0 0.08 0.00200008612308248
0 0.114285714285714 0.00417460752674413
0 0.118518518518519 0.00615012445360827
0 0.0985915492957746 0.00176679881562831
0 0.0882352941176471 0.00792043627055999
0 0.103896103896104 0.00877553687868634
0 0.099290780141844 0.00301660005248236
0 0.123188405797101 0.00385883155313731
0 0.11038961038961 0.0028096179936726
0 0.0769230769230769 0.00352133024247776
0 0.121621621621622 0.0034889743702204
0 0.145348837209302 0.00760543189748085
0 0.089041095890411 0.00155342425058619
0 0.0888888888888889 0.00146196582795843
0 0.116564417177914 0.00411767889670221
0 0.0522388059701493 0.000598318440025557
0 0.096551724137931 0.00268741867161904
0 0.0878378378378378 0.0102427735777477
0 0.118012422360248 0.00689297299183803
0 0.121794871794872 0.00356183004645328
0 0.096551724137931 0.000910875288281115
0 0.118518518518519 0.00551504328011842
0 0.105960264900662 0.00459578556675713
0 0.0805369127516778 0.0024318380402526
0 0.0807453416149068 0.00359724564773887
0 0.0740740740740741 0.00432892912513512
0 0.1 0.00621282893715839
0 0.148387096774194 0.00534129899821994
0 0.0649350649350649 0.00120909703884234
0 0.123456790123457 0.00333683459315477
0 0.0769230769230769 0.00171069858371023
0 0.0479452054794521 0.00130174374825671
0 0.0963855421686747 0.0017059299702691
0 0.10828025477707 0.00163920689659437
0 0.0641025641025641 0.00124806111733447
0 0.111111111111111 0.00404463638910538
0 0.0949367088607595 0.00272559572029185
0 0.111842105263158 0.00242880810588866
0 0.120567375886525 0.00279561697114398
0 0.138157894736842 0.0047869738401899
0 0.0559440559440559 0.0049985424787077
0 0.134615384615385 0.00488917008658515
0 0.0727272727272727 0.00269282106265839
0 0.159235668789809 0.00709824174062637
0 0.10625 0.00817076330144944
0 0.107594936708861 0.00268477228805437
0 0.0821917808219178 0.00554930315692014
0 0.0753424657534247 0.00222105395778592
0 0.0588235294117647 0.0022564101393686
0 0.107913669064748 0.0047232942836427
0 0.0638297872340425 0.0128954317059544
0 0.0977443609022556 0.0047415979296611
0 0.0684931506849315 0.00247502299799773
0 0.0763888888888889 0.00985122844092336
0 0.0758620689655172 0.00734632388230179
0 0.131578947368421 0.00877415676473515
0 0.089171974522293 0.00363346395020761
0 0.147239263803681 0.00172808315668616
0 0.0869565217391304 0.00471714636708825
0 0.0864197530864197 0.00343271716194087
0 0.0985915492957746 0.00299873596528352
0 0.0608108108108108 0.00154013029148201
0 0.117241379310345 0.00323969228911371
0 0.0638297872340425 0.00143623274424888
0 0.116129032258065 0.00307591868730422
0 0.13013698630137 0.00617974404594456
0 0.10126582278481 0.0019385843856794
0 0.06875 0.00162546481782588
0 0.079136690647482 0.0021244993039679
0 0.0875 0.00452402786599038
0 0.0986842105263158 0.0034093157265555
0 0.116564417177914 0.00431973232179399
0 0.06 0.00268001464893755
0 0.0869565217391304 0.00146985308188299
0 0.0863309352517986 0.00554837520011128
0 0.0838709677419355 0.00239691739507372
0 0.09375 0.00110529495873143
0 0.0939597315436242 0.00570665598080123
0 0.0915492957746479 0.00301037049326337
0 0.0897435897435897 0.00156875679785086
0 0.111111111111111 0.00446691964623039
0 0.0763888888888889 0.00394931897222903
0 0.0892857142857143 0.00255240196003024
0 0.0408163265306122 0.000706093502769789
0 0.106382978723404 0.00379800886194837
0 0.0828025477707006 0.00298768298982005
0 0.0697674418604651 0.0055356995994966
0 0.150684931506849 0.00930382794890282
0 0.0810810810810811 0.00334022188223344
0 0.0970149253731343 0.00882858570684874
0 0.0902777777777778 0.00362975523119588
0 0.116129032258065 0.00280772370490632
0 0.114864864864865 0.0031225170953055
0 0.111842105263158 0.00562956976714947
0 0.0797101449275362 0.00326909352074779
0 0.0794701986754967 0.0033035382374519
0 0.149350649350649 0.00831463683467691
0 0.0849673202614379 0.00108576415287657
0 0.0779220779220779 0.00211544089157903
0 0.0860927152317881 0.00347863301402824
0 0.119205298013245 0.00287496498413968
0 0.125 0.00509770769564616
0 0.105960264900662 0.00416715411475802
0 0.115384615384615 0.00381387605985621
0 0.0758620689655172 0.00276572908620068
0 0.128834355828221 0.00348365971134417
0 0.0884353741496599 0.00555684812766966
0 0.127272727272727 0.00415271500568153
0 0.0821917808219178 0.00499634560615031
0 0.129032258064516 0.00626173382261093
0 0.0697674418604651 0.0033051635415674
0 0.10958904109589 0.00340384084231943
0 0.132867132867133 0.00325759552542298
0 0.0821917808219178 0.0019599212004036
0 0.131034482758621 0.00574707588675062
0 0.12987012987013 0.00262761962785663
0 0.147651006711409 0.00480146472344855
0 0.0641025641025641 0.00189499811767554
0 0.0758620689655172 0.00189029897891491
0 0.103225806451613 0.00249723227107614
0 0.0743243243243243 0.00199508749789413
0 0.10958904109589 0.00549811294791144
0 0.125 0.00412714473964349
0 0.0463576158940397 0.00133307209386002
0 0.0833333333333333 0.0022062229234369
0 0.0526315789473684 0.00223695579173995
0 0.0817610062893082 0.00142166199686965
0 0.0848484848484849 0.00305186770987755
0 0.0674846625766871 0.00223284954470496
0 0.10738255033557 0.00697398966095302
0 0.100671140939597 0.00358998306015595
0 0.0649350649350649 0.0027265402731007
0 0.0666666666666667 0.00327259962625691
0 0.100719424460432 0.00677098405333803
0 0.10062893081761 0.00195248423534857
0 0.119760479041916 0.00251625076010796
0 0.0864197530864197 0.00326487802798912
0 0.117241379310345 0.00573872959184143
0 0.0859375 0.00560155325280069
0 0.0972222222222222 0.00272483110815103
0 0.0422535211267606 0.00112364748215438
0 0.089041095890411 0.00228875961491557
0 0.136645962732919 0.00300759162114053
0 0.111111111111111 0.00148061646372346
0 0.0955882352941176 0.0022930587713143
0 0.0974025974025974 0.00232706565024067
0 0.109677419354839 0.00498007858671165
0 0.114864864864865 0.00197328960260279
0 0.1 0.00727069893342922
0 0.152046783625731 0.00331352808547395
0 0.0764331210191083 0.00475622420390613
0 0.0784313725490196 0.00161961446241249
0 0.115151515151515 0.00246997444459839
0 0.105960264900662 0.00282767919185999
0 0.104294478527607 0.00188938512529863
0 0.0476190476190476 0.00230324984459853
0 0.150943396226415 0.00429682953591192
0 0.0555555555555556 0.00119969448277808
0 0.0522388059701493 0.00500926592663625
0 0.127388535031847 0.00722658851364216
0 0.0809248554913295 0.00232187439892533
0 0.0833333333333333 0.00240494667198599
0 0.0794701986754967 0.00218236335113366
0 0.0846153846153846 0.001235228332581
0 0.0921985815602837 0.00224328656888577
0 0.0469798657718121 0.000581985013280229
0 0.0728476821192053 0.00136210667012451
0 0.0915032679738562 0.00360214776393685
0 0.118055555555556 0.00279318452476689
0 0.116129032258065 0.00284645084840915
0 0.069620253164557 0.00275437039520515
0 0.114093959731544 0.00261402275463148
0 0.131944444444444 0.00583037180932747
0 0.11377245508982 0.00520839652129526
0 0.0522875816993464 0.00180191950593454
0 0.0814814814814815 0.00282970452052063
0 0.0977443609022556 0.00606093705239275
0 0.0738255033557047 0.00222791924786748
0 0.0596026490066225 0.00222412536802995
0 0.0915032679738562 0.00487215880029329
0 0.131034482758621 0.00557245615219269
0 0.0955882352941176 0.00213145654080733
0 0.0769230769230769 0.00181592858001754
0 0.0979020979020979 0.00900421345986406
0 0.072463768115942 0.00166590673915739
0 0.111111111111111 0.00735344900386691
0 0.0625 0.00298358946987351
0 0.111888111888112 0.00205604859812159
0 0.0921052631578947 0.00134942604897805
0 0.0863309352517986 0.00212324870348016
0 0.0662251655629139 0.000804871999745726
0 0.10625 0.003776480424392
0 0.0851063829787234 0.0104958820110842
0 0.115384615384615 0.00167199893944748
0 0.140243902439024 0.00874275113282167
0 0.0945945945945946 0.00296649923082501
0 0.0869565217391304 0.00422257090526939
0 0.082089552238806 0.000892169397731803
0 0.10655737704918 0.00810574018869896
0 0.0666666666666667 0.00257911524439283
0 0.119205298013245 0.00776781830886215
0 0.0933333333333333 0.00352691503031093
0 0.0958904109589041 0.00279019184925626
0 0.054421768707483 0.00646610241967958
0 0.0769230769230769 0.00144694910745103
0 0.0792682926829268 0.00157425347070422
0 0.11038961038961 0.00912721211272142
0 0.083969465648855 0.00183362605895724
0 0.0878378378378378 0.00354699183625176
0 0.0949367088607595 0.00269364708265137
0 0.0849673202614379 0.00333827574459009
0 0.0472972972972973 0.00209295482537063
0 0.105960264900662 0.00351936454551941
0 0.112426035502959 0.00534894222514288
0 0.0896551724137931 0.00318378865916343
0 0.123287671232877 0.00381413116700614
0 0.144927536231884 0.00517782813139261
0 0.105960264900662 0.00742361256732717
0 0.0780141843971631 0.00362368256354179
0 0.0866666666666667 0.00118692513668933
0 0.1 0.00225432837099778
0 0.0738255033557047 0.00144060667163878
0 0.0738255033557047 0.00235605884549851
0 0.0902777777777778 0.00126849989383036
0 0.103658536585366 0.00394127904089107
0 0.101910828025478 0.00314011746107109
0 0.116788321167883 0.00414542824273452
0 0.100671140939597 0.00744947425873034
0 0.0714285714285714 0.000800335023471987
0 0.0785714285714286 0.00402742533160592
0 0.114285714285714 0.00511715452750501
0 0.0896551724137931 0.0019548719896328
0 0.0887573964497041 0.00445210508829431
0 0.075 0.00476779757018717
0 0.112582781456954 0.0053723182286211
0 0.0774193548387097 0.00126524446559261
0 0.0821917808219178 0.00166804010816335
0 0.0935251798561151 0.00930351757258611
0 0.112582781456954 0.00459838163029712
0 0.116959064327485 0.00338020269819344
0 0.103896103896104 0.00488351508692698
0 0.131034482758621 0.00362762430357777
0 0.0961538461538462 0.00574969242185906
0 0.0700636942675159 0.00207226551334041
0 0.107594936708861 0.0024260158880467
0 0.0613496932515337 0.0018740037369031
0 0.139393939393939 0.00375451146241025
0 0.0845070422535211 0.00249565655336927
0 0.169811320754717 0.00913727092056393
0 0.103448275862069 0.003388911091552
0 0.113475177304965 0.0125531237416465
0 0.125827814569536 0.00607153836436002
0 0.0714285714285714 0.00971967194365812
0 0.128834355828221 0.00333147889753096
0 0.0961538461538462 0.00720750609026095
0 0.0909090909090909 0.00151772687743866
0 0.10738255033557 0.00282814848406522
0 0.0961538461538462 0.00238215258988851
0 0.131944444444444 0.00433497574328114
0 0.101910828025478 0.00325578041099174
0 0.0656934306569343 0.00222208916293651
0 0.113333333333333 0.0022003487622335
0 0.051948051948052 0.000803700784741836
0 0.0758620689655172 0.00373779823169778
0 0.130434782608696 0.00528226317908269
0 0.0666666666666667 0.00156121577602059
0 0.0882352941176471 0.0121953287223259
0 0.125 0.00596151076045812
0 0.049645390070922 0.00307813646133646
0 0.0897435897435897 0.00414273214973443
0 0.049645390070922 0.000785202538999879
0 0.0784313725490196 0.00606151862272691
0 0.113475177304965 0.00182725613297671
0 0.0897435897435897 0.00188246652672767
0 0.0789473684210526 0.00740410592545586
0 0.123287671232877 0.00491558617089068
0 0.0903225806451613 0.0049563615810693
0 0.069620253164557 0.00492995188986791
0 0.113333333333333 0.00413582949948697
0 0.124183006535948 0.00911209033029789
0 0.0604026845637584 0.00176951015153023
0 0.0915492957746479 0.000838335435710011
0 0.0833333333333333 0.00207975355494459
0 0.136986301369863 0.011566943580414
0 0.116438356164384 0.00426966788909316
0 0.121019108280255 0.00338071674443529
0 0.141843971631206 0.00281312699532048
0 0.0955414012738854 0.00304919101605263
0 0.0855263157894737 0.00468333981085486
0 0.079136690647482 0.00199321440753494
0 0.101910828025478 0.00274573887187324
0 0.0993788819875776 0.00398957550472165
0 0.0723684210526316 0.00178011480857119
0 0.0784313725490196 0.00443786428609649
0 0.134615384615385 0.00987945442021544
0 0.0526315789473684 0.00658893713576641
0 0.11377245508982 0.00852199176132868
0 0.0692307692307692 0.00104754761232882
0 0.0869565217391304 0.00215913416284574
0 0.102739726027397 0.00221778465190223
0 0.0875912408759124 0.00503781924006245
0 0.0878378378378378 0.00197118673698748
0 0.125 0.00451534759294292
0 0.129496402877698 0.00225822345732374
0 0.121019108280255 0.00377498010403096
0 0.093167701863354 0.0018058869020157
0 0.10738255033557 0.00498171708979096
0 0.079136690647482 0.00350706419781795
0 0.147887323943662 0.00430198173269459
0 0.092485549132948 0.00255132732119069
0 0.106666666666667 0.00258160094350173
0 0.0687022900763359 0.00201394986829853
0 0.0963855421686747 0.00161903945373847
0 0.0680272108843537 0.00715026879033429
0 0.0839160839160839 0.00134946201974292
0 0.125 0.0110904854463798
0 0.06 0.00126129668655772
0 0.0780141843971631 0.0020495697358963
0 0.115646258503401 0.00591867202935868
0 0.0610687022900763 0.000776585450906809
0 0.134615384615385 0.00559333353914042
0 0.0662251655629139 0.00142620451867211
0 0.0410958904109589 0.0013717662816464
0 0.0723684210526316 0.00111109234688247
0 0.0738255033557047 0.000920743165259736
0 0.114864864864865 0.00308908914152422
0 0.125 0.00518267127751912
0 0.132450331125828 0.0135493264950651
0 0.125827814569536 0.00300880811910826
0 0.0866666666666667 0.00747866023096575
0 0.06875 0.00121703600076119
0 0.116959064327485 0.00524641171383211
0 0.0875 0.00196862984798735
0 0.104895104895105 0.00364765924558209
0 0.114285714285714 0.00412437867641806
0 0.111111111111111 0.00314214421294334
0 0.0986842105263158 0.00317907408529123
0 0.0733333333333333 0.0029062226286846
0 0.145569620253165 0.00704273892817102
0 0.0571428571428571 0.00269561073584155
0 0.142857142857143 0.0102219945791602
0 0.0943396226415094 0.00335564580745526
0 0.140350877192982 0.00387762898679712
0 0.0584415584415584 0.00140165858485291
0 0.105960264900662 0.00317794912625589
0 0.0909090909090909 0.00274933916689039
0 0.0764331210191083 0.00183488839661815
0 0.0536912751677852 0.00230143791998423
0 0.089171974522293 0.00392893098150461
0 0.0949367088607595 0.00365761407370982
0 0.0970149253731343 0.00334125935014524
0 0.0773809523809524 0.00150019063871559
0 0.104575163398693 0.00423353519585717
0 0.10958904109589 0.00261948880344884
0 0.0979020979020979 0.0022630080005019
0 0.0797101449275362 0.00246999155970081
0 0.0933333333333333 0.00207800326232437
0 0.111842105263158 0.00330821103690796
0 0.141176470588235 0.00448290891662514
0 0.0769230769230769 0.00081549930150888
0 0.0486111111111111 0.00220320835423629
0 0.0719424460431655 0.0027480224106037
0 0.115646258503401 0.0118629439930022
0 0.0827586206896552 0.000954805423927174
0 0.133757961783439 0.00274593587344394
0 0.129032258064516 0.00609433739116101
0 0.10958904109589 0.00279357615102163
0 0.0955414012738854 0.00403944538529381
0 0.1 0.00277306151314266
0 0.11038961038961 0.00339585466147084
0 0.118421052631579 0.00393663642386246
0 0.099290780141844 0.0132169227122139
0 0.114093959731544 0.00270012901014648
0 0.0638297872340425 0.00242133267485259
0 0.108843537414966 0.00438434754998868
0 0.0810810810810811 0.00245890136706535
0 0.136363636363636 0.00477455504338087
0 0.105960264900662 0.00359865951538412
0 0.115853658536585 0.00127626323343651
0 0.10126582278481 0.001958864924128
0 0.0649350649350649 0.00150987054475394
0 0.06 0.00615320784077495
0 0.0985915492957746 0.00873291171740512
0 0.0645161290322581 0.0016783566978384
0 0.0629370629370629 0.00236096773084713
0 0.10062893081761 0.00222604456470455
0 0.0780141843971631 0.00227334148939144
0 0.0921052631578947 0.00731921628467918
0 0.0709219858156028 0.0011804627732682
0 0.102739726027397 0.00368466105342964
0 0.0967741935483871 0.0030343441831416
0 0.051948051948052 0.00304761037312579
0 0.0817610062893082 0.00630181037197994
0 0.0961538461538462 0.00375641656394863
0 0.0844155844155844 0.0076922317673495
0 0.121019108280255 0.00345190195189526
0 0.0784313725490196 0.00290585842820434
0 0.0428571428571429 0.000996165240224559
0 0.0961538461538462 0.0028495718825041
0 0.0814814814814815 0.00474278786922638
0 0.116883116883117 0.00430122904340977
0 0.0961538461538462 0.00247661743204313
0 0.106666666666667 0.00483874987924429
0 0.0909090909090909 0.00166627874457469
0 0.12751677852349 0.00339722024186751
0 0.0975609756097561 0.00675372969070039
0 0.120300751879699 0.00155265676397657
0 0.111842105263158 0.00487624135355273
0 0.079136690647482 0.00512157580652881
0 0.048951048951049 0.00268844342978249
0 0.0902255639097744 0.00975564021412796
0 0.0785714285714286 0.00765742390777946
0 0.0958904109589041 0.00292057985137978
0 0.0797546012269939 0.00246896418518709
0 0.12751677852349 0.00811652470068975
0 0.103703703703704 0.00409038452134575
0 0.106382978723404 0.00260533622722056
0 0.116883116883117 0.00291778607243718
0 0.0758620689655172 0.00220577303402048
0 0.0915032679738562 0.00234299076174778
0 0.121794871794872 0.00506373939169717
0 0.0849673202614379 0.00115204143511219
0 0.141025641025641 0.00741083420103252
0 0.0921052631578947 0.00197245033718141
0 0.0939597315436242 0.00501977144501452
0 0.125827814569536 0.00943942104019096
0 0.0975609756097561 0.00628863936237317
0 0.0625 0.00124483565222184
0 0.0642857142857143 0.00439212204450408
0 0.0769230769230769 0.00448303902947893
0 0.10126582278481 0.00350296471679454
0 0.15 0.00696282187523569
0 0.0909090909090909 0.00347630606519605
0 0.130718954248366 0.00448388495372109
0 0.087248322147651 0.00104816541294477
0 0.1 0.00201614741184667
0 0.0855263157894737 0.00128142726500421
0 0.096969696969697 0.0021915603359819
0 0.101351351351351 0.00401110840520625
0 0.113924050632911 0.00408192966173969
0 0.118881118881119 0.0047176312872728
0 0.0447761194029851 0.00061964436886893
0 0.105960264900662 0.0053531144805676
0 0.0914634146341463 0.00547446357220082
0 0.138157894736842 0.00464248341424533
0 0.0878378378378378 0.00241180080615814
0 0.140127388535032 0.00607666020127804
0 0.106918238993711 0.00278046582778615
0 0.0845070422535211 0.00871275607857708
0 0.111801242236025 0.00190854226712766
0 0.10828025477707 0.00746581619471531
0 0.112582781456954 0.00318115603609528
0 0.11038961038961 0.00171908524901069
0 0.0845070422535211 0.00148714412881001
0 0.0662251655629139 0.00122040114294591
0 0.119402985074627 0.00512915765154969
0 0.103896103896104 0.00165634954893197
0 0.0897435897435897 0.00147078767398729
0 0.0779220779220779 0.00150696658096903
0 0.0723684210526316 0.00290037901562654
0 0.0769230769230769 0.00407129002147362
0 0.0575539568345324 0.000582997299921949
0 0.072992700729927 0.00365996522840875
0 0.0933333333333333 0.006256011431394
0 0.0822784810126582 0.0012613974415689
0 0.0584415584415584 0.00149804789567576
0 0.0697674418604651 0.0026756272631957
0 0.0656934306569343 0.00332451807899709
0 0.0816326530612245 0.00333740696053286
0 0.112676056338028 0.00211472423640043
0 0.12962962962963 0.00816867459358772
0 0.0849673202614379 0.00292648888053898
0 0.101910828025478 0.00137261651415064
0 0.0701754385964912 0.00265534009675355
0 0.136363636363636 0.00782472497807988
0 0.0833333333333333 0.00337776016921747
0 0.0410958904109589 0.00095893738604849
0 0.0860927152317881 0.0015971116463344
0 0.120689655172414 0.00350148809935981
0 0.102040816326531 0.00190467025369293
0 0.0974025974025974 0.00379171821155404
0 0.0903225806451613 0.00514084831926098
0 0.122448979591837 0.0142074508956103
0 0.0833333333333333 0.00207356003632526
0 0.105633802816901 0.00390860775873249
0 0.0880503144654088 0.00165537227337678
0 0.0616438356164384 0.00264371251508917
0 0.0797101449275362 0.00325151143931293
0 0.0592592592592593 0.00196332654741553
0 0.0916030534351145 0.00382053238099337
0 0.0689655172413793 0.00165975475934283
0 0.0915032679738562 0.00238796753835003
0 0.0961538461538462 0.00370138834115776
0 0.0604026845637584 0.00179566785363994
0 0.0909090909090909 0.00246199428306796
0 0.0740740740740741 0.00293024276415177
0 0.1 0.00208598328696136
0 0.08 0.00345753927035536
0 0.0789473684210526 0.0017804419990675
0 0.0394736842105263 0.00193371922058141
0 0.128834355828221 0.00142855219312418
0 0.0683229813664596 0.00117220511917404
0 0.113924050632911 0.0061163108887679
0 0.0952380952380952 0.00844108882463501
0 0.0955414012738854 0.00230697992686635
0 0.104294478527607 0.00389657571006491
0 0.0898876404494382 0.00305922542185732
0 0.125 0.00143264951478728
0 0.0794701986754967 0.00668100238393158
0 0.0802469135802469 0.00349674471479019
0 0.110429447852761 0.00208167453344735
0 0.0952380952380952 0.0106309874565015
0 0.0620689655172414 0.00143949739611594
0 0.0636942675159236 0.00401934394771232
0 0.108695652173913 0.00358833951549471
0 0.136363636363636 0.00911518725461578
0 0.120805369127517 0.00469757879924039
0 0.072289156626506 0.00131562870810421
0 0.0888888888888889 0.00301425120626238
0 0.0915492957746479 0.0046247762036307
0 0.119205298013245 0.00222844624221097
0 0.148387096774194 0.00441515075070278
0 0.11038961038961 0.00465005562149599
0 0.0551724137931034 0.0010578129286821
0 0.101351351351351 0.00406701146207725
0 0.0705128205128205 0.00300160887514613
0 0.098159509202454 0.00347695762794992
0 0.101910828025478 0.00827312601087824
0 0.0955882352941176 0.00352939215524492
0 0.12280701754386 0.0026645381045471
0 0.099236641221374 0.00173280235596974
0 0.0827586206896552 0.00276995509515962
0 0.10958904109589 0.0042144816652408
0 0.0945945945945946 0.00300387204312183
0 0.119718309859155 0.00937748830773336
0 0.13125 0.00433623799655571
0 0.0827067669172932 0.00424511614562392
0 0.0580645161290323 0.00212648417065842
0 0.0310077519379845 0.000522803772140722
0 0.125 0.00530196543839026
0 0.101351351351351 0.00126358815809646
0 0.122699386503067 0.00451374898529734
0 0.142857142857143 0.00429493489459168
0 0.116883116883117 0.00295800023495671
0 0.0921985815602837 0.00353856640327651
0 0.0733333333333333 0.00171921136576307
0 0.0970149253731343 0.00192942999760004
0 0.0869565217391304 0.00361812127069272
0 0.093167701863354 0.00102957097449803
0 0.105960264900662 0.0044509534025078
0 0.114649681528662 0.00217049405553429
0 0.0662251655629139 0.00237213121091916
0 0.0816326530612245 0.00765123270487081
0 0.0821917808219178 0.00365552906732695
0 0.0967741935483871 0.00172040931948915
0 0.112582781456954 0.00448257070071879
0 0.128048780487805 0.00414080967360948
0 0.08 0.00323218123353751
0 0.065359477124183 0.0057156993545566
0 0.0784313725490196 0.00274633875137294
0 0.116564417177914 0.00503020589744536
0 0.08 0.00238656787835103
0 0.0718954248366013 0.00910817509042114
0 0.0849673202614379 0.00730495316900449
0 0.0764331210191083 0.00226556156118596
0 0.106918238993711 0.0075612245933588
0 0.0914634146341463 0.00224692342584282
0 0.0719424460431655 0.00329578240356672
0 0.131386861313869 0.0126388547226023
0 0.089171974522293 0.00329749340298041
0 0.0920245398773006 0.00519755248769938
0 0.099290780141844 0.00609546794035494
0 0.103030303030303 0.00415573614667368
0 0.0979020979020979 0.00434124022261879
0 0.0784313725490196 0.00284905815363289
0 0.0977443609022556 0.00762310046511266
0 0.0780141843971631 0.00375878846304395
0 0.0642857142857143 0.00267973364069905
0 0.0699300699300699 0.00385948867579149
0 0.0827586206896552 0.00188641000106377
0 0.1 0.00255066864073056
0 0.0896551724137931 0.00485498789187501
0 0.0833333333333333 0.00204106704317935
0 0.119760479041916 0.00269314206521823
0 0.1 0.00563202679200056
0 0.0909090909090909 0.0029630122186418
0 0.098159509202454 0.00222904717237756
0 0.0935251798561151 0.00267266366170713
0 0.0458015267175573 0.00122446522273227
0 0.0666666666666667 0.00233815259620553
0 0.088 0.00359811016837808
0 0.0566037735849057 0.00302030846181861
0 0.0675675675675676 0.0015095513710209
0 0.09375 0.00291168810206878
0 0.102739726027397 0.00246744793712024
0 0.143884892086331 0.018623940016905
0 0.0972222222222222 0.00862177653566393
0 0.0555555555555556 0.000801355772823452
0 0.0615384615384615 0.00111335491178606
0 0.0759493670886076 0.00150275941476357
0 0.108108108108108 0.00196712675263738
0 0.0827586206896552 0.010266556777893
0 0.112582781456954 0.00377374796357755
0 0.106060606060606 0.00440109869633238
0 0.11875 0.0033441270507382
0 0.110344827586207 0.00737530117351662
0 0.1 0.00289830853620022
0 0.0503597122302158 0.00458158272184793
0 0.0748299319727891 0.00271004112014328
0 0.109756097560976 0.00286350879075146
0 0.0718954248366013 0.00108409413988639
0 0.1 0.00398032714135111
0 0.113636363636364 0.0124704092459778
0 0.102040816326531 0.00449468302118934
0 0.115646258503401 0.00293006835402206
0 0.0482758620689655 0.00488913217892743
0 0.0641025641025641 0.000928274323548269
0 0.0833333333333333 0.00202813600931753
0 0.0774647887323944 0.00578045754563149
0 0.0980392156862745 0.0012872827858888
0 0.119402985074627 0.00407558052345132
0 0.0723684210526316 0.00198053489642687
0 0.112582781456954 0.00400937829146814
0 0.0945945945945946 0.00490121586915745
0 0.0571428571428571 0.000399614618859424
0 0.0814814814814815 0.00499161972909579
0 0.0979020979020979 0.00283559629873808
0 0.0753424657534247 0.00280107291547662
0 0.10738255033557 0.0053085848447914
0 0.138888888888889 0.00661896766736877
0 0.0943396226415094 0.0035498494055384
0 0.0993377483443709 0.00507109285469113
0 0.116129032258065 0.00373655194218323
0 0.0860927152317881 0.0014391095231826
0 0.100671140939597 0.0057130481126209
0 0.0945945945945946 0.00921369602202142
0 0.0915032679738562 0.00297982897178976
0 0.0805369127516778 0.00205314732191562
0 0.0896551724137931 0.00198223688826882
0 0.0684931506849315 0.00148011281839714
0 0.109677419354839 0.00861031875522702
0 0.0939597315436242 0.00278054592992772
0 0.120805369127517 0.00422342626859991
0 0.119496855345912 0.00354796973424499
0 0.12751677852349 0.0112125994427662
0 0.130718954248366 0.00413325311803909
0 0.128834355828221 0.00231864125526896
0 0.079136690647482 0.00373671718708041
0 0.0833333333333333 0.00953960836210547
0 0.0649350649350649 0.00254330622535923
0 0.125 0.00402901003387726
0 0.0875912408759124 0.00972727072562345
0 0.137724550898204 0.00502858985782195
0 0.096551724137931 0.00632017052224907
0 0.075 0.00241755923430771
0 0.0979020979020979 0.00496442012829553
0 0.0979020979020979 0.00332041906709398
0 0.099290780141844 0.00112486614273444
0 0.134969325153374 0.00313797324840374
0 0.0802919708029197 0.00424194284495678
0 0.0774647887323944 0.00225007336111125
0 0.0714285714285714 0.00256498202316928
0 0.0723684210526316 0.00311696128658544
0 0.103225806451613 0.00304360117172683
0 0.0714285714285714 0.00189042028036602
0 0.0915032679738562 0.00362428960179379
0 0.0935251798561151 0.00383783602775609
0 0.0774647887323944 0.0031995852467246
0 0.0839160839160839 0.00741892217542665
0 0.0925925925925926 0.00362541814162406
0 0.0718954248366013 0.00250878928256063
0 0.0974025974025974 0.00169549942557894
0 0.0792682926829268 0.00272885466018479
0 0.0866666666666667 0.00402341402543369
0 0.149659863945578 0.00427999694603055
0 0.104477611940299 0.00568186118755079
0 0.115942028985507 0.00333627482321903
0 0.121951219512195 0.00281685652328906
0 0.117241379310345 0.0113170722203939
0 0.0958904109589041 0.00220477586247819
0 0.0928571428571429 0.00357198815762529
0 0.0920245398773006 0.00206590387048938
0 0.0759493670886076 0.0102344906942834
0 0.129496402877698 0.00523858011055732
0 0.105590062111801 0.00712348887015311
0 0.0779220779220779 0.00334395370713735
0 0.0952380952380952 0.00425176364952327
0 0.10126582278481 0.00839452520881791
0 0.148148148148148 0.00689153988624927
0 0.048951048951049 0.000587353652166194
0 0.100671140939597 0.00235036507607922
0 0.116129032258065 0.00205491512221468
0 0.116438356164384 0.00703562708481649
0 0.0921985815602837 0.00395434500837264
0 0.0817610062893082 0.00281068466261692
0 0.114285714285714 0.00187592870068825
0 0.101190476190476 0.00440942637989425
0 0.0866666666666667 0.00646709155045402
0 0.0821917808219178 0.00531024617956758
0 0.102189781021898 0.00522464957418456
0 0.126666666666667 0.0042748983369712
0 0.0970149253731343 0.00993132788416923
0 0.0758620689655172 0.00207154506316514
0 0.0921985815602837 0.00241304847198261
0 0.0945945945945946 0.00380976639242123
0 0.104166666666667 0.00308740235977918
0 0.1 0.00322393467621654
0 0.0733333333333333 0.00247323146772872
0 0.0625 0.00382245027395083
0 0.107594936708861 0.00267368242000585
0 0.106382978723404 0.00191643745633815
0 0.093167701863354 0.00340095955962268
0 0.116438356164384 0.00582487890213084
0 0.08125 0.00192573395190321
0 0.120253164556962 0.00236416967538922
0 0.0814814814814815 0.00179445799605887
0 0.0980392156862745 0.00888289294194393
0 0.0857142857142857 0.00416338094993482
0 0.096551724137931 0.0062830303070873
0 0.0972222222222222 0.0045724959391397
0 0.116959064327485 0.00274733239500761
0 0.0915032679738562 0.00239690602464047
0 0.108433734939759 0.00291740290108134
0 0.0379746835443038 0.000635923024157757
0 0.093167701863354 0.00216044303760588
0 0.106918238993711 0.00625966710169918
0 0.104575163398693 0.00190502811727386
0 0.0764331210191083 0.0065846305140679
0 0.111111111111111 0.00203079189971852
0 0.0849673202614379 0.00304085977091829
0 0.0993377483443709 0.00507705294159541
0 0.0797546012269939 0.00235415882433785
0 0.0748299319727891 0.00532043258716334
0 0.0794701986754967 0.00454055843645396
0 0.0974025974025974 0.00430513171218881
0 0.108695652173913 0.00774620616049366
0 0.103448275862069 0.00720234432364012
0 0.0822784810126582 0.00219090624368199
0 0.119496855345912 0.0028631151357135
0 0.0718954248366013 0.0082837841517583
0 0.0878378378378378 0.00334997832206263
0 0.0952380952380952 0.00287657610232699
0 0.0809248554913295 0.00207880917801009
0 0.0671641791044776 0.0058272307872602
0 0.115853658536585 0.00415605822628428
0 0.102739726027397 0.00410566295612131
0 0.0857142857142857 0.00758631014289757
0 0.166666666666667 0.00443718524658233
0 0.096551724137931 0.00199857845676756
0 0.104895104895105 0.00430075747099822
0 0.167741935483871 0.00314557061707099
0 0.132530120481928 0.0107367283037996
0 0.0915492957746479 0.00317942705887362
0 0.124087591240876 0.00872519567241819
0 0.11875 0.00427492125018743
0 0.11038961038961 0.00260950334292977
0 0.16 0.00444204042819933
0 0.135135135135135 0.00452746561484404
0 0.121794871794872 0.00217791535461285
0 0.103448275862069 0.00584107051898936
0 0.125 0.0030358924734402
0 0.154362416107383 0.0104690201815167
0 0.0753424657534247 0.00227429319594821
0 0.0780141843971631 0.00220436205217272
0 0.0805369127516778 0.00269157514465465
0 0.0805369127516778 0.00217861031849538
0 0.093167701863354 0.00156748061944638
0 0.0608108108108108 0.00570210430942495
0 0.0382165605095541 0.000172999128463599
0 0.0805369127516778 0.00276032572682609
0 0.0845070422535211 0.00276337350690908
0 0.0909090909090909 0.000895071985515165
0 0.142857142857143 0.0029719233112473
0 0.125786163522013 0.00398789732374658
0 0.113207547169811 0.00339910102598565
0 0.0821917808219178 0.00344512738906909
0 0.104477611940299 0.0040641793118812
0 0.0849673202614379 0.00100283802037378
0 0.111801242236025 0.00526031044505882
0 0.108843537414966 0.00268541226338518
0 0.12962962962963 0.0105363240809508
0 0.124137931034483 0.00287715733345566
0 0.0588235294117647 0.00123483473838834
0 0.0855263157894737 0.00240537732824986
0 0.0636942675159236 0.00184872112288997
0 0.0703125 0.00627154698087526
0 0.117647058823529 0.00512729405596318
0 0.102564102564103 0.00205808247499536
0 0.0714285714285714 0.00173126496697865
0 0.0939597315436242 0.00233889517681264
0 0.0958904109589041 0.00389208788678691
0 0.131944444444444 0.00580637292300578
0 0.0681818181818182 0.00301583974157364
0 0.0993788819875776 0.00290024206274831
0 0.12258064516129 0.00220079799257431
0 0.0559440559440559 0.00185646888011803
0 0.0684931506849315 0.0037989012331851
0 0.116129032258065 0.00511085638272244
0 0.0808823529411765 0.00497917057076632
0 0.131944444444444 0.00739735811091245
0 0.104895104895105 0.00263828800348218
0 0.0604026845637584 0.00252483551472859
0 0.121212121212121 0.00386333007284773
0 0.158227848101266 0.00472339826100916
0 0.114093959731544 0.010727124562826
0 0.0828025477707006 0.00267770464730924
0 0.0551724137931034 0.00179103138014375
0 0.0838709677419355 0.00159078050120649
0 0.119496855345912 0.00579220335327367
0 0.0993788819875776 0.00249275494739903
0 0.100671140939597 0.00274331247038963
0 0.0866666666666667 0.00302115476609677
0 0.10062893081761 0.00609910307681754
0 0.11875 0.00929029947416335
0 0.113333333333333 0.00310704989617318
0 0.111111111111111 0.00183825240188754
0 0.0573248407643312 0.0011897150468804
0 0.04375 0.000543509653424391
0 0.10958904109589 0.00334655775661763
0 0.0986842105263158 0.00567629450446222
0 0.08 0.000582311487818119
0 0.0833333333333333 0.00437277248697562
0 0.0728476821192053 0.00340791626142765
0 0.06 0.00232616529695343
0 0.049079754601227 0.00827321556945088
0 0.0769230769230769 0.00870282226964848
0 0.0833333333333333 0.0030824893578758
0 0.125786163522013 0.00292052639289833
0 0.062111801242236 0.000933018022433117
0 0.0896551724137931 0.00613173117599828
0 0.099290780141844 0.00463675261487821
0 0.079136690647482 0.0103834976231791
0 0.036231884057971 0.000369901893229139
0 0.0785714285714286 0.00278732933744164
0 0.0909090909090909 0.00857982166311547
0 0.0666666666666667 0.0051310888355879
0 0.089041095890411 0.00348659033534
0 0.0845070422535211 0.00253047617304364
0 0.0985915492957746 0.00612518734843322
0 0.0755813953488372 0.00174898353146522
0 0.0759493670886076 0.00151328933325257
0 0.117647058823529 0.00306508543918647
0 0.0878378378378378 0.00177648624744298
0 0.0857142857142857 0.00346722311124037
0 0.116438356164384 0.00885688697655256
0 0.10625 0.00291947116524059
0 0.104575163398693 0.00519539580369185
0 0.0878378378378378 0.0030294575005407
0 0.0942028985507246 0.00231423813237814
0 0.115107913669065 0.00259282325530443
0 0.125 0.00529628003374976
0 0.072992700729927 0.00225693849096917
0 0.100719424460432 0.00173206191992298
0 0.072463768115942 0.00390807527939274
0 0.0975609756097561 0.000741437157140493
0 0.130718954248366 0.00498154786444576
0 0.0816326530612245 0.00274916939377688
0 0.156028368794326 0.00423147795142559
0 0.114649681528662 0.00544936839218016
0 0.069620253164557 0.00398254122064318
0 0.100719424460432 0.00514289618586255
0 0.079136690647482 0.00177894230298405
0 0.125 0.00375388148092147
0 0.120805369127517 0.00724680244300346
0 0.0705128205128205 0.00807205150990646
0 0.149350649350649 0.00529302616358262
0 0.0993377483443709 0.00360041267804748
0 0.0915032679738562 0.00338663544916268
0 0.114649681528662 0.00349490897240848
0 0.105960264900662 0.00397173750866989
0 0.135802469135802 0.00251385167992245
0 0.124137931034483 0.00260365904942623
0 0.120879120879121 0.00576153171689343
0 0.0817610062893082 0.00401114075290796
0 0.0647482014388489 0.00407805203852293
0 0.0949367088607595 0.00134757715630254
0 0.06 0.00770164927036883
0 0.093167701863354 0.0037797290362581
0 0.103896103896104 0.00160636628877324
0 0.132352941176471 0.00554737486585578
0 0.1 0.00700507510422231
0 0.096969696969697 0.00683505850208505
0 0.0939597315436242 0.00419663276624607
0 0.0671641791044776 0.00784516962660843
0 0.0808823529411765 0.00159771835323776
0 0.0612244897959184 0.010066471355527
0 0.06875 0.00133092927745091
0 0.1 0.0029995436939175
0 0.112582781456954 0.00470887382820895
0 0.100671140939597 0.00376520458206314
0 0.119760479041916 0.00380954866948766
0 0.0821917808219178 0.00153075351192809
0 0.108974358974359 0.00200497442997874
0 0.0745341614906832 0.00444552977956906
0 0.106508875739645 0.00225449004169558
0 0.0839160839160839 0.00421737371213147
0 0.116438356164384 0.00375210673803134
0 0.0753424657534247 0.0011905951584372
0 0.108108108108108 0.00316731350921176
0 0.0699300699300699 0.00275240190774641
0 0.0817610062893082 0.00233681988537653
0 0.131578947368421 0.00413689808634359
0 0.101190476190476 0.00297059860241215
0 0.0700636942675159 0.00162951089392082
0 0.0492957746478873 0.000447157280310062
0 0.0764331210191083 0.00198207344075458
0 0.0689655172413793 0.0034029416227175
0 0.096551724137931 0.00854283444953727
0 0.111888111888112 0.004538187679372
0 0.11038961038961 0.00179752230046905
0 0.0792682926829268 0.00113758653256657
0 0.0779220779220779 0.00197090053651291
0 0.0855263157894737 0.00412286483470664
0 0.0979020979020979 0.00515449476548139
0 0.12 0.00551920956286495
0 0.08 0.00125026678673905
0 0.0802469135802469 0.00260935532121678
0 0.102739726027397 0.0116857831287238
0 0.0909090909090909 0.00318078701678812
0 0.0897435897435897 0.00274212974403576
0 0.0993377483443709 0.00419940460113408
0 0.135802469135802 0.00478241980013255
0 0.135135135135135 0.00606372162822325
0 0.0955414012738854 0.00327195159112481
0 0.0921985815602837 0.00483896134041926
0 0.100719424460432 0.00781935156156758
0 0.118343195266272 0.00332568733308282
0 0.100719424460432 0.00450023829608056
0 0.112582781456954 0.00266041627684023
0 0.0780141843971631 0.00271615913875091
0 0.141025641025641 0.00305106806948765
0 0.0743243243243243 0.00307835145461213
0 0.0743243243243243 0.00219228884948519
0 0.144508670520231 0.00301834550369996
0 0.10738255033557 0.00617500214009069
0 0.0775193798449612 0.0063813757888859
0 0.0974025974025974 0.00231874445271269
0 0.0855263157894737 0.00212615869774878
0 0.109756097560976 0.00220121516475664
0 0.115942028985507 0.0096514295223343
0 0.109756097560976 0.0025791535877355
0 0.0466666666666667 0.00121952640659675
0 0.0425531914893617 0.000638681963822826
0 0.106382978723404 0.00262842183877745
0 0.0844155844155844 0.0017744982185718
0 0.105590062111801 0.00344221386659601
0 0.0939597315436242 0.000978749104774017
0 0.111111111111111 0.0028901389047424
0 0.130434782608696 0.00280082469621382
0 0.0466666666666667 0.00141756699703948
0 0.137724550898204 0.00928234773212298
0 0.0945945945945946 0.00134275788444305
0 0.12751677852349 0.00304889938682597
0 0.112781954887218 0.00811035393792205
0 0.126760563380282 0.0048517911734753
0 0.0902777777777778 0.00246964670609643
0 0.115646258503401 0.00418296671036921
0 0.100671140939597 0.00317676808858495
0 0.0949367088607595 0.00489856853399496
0 0.0656934306569343 0.00563596082982331
0 0.147435897435897 0.00267286381336963
0 0.132596685082873 0.00817814144264323
0 0.0948905109489051 0.00444917174989575
0 0.0975609756097561 0.00325952621492091
0 0.0970149253731343 0.000710313211448446
0 0.133757961783439 0.00266816199051654
0 0.123376623376623 0.00528543392623143
0 0.0849673202614379 0.00180509836143378
0 0.105590062111801 0.00532984397139284
0 0.0714285714285714 0.00206918972130909
0 0.0769230769230769 0.00113657273814668
0 0.131944444444444 0.00955300075925814
0 0.133333333333333 0.00628041863869917
0 0.0810810810810811 0.00190360565343181
0 0.0649350649350649 0.00292907272823375
0 0.0928571428571429 0.00415926336710191
0 0.0902255639097744 0.00269232202576919
0 0.0662650602409639 0.00188386988958197
0 0.0915492957746479 0.0044158355293732
0 0.111111111111111 0.00418492379447103
0 0.0573248407643312 0.00140093606548491
0 0.0869565217391304 0.00199862358526738
0 0.105960264900662 0.00374966606255102
0 0.0692307692307692 0.00132795004596616
0 0.0745341614906832 0.00584759523949213
0 0.111842105263158 0.00421664737055012
0 0.0675675675675676 0.00355340004463563
0 0.0961538461538462 0.00182237515178132
0 0.127272727272727 0.00383268653230551
0 0.0851063829787234 0.0013659032775007
0 0.160583941605839 0.00485966541750903
0 0.0753424657534247 0.00258896946966986
0 0.0967741935483871 0.0026911107737436
0 0.0625 0.00900866165250976
0 0.0896551724137931 0.0011067638448113
0 0.0757575757575758 0.00297876477740368
0 0.153846153846154 0.006855183751094
0 0.0789473684210526 0.001518645573365
0 0.106060606060606 0.00407175151938719
0 0.0902255639097744 0.00663658679794999
0 0.0538922155688623 0.00158982427706964
0 0.0921985815602837 0.00462043767191719
0 0.106382978723404 0.00362176321472834
0 0.102564102564103 0.00183821900965611
0 0.101796407185629 0.00217815479555173
0 0.0719424460431655 0.00559414598393244
0 0.106666666666667 0.00373377937727709
0 0.0902255639097744 0.00113958618607477
0 0.0939597315436242 0.00818018274308548
0 0.0479452054794521 0.000273710888013071
0 0.111888111888112 0.00258407108949723
0 0.09375 0.0041918184180366
0 0.119205298013245 0.010134723285138
0 0.130718954248366 0.00537754163605549
0 0.115646258503401 0.00472414065753959
0 0.0704225352112676 0.00198785727779685
0 0.0555555555555556 0.00154067973482762
0 0.0884353741496599 0.00529409245575965
0 0.10062893081761 0.00416559657202124
0 0.0714285714285714 0.0035907038470669
0 0.0709677419354839 0.00243561293223975
0 0.119402985074627 0.0082557555588358
0 0.0604026845637584 0.00496359012533483
0 0.0979020979020979 0.00338714212341758
0 0.0886075949367089 0.00354251664202195
0 0.0608108108108108 0.00141538470261058
0 0.0780141843971631 0.000468476937229213
0 0.134751773049645 0.00514899270515321
0 0.098159509202454 0.00397672858297979
0 0.0869565217391304 0.00366537009192794
0 0.0745341614906832 0.00407648846457305
0 0.124183006535948 0.00593750839984707
0 0.156462585034014 0.00504969583964265
0 0.083969465648855 0.00111504525958619
0 0.0591715976331361 0.00405419201546265
0 0.087248322147651 0.00422703849310076
0 0.11038961038961 0.00343671854383826
0 0.079136690647482 0.00322674134803522
0 0.09375 0.00460282792217292
0 0.0985915492957746 0.00224859909293335
0 0.163398692810458 0.00374264291364797
0 0.0705128205128205 0.00129605317934819
0 0.147887323943662 0.0033409282571508
0 0.096551724137931 0.00266162239784162
0 0.117241379310345 0.00245140648001426
0 0.089041095890411 0.0129047764466183
0 0.0514705882352941 0.002151017281757
0 0.0986842105263158 0.00390011010806451
0 0.0689655172413793 0.00253497145626943
0 0.117647058823529 0.00295305526588043
0 0.1328125 0.00560170868989593
0 0.10126582278481 0.00275035406196917
0 0.0774193548387097 0.000984684740878457
0 0.138364779874214 0.00424525048539167
0 0.0679012345679012 0.00648761701957642
0 0.10625 0.00253682676850119
0 0.0307692307692308 0.00147526060866532
0 0.0735294117647059 0.00291257515165444
0 0.0827586206896552 0.00193938551836031
0 0.108108108108108 0.00193373116554878
0 0.113636363636364 0.00289673620220542
0 0.0827586206896552 0.00453777599725361
0 0.0632911392405063 0.000476483366124925
0 0.126582278481013 0.00313955119207183
0 0.0774647887323944 0.00294624327311595
0 0.0571428571428571 0.00910327642110135
0 0.116129032258065 0.00216506029056299
0 0.16025641025641 0.00489717304249078
0 0.0849673202614379 0.00290290850663073
0 0.122302158273381 0.00523531625344571
0 0.0884353741496599 0.00243293153269943
0 0.0709677419354839 0.0028927609354819
0 0.0714285714285714 0.00184528594857187
0 0.0666666666666667 0.000701426412520209
0 0.0955882352941176 0.00264384319680812
0 0.0886075949367089 0.00323639609347714
0 0.1375 0.010403198199575
0 0.0810810810810811 0.00717756531218969
0 0.0980392156862745 0.00353901859128596
0 0.108843537414966 0.0104258847113319
0 0.0612244897959184 0.00185481369394849
0 0.114457831325301 0.0018752637002958
0 0.0975609756097561 0.00422743775001958
0 0.0661764705882353 0.0038488983784403
0 0.124223602484472 0.00256803322733153
0 0.08125 0.00116604914806103
0 0.129032258064516 0.00475632934160408
0 0.0974025974025974 0.0011476736244645
0 0.0592592592592593 0.00270543453416224
0 0.114285714285714 0.00358622325283463
0 0.0909090909090909 0.00139074613774906
0 0.105263157894737 0.00348092407254614
0 0.0463576158940397 0.00120958956397791
0 0.0476190476190476 0.00211333401181859
0 0.0923076923076923 0.00416042724787437
0 0.114093959731544 0.00485633544959573
0 0.105263157894737 0.00276773262428586
0 0.102040816326531 0.00297619762113172
0 0.115942028985507 0.00963819066775885
0 0.12 0.00496836218551587
0 0.102739726027397 0.00214755583148793
0 0.141025641025641 0.00291374388835551
0 0.104575163398693 0.00413531014181746
0 0.08 0.00156658226610202
0 0.079136690647482 0.00176307953064309
0 0.121621621621622 0.00316851611544983
0 0.0851063829787234 0.00236947126837898
0 0.0920245398773006 0.0068119928747073
0 0.136986301369863 0.00672363241504138
0 0.0967741935483871 0.00370752958544314
0 0.0838709677419355 0.00184268523249998
0 0.0955414012738854 0.00374062957867814
0 0.0943396226415094 0.00847428090069336
0 0.0838709677419355 0.00452853695260277
0 0.0980392156862745 0.00333633225029299
0 0.125786163522013 0.00597069270829522
0 0.0952380952380952 0.00347687090764298
0 0.1 0.0025626772474545
0 0.0666666666666667 0.000570281385415878
0 0.0314465408805031 0.00082482691742565
0 0.0576923076923077 0.00427472997634111
0 0.152866242038217 0.00961725833469079
0 0.0748299319727891 0.00927508043413776
0 0.0882352941176471 0.00455599124261139
0 0.079136690647482 0.0030369311490398
0 0.0833333333333333 0.00365740993956244
0 0.106918238993711 0.00801823420838731
0 0.0903225806451613 0.00326906012968374
0 0.0509554140127389 0.00286782006666826
0 0.12987012987013 0.00212845361545297
0 0.05 0.00231534012996761
0 0.069620253164557 0.00201687996548597
0 0.111111111111111 0.00581197027855285
0 0.108843537414966 0.00297913815028135
0 0.0880503144654088 0.0030608704864982
0 0.0948905109489051 0.00384997420619771
0 0.0986842105263158 0.00265523729668284
0 0.072992700729927 0.00141302223636747
0 0.0949367088607595 0.00252257776991513
0 0.0974025974025974 0.00439045264879619
0 0.114285714285714 0.0181621744246318
0 0.105633802816901 0.00327178176175483
0 0.0821917808219178 0.0031713349949923
0 0.0864197530864197 0.00180078345287827
0 0.0939597315436242 0.00246148736494107
0 0.124260355029586 0.00309017096663035
0 0.0895522388059701 0.00856941263938315
0 0.0613496932515337 0.00877148838148008
0 0.0652173913043478 0.00105027423399093
0 0.120253164556962 0.0025095131999673
0 0.127388535031847 0.00870887892583443
0 0.110236220472441 0.00682086488033611
0 0.114649681528662 0.00626452849581621
0 0.0993788819875776 0.00238495551011824
0 0.125 0.00259903594287361
0 0.089041095890411 0.00232445935317231
0 0.115646258503401 0.0024985812591708
0 0.113475177304965 0.0023106248371996
0 0.118055555555556 0.00290146583221022
0 0.1 0.00151600028615887
0 0.0633802816901408 0.00145499498446648
0 0.0700636942675159 0.00263930038371573
0 0.144736842105263 0.00617748202339732
0 0.0808823529411765 0.00329326711502849
0 0.0764331210191083 0.00295667835462323
0 0.135802469135802 0.00504428115102269
0 0.118012422360248 0.00195944660851681
0 0.0902255639097744 0.00194666818867255
0 0.121428571428571 0.00364462281255661
0 0.11875 0.00623170993386281
0 0.123188405797101 0.00950771392110819
0 0.0676691729323308 0.0016068060765758
0 0.134615384615385 0.00296082485423668
0 0.167741935483871 0.00314497493897587
0 0.0769230769230769 0.00238500627330073
0 0.0909090909090909 0.00258987569010705
0 0.104938271604938 0.00247759022443847
0 0.0784313725490196 0.00156422605462619
0 0.072992700729927 0.00175715584155389
0 0.112781954887218 0.00511040978488042
0 0.122448979591837 0.00304402950698229
0 0.128571428571429 0.00588845763267008
0 0.0714285714285714 0.00264206929579427
0 0.107913669064748 0.0115876622527777
0 0.087248322147651 0.00116954084703127
0 0.096551724137931 0.00500629497559643
0 0.0629370629370629 0.0112954483366003
0 0.0915492957746479 0.00200145097076597
0 0.0927152317880795 0.0069287649642896
0 0.130434782608696 0.00620446905887094
0 0.0754716981132075 0.00301418654477755
0 0.114942528735632 0.00372902516379739
0 0.0849673202614379 0.0026212930868718
0 0.106666666666667 0.0113129029785104
0 0.0909090909090909 0.00219444439804441
0 0.119205298013245 0.00385704468361096
0 0.0769230769230769 0.0021766087880594
0 0.0915032679738562 0.00798939182656215
0 0.0797546012269939 0.00256725347321808
0 0.0617283950617284 0.00332010601056512
0 0.0687022900763359 0.000923301445961453
0 0.0684931506849315 0.00810833615318879
0 0.1 0.00177799731696334
0 0.132911392405063 0.00478993774838002
0 0.11038961038961 0.00262946709117225
0 0.0728476821192053 0.0014515548850249
0 0.125827814569536 0.00297949157580041
0 0.0979020979020979 0.00398181132410425
0 0.096969696969697 0.00610879841257643
0 0.1125 0.00586245425770308
0 0.125874125874126 0.00559565466809977
0 0.0866666666666667 0.00314306164964579
0 0.0629370629370629 0.00354358252879527
0 0.127272727272727 0.00646542756802867
0 0.132075471698113 0.00268671881404299
0 0.0952380952380952 0.00130746198143223
0 0.111842105263158 0.00392702286845782
0 0.0576923076923077 0.00272462135499697
0 0.0902777777777778 0.0040123056331406
0 0.0857142857142857 0.0032522469767295
0 0.0857142857142857 0.00245523600587126
0 0.130434782608696 0.00306520940772777
0 0.130718954248366 0.00369059782249054
0 0.111801242236025 0.0052229980732645
0 0.0616438356164384 0.00191548658078608
0 0.0769230769230769 0.00162470686948272
0 0.104575163398693 0.0032238396854563
0 0.111111111111111 0.00385210218676618
0 0.132867132867133 0.00545944397786673
0 0.103030303030303 0.0033447204153555
0 0.100719424460432 0.00963046883009332
0 0.139240506329114 0.00422501643055228
0 0.0844155844155844 0.00298242415433378
0 0.0723684210526316 0.000925613147445571
0 0.0588235294117647 0.000512734398089962
0 0.0588235294117647 0.00178187179176111
0 0.124183006535948 0.00392118488451126
0 0.108433734939759 0.00835694161523635
0 0.08125 0.00457209078607037
0 0.0974025974025974 0.00520847876430564
0 0.105263157894737 0.0028196915151141
0 0.0647482014388489 0.00228153045439313
0 0.0833333333333333 0.00276538986179337
0 0.103658536585366 0.00161198852379477
0 0.0851063829787234 0.00264502366779927
0 0.128048780487805 0.0106362496582667
0 0.143884892086331 0.00282714330027145
0 0.0785714285714286 0.00400998257300163
0 0.0928571428571429 0.00589543518211779
0 0.0425531914893617 0.00177174502306777
0 0.111111111111111 0.00831239243488739
0 0.0903225806451613 0.00332305524941462
0 0.138888888888889 0.0070078441202576
0 0.0909090909090909 0.0104537573337199
0 0.139393939393939 0.00242825755982797
0 0.0758620689655172 0.00812412810945574
0 0.1375 0.00189388174577167
0 0.0927152317880795 0.0041082849643533
0 0.113924050632911 0.00250114574419497
0 0.0933333333333333 0.00198777658893077
0 0.0636942675159236 0.00325586263327979
0 0.114649681528662 0.00470434953052122
0 0.123376623376623 0.00698332211545809
0 0.151315789473684 0.00261258679758723
0 0.0860927152317881 0.00219558272321541
0 0.0853658536585366 0.00330438988344064
0 0.0839160839160839 0.00120863609596895
0 0.0466666666666667 0.00081215658616439
0 0.0909090909090909 0.00346191869128388
0 0.0705128205128205 0.001981636955225
0 0.0503597122302158 0.00202644533214039
0 0.0866666666666667 0.00212129531877768
0 0.104575163398693 0.00306604714240036
0 0.125827814569536 0.00850546233109712
0 0.105590062111801 0.00368118454832993
0 0.099290780141844 0.00332488909644483
0 0.0945945945945946 0.00226698783249371
0 0.0875912408759124 0.00126780454032294
0 0.0540540540540541 0.00133465643402591
0 0.118343195266272 0.00157547674495515
0 0.0738255033557047 0.00323145825890398
0 0.096551724137931 0.0026839271641866
0 0.11038961038961 0.00246022666903343
0 0.0902777777777778 0.0019735536427473
0 0.146496815286624 0.00481577613060489
0 0.0596026490066225 0.00159417412320226
0 0.115107913669065 0.00838906029554638
0 0.106918238993711 0.00338922538389367
0 0.104575163398693 0.00108769632913949
0 0.0927152317880795 0.00134390050748575
0 0.138364779874214 0.00468617361116499
0 0.104166666666667 0.003955456104759
0 0.107913669064748 0.00588466763155021
0 0.129251700680272 0.00246793710461381
0 0.0866666666666667 0.00251721683967706
0 0.104895104895105 0.00182237070881977
0 0.0700636942675159 0.00450553811954441
0 0.0993788819875776 0.00226623684773851
0 0.117647058823529 0.00385500214767457
0 0.0680272108843537 0.00155499121194521
0 0.0759493670886076 0.000724408168841558
0 0.10062893081761 0.00211818545449511
0 0.11377245508982 0.00512193038386899
0 0.109756097560976 0.00381388604640856
0 0.0849673202614379 0.00231747092865089
0 0.0993788819875776 0.00544221124097379
0 0.0952380952380952 0.00903626321219774
0 0.0536912751677852 0.00209969234309749
0 0.117647058823529 0.00443507524692288
0 0.111801242236025 0.00888955941106149
0 0.0896551724137931 0.00353226931427795
0 0.0979020979020979 0.00316415568251562
0 0.0915492957746479 0.00209970294325129
0 0.131034482758621 0.00396898688092156
0 0.0866666666666667 0.00258464957608167
0 0.118343195266272 0.00414395843258735
0 0.0935251798561151 0.00499302729460152
0 0.134228187919463 0.00549161003822158
0 0.105590062111801 0.00350570814386069
0 0.0547945205479452 0.000711521961434408
0 0.0880503144654088 0.00662798036968895
0 0.0896551724137931 0.00965268774286137
0 0.0986842105263158 0.00189829520187867
0 0.0632911392405063 0.00619045098401883
0 0.114093959731544 0.0101614628320894
0 0.0743243243243243 0.00341569452785772
0 0.0733333333333333 0.00212672220527704
0 0.0827586206896552 0.00256082551843543
0 0.130718954248366 0.00193709124251042
0 0.111842105263158 0.00797696692264583
0 0.0948905109489051 0.00285926466034381
0 0.103225806451613 0.00269423635127726
0 0.0612244897959184 0.00162359227172728
0 0.079136690647482 0.00596403648206232
0 0.0670731707317073 0.00142459201175459
0 0.107594936708861 0.00297443395869362
0 0.0884353741496599 0.00381675321125912
0 0.11038961038961 0.0059938919100184
0 0.133333333333333 0.00932184253942273
0 0.111888111888112 0.00182996819571728
0 0.0833333333333333 0.00389657099178959
0 0.0689655172413793 0.00279635830147335
0 0.0699300699300699 0.00280520272344432
0 0.0952380952380952 0.00323392279093112
0 0.0849673202614379 0.00204519439796918
0 0.111111111111111 0.00261755054923156
0 0.110294117647059 0.00357084643649861
0 0.0993788819875776 0.00419582121307135
0 0.0869565217391304 0.00278674780648768
0 0.103658536585366 0.00311812178258268
0 0.0758620689655172 0.00183481575871563
0 0.0878378378378378 0.00378326482496577
0 0.13855421686747 0.00396338983186503
0 0.0486111111111111 0.0022478528454972
0 0.0714285714285714 0.00225129420959635
0 0.115151515151515 0.0027630539320656
0 0.11038961038961 0.00440473749351256
0 0.0547945205479452 0.00344611110175253
0 0.12987012987013 0.00298481009509025
0 0.0641025641025641 0.00250914139882867
0 0.0576923076923077 0.00217416164429094
0 0.072992700729927 0.000985639671663486
0 0.104166666666667 0.00276198467961451
0 0.0949367088607595 0.00165548321995286
0 0.146496815286624 0.00441290349231339
0 0.118421052631579 0.00496919530572703
0 0.122699386503067 0.0041253220775982
0 0.1 0.00299508773703351
0 0.0296296296296296 0.00240331830818987
0 0.0909090909090909 0.00308159302110422
0 0.164556962025316 0.00519294671220352
0 0.104294478527607 0.00304513659326706
0 0.0844155844155844 0.00114265262411859
0 0.0822784810126582 0.00212779808645501
0 0.0810810810810811 0.00367842530442882
0 0.0963855421686747 0.00404500151050096
0 0.0952380952380952 0.00310846843457026
0 0.102040816326531 0.00225347607515022
0 0.11038961038961 0.00219695024712234
0 0.0735294117647059 0.00316291533112114
0 0.111111111111111 0.00442408297032326
0 0.0949367088607595 0.000945925605982956
0 0.0975609756097561 0.00331908646731433
0 0.0719424460431655 0.00238817265952456
0 0.0857142857142857 0.00266003323759555
0 0.123376623376623 0.00192144031155971
0 0.0909090909090909 0.00315864160606993
0 0.0987654320987654 0.00246589801813817
0 0.0805369127516778 0.00254439944066016
0 0.075 0.00103482405332075
0 0.0878378378378378 0.00569178290582744
0 0.0955414012738854 0.00245498339466331
0 0.141935483870968 0.00404532853192365
0 0.0833333333333333 0.00245013688344235
0 0.0699300699300699 0.000572048916823476
0 0.117647058823529 0.00322790629863049
0 0.0547945205479452 0.000439497753368872
0 0.135483870967742 0.00501379428942799
0 0.0974025974025974 0.00595560327645037
0 0.108433734939759 0.00228938003805354
0 0.152866242038217 0.00281559781913376
0 0.121794871794872 0.00355250319015025
0 0.0671140939597315 0.00205612725990081
0 0.0718954248366013 0.00294660947110092
0 0.0608108108108108 0.00107202268945002
0 0.107913669064748 0.00291476075312093
0 0.0808823529411765 0.00452097746431016
0 0.0887573964497041 0.00272937364513894
0 0.102040816326531 0.00331107933419486
0 0.0860927152317881 0.00287766733020568
0 0.107594936708861 0.00339403232295823
0 0.0875 0.0023610349638957
0 0.0921985815602837 0.00243589233111535
0 0.0785714285714286 0.00348082775695759
0 0.0821917808219178 0.00510060125536838
0 0.0723684210526316 0.00119110896305627
0 0.0810810810810811 0.00109961091260736
0 0.0683229813664596 0.00338105662145716
0 0.0975609756097561 0.00333722412321849
0 0.135802469135802 0.00290315355918208
0 0.106918238993711 0.00243549568171965
0 0.153846153846154 0.00528999191234685
0 0.121794871794872 0.00259465335354668
0 0.0843373493975904 0.00138087649329046
0 0.0986842105263158 0.00725938912964003
0 0.0763888888888889 0.00209548706483334
0 0.0935251798561151 0.00462569739852653
0 0.123287671232877 0.00295322524577668
0 0.125786163522013 0.00293114670545744
0 0.146853146853147 0.00576363728627289
0 0.0946745562130177 0.0037022790320865
0 0.132450331125828 0.00323728617759339
0 0.119205298013245 0.00629411863964464
0 0.0993788819875776 0.00153122909841434
0 0.0649350649350649 0.00299946909492819
0 0.093167701863354 0.00210160755986023
0 0.138364779874214 0.00499186025340487
0 0.135338345864662 0.00491333005680031
0 0.0579710144927536 0.000365748643703907
0 0.100671140939597 0.00233746809526042
0 0.0757575757575758 0.00250620063407411
0 0.115151515151515 0.00535739081642422
0 0.0935251798561151 0.00520853059218526
0 0.096551724137931 0.0065839699323629
0 0.099290780141844 0.00599168855027958
0 0.0955882352941176 0.00196261673029542
0 0.116129032258065 0.00757247448463956
0 0.0817610062893082 0.00206314532256219
0 0.065359477124183 0.00448205373243533
0 0.151315789473684 0.0054777623531988
0 0.104575163398693 0.00397244596421823
0 0.0833333333333333 0.00213374387520393
0 0.108843537414966 0.00305661693361152
0 0.0704225352112676 0.00196595268424374
0 0.0588235294117647 0.00335018180029178
0 0.102739726027397 0.00701324113407602
0 0.0503597122302158 0.00053345886633058
0 0.0828025477707006 0.0027579073464474
0 0.122302158273381 0.00247474959422305
0 0.0509554140127389 0.00079369210381432
0 0.0810810810810811 0.00353009217447693
0 0.0935251798561151 0.00301230627135296
0 0.0709219858156028 0.00346784138487504
0 0.09375 0.00536504101379442
0 0.0559440559440559 0.000911000139021545
0 0.0952380952380952 0.00496100441945119
0 0.0902777777777778 0.00263397816439631
0 0.10062893081761 0.00535855745200553
0 0.130952380952381 0.0051182240203887
0 0.129251700680272 0.00354705933332674
0 0.0972222222222222 0.00478980612775704
0 0.144736842105263 0.00545698824483051
0 0.132867132867133 0.00340990335376416
0 0.0952380952380952 0.00400444461993991
0 0.0920245398773006 0.0028462151005211
0 0.0675675675675676 0.00344206947045783
0 0.103448275862069 0.00688150996638408
0 0.0895522388059701 0.00150185154521276
0 0.0601503759398496 0.00379949972841413
0 0.0979020979020979 0.0081017480102702
0 0.130718954248366 0.00210739577978859
0 0.105263157894737 0.00356170049383398
0 0.0816326530612245 0.00267437617724913
0 0.0769230769230769 0.00285160185368643
0 0.0930232558139535 0.00521468517511524
0 0.0633802816901408 0.00134336679388553
0 0.111111111111111 0.0025479437072955
0 0.118055555555556 0.00169681996961246
0 0.0542168674698795 0.00161788731721915
0 0.0647482014388489 0.00146307029282382
0 0.0952380952380952 0.00456976846541934
0 0.0955414012738854 0.00333837514842355
0 0.0789473684210526 0.00479632181552236
0 0.0921985815602837 0.00453509975169257
0 0.105960264900662 0.00281500375533854
0 0.0993788819875776 0.00297582287107539
0 0.105263157894737 0.00265584907028625
0 0.0948905109489051 0.00370716500324262
0 0.108974358974359 0.00634798702724742
0 0.146496815286624 0.00393129148470269
0 0.110344827586207 0.00166034019394367
0 0.0920245398773006 0.00846692957230054
0 0.1125 0.00355282510756365
0 0.121428571428571 0.00298441800977224
0 0.103225806451613 0.00143281618216306
0 0.1 0.00339323533590084
0 0.104575163398693 0.00857342581784032
0 0.0680272108843537 0.00215339337532037
0 0.0575539568345324 0.00387633596032324
0 0.0733333333333333 0.00366071492311383
0 0.10738255033557 0.00962687729385004
0 0.149659863945578 0.00690068885274378
0 0.0833333333333333 0.00246620616446834
0 0.114093959731544 0.00315584548149224
0 0.113475177304965 0.00295207518336162
0 0.0723684210526316 0.00180951119857131
0 0.0714285714285714 0.00828555292886341
0 0.0987654320987654 0.0029240958434111
0 0.0851063829787234 0.00336954836132756
0 0.101449275362319 0.00334294414382796
0 0.0935251798561151 0.0051669713599916
0 0.108843537414966 0.00648075407292603
0 0.0769230769230769 0.00262202241414395
0 0.0886075949367089 0.00151746543851276
0 0.103896103896104 0.00277543919993767
0 0.120253164556962 0.00273571221856513
0 0.133757961783439 0.0019175920456255
0 0.0958904109589041 0.00239542117782712
0 0.0559440559440559 0.0033198263609493
0 0.0675675675675676 0.00285791142241398
0 0.129411764705882 0.00386244731254383
0 0.104575163398693 0.00207479353720966
0 0.0774647887323944 0.00225762150416676
0 0.0909090909090909 0.00253580157320449
0 0.118421052631579 0.00182257519820089
0 0.0789473684210526 0.001067742830952
0 0.138888888888889 0.007941621235815
0 0.100719424460432 0.0037512819692439
0 0.0625 0.00944506887537313
0 0.126436781609195 0.00203762633546225
0 0.126760563380282 0.00628537163763073
0 0.105263157894737 0.00482813223121119
0 0.0645161290322581 0.000724086650083397
0 0.0740740740740741 0.00263899345045525
0 0.10062893081761 0.00211152691532874
0 0.099290780141844 0.00523914961614745
0 0.0993377483443709 0.00155590105659948
0 0.0869565217391304 0.00455272590598168
0 0.0763888888888889 0.0062408889033539
0 0.0434782608695652 0.000355029324689982
0 0.0986842105263158 0.00571796826122451
0 0.0638297872340425 0.00157179951931221
0 0.0743243243243243 0.00276113622861741
0 0.089041095890411 0.00468329512644487
0 0.146666666666667 0.00361624325360707
0 0.0633802816901408 0.00153155175745642
0 0.133333333333333 0.0039831377695153
0 0.0612244897959184 0.0015117333676756
0 0.0652173913043478 0.00172002284141769
0 0.125 0.00292326695476462
0 0.096969696969697 0.00158926310444449
0 0.107594936708861 0.00275597491514024
0 0.105633802816901 0.00264791662195764
0 0.112582781456954 0.00398380551490813
0 0.0882352941176471 0.00103389101243276
0 0.028169014084507 0.00207451281273059
0 0.0972222222222222 0.00279829322172722
0 0.0863309352517986 0.00485752410316486
0 0.0884353741496599 0.00437459824354657
0 0.102739726027397 0.00377520732136575
0 0.089171974522293 0.00258443153919668
0 0.110429447852761 0.00769878820809677
0 0.138364779874214 0.00332561901170415
0 0.0579710144927536 0.00451862334214661
0 0.127388535031847 0.00519576148866901
0 0.048951048951049 0.00308667476932047
0 0.0632911392405063 0.00285305115661146
0 0.107594936708861 0.00356007115969528
0 0.0884353741496599 0.00150913217456997
0 0.11038961038961 0.00405061200538311
0 0.0784313725490196 0.00121705269431384
0 0.104938271604938 0.00439111271520753
0 0.0896551724137931 0.00545535705803958
0 0.0849673202614379 0.00139540387809804
0 0.0975609756097561 0.0111610875140309
0 0.0921052631578947 0.00516614601318403
0 0.0742857142857143 0.00143759401719276
0 0.123376623376623 0.00244836613335087
0 0.12 0.0097061755221292
0 0.0962962962962963 0.00230760917187171
0 0.0827586206896552 0.00211081081288325
0 0.0851063829787234 0.00394602822089301
0 0.0774647887323944 0.00242781441699092
0 0.138364779874214 0.00836310593423211
0 0.09375 0.00756605228115322
0 0.054421768707483 0.0018420096996791
0 0.0821917808219178 0.00281625592689338
0 0.0642857142857143 0.00441984048300768
0 0.032 0.00037322177400506
0 0.114093959731544 0.00202330887216747
0 0.0666666666666667 0.00425187770142548
0 0.107784431137725 0.00979876869818547
0 0.101910828025478 0.00262937114221689
0 0.0735294117647059 0.00151399219574365
0 0.0909090909090909 0.00226344912360375
0 0.121621621621622 0.00533106556028281
0 0.117241379310345 0.00605433813992583
0 0.0748299319727891 0.0019102079210546
0 0.106666666666667 0.00243837946574694
0 0.0769230769230769 0.00163374804104548
0 0.0921985815602837 0.0045572894674909
0 0.0851063829787234 0.00438423545190591
0 0.0802469135802469 0.00160572517481555
0 0.103896103896104 0.00232291687263772
0 0.125786163522013 0.0065318032896643
0 0.107913669064748 0.00359089724424265
0 0.0759493670886076 0.0049728173063214
0 0.0503597122302158 0.00218097857953535
0 0.0575539568345324 0.0032277318872522
0 0.127388535031847 0.00493186552163373
0 0.123287671232877 0.00536086639955525
0 0.152439024390244 0.0130389189910497
0 0.0671140939597315 0.00142423933376046
0 0.100591715976331 0.00272161548243635
0 0.110344827586207 0.00687271112367396
0 0.112582781456954 0.00879480778549373
0 0.0860927152317881 0.00287347906687049
0 0.0828025477707006 0.00237246549587381
0 0.104294478527607 0.00291916325474956
0 0.0563380281690141 0.00340849317736543
0 0.124137931034483 0.00580904835588269
0 0.0864197530864197 0.00254862872717564
0 0.108108108108108 0.00265493964090087
0 0.0700636942675159 0.00450702844920708
0 0.08125 0.00281485267531062
0 0.113924050632911 0.0063254232938586
0 0.08 0.00317444639131209
0 0.0970149253731343 0.00256578639820678
0 0.082089552238806 0.00863943296997122
0 0.09375 0.00275935516931848
0 0.137724550898204 0.00468853262139931
0 0.106508875739645 0.00687349227212295
0 0.115606936416185 0.00410392765853704
0 0.1 0.00391192591344254
0 0.0797546012269939 0.0021847875072068
0 0.105882352941176 0.00265543553793164
0 0.0443037974683544 0.000919391392475712
0 0.0921985815602837 0.00176478394074347
0 0.109677419354839 0.002966692697026
0 0.0875912408759124 0.0036318876338112
0 0.116883116883117 0.00210106457266661
0 0.0925925925925926 0.00273966173745736
0 0.0551724137931034 0.00291012694979344
0 0.104166666666667 0.00296281714313956
0 0.111111111111111 0.00709551118271783
0 0.105633802816901 0.00175282513311594
0 0.096551724137931 0.00428321309975044
0 0.143835616438356 0.00308490543023251
0 0.116883116883117 0.0031692565039585
0 0.111842105263158 0.00389586613317978
0 0.0945945945945946 0.00299356086271167
0 0.0886075949367089 0.00607546597509619
0 0.132530120481928 0.0049536232105411
0 0.0902777777777778 0.00511265267373654
0 0.0855263157894737 0.00219979285294849
0 0.0833333333333333 0.00874794554534007
0 0.114864864864865 0.00913279235304437
0 0.106382978723404 0.00703720547794761
0 0.105882352941176 0.00507727679042175
0 0.103896103896104 0.000837593404673176
0 0.103448275862069 0.00778862506851344
0 0.125827814569536 0.00505397458677301
0 0.109677419354839 0.0118387781750184
0 0.114649681528662 0.00249460505064484
0 0.0275862068965517 0.00125163059939048
0 0.0714285714285714 0.00099202741943295
0 0.140350877192982 0.00428753730781723
0 0.0526315789473684 0.00181555931277528
0 0.0845070422535211 0.00166780969481083
0 0.111111111111111 0.00451053291560501
0 0.0714285714285714 0.00411108991385688
0 0.0939597315436242 0.00525429585326576
0 0.0451612903225806 0.00102274593109224
0 0.101449275362319 0.00386274191260432
0 0.143790849673203 0.00550868566474982
0 0.0972222222222222 0.00367903890937082
0 0.120253164556962 0.00573006649185252
0 0.0789473684210526 0.00103436196365913
0 0.08125 0.00185310590528342
0 0.0980392156862745 0.00360254612971557
0 0.0927152317880795 0.00725184066878975
0 0.0821917808219178 0.00286136290527579
0 0.103896103896104 0.00380421350243628
0 0.0967741935483871 0.00713664846691692
0 0.113207547169811 0.00519030588769118
0 0.0986842105263158 0.00486215989525623
0 0.0866666666666667 0.00543175828417658
0 0.123456790123457 0.00251586981594914
0 0.0794701986754967 0.00593171957444656
0 0.0972222222222222 0.00169968320360714
0 0.141891891891892 0.00249822245893929
0 0.0828025477707006 0.00269929836260335
0 0.0921052631578947 0.00267664320720224
0 0.0949367088607595 0.00157530992954697
0 0.0952380952380952 0.00296719802202779
0 0.111111111111111 0.00464026565431828
0 0.0967741935483871 0.00661975428285424
0 0.18125 0.00536036984913008
0 0.0773809523809524 0.00142085261808444
0 0.0753424657534247 0.00208565555374174
0 0.0763888888888889 0.0032505360248788
0 0.0915032679738562 0.00253524780004509
0 0.0661764705882353 0.000921416755979175
0 0.137724550898204 0.00431986580400309
0 0.111842105263158 0.00917935083343525
0 0.138364779874214 0.00478796680302179
0 0.0769230769230769 0.00315260338235895
0 0.0657894736842105 0.00109624988028993
0 0.114864864864865 0.00229737553734944
0 0.0945945945945946 0.00324134308925875
0 0.115646258503401 0.00439215837029769
0 0.103896103896104 0.00307570000468971
0 0.125 0.00413969400518194
0 0.0617283950617284 0.00279699379964362
0 0.10738255033557 0.00266302741496365
0 0.112582781456954 0.0023774436429674
0 0.0738255033557047 0.000846603776874546
0 0.0676691729323308 0.00406401433689411
0 0.108974358974359 0.00420649907935467
0 0.110429447852761 0.00223929619097666
0 0.096551724137931 0.00241870291011806
0 0.0805369127516778 0.00323074749940348
0 0.0769230769230769 0.00213539243624843
0 0.0753424657534247 0.00249251621142944
0 0.0705128205128205 0.00156563258663831
0 0.127388535031847 0.004234573650625
0 0.0903225806451613 0.00192895423025583
0 0.105960264900662 0.00410515921747201
0 0.104938271604938 0.00145311049263931
0 0.108108108108108 0.002178241982068
0 0.0921052631578947 0.00454976349022612
0 0.0958904109589041 0.00151524291785636
0 0.103448275862069 0.00339471036871813
0 0.105263157894737 0.00234824690170108
0 0.101796407185629 0.00447061281426496
0 0.105263157894737 0.0052629942669169
0 0.098159509202454 0.00362913036385024
0 0.0896551724137931 0.00315227183247357
0 0.0993377483443709 0.00460938823024245
0 0.0986842105263158 0.00378322353328699
0 0.0592105263157895 0.00132299386264258
0 0.108843537414966 0.00241193942992505
0 0.0921052631578947 0.0082236717330565
0 0.0625 0.00561832023808198
0 0.089041095890411 0.0019887282250645
0 0.0608108108108108 0.00166117819120522
0 0.106918238993711 0.00193166493133967
0 0.0816326530612245 0.00140524295603632
0 0.0884353741496599 0.0036363316731439
0 0.0709677419354839 0.0057755234077892
0 0.0878378378378378 0.00143442425371789
0 0.0845070422535211 0.000884021942746361
0 0.122302158273381 0.0114858671480464
0 0.0927152317880795 0.00179890851105819
0 0.0993377483443709 0.00236456593786091
0 0.0454545454545455 0.000533457802590202
0 0.107913669064748 0.00426461179696554
0 0.098159509202454 0.00361824228002315
0 0.134969325153374 0.00180062092876378
0 0.129496402877698 0.00300743543525467
0 0.106666666666667 0.00363859859790303
0 0.0615384615384615 0.00271158630868572
0 0.0833333333333333 0.00193689539387779
0 0.0592105263157895 0.00245273982485494
0 0.08125 0.00516586084832859
0 0.0827586206896552 0.00174978633123286
0 0.0858895705521472 0.00224924885932911
0 0.0860927152317881 0.00360132787894517
0 0.103448275862069 0.00259633435425253
0 0.0727272727272727 0.00992381758845128
0 0.1125 0.00602890109597058
0 0.0533333333333333 0.00231368935609089
0 0.124137931034483 0.00352004574230735
0 0.0818713450292398 0.00539765534867932
0 0.101449275362319 0.0023581135697776
0 0.0958904109589041 0.00261606036646042
0 0.105590062111801 0.00227572496859564
0 0.117647058823529 0.0049555603694349
0 0.0612244897959184 0.00153783206948859
0 0.112676056338028 0.00386845156612079
0 0.054421768707483 0.00268349215414246
0 0.0888888888888889 0.00313824058604842
0 0.0783132530120482 0.00122545462666675
0 0.0492957746478873 0.000268318687904609
0 0.0860927152317881 0.00919416951971146
0 0.0774193548387097 0.00195150144041564
0 0.106666666666667 0.00345162474465418
0 0.111111111111111 0.0028444754657521
0 0.0858895705521472 0.0037755442031193
0 0.107594936708861 0.00240695377753641
0 0.0994152046783626 0.00307021344578307
0 0.0886075949367089 0.00857023160192556
0 0.0933333333333333 0.00423304704085794
0 0.0851063829787234 0.00313236077427349
0 0.0759493670886076 0.00475493209660457
0 0.108843537414966 0.0021331745020765
0 0.0728476821192053 0.00533611694604226
0 0.118421052631579 0.00428178458190647
0 0.0896551724137931 0.00865004062982149
0 0.0886075949367089 0.00619053745228809
0 0.0775193798449612 0.0029737348378168
0 0.126582278481013 0.00525503568872107
0 0.101351351351351 0.00486059210310887
0 0.10738255033557 0.00596345526905852
0 0.0705882352941176 0.00172623209990939
0 0.0845070422535211 0.00185989857901002
0 0.0869565217391304 0.00676762449447856
0 0.0896551724137931 0.00137791058032178
0 0.0921985815602837 0.00363360975553289
0 0.135802469135802 0.00319923760592906
0 0.0884353741496599 0.003379084670007
0 0.0764705882352941 0.00274036314902344
0 0.119047619047619 0.00431086082444476
0 0.0753424657534247 0.00293679638267196
0 0.0952380952380952 0.000631915571849554
0 0.117647058823529 0.00284816261207236
0 0.132075471698113 0.0032734873158886
0 0.133757961783439 0.00655307995782768
0 0.103658536585366 0.00324059618022168
0 0.0975609756097561 0.00259205409221545
0 0.075187969924812 0.0016721931126343
0 0.0853658536585366 0.00956611936961397
0 0.089171974522293 0.00662110744448178
0 0.10738255033557 0.00169462176869423
0 0.0780141843971631 0.0030554936206157
0 0.0833333333333333 0.00681669949063037
0 0.116883116883117 0.00287069750688971
0 0.0849673202614379 0.00219619740804643
0 0.132867132867133 0.00851985824328372
0 0.154362416107383 0.00878914858460532
0 0.0212765957446809 0.000486184552435863
0 0.0984848484848485 0.00913514949398038
0 0.0979020979020979 0.00387623120541087
0 0.121019108280255 0.0036668648869505
0 0.0705128205128205 0.00145894240297169
0 0.0794701986754967 0.0010780066783457
0 0.141791044776119 0.00423504036521952
0 0.0927152317880795 0.00579047560392089
0 0.114285714285714 0.0020559632279026
0 0.105263157894737 0.00741575342446382
0 0.0774647887323944 0.00587666014285805
0 0.0718954248366013 0.00460596482802077
0 0.106666666666667 0.00228393673956967
0 0.125 0.00414216505506754
0 0.0596026490066225 0.00757227619356872
0 0.0963855421686747 0.00181243550522996
0 0.0652173913043478 0.000924851995343196
0 0.10738255033557 0.00694927536419453
0 0.0802469135802469 0.00357356402996571
0 0.107142857142857 0.00306397195158274
0 0.072992700729927 0.00155002089273173
0 0.109677419354839 0.00802195812167348
0 0.0559440559440559 0.00108727579069188
0 0.0896551724137931 0.00404026101773554
0 0.110344827586207 0.00478340792892796
0 0.08 0.00676246682239964
0 0.054421768707483 0.00147773309724119
0 0.0886075949367089 0.000946434198332413
0 0.0569620253164557 0.00216902114111775
0 0.089171974522293 0.00334179494836515
0 0.0921985815602837 0.00379362804210306
0 0.118012422360248 0.00385401111311408
0 0.151685393258427 0.00619035149948877
0 0.089171974522293 0.00350583378520287
0 0.112582781456954 0.00206836401228119
0 0.111801242236025 0.00312096724411378
0 0.0909090909090909 0.00672047628692608
0 0.118012422360248 0.00322369020406884
0 0.116438356164384 0.00794814459499509
0 0.109677419354839 0.00387447381093861
0 0.0620689655172414 0.00352445888598409
0 0.147435897435897 0.00419241784058093
0 0.0710059171597633 0.00102331766407966
0 0.107594936708861 0.00346060581688952
0 0.0689655172413793 0.000440631448911962
0 0.0880503144654088 0.00193262962270711
0 0.113924050632911 0.00642019747305069
0 0.0927152317880795 0.00164176818326369
0 0.0671641791044776 0.0024812674915696
0 0.10062893081761 0.00662559757113925
0 0.0914634146341463 0.00235832922566061
0 0.0821917808219178 0.00429700745718111
0 0.0789473684210526 0.00235301708172245
0 0.126760563380282 0.00228726700767298
0 0.12258064516129 0.00243840692544674
0 0.0714285714285714 0.000957597776129526
0 0.149068322981366 0.00404364686750217
0 0.0915492957746479 0.00184177138968194
0 0.0897435897435897 0.00288117276489539
0 0.0833333333333333 0.00305399154931109
0 0.0886075949367089 0.00533878443430809
0 0.10738255033557 0.00195111758095618
0 0.0952380952380952 0.0114299378685999
0 0.0878378378378378 0.00282833732575829
0 0.0583941605839416 0.00141233397860297
0 0.0961538461538462 0.00748945238723916
0 0.0714285714285714 0.000655247286483926
0 0.113333333333333 0.00267162645600779
0 0.0838709677419355 0.00793615889503459
0 0.0616438356164384 0.000705006771386997
0 0.0758620689655172 0.00225000662059925
0 0.114649681528662 0.0061058912127884
0 0.110429447852761 0.00341584232435301
0 0.10126582278481 0.00166645768365581
0 0.10126582278481 0.00720079388974596
0 0.0896551724137931 0.0024822764014464
0 0.103448275862069 0.0154323923341489
0 0.125827814569536 0.00353113595080946
0 0.0779220779220779 0.000913636193103514
0 0.115384615384615 0.00526496648311578
0 0.113333333333333 0.00393297029381516
0 0.0652173913043478 0.00254007503975652
0 0.0810810810810811 0.00751784907936952
0 0.0827586206896552 0.007241387109926
0 0.0909090909090909 0.00218959836510436
0 0.0939597315436242 0.00260188012635982
0 0.0775193798449612 0.00249082166771231
0 0.0896551724137931 0.00138170202762907
0 0.0805369127516778 0.00361917246604369
0 0.101351351351351 0.0046408577517277
0 0.107142857142857 0.00511049023347971
0 0.0851063829787234 0.00869050918309322
0 0.143790849673203 0.00758369857488763
0 0.1125 0.00256630339702138
0 0.0888888888888889 0.0026621212713975
0 0.13013698630137 0.00196877735722368
0 0.04 0.00237484048020536
0 0.113207547169811 0.00362757894238927
0 0.103448275862069 0.00288273947882602
0 0.151351351351351 0.00486066497720109
0 0.054421768707483 0.00187792874535907
0 0.105960264900662 0.00504104660005355
0 0.0816326530612245 0.0031688209377118
0 0.120805369127517 0.0046162044081678
0 0.128205128205128 0.00749386538343677
0 0.0896551724137931 0.000533411210278264
0 0.037593984962406 0.00302620207954754
0 0.0878378378378378 0.00203911199788486
0 0.12 0.00571197203885567
0 0.0955882352941176 0.00500313432263156
0 0.0833333333333333 0.0028884262644252
0 0.0925925925925926 0.00211782909328778
0 0.10625 0.00232332293824936
0 0.11038961038961 0.00550076499356454
0 0.110429447852761 0.0044254904375668
0 0.116129032258065 0.00467142688409806
0 0.109677419354839 0.00353409819813213
0 0.1 0.00545090664608592
0 0.122448979591837 0.00286439742658287
0 0.0961538461538462 0.00401100663797237
0 0.108108108108108 0.00219052370300628
0 0.0860927152317881 0.00309853167233614
0 0.105590062111801 0.00155080292496765
0 0.114093959731544 0.00506331310705427
0 0.0866666666666667 0.0112947537903079
0 0.108108108108108 0.00411546685435658
0 0.0794701986754967 0.00247624060061677
0 0.106666666666667 0.00374156498730205
0 0.0849673202614379 0.00396698707688288
0 0.0769230769230769 0.00538795055596537
0 0.0928571428571429 0.00888444578065375
0 0.108695652173913 0.00412969570223728
0 0.117647058823529 0.00327996709990166
0 0.0758620689655172 0.00236559908874655
0 0.10062893081761 0.00283211677386247
0 0.12751677852349 0.0083135114748427
0 0.0993377483443709 0.0042281259713811
0 0.171232876712329 0.00403031924474987
0 0.10828025477707 0.00226570230702773
0 0.0955414012738854 0.00429383555669118
0 0.115107913669065 0.00270338364959684
0 0.0928571428571429 0.00510072057796402
0 0.1 0.00587737709701546
0 0.116129032258065 0.00444658756491485
0 0.0629370629370629 0.00449236583210286
0 0.112582781456954 0.00316537370556662
0 0.108108108108108 0.00211205864446554
0 0.0915032679738562 0.00240438023469671
0 0.119760479041916 0.00376902968780328
0 0.100671140939597 0.00444356886819419
0 0.125827814569536 0.00509755330975746
0 0.105633802816901 0.00253736934361318
0 0.114864864864865 0.00194116945667853
0 0.0620689655172414 0.00214575049618672
0 0.114285714285714 0.00298727296076967
0 0.100719424460432 0.008417882345026
0 0.0789473684210526 0.00316739940684921
0 0.0909090909090909 0.00244291626028373
0 0.0579710144927536 0.000964703069957078
0 0.0875 0.00188549380203356
0 0.0571428571428571 0.000495335102707284
0 0.0921052631578947 0.00915519864956897
0 0.0928571428571429 0.00394516371153761
0 0.106666666666667 0.00517394311894622
0 0.103448275862069 0.00972787979422553
0 0.121794871794872 0.00285992812942755
0 0.0903225806451613 0.00457301062277339
0 0.0860927152317881 0.00528754968107799
0 0.0805369127516778 0.00251160757728196
0 0.0602409638554217 0.00475664873697332
0 0.0855263157894737 0.00297197168337339
0 0.131944444444444 0.00424492739766622
0 0.101910828025478 0.00189213339736034
0 0.136054421768707 0.00452171618362065
0 0.120805369127517 0.00404870587190762
0 0.0684931506849315 0.0025798061340661
0 0.0867052023121387 0.00275294022087827
0 0.06875 0.00812378565136393
0 0.147435897435897 0.00655216706154841
0 0.115384615384615 0.00423168475382724
0 0.0869565217391304 0.00426682078275601
0 0.124137931034483 0.00310550066913481
0 0.129032258064516 0.00517977984050862
0 0.0851063829787234 0.00278214393887216
0 0.098159509202454 0.00410381394558306
0 0.124183006535948 0.0033552664735694
0 0.109677419354839 0.00434875371305982
0 0.0909090909090909 0.00291275284662576
0 0.0629370629370629 0.00295394723153435
0 0.126582278481013 0.00264702662841349
0 0.105960264900662 0.00360001516938968
0 0.112582781456954 0.00586477717215947
0 0.0987654320987654 0.00471271469346944
0 0.0979020979020979 0.00434596354635587
0 0.0848484848484849 0.00252606753699014
0 0.0738255033557047 0.00240262740224763
0 0.118012422360248 0.00523557305648517
0 0.106666666666667 0.00673496389159497
0 0.0733333333333333 0.00191680628649238
0 0.118421052631579 0.00128735191581561
0 0.0805369127516778 0.00441317611506122
0 0.0923076923076923 0.00351009239853472
0 0.0857142857142857 0.00634205258851006
0 0.0384615384615385 0.000583182069227795
0 0.096969696969697 0.00138180833476501
0 0.0980392156862745 0.00683641856955754
0 0.0987654320987654 0.00424587121461497
0 0.0413793103448276 0.000474942734855306
0 0.0780141843971631 0.00155704440529749
0 0.0927152317880795 0.0016102257879434
0 0.124137931034483 0.00889166866021898
0 0.0522875816993464 0.00256535952047564
0 0.108974358974359 0.00964710916068844
0 0.0718954248366013 0.0121546999954675
0 0.0784313725490196 0.00154432923497335
0 0.113924050632911 0.00726913594245285
0 0.08 0.00148727444311537
0 0.119718309859155 0.00657114507131653
0 0.1 0.00505051770348115
0 0.0869565217391304 0.00443759997974054
0 0.111801242236025 0.0029941548207598
0 0.110344827586207 0.00266430196649688
0 0.08125 0.010567402483049
0 0.111764705882353 0.00261963774043333
0 0.0878378378378378 0.00170611642175331
0 0.115646258503401 0.00301142246651742
0 0.12751677852349 0.00780800668774678
0 0.0608108108108108 0.00119918809080556
0 0.104895104895105 0.00355105833714546
0 0.0709219858156028 0.00710719167370472
0 0.0945945945945946 0.00266701890185961
0 0.0567375886524823 0.00541919357244693
0 0.0892857142857143 0.00116289144400662
0 0.151898734177215 0.00252962744798607
0 0.065359477124183 0.00410304631561145
0 0.0903225806451613 0.00424257693786292
0 0.0764331210191083 0.00268983519932386
0 0.147651006711409 0.00988986299208466
0 0.141975308641975 0.00449399746669744
0 0.101910828025478 0.00370424204021623
0 0.12258064516129 0.0053012151256356
0 0.0779220779220779 0.00201720514952641
0 0.0975609756097561 0.00150473943382561
0 0.049079754601227 0.00209222060671489
0 0.0718954248366013 0.00218544667623191
0 0.069620253164557 0.00329389333511844
0 0.0975609756097561 0.00375927583475629
0 0.0987654320987654 0.0042046457831567
0 0.100671140939597 0.00613465542862879
0 0.0878378378378378 0.00230638018111802
0 0.116788321167883 0.0039400850883388
0 0.0952380952380952 0.00292220479430405
0 0.121428571428571 0.00108349486326875
0 0.0921052631578947 0.00325057807243443
0 0.0810810810810811 0.00324958274695423
0 0.100671140939597 0.00380373960170758
0 0.101351351351351 0.00345200344466607
0 0.1 0.00388717358433778
0 0.0649350649350649 0.00203693782787094
0 0.096969696969697 0.00348027938128725
0 0.0612244897959184 0.00122791890746589
0 0.0735294117647059 0.00210519148716783
0 0.105263157894737 0.00690897835477462
0 0.116129032258065 0.0043483231433076
0 0.101449275362319 0.00450960314759602
0 0.051948051948052 0.00248578037149063
0 0.122448979591837 0.00479707437141243
0 0.114093959731544 0.00313934374202835
0 0.128834355828221 0.00428542867164487
0 0.0769230769230769 0.00316167074803195
0 0.0851063829787234 0.00166395471326151
0 0.0748299319727891 0.0021397624081144
0 0.0816326530612245 0.00564022815440599
0 0.100671140939597 0.00404044455005733
0 0.0547945205479452 0.000205160276358739
0 0.0987654320987654 0.00644230438723531
0 0.0909090909090909 0.00400951680732476
0 0.121019108280255 0.00965787795706286
0 0.0738255033557047 0.00404294355127069
0 0.117241379310345 0.00491770592973617
0 0.0849673202614379 0.00322964651306934
0 0.114285714285714 0.00320622826139463
0 0.0849673202614379 0.00347314073672808
0 0.0844155844155844 0.00490974033299941
0 0.0833333333333333 0.00082050263272549
0 0.104166666666667 0.00274589870682549
0 0.0666666666666667 0.00325961451961042
0 0.129496402877698 0.00327508092170807
0 0.134146341463415 0.00271025107818574
0 0.0866666666666667 0.00186019313777065
0 0.0779220779220779 0.00303858164686533
0 0.147435897435897 0.00396040347407882
0 0.143712574850299 0.0057402193235083
0 0.146666666666667 0.00239695339810933
0 0.0909090909090909 0.00234999767471821
0 0.111111111111111 0.00913835326666318
0 0.0916030534351145 0.00378045321496151
0 0.114864864864865 0.00332051415238057
0 0.0943396226415094 0.00203897640269139
0 0.0993377483443709 0.00261415625714164
0 0.0958904109589041 0.00239317667323872
0 0.0985915492957746 0.00672234775038825
0 0.0413793103448276 0.001033565131185
0 0.130177514792899 0.00630928244355928
0 0.0526315789473684 0.00201213718160582
0 0.132867132867133 0.00422728357021009
0 0.0902777777777778 0.00317771724937677
0 0.120253164556962 0.00298590579725458
0 0.10126582278481 0.00220258488889768
0 0.0675675675675676 0.00276597654575084
0 0.114457831325301 0.00182802617742469
0 0.0694444444444444 0.00119680494882231
0 0.087248322147651 0.0018969709479668
0 0.0681818181818182 0.00319637489085926
0 0.0743243243243243 0.00226847569252
0 0.0666666666666667 0.00334844408054378
0 0.0625 0.00937255599592331
0 0.114457831325301 0.00441159148703119
0 0.0764331210191083 0.00637771707500023
0 0.121794871794872 0.00389729646266205
0 0.107142857142857 0.00324507236594545
0 0.124137931034483 0.00574019054403701
0 0.0563380281690141 0.00040954236937421
0 0.0733333333333333 0.00300557881749298
0 0.0769230769230769 0.00299961058600308
0 0.117647058823529 0.00261219435191457
0 0.118881118881119 0.00271205710815877
0 0.14 0.00265367674352502
0 0.106918238993711 0.00204829282086632
0 0.126506024096386 0.00252855977831744
0 0.0758620689655172 0.00334841600020701
0 0.0620689655172414 0.00144992066432645
0 0.08 0.00598620519310546
0 0.0851063829787234 0.00445686708521088
0 0.107692307692308 0.00386717011006655
0 0.125874125874126 0.00499754594972227
0 0.114285714285714 0.00220593588390206
0 0.104166666666667 0.00297752271645487
0 0.118421052631579 0.00362555923358202
0 0.0942028985507246 0.00136418915695294
0 0.129032258064516 0.00237403586394841
0 0.0797101449275362 0.00316932312968
