0.014738283689489
0.0123858229128948
0.0141602626743635
0.00874978769437628
0.0110031208758064
0.0141816585458771
0.0132514368561673
0.012907365813016
0.0109548285566401
0.0113261023506731
0.00990159355974618
0.0093779540655139
0.0134716908945605
0.0112412580766433
0.0111649947219737
0.0101396834741091
0.0102513424033124
0.0158327308354024
0.0133265575845398
0.0171264416169668
0.00909251457930717
0.0107768908571262
0.0125291999850293
0.0157033081774013
0.011446186550373
0.0126850522639867
0.00983991471854197
0.00927677334167046
0.00960022190947515
0.0138617991564408
0.0138545205791161
0.0106266605203402
0.00922553461691958
0.0173800224201489
0.012904590998995
0.0139567276967795
0.0127148673257473
0.0095561787446714
0.0140811175034746
0.0166920472966257
0.0126110372566032
0.0110156916950179
0.0162670534278345
0.0066343979499032
0.0181603843632803
0.0141307780483061
0.0136277974824431
0.00914110444961676
0.0148407160213287
0.0149906164482112
0.0104761432235297
0.012121956601465
0.0115851060793485
0.0157101154443955
0.0141066361995266
0.010715122597209
0.00852422300762358
0.0148727794222436
0.00962961679576061
0.0110408715993665
0.00882583185420296
0.011129992639453
0.0133430073082373
0.00921154710518762
0.0117372449815315
0.0115813028773293
0.0127977883521532
0.00901597440913745
0.0135324180161204
0.0117287105161234
0.00964239078236345
0.00871917965380013
0.0181953780352843
0.0111269141874045
0.0161926191381864
0.0159091853583286
0.00972348775581918
0.0149396639046012
0.013748990821474
0.0152604144069964
0.0111560159685829
0.0150945750024689
0.00963893234207037
0.0132964872554367
0.010947990181777
0.0147638826413913
0.012231452096794
0.0180091956418079
0.00905378084919508
0.010789012323449
0.0141693316203783
0.0129821415703346
0.013060681447729
0.0138761587647701
0.0107867369485077
0.00983761933611122
0.0115970953176227
0.0126053737215665
0.00943853801668785
0.012599888370338
0.0134296998861512
0.0189703224884145
0.0152263351532831
0.0142667397253848
0.00860994989797536
0.0104101642974018
0.0147303921714825
0.0156983279947055
0.0121510914870517
0.0132294461612641
0.0101399835749716
0.0110296163213332
0.015185182901904
0.016404040274578
0.0119315710149648
0.0106511376193602
0.0106075650039298
0.0138089691976133
0.0132551960780162
0.0075255059041373
0.0125774599769076
0.0147300415550844
0.0223966555093674
0.00671109482037942
0.0104669430905856
0.0132145444817148
0.00941756758036807
0.00752765001201938
0.0168661995093051
0.0146137381710301
0.0107529390944592
0.0137271371405474
0.0149670791307733
0.0101061390552516
0.0117524290783665
0.00751563969056413
0.012336491763865
0.0124112700765838
0.0137128385737699
0.00754882529362337
0.0172669510447962
0.0127694012232604
0.00961339819203022
0.0108957633063383
0.00937746568807605
0.0164364387019752
0.0115841734478251
0.0105097685387292
0.00826395212839163
0.0140322237939414
0.0105790587145589
0.00993030432144355
0.00909420701935041
0.0125206365274201
0.0193256367027927
0.0122735443463332
0.0145864118647693
0.010278115073806
0.010196251174637
0.0139640467129731
0.0165771881293425
0.00975932375653953
0.0159859124427857
0.0101873168394101
0.0141310683984701
0.00928730160896541
0.0129166172375821
0.0115642827424664
0.010758924286106
0.0149900853475197
0.0145510069177083
0.00967988181698401
0.0163816577437293
0.0127351723428786
0.0117901628854918
0.0105796434212899
0.00904278935731655
0.0139091450109481
0.0151975554431769
0.0133942942621517
0.0142049972996164
0.010820159604173
0.009077444715439
0.00818899467720487
0.00853180703995697
0.00792849683191309
0.0105408248212677
0.0100205835720378
0.00972943617374626
0.0160135799402178
0.0116452407291622
0.0147854191051909
0.00870205618488959
0.00972040476550868
0.0127864256005018
0.0143206260728259
0.0113234883630015
0.0124425893709496
0.0085838944270126
0.0122722027389347
0.0113341430820087
0.012604843872286
0.00891051865484411
0.0143501345861933
0.0102541234872388
0.014262787503958
0.0132687013998604
0.0110190403808433
0.0116990123760348
0.0166551144959235
0.0170794762309111
0.0070828953817492
0.00850160524460905
0.0100392445420572
0.0143475175094766
0.0126008879425832
0.00932832825733429
0.0128228808224054
0.0149918744042118
0.0116318428123779
0.0112861765855833
0.0120004433415577
0.0128966165119432
0.00804092261104459
0.0165489575581289
0.00857908277534303
0.0147357220367167
0.0146662890423956
0.00981040249573874
0.00774301814103386
0.016054326768803
0.014060257025201
0.0113020761525832
0.0134243715361923
0.00985300613825991
0.0117327562361667
0.00987719755843178
0.0143282068887183
0.0130257897261391
0.0137943940650668
0.0116939857904852
0.0107519356075986
0.0130292556449213
0.0152618738224869
0.0139387049379823
0.0133351195437237
0.0127108988111801
0.0103951639487134
0.017797582482955
0.00873011496498881
0.0157532292186479
0.010731626494357
0.00852233057088824
0.0107046351159022
0.014949666708177
0.00856761497482219
0.0122215927355067
0.01442509688158
0.00943507747713005
0.0132451143171165
0.0140174683810656
0.0159720577252728
0.0149816695516759
0.0099351654463708
0.0155041794549091
0.00853483938061304
0.0102164832998839
0.00867866692193916
0.0151425717970021
0.0189762594233613
0.0103675170993794
0.0135428141305843
0.02240007827625
0.00832587816544392
0.0140338826341443
0.00939183986752395
0.0125152315476551
0.0116895875473586
0.0139470146495128
0.0130997151221024
0.0126748332613645
0.00809292049655958
0.0166969671449889
0.0169188625383406
0.0166576235595708
0.014591138178145
0.0192524830858424
0.0133769051277926
0.00924511670506899
0.0159426399938836
0.0102592548650888
0.0179635036538992
0.0135617680091855
0.0098539344191086
0.00947347805862469
0.0125239052223725
0.0102400540365635
0.00796198440898375
0.0096749128212474
0.0194488234509641
0.00976529838352338
0.00923756396607662
0.0100849449520597
0.0174031492931096
0.0132842143938508
0.0172704698226974
0.0129615549252463
0.0107011905861318
0.0079311272280623
0.0141870983827437
0.0159472177117902
0.0162141391433737
0.0223757665001911
0.0116769204365227
0.0143962816025982
0.0132295759421625
0.00935191178119129
0.00881201099263425
0.0144340037477936
0.0110845976277352
0.0130399521308171
0.0109939742029471
0.0114651258201054
0.009424138662035
0.0223063087710294
0.0123251650399362
0.0128428343278831
0.0124159140869395
0.0163554188833186
0.0120352730172083
0.0179837750280472
0.00902001452599906
0.00749209394412121
0.0175524504853622
0.0185574164302255
0.0111577854904483
0.0108411536340015
0.0103735072737578
0.0175754907731666
0.0149098828619064
0.0111837937531391
0.0132498560974924
0.0100569666314113
0.0123285031211371
0.0155204589412192
0.00952550191726131
0.0123137477423012
0.0136219165152253
0.0138435060939622
0.0137237546845299
0.00886050229188258
0.0133780536177558
0.0126276658304955
0.0118200601735316
0.0171579646719364
0.0139438980594661
0.0131730392374574
0.0109532210226856
0.00927469612579116
0.00942746955423213
0.0141000062152349
0.0100219766679158
0.0150497414443835
0.014215885831719
0.0174140797600299
0.0103448866104005
0.0117542833281536
0.0121166864724478
0.0156089982582894
0.0178543881356818
0.0131654654913799
0.00989055651762418
0.0108379130422707
0.0123456286720622
0.010809253011919
0.0156395878500854
0.0114818586864986
0.00947916775163205
0.0130453902771175
0.0150334007195396
0.0143954903732232
0.00946632099141231
0.0108047016546238
0.0099155407664506
0.015023945132721
0.0122696297710373
0.0187885982238873
0.00709179302081318
0.0125079700539565
0.0170048280349796
0.0196639090221647
0.0122494444627414
0.0119268332455581
0.00836331917269301
0.0109886153042466
0.0151079664951048
0.0153304221530869
0.0126114673575901
0.0108288899107278
0.0093620971997302
0.00981161745829608
0.0106201266114664
0.0121019075532777
0.0079631756581281
0.0104677602618196
0.00911841900439256
0.00934537970861794
0.0145743905370375
0.0110889708288142
0.0155497115082808
0.0175361729671081
0.0135446133397615
0.0159820541626312
0.0101896419674585
0.0142033155718845
0.0118907742621988
0.0113914154831915
0.0140233921205006
0.0121195546880309
0.0084949143722697
0.0107929180815355
0.00682625702567804
0.0122142089371254
0.0170172964355475
0.0136069241180438
0.00816169967558845
0.0142377202966536
0.0206873619018887
0.0200214714591326
0.0136644047502689
0.0094790119160245
0.0158666172565546
0.0149265636439037
0.0131071542040193
0.0114077572637434
0.0188042578861688
0.0104684633037678
0.0107535681098559
0.0126180295419531
0.0143875113360728
0.0140920181905968
0.00866688021835077
0.0116719557645893
0.011932063656737
0.00918703387268957
0.0137196388935182
0.0146571040476114
0.0106128668488267
0.0122259563766158
0.0182377681746815
0.0160935975670494
0.0164286264418876
0.0131996992495793
0.0133924378078598
0.0115037415921385
0.0110829479470455
0.0163914789918945
0.0124021690881798
0.00710638082765472
0.0138958658363798
0.0112814064601127
0.0123159041856273
0.0125604570733406
0.0131781596632797
0.0102748727108402
0.019811715164785
0.0114328496630332
0.0124945516427087
0.0186116936520301
0.0103860335837389
0.0136594722812343
0.0122858000093109
0.0149203864026026
0.015837637271533
0.0191519794137338
0.0135796517407601
0.0151505512502726
0.0187227198066153
0.00727494125013532
0.0111485939119248
0.0113807288406967
0.00950318164903616
0.0127922025307423
0.0182705552512806
0.0128559797554762
0.0197958682583358
0.0115521753383386
0.014773557019871
0.0123016531339328
0.014314837833866
0.0139229926803216
0.00840716053726467
0.0111376805802755
0.0174171886111504
0.0133836629156041
0.00830250244209208
0.0148044356733612
0.0117089065930087
0.0113845046208555
0.011310857306481
0.0130617246857933
0.0152138305268867
0.00764984246374854
0.00955257190789884
0.0132567994148836
0.013419095243946
0.0123104394620006
0.0124560096664192
0.0119775041355102
0.0174408150240007
0.0090665285943943
0.0164219629396606
0.0101067709262267
0.012295671308615
0.0156603651224863
0.0148361267374341
0.0141367148619624
0.0158642445289829
0.00976316383424084
0.013594823995984
0.0104378963161062
0.013425640458063
0.0137334352937401
0.0117196844508859
0.00889404988026063
0.00909172724491402
0.0176382458339473
0.0124994260504144
0.0169478376198926
0.00800359348936042
0.0182101301347685
0.0133793706002708
0.0158007555579413
0.0189904519914158
0.0155210743906987
0.00975915174150343
0.0161419953270873
0.0147238415204836
0.013617338036541
0.0122672166613849
0.0131406847159631
0.0120965804531438
0.0121864549569283
0.00826396821695076
0.0101231884380935
0.0120349486994427
0.0118477946784157
0.0146992653171465
0.013232234680236
0.010519767207791
0.00894178169101763
0.0135395677539948
0.0107906723953972
0.0123957579302882
0.0134049054620436
0.00837078693986166
0.016202455976501
0.0161476489772884
0.0100060821083858
0.0102513901941768
0.0160358605786366
0.00780912882523907
0.010003995823244
0.0117414004695175
0.0138562049023648
0.0135340773410943
0.0137012820127913
0.00906857860101505
0.00762416615640757
0.0114783838571481
0.0113768616268929
0.0205915211458027
0.0137304969326727
0.010009570780134
0.0113205197885091
0.0146575069292983
0.0107826916683194
0.0150280746609701
0.0109779314337971
0.020518240220338
0.0095040823532627
0.0112839513069208
0.0167829761103797
0.00902381815858451
0.0116014098373515
0.0136856735595854
0.0159630679035702
0.0128312005599409
0.0128650573164722
0.0157463895307479
0.01162442322263
0.0118150687196073
0.00893295303785625
0.0130214144972062
0.0114833249606801
0.0124581023824046
0.011732634947261
0.0123681268468871
0.00732542409184092
0.0109600887373184
0.00850873250055487
0.0142876975957678
0.010870546182532
0.012262756836351
0.0126245309652735
0.0146150940370116
0.00918748222388094
0.0109099349778152
0.0122075644294635
0.00984815388758769
0.00985746116771145
0.011025042350219
0.0175567399140478
0.0105258940910671
0.0130271254783659
0.00816696831427939
0.0111498264992531
0.00885604993876753
0.00966544768400633
0.0087459382112565
0.0143837454508283
0.010956602432522
0.0152030330472798
0.0133304993990691
0.0112586338524594
0.00960533982872997
0.010667684990884
0.00876297762005779
0.0127598775761689
0.0167279359547401
0.00969154094506142
0.0132957035858027
0.0126996092627434
0.0113029091231493
0.01053234289036
0.0131169996084984
0.0108115272694399
0.0160804214796216
0.0076524633857512
0.0100326739143407
0.0150069000308191
0.0122465314126247
0.0094734910455337
0.0116259148625269
0.0136609091530002
0.0126003731183412
0.0133564591985087
0.01066868670397
0.0117244127368829
0.0111702527822635
0.0145204818421041
0.0116754766749629
0.0162094113388512
0.0121300056062271
0.0152027229494316
0.00747095846808483
0.011109917610767
0.0149548362907822
0.0101661273868547
0.0100373004492886
0.0124226835929877
0.0107808296802509
0.0140730752156261
0.011923969142449
0.013217669372901
0.0164850486908958
0.0188741861725521
0.0126878395838939
0.00708143080663814
0.00868009391132354
0.00973289730975492
0.013349873045476
0.0116568432567616
0.0110095905024426
0.0113420185577057
0.0105335170098582
0.00912560544107065
0.0124525643132783
0.0128478384627477
0.00921951036427488
0.0148016760491034
0.0131581312065165
0.0086151956701677
0.00999305884327503
0.0087687626497817
0.0102521242232618
0.0080089787049963
0.0165347080795361
0.0114048488702092
0.0183442889132477
0.01315429123431
0.00891343971906857
0.010230635757282
0.0101344284880963
0.0134305055562935
0.00853422625765903
0.0171326394009526
0.01114260394684
0.00903679872206238
0.0170452325124189
0.0144460900969629
0.0101700511164213
0.00824358418360906
0.0100465948324205
0.0130495023712827
0.0159325390033233
0.0114775985592455
0.013749297686081
0.013614233168432
0.0152323758499892
0.020634563133949
0.00753674446197929
0.0174125052719467
0.0117721357110989
0.0185132027375286
0.00976616174753579
0.0100231408900661
0.0166669175935938
0.0118915783104669
0.0122230687953063
0.01043113765733
0.00878712367958705
0.0100956701051748
0.0107665268265645
0.00831826949675301
0.00989151881059703
0.0152658726503095
0.00924726158636052
0.00690552953877017
0.00972667595429078
0.0190770640209219
0.0125222811348677
0.0117087709171058
0.015745950760738
0.00752189785749235
0.0108520790930774
0.0197698899654685
0.0192602007397556
0.0208748481964286
0.0109633892924159
0.0139720037296091
0.0125156623554093
0.00783108585974583
0.0142571663177339
0.00768800278738976
0.0102848301561326
0.0122939932031489
0.0185631580193531
0.00987821904650325
0.0139654551272933
0.0147237728887961
0.00888610735651036
0.0125180949875914
0.0100561613045532
0.0133234734728996
0.0122846006133101
0.00963868323373136
0.0123530424837984
0.00959390173147768
0.0150740785808908
0.0108450860900824
0.0131528039430244
0.0168582627098277
0.00759427107788364
0.0112305946632545
0.0161209573182081
0.0131718120510301
0.0102978114654735
0.010127318688805
0.00649330422363743
0.0206243086661649
0.0151776659030988
0.00951033249015226
0.0190064024003363
0.0135745690138031
0.011514248667034
0.020550725193736
0.0105281737182716
0.0102398118316742
0.0114554505437092
0.0106555183351321
0.0110997978199105
0.0134070333316435
0.0147107136753566
0.0137488415033929
0.00692843598345508
0.0142422088273804
0.0130550315896818
0.00770893778457136
0.0134526959762611
0.0143810255470796
0.0142994897725459
0.0117688862826245
0.0150507392409367
0.00876939143256493
0.0153732083487001
0.0147615336007105
0.0148570478071634
0.015115972325295
0.0263149695485757
0.0136904899760993
0.0137614982024817
0.00984924470198303
0.0107623242301865
0.00998003564038156
0.0130087259779478
0.00910489752387711
0.0138555542028775
0.0134854678241964
0.0105329309342383
0.0108086894709295
0.0115681011560779
0.0148628506266294
0.0129462830697152
0.013309169133485
0.00861026149787125
0.00924230236208499
0.0108803310927726
0.0137729040348093
0.0101261044562213
0.0104097194757008
0.0131763897349605
0.0113956536392083
0.0165855696993506
0.0135490587264612
0.0131720880877618
0.00942947656315401
0.0150909293192552
0.00772010291583878
0.0157401929640058
0.0148681861447213
0.0112982046875995
0.014592412833257
0.00990786246673978
0.0125379710872574
0.0129532154797877
0.0168205441588333
0.0114315760846902
0.0110758987851485
0.0113852038891413
0.0127655934960551
0.00954619274238508
0.0146190514603202
0.018011335287656
0.0149850742802385
0.0155246412421283
0.00872938070101298
0.00910660264165456
0.00786997965202677
0.0126270522213793
0.0125178451457065
0.0137308764534726
0.0121349408094263
0.00839338933880864
0.0165505475548852
0.00877539418316481
0.0130592886417116
0.0145605799798942
0.0140787731112277
0.0156709346568868
0.00802798754845904
0.0136847230472063
0.012894852199206
0.00929454987369776
0.0123996086827966
0.0134018555686733
0.0103078306511053
0.0139205709215774
0.0144183884044885
0.0161179662526097
0.00823114688554683
0.0131684148955536
0.0141084056750328
0.0117314575367981
0.0133790015494128
0.0115758223484865
0.0114658036084227
0.0100913529061567
0.0140402518197096
0.0105774011935256
0.0133749318961778
0.0125184136472166
0.012401831541176
0.00722210093066025
0.0136541441141043
0.013123000998006
0.0156771051168164
0.00998514319785066
0.0151752293970798
0.0131526526260299
0.011412269126656
0.011370401659121
0.0141743369162643
0.011567229374504
0.00899078572527502
0.00928442558856722
0.0107210511733565
0.00770963171026461
0.0142459413199748
0.0104754113477669
0.0107123216922537
0.0102952816727219
0.00988397414046378
0.012939268893614
0.0148672913770727
0.0120135135768924
0.00972119886737073
0.0190007659947901
0.0127621397276262
0.0157738459762343
0.0121347338328241
0.0103498137142118
0.0127070692903462
0.0136465710453123
0.0143162103904329
0.0136745277278218
0.0106835470417846
0.0117544744576526
0.0146321741243685
0.0134636537445187
0.0059652710372489
0.0102676614385976
0.0158339728895059
0.0184432323738824
0.0140421309544263
0.00865408541225378
0.0161135281115034
0.0126956666940231
0.0122394318479934
0.00897610328182489
0.013462005253922
0.0190263701239739
0.0157884618252562
0.0108798672519442
0.0167936509724715
0.0105350707645645
0.0103605382195767
0.00958168809737672
0.0135202273767125
0.0112449283708456
0.0109766213799906
0.0109491927704248
0.0100084017547846
0.0122953006342196
0.0156183824014269
0.0123844950439634
0.00691046159822129
0.0132027028848955
0.012481512883732
0.0119885840319215
0.0132036779610465
0.0110043082322669
0.00984875375547061
0.008750851148262
0.00924971429631561
0.0152825896987339
0.0214738832321631
0.0106349184150606
0.0120275579176336
0.0102460410421202
0.0125431866640912
0.015351827442034
0.0147075231931856
0.0136143323292191
0.0151045392886634
0.0095541716238318
0.0098226324721081
0.0127283280791888
0.00960269531862298
0.0155064695329581
0.0122028184761118
0.0136128753402664
0.0146587374401959
0.0148286124485172
0.0106518122209084
0.0164941592690372
0.0150503002560333
0.0174749543439706
0.0162582880023934
0.00876635379746665
0.0167270340624847
0.0116681942897746
0.0123691507152656
0.013712511051812
0.0116699960285934
0.0101282620154769
0.0125339910621073
0.00939990747528647
0.0114307502565214
0.013108248016819
0.0152551103932125
0.0116182752097954
0.0105235259541369
0.00862504007345934
0.0094634384151972
0.0138928944516111
0.00928947728046987
0.00693654975971406
0.0118778037203612
0.0121396940118066
