0.461794019933555 0.438538205980066 0.0226392591644691
0.433656957928803 0.446601941747573 0.0201521527577944
0.448028673835125 0.455197132616487 0.023148453648017
0.442477876106195 0.418879056047198 0.0169756077118391
0.420289855072464 0.391304347826087 0.019995527010787
0.432515337423313 0.417177914110429 0.0244998150849928
0.45906432748538 0.467836257309941 0.0243630400472929
0.43598615916955 0.387543252595156 0.0209453961323228
0.463492063492064 0.444444444444444 0.0179034296920348
0.393939393939394 0.441077441077441 0.0221796498600572
0.42258064516129 0.409677419354839 0.0177403141283358
0.466480446927374 0.463687150837989 0.0199222588550448
0.453333333333333 0.46 0.0225194798930563
0.375 0.360294117647059 0.0182315585714187
0.453172205438066 0.45619335347432 0.0203928321061188
0.438538205980066 0.421926910299003 0.0202085471627821
0.43125 0.409375 0.0190717229534739
0.468013468013468 0.454545454545455 0.0226826610197319
0.492537313432836 0.462686567164179 0.0214384112037335
0.469534050179211 0.426523297491039 0.0218048812714709
0.448275862068966 0.432601880877743 0.0160439447993435
0.422297297297297 0.412162162162162 0.0199425655398354
0.481049562682216 0.483965014577259 0.0199835973360012
0.462046204620462 0.458745874587459 0.0235993150206628
0.446875 0.4375 0.0192552866789776
0.414141414141414 0.390572390572391 0.0240979795439173
0.40327868852459 0.370491803278689 0.0166589562824908
0.445544554455446 0.419141914191419 0.018790155864733
0.443835616438356 0.46027397260274 0.0186839443526489
0.411538461538462 0.419230769230769 0.0217866410167261
0.474320241691843 0.45619335347432 0.0218671040366023
0.434017595307918 0.43108504398827 0.0211312130907513
0.454005934718101 0.409495548961424 0.0170103360020371
0.450511945392491 0.440273037542662 0.0264756352044144
0.443333333333333 0.43 0.0231507514439563
0.472131147540984 0.445901639344262 0.0191228881790925
0.415841584158416 0.429042904290429 0.0216973459736656
0.408026755852843 0.391304347826087 0.020097731749208
0.416666666666667 0.383333333333333 0.0206193898172121
0.448529411764706 0.430147058823529 0.0234002925824787
0.371527777777778 0.364583333333333 0.0213956893720279
0.464615384615385 0.476923076923077 0.020947224308856
0.405622489959839 0.421686746987952 0.0266876239137886
0.39051094890511 0.335766423357664 0.016934192500926
0.440273037542662 0.430034129692833 0.0248628912644297
0.462295081967213 0.478688524590164 0.0198261598862487
0.417508417508417 0.424242424242424 0.0230132754808351
0.444126074498567 0.426934097421203 0.0185589598803012
0.427118644067797 0.396610169491525 0.0205921294481298
0.444099378881988 0.447204968944099 0.0220960832089645
0.471299093655589 0.459214501510574 0.0185230947914292
0.443425076452599 0.434250764525994 0.0212264004204527
0.471875 0.45625 0.0195578185526533
0.455737704918033 0.416393442622951 0.0249103535109658
0.45360824742268 0.412371134020619 0.0198129638217893
0.485245901639344 0.422950819672131 0.0191892898326583
0.412541254125413 0.389438943894389 0.0158235370694253
0.456953642384106 0.437086092715232 0.0211211733764859
0.437125748502994 0.440119760479042 0.0170343837663236
0.417582417582418 0.402930402930403 0.0214631522214562
0.423948220064725 0.385113268608414 0.0160735527135299
0.41156462585034 0.401360544217687 0.0193468196598132
0.444078947368421 0.4375 0.0204568696739699
0.423676012461059 0.395638629283489 0.018578973051853
0.435897435897436 0.41025641025641 0.0230918491328441
0.461538461538462 0.437062937062937 0.0192964908933163
0.471947194719472 0.432343234323432 0.0216465988334471
0.448795180722892 0.421686746987952 0.0163224841049661
0.460122699386503 0.44478527607362 0.0227361017468236
0.426056338028169 0.387323943661972 0.0165217456061529
0.448844884488449 0.412541254125413 0.0158261069202464
0.442906574394464 0.380622837370242 0.0174325913100758
0.486754966887417 0.483443708609272 0.0238893998357896
0.492753623188406 0.431884057971014 0.0189125267611731
0.4 0.385964912280702 0.0264859134626988
0.43448275862069 0.43448275862069 0.0227895143104113
0.422960725075529 0.413897280966767 0.0196857945849575
0.442508710801394 0.439024390243902 0.0224019670326287
0.439490445859873 0.455414012738854 0.0217325198556171
0.468468468468468 0.495495495495495 0.0242049180740427
0.446927374301676 0.444134078212291 0.0232322154632831
0.400673400673401 0.390572390572391 0.0234802444402485
0.455696202531646 0.376582278481013 0.0173561318482025
0.441281138790036 0.430604982206406 0.0224676720006466
0.472527472527473 0.458791208791209 0.0185467369299312
0.46474358974359 0.461538461538462 0.022319833406346
0.484375 0.446875 0.0189218346473362
0.504587155963303 0.489296636085627 0.0225254886099097
0.502840909090909 0.451704545454545 0.0181074777608628
0.442424242424242 0.418181818181818 0.0188276280186606
0.466442953020134 0.426174496644295 0.0206996529043395
0.458745874587459 0.445544554455446 0.0210508272416487
0.43448275862069 0.417241379310345 0.0216983779533769
0.486646884272997 0.477744807121662 0.0211215191942715
0.46474358974359 0.432692307692308 0.0190687178953596
0.415335463258786 0.421725239616613 0.0199938785797141
0.454258675078864 0.441640378548896 0.0204282948585886
0.426621160409556 0.430034129692833 0.022834663581019
0.427710843373494 0.418674698795181 0.018922423930268
0.432601880877743 0.432601880877743 0.0220447934611762
0.465256797583082 0.462235649546828 0.020680370006949
0.432330827067669 0.447368421052632 0.0278046122586443
0.454545454545455 0.431818181818182 0.0240764142277352
0.461279461279461 0.461279461279461 0.0222680176202202
0.391608391608392 0.384615384615385 0.0170090808183991
0.429054054054054 0.398648648648649 0.0184162976907579
0.437086092715232 0.440397350993377 0.0243471355927884
0.45364238410596 0.43046357615894 0.0237407005736732
0.469387755102041 0.440233236151603 0.0196679359046801
0.481848184818482 0.425742574257426 0.0193070519363435
0.406832298136646 0.394409937888199 0.0186892572693287
0.434782608695652 0.438127090301003 0.0193589192537268
0.421428571428571 0.407142857142857 0.0240944938806178
0.39453125 0.390625 0.0261132496266816
0.432786885245902 0.419672131147541 0.0199749562010354
0.425595238095238 0.401785714285714 0.0218705794259787
0.471910112359551 0.474719101123595 0.0201765215965506
0.46 0.44 0.0202484189818559
0.476780185758514 0.427244582043344 0.019646552992493
0.438395415472779 0.472779369627507 0.0159999782213245
0.484240687679083 0.467048710601719 0.0209128067067042
0.426415094339623 0.39622641509434 0.022511462466305
0.439716312056738 0.432624113475177 0.0261013178844732
0.409937888198758 0.400621118012422 0.0176954979664815
0.454258675078864 0.43217665615142 0.0177930061289115
0.397887323943662 0.401408450704225 0.0235177760651207
0.452247191011236 0.429775280898876 0.0177388059309981
0.41958041958042 0.356643356643357 0.0148590475546059
0.442028985507246 0.431159420289855 0.0275610931280269
0.441471571906354 0.414715719063545 0.0246006550810245
0.390163934426229 0.363934426229508 0.0175466944538949
0.454248366013072 0.408496732026144 0.0222027743931537
0.421602787456446 0.40418118466899 0.0192322725689858
0.48048048048048 0.465465465465465 0.0192694731692694
0.411764705882353 0.42483660130719 0.0193245978739538
0.4375 0.404761904761905 0.0167140092655496
0.44 0.412307692307692 0.0197008925585319
0.479411764705882 0.482352941176471 0.0218973295702371
0.447368421052632 0.414473684210526 0.0206591695557364
0.414556962025316 0.424050632911392 0.0157260808078652
0.48993288590604 0.449664429530201 0.0247740910655707
0.428571428571429 0.421926910299003 0.0219525304803884
0.421602787456446 0.407665505226481 0.0216268909758703
0.422222222222222 0.431746031746032 0.0186916221048414
0.404761904761905 0.377551020408163 0.0161240369803222
0.449511400651466 0.452768729641694 0.0232681653266802
0.453947368421053 0.447368421052632 0.0199189929827384
0.457943925233645 0.448598130841121 0.02128396278227
0.451807228915663 0.418674698795181 0.0172902311752552
0.425170068027211 0.425170068027211 0.020059858581627
0.466876971608833 0.444794952681388 0.017311357018721
0.417910447761194 0.384328358208955 0.0187049720170973
0.428571428571429 0.434650455927052 0.0179794564113154
0.413559322033898 0.389830508474576 0.0201642023191507
0.425249169435216 0.448504983388704 0.0282958253753211
0.423357664233577 0.386861313868613 0.0194167907282952
0.41726618705036 0.37410071942446 0.0234216895627748
0.457413249211356 0.429022082018927 0.0175068559373935
0.444759206798867 0.45042492917847 0.020475294580252
0.47588424437299 0.443729903536977 0.0209036581952234
0.498470948012232 0.467889908256881 0.0243422547203547
0.444099378881988 0.450310559006211 0.0182085386702729
0.480243161094225 0.458966565349544 0.0228748824855387
0.40072202166065 0.379061371841155 0.0203561515116961
0.481132075471698 0.443396226415094 0.0255182786807973
0.430340557275542 0.430340557275542 0.018427955955132
0.417682926829268 0.426829268292683 0.0222427219509921
0.388663967611336 0.396761133603239 0.0201161793384875
0.418181818181818 0.367272727272727 0.017537973359276
0.474358974358974 0.458333333333333 0.0228623466018695
0.478405315614618 0.445182724252492 0.0221103256320587
0.443076923076923 0.433846153846154 0.0183677802857633
0.451492537313433 0.402985074626866 0.0245608928455337
0.421818181818182 0.403636363636364 0.0207958236453621
0.463722397476341 0.463722397476341 0.0180671615293119
0.426116838487972 0.391752577319588 0.0213067433114791
0.431893687707641 0.385382059800664 0.0165113010399023
0.475920679886686 0.473087818696884 0.0231125714206116
0.470588235294118 0.453287197231834 0.0226339900640588
0.445544554455446 0.432343234323432 0.022380354280347
0.44921875 0.421875 0.021005108053275
0.454828660436137 0.43613707165109 0.0178560338695126
0.457765667574932 0.422343324250681 0.0177921516242624
0.417543859649123 0.396491228070175 0.0137109983813567
0.408360128617363 0.434083601286174 0.0216173085840017
0.429906542056075 0.40809968847352 0.0151456109555326
0.400673400673401 0.387205387205387 0.020001510353448
0.436532507739938 0.43343653250774 0.0184786214906034
0.43620178041543 0.41839762611276 0.0193008987839107
0.471471471471471 0.45045045045045 0.0242759005088032
0.396774193548387 0.429032258064516 0.0208565853296293
0.507418397626113 0.501483679525223 0.0214702669257276
0.467261904761905 0.455357142857143 0.0178075502848181
0.435294117647059 0.426470588235294 0.0181923350575303
0.435087719298246 0.403508771929825 0.0206376624286106
0.415770609318996 0.43010752688172 0.0203114472374169
0.43859649122807 0.396491228070175 0.0200808983550013
0.445205479452055 0.421232876712329 0.0193608166650904
0.426174496644295 0.389261744966443 0.018114494239406
0.444827586206897 0.413793103448276 0.0196375003160304
0.451104100946372 0.454258675078864 0.0204282188760791
0.468468468468468 0.45045045045045 0.0206418542838045
0.45016077170418 0.427652733118971 0.0161377358678546
0.476973684210526 0.463815789473684 0.0234296813319073
0.452307692307692 0.446153846153846 0.0180487319839306
0.455197132616487 0.415770609318996 0.0190824787865745
0.478260869565217 0.478260869565217 0.0226374785745185
0.454545454545455 0.442815249266862 0.0208035218896981
0.457142857142857 0.463492063492064 0.020759702650734
0.429065743944637 0.456747404844291 0.0294946762314203
0.411111111111111 0.414814814814815 0.03062454219293
0.436578171091445 0.43952802359882 0.0198810309393531
0.429824561403509 0.41812865497076 0.0210095979679922
0.408450704225352 0.390845070422535 0.0202913460396396
0.501587301587302 0.473015873015873 0.0205528850290208
0.445205479452055 0.431506849315068 0.0204253275388111
0.43202416918429 0.419939577039275 0.0169877058096945
0.438271604938272 0.441358024691358 0.0223440036995113
0.456310679611651 0.459546925566343 0.0229223116848125
0.436482084690554 0.41042345276873 0.0171283073408773
0.491071428571429 0.476190476190476 0.0189565532540812
0.453947368421053 0.421052631578947 0.0194162419051839
0.430379746835443 0.430379746835443 0.0211638922583232
0.429411764705882 0.417647058823529 0.0160893398606666
0.421245421245421 0.432234432234432 0.0232733152322531
0.418772563176895 0.36101083032491 0.0176444096772183
0.487341772151899 0.474683544303797 0.0229131921164562
0.486842105263158 0.480263157894737 0.0220913366249488
0.423728813559322 0.420338983050847 0.0163378244056924
0.446153846153846 0.418461538461538 0.0165364600855548
0.483660130718954 0.457516339869281 0.022957325818035
0.464646464646465 0.434343434343434 0.0229691601430751
0.43030303030303 0.427272727272727 0.0192109579099658
0.464516129032258 0.438709677419355 0.0203739241230897
0.44578313253012 0.439759036144578 0.0178759695859742
0.369565217391304 0.380434782608696 0.022074956241284
0.442105263157895 0.4 0.0164860595435613
0.453947368421053 0.4375 0.022532703264097
0.435810810810811 0.456081081081081 0.0227133789278973
0.427509293680297 0.420074349442379 0.0205514401525328
0.453968253968254 0.441269841269841 0.0202998934658243
0.387351778656126 0.359683794466403 0.018702357484257
0.411371237458194 0.421404682274247 0.0219599428665916
0.45045045045045 0.429429429429429 0.0244591707699916
0.428571428571429 0.425249169435216 0.0229440369762122
0.418118466898955 0.414634146341463 0.0225244295816461
0.474626865671642 0.453731343283582 0.0206098150569443
0.415873015873016 0.406349206349206 0.0201776599300758
0.485342019543974 0.469055374592834 0.024611492659104
0.436241610738255 0.412751677852349 0.0159589133874366
0.483974358974359 0.451923076923077 0.0220560022191696
0.431309904153355 0.450479233226837 0.0209757874654947
0.413333333333333 0.393333333333333 0.0167652929918855
0.470059880239521 0.446107784431138 0.0196877316787113
0.429054054054054 0.442567567567568 0.0258626140256392
0.407624633431085 0.404692082111437 0.0169846598049659
0.439597315436242 0.426174496644295 0.0190775412083338
0.441717791411043 0.45398773006135 0.020397686617655
0.477848101265823 0.436708860759494 0.0173305384521417
0.471074380165289 0.454545454545455 0.0224459991069125
0.478632478632479 0.452991452991453 0.021267100108351
0.43859649122807 0.417543859649123 0.0209757172114191
0.458620689655172 0.441379310344828 0.0232295515839309
0.44213649851632 0.415430267062315 0.0198972075915168
0.459183673469388 0.438775510204082 0.0234344798247816
0.449704142011834 0.449704142011834 0.0167324834879052
0.436482084690554 0.407166123778502 0.015761956578543
0.430379746835443 0.433544303797468 0.0201108587826552
0.422480620155039 0.422480620155039 0.0226092090926282
0.466216216216216 0.432432432432432 0.0247096745579953
0.43768115942029 0.449275362318841 0.0179895726872811
0.438848920863309 0.381294964028777 0.019071500246694
0.453531598513011 0.464684014869888 0.0283632842326781
0.414860681114551 0.38390092879257 0.0165106699302544
0.448387096774194 0.438709677419355 0.0228337257207386
0.461325966850829 0.469613259668508 0.0183275921855738
0.444444444444444 0.420138888888889 0.0203499048158717
0.494219653179191 0.447976878612717 0.0206873700006994
0.475218658892128 0.446064139941691 0.023214994926754
0.443396226415094 0.408805031446541 0.0201142811284762
0.451515151515152 0.427272727272727 0.0208709903628313
0.409638554216867 0.41566265060241 0.0163258490103818
0.463492063492064 0.441269841269841 0.0245043933015408
0.461016949152542 0.440677966101695 0.022761683129545
0.470948012232416 0.470948012232416 0.025525304745767
0.411575562700965 0.395498392282958 0.0248839346852915
0.464539007092199 0.457446808510638 0.0281022591811537
0.448051948051948 0.418831168831169 0.0213774543044847
0.456090651558074 0.424929178470255 0.0172613580015482
0.387351778656126 0.371541501976285 0.024602840017586
0.427692307692308 0.412307692307692 0.0205801458689142
0.484939759036145 0.5 0.0254882850955902
0.428571428571429 0.40418118466899 0.0221435558242256
0.475504322766571 0.45821325648415 0.0187118593813804
0.435064935064935 0.402597402597403 0.0169519916826381
0.40531561461794 0.395348837209302 0.0209857533461109
0.476190476190476 0.425170068027211 0.0192104581913436
0.411392405063291 0.354430379746835 0.0153842356033212
0.446254071661238 0.416938110749186 0.0154551177763419
0.389121338912134 0.351464435146443 0.0249900501105307
0.429967426710098 0.42671009771987 0.0204338105098276
0.397260273972603 0.421232876712329 0.0203062139285749
0.402027027027027 0.408783783783784 0.0190783162478478
0.479674796747967 0.451219512195122 0.0237905794614646
0.406896551724138 0.410344827586207 0.0217602597907137
0.503355704697987 0.463087248322148 0.0228698758588303
0.466666666666667 0.440579710144928 0.0217865068977621
0.440625 0.421875 0.0186356233180136
0.446064139941691 0.443148688046647 0.0188366616806587
0.427672955974843 0.421383647798742 0.022912000999964
0.411764705882353 0.418300653594771 0.0272992916245749
0.481727574750831 0.465116279069767 0.0253691597866272
0.439102564102564 0.46474358974359 0.0293957946992956
0.477064220183486 0.46177370030581 0.0188498026551549
0.458860759493671 0.408227848101266 0.0248544431724151
0.418181818181818 0.425454545454545 0.0206896123643953
0.43952802359882 0.415929203539823 0.0197405002919327
0.434782608695652 0.425465838509317 0.0169703266148862
0.438485804416404 0.410094637223975 0.0260343275737525
0.416961130742049 0.420494699646643 0.018779010618809
0.43205574912892 0.414634146341463 0.0228807100610021
0.431438127090301 0.414715719063545 0.0202606988596121
0.455252918287938 0.424124513618677 0.0174691027575346
0.397350993377483 0.410596026490066 0.0176709133356461
0.488448844884488 0.488448844884488 0.0276473271652616
0.488888888888889 0.466666666666667 0.0228546748526053
0.481967213114754 0.468852459016393 0.0214076428430492
0.45928338762215 0.436482084690554 0.019834822325797
0.430604982206406 0.434163701067616 0.0266610047716874
0.450479233226837 0.479233226837061 0.0224532411811187
0.501492537313433 0.519402985074627 0.024950345038328
0.449511400651466 0.439739413680782 0.0172454055842595
0.404388714733542 0.410658307210031 0.0164276949087349
0.429657794676806 0.406844106463878 0.0239248740312708
0.526315789473684 0.50415512465374 0.0245231499545008
0.426282051282051 0.435897435897436 0.021251229410491
0.454545454545455 0.442006269592476 0.0198090051460864
0.480446927374302 0.427374301675978 0.0196050383465116
0.434944237918216 0.453531598513011 0.0261091669172594
0.438356164383562 0.445205479452055 0.0223637857057822
0.436567164179104 0.388059701492537 0.0188822353299652
0.391459074733096 0.377224199288256 0.0249517247552988
0.446945337620579 0.408360128617363 0.0176575123994326
0.460815047021944 0.454545454545455 0.0210452791108554
0.458471760797342 0.421926910299003 0.0234541049030838
0.480555555555556 0.452777777777778 0.0165820001671069
0.447204968944099 0.419254658385093 0.0204047508958277
0.486577181208054 0.456375838926175 0.0208598832097834
0.447098976109215 0.419795221843003 0.0236959083301388
0.44408945686901 0.399361022364217 0.0210406475855212
0.462765957446808 0.457446808510638 0.0178991471287525
0.472602739726027 0.438356164383562 0.0189178122096211
0.397849462365591 0.405017921146953 0.0211546252553694
0.416988416988417 0.386100386100386 0.0219307915210303
0.443262411347518 0.429078014184397 0.0249876882244688
0.490131578947368 0.473684210526316 0.022267483282133
0.482558139534884 0.441860465116279 0.0213333985226153
0.474626865671642 0.447761194029851 0.0195595123782128
0.440273037542662 0.399317406143345 0.0163176303207215
0.425531914893617 0.425531914893617 0.0182127252466315
0.439344262295082 0.426229508196721 0.0194711574321344
0.440251572327044 0.452830188679245 0.0187934057375857
0.46031746031746 0.476190476190476 0.0225075497878651
0.464396284829721 0.455108359133127 0.0218806125494639
0.423487544483986 0.412811387900356 0.0280068746616596
0.455696202531646 0.443037974683544 0.0199828167798806
0.46031746031746 0.422222222222222 0.0203378538865849
0.454810495626822 0.457725947521866 0.020270273349849
0.470383275261324 0.456445993031359 0.02220250276631
0.459074733096085 0.469750889679715 0.0245043926617673
0.444444444444444 0.465277777777778 0.0222339725340443
0.468085106382979 0.440729483282675 0.0192786270695216
0.452229299363057 0.420382165605096 0.0189260209629098
0.422950819672131 0.40655737704918 0.0210093405084715
0.398753894080997 0.420560747663551 0.0211015215863836
0.44408945686901 0.450479233226837 0.0219654582621388
0.381756756756757 0.381756756756757 0.01978895017637
0.45042492917847 0.458923512747875 0.0189972144118118
0.458461538461538 0.449230769230769 0.0212411673344889
0.437062937062937 0.451048951048951 0.0250887760600195
0.428082191780822 0.424657534246575 0.0207751773603446
0.378472222222222 0.381944444444444 0.0164260496055538
0.420138888888889 0.399305555555556 0.0197153138249457
0.435643564356436 0.415841584158416 0.0159473400679305
0.440677966101695 0.416949152542373 0.0240489023674045
0.431438127090301 0.418060200668896 0.0189084970431887
0.450757575757576 0.431818181818182 0.0295173930273052
0.396946564885496 0.362595419847328 0.0132050389738735
0.459546925566343 0.423948220064725 0.0177872856788823
0.456375838926175 0.416107382550336 0.0253081496100489
0.466911764705882 0.441176470588235 0.0268642023248287
0.440514469453376 0.437299035369775 0.0202917425108669
0.433098591549296 0.419014084507042 0.0200256874251759
0.415162454873646 0.404332129963899 0.0144952560543649
0.41726618705036 0.402877697841727 0.0207920720049936
0.477987421383648 0.465408805031447 0.0243812896540386
0.439024390243902 0.43205574912892 0.0234981404272002
0.428571428571429 0.448504983388704 0.0203233693131124
0.487654320987654 0.432098765432099 0.0190915027747886
0.402877697841727 0.381294964028777 0.0181422048378286
0.445454545454545 0.427272727272727 0.0186444927144652
0.428571428571429 0.419047619047619 0.0227065527150386
0.466876971608833 0.44794952681388 0.0202821845054894
0.435897435897436 0.403846153846154 0.0175922461990826
0.442724458204334 0.436532507739938 0.020063773226272
0.433774834437086 0.377483443708609 0.0201406700219951
0.479768786127168 0.442196531791907 0.0172042337378005
0.44375 0.446875 0.0219229769289734
0.477064220183486 0.458715596330275 0.0186432624779221
0.450980392156863 0.444444444444444 0.0234678266098879
0.441077441077441 0.444444444444444 0.0243983958300846
0.44794952681388 0.43217665615142 0.0214440421007239
0.422680412371134 0.426116838487972 0.0266840149185805
0.486842105263158 0.452631578947368 0.0185491325093581
0.444444444444444 0.412186379928315 0.0239172314647639
0.383802816901408 0.394366197183099 0.0229570187054993
0.430508474576271 0.406779661016949 0.0183727051570326
0.442622950819672 0.442622950819672 0.0212342763541749
0.476608187134503 0.45906432748538 0.0212607012403615
0.435530085959885 0.424068767908309 0.0190799403759699
0.397727272727273 0.375 0.0177599813082641
0.370607028753994 0.348242811501597 0.015872008249427
0.473684210526316 0.440789473684211 0.0218421643298746
0.493150684931507 0.469178082191781 0.0248949020453502
0.468085106382979 0.452887537993921 0.0209689252715085
0.431547619047619 0.43452380952381 0.0164229846221975
0.427083333333333 0.434027777777778 0.0223674974576005
0.452755905511811 0.44488188976378 0.0289310708686576
0.506172839506173 0.484567901234568 0.0251077854186261
0.479885057471264 0.46264367816092 0.0233737363978798
0.448916408668731 0.408668730650155 0.0157853940430417
0.457746478873239 0.450704225352113 0.0204509240781585
0.437275985663082 0.437275985663082 0.0252817644951872
0.433098591549296 0.415492957746479 0.0196195600858941
0.421052631578947 0.414473684210526 0.0185266295877198
0.456026058631922 0.446254071661238 0.0282922004406865
0.366906474820144 0.363309352517986 0.0172827209502551
0.461077844311377 0.464071856287425 0.0185613367433202
0.469444444444444 0.422222222222222 0.0219202938835257
0.432926829268293 0.442073170731707 0.0222553970825205
0.351145038167939 0.366412213740458 0.0256534434842092
0.440273037542662 0.385665529010239 0.0165771589818623
0.441860465116279 0.428571428571429 0.0206849499082597
0.418685121107266 0.42560553633218 0.0212988011331688
0.453333333333333 0.436666666666667 0.0170960056622583
0.477341389728097 0.438066465256798 0.0231725047305884
0.415430267062315 0.376854599406528 0.0211327197212483
0.476470588235294 0.441176470588235 0.021104259331374
0.404411764705882 0.400735294117647 0.0185573768410156
0.459363957597173 0.452296819787986 0.0259439068610312
0.475694444444444 0.472222222222222 0.0215520006340115
0.479591836734694 0.431972789115646 0.0254558838134273
0.467948717948718 0.46474358974359 0.020289249115993
0.470769230769231 0.492307692307692 0.0233802977880863
0.457413249211356 0.438485804416404 0.020068271011524
0.432432432432432 0.375 0.0203523969194684
0.437722419928826 0.412811387900356 0.0240938751148021
0.431893687707641 0.401993355481728 0.0215215532237823
0.429850746268657 0.411940298507463 0.015636440460441
0.453674121405751 0.434504792332268 0.024052186098288
0.487261146496815 0.449044585987261 0.0210332429016261
0.442953020134228 0.416107382550336 0.0210521556036406
0.466887417218543 0.447019867549669 0.0200618769433846
0.444067796610169 0.410169491525424 0.0205124011678858
0.456140350877193 0.453216374269006 0.0188265975529953
0.498293515358362 0.48122866894198 0.0268461326949742
0.407142857142857 0.4 0.0183374338258324
0.5 0.463815789473684 0.0213743836791748
0.478688524590164 0.472131147540984 0.0280482796528121
0.43620178041543 0.427299703264095 0.01871330975215
0.413461538461538 0.429487179487179 0.0234193409773874
0.436170212765957 0.397163120567376 0.0207158792150462
0.424137931034483 0.437931034482759 0.0264071304335705
0.44336569579288 0.466019417475728 0.0250911946545553
0.434782608695652 0.430830039525692 0.0251417164294698
0.431309904153355 0.44408945686901 0.0213433606061068
0.486394557823129 0.435374149659864 0.0233306258126032
0.472972972972973 0.425675675675676 0.0255380258607462
0.386666666666667 0.363333333333333 0.0156451357585745
0.414239482200647 0.423948220064725 0.0194971775567337
0.443298969072165 0.43298969072165 0.0203773988112243
0.439252336448598 0.439252336448598 0.0181357012632729
0.408088235294118 0.426470588235294 0.022956031035787
0.434306569343066 0.441605839416058 0.0238640336988261
0.456666666666667 0.416666666666667 0.0208030218959789
0.43859649122807 0.424561403508772 0.0278180022657398
0.432885906040268 0.432885906040268 0.0196148162218882
0.431906614785992 0.408560311284047 0.0252397182530352
0.421985815602837 0.429078014184397 0.0205856994552954
0.408955223880597 0.408955223880597 0.025492019599374
0.442508710801394 0.411149825783972 0.0212450647816747
0.432885906040268 0.422818791946309 0.0196248440260535
0.41875 0.403125 0.0218036421675966
0.420875420875421 0.407407407407407 0.0240151606216506
0.468944099378882 0.459627329192547 0.0236018329071121
0.459701492537313 0.447761194029851 0.0167621642132022
0.448979591836735 0.421768707482993 0.0237054098190897
0.445901639344262 0.442622950819672 0.0212533279194566
0.409420289855072 0.373188405797101 0.0207184904373727
0.427609427609428 0.393939393939394 0.0227394431680098
0.476190476190476 0.462962962962963 0.0209841666131128
0.457746478873239 0.415492957746479 0.0241521574427341
0.467889908256881 0.425076452599388 0.017614865742973
0.450151057401813 0.422960725075529 0.0178528107177667
0.331858407079646 0.314159292035398 0.023183834317197
0.451048951048951 0.41958041958042 0.021248638392073
0.492581602373887 0.480712166172107 0.021485705711712
0.47682119205298 0.433774834437086 0.0216681926920378
0.456310679611651 0.453074433656958 0.020051124980959
0.417004048582996 0.437246963562753 0.0253336575198134
0.444444444444444 0.447530864197531 0.0185254470844061
0.444827586206897 0.46551724137931 0.0233474880304892
0.431372549019608 0.42483660130719 0.0194028974179079
0.442006269592476 0.448275862068966 0.0195538717764606
0.481012658227848 0.439873417721519 0.0210951171442389
0.406015037593985 0.37593984962406 0.0240155633837251
0.443037974683544 0.44620253164557 0.0221227016308613
0.435897435897436 0.399267399267399 0.0253854860555334
0.462006079027356 0.455927051671733 0.01821555113432
0.459546925566343 0.456310679611651 0.0217791146164107
0.42603550295858 0.423076923076923 0.0202783175197217
0.514970059880239 0.491017964071856 0.0189942175534013
0.464882943143813 0.42809364548495 0.0221439995968076
0.446808510638298 0.416413373860182 0.021655751049696
0.387959866220736 0.364548494983278 0.0181161985934318
0.477453580901857 0.461538461538462 0.0166331961197611
0.409090909090909 0.40530303030303 0.0249658896638253
0.459876543209877 0.478395061728395 0.0223333043854901
0.432330827067669 0.394736842105263 0.0253222981367382
0.370106761565836 0.366548042704626 0.0189490239238046
0.424460431654676 0.41726618705036 0.0285823766739899
0.488505747126437 0.468390804597701 0.0202764423526849
0.455128205128205 0.451923076923077 0.0253335575193456
0.446735395189003 0.43298969072165 0.0300342372778561
0.491279069767442 0.47093023255814 0.0264706806695645
0.378006872852234 0.381443298969072 0.0212692173155167
0.419354838709677 0.435483870967742 0.023772762321706
0.46 0.46 0.0190445454122414
0.447852760736196 0.450920245398773 0.0224174940288871
0.461279461279461 0.420875420875421 0.0199274040730572
0.415162454873646 0.411552346570397 0.0201479081023407
0.474747474747475 0.447811447811448 0.0193098474406459
0.436666666666667 0.413333333333333 0.0184838535907696
0.433333333333333 0.390909090909091 0.017300819554491
0.467289719626168 0.439252336448598 0.0200976580047054
0.448630136986301 0.404109589041096 0.0190934164827013
0.488095238095238 0.464285714285714 0.018753021741363
0.40072202166065 0.422382671480144 0.0230415965648545
0.453074433656958 0.440129449838188 0.0223699752487158
0.410334346504559 0.422492401215805 0.0190827773699747
0.443768996960486 0.440729483282675 0.0170758738890485
0.420289855072464 0.41304347826087 0.0235381423208296
0.416949152542373 0.427118644067797 0.0171881330350858
0.498480243161094 0.434650455927052 0.0198006245208962
0.468944099378882 0.419254658385093 0.0200559427201953
0.45983379501385 0.45983379501385 0.0178521133344241
0.425287356321839 0.398467432950192 0.0281347965349842
0.493421052631579 0.4375 0.022559079727239
0.426332288401254 0.420062695924765 0.0211481824321679
0.436893203883495 0.414239482200647 0.018226505682155
0.515243902439024 0.466463414634146 0.0236421207216868
0.388888888888889 0.378472222222222 0.0160443169506242
0.39041095890411 0.386986301369863 0.0199205760021082
0.416949152542373 0.423728813559322 0.0213499135161421
0.448630136986301 0.445205479452055 0.0242078035179351
0.412751677852349 0.399328859060403 0.0250226481454935
0.438438438438438 0.423423423423423 0.0240918265449657
0.406779661016949 0.393220338983051 0.0163828312382344
0.439306358381503 0.456647398843931 0.019765675947093
0.416149068322981 0.403726708074534 0.0204666814903996
0.470404984423676 0.451713395638629 0.020362954573463
0.466165413533835 0.428571428571429 0.0283259814768034
0.444444444444444 0.46031746031746 0.0221431359134165
0.447619047619048 0.415873015873016 0.0183315258915909
0.490909090909091 0.481818181818182 0.0191718532575392
0.421926910299003 0.448504983388704 0.0237794081299555
0.4625 0.45625 0.0191809131794414
0.412751677852349 0.422818791946309 0.0233897262719105
0.415770609318996 0.419354838709677 0.0182633663682921
0.493630573248408 0.477707006369427 0.0268383798264498
0.440443213296399 0.429362880886427 0.0201283177419728
0.463492063492064 0.447619047619048 0.01946849950706
0.472131147540984 0.465573770491803 0.0232834217399484
0.421686746987952 0.412650602409639 0.0177316184269796
0.434504792332268 0.428115015974441 0.0207565782280688
0.457680250783699 0.460815047021944 0.0232215824368452
0.48 0.433333333333333 0.0208391983409939
0.477477477477477 0.474474474474474 0.0198827963314038
0.432727272727273 0.44 0.019466871062146
0.458483754512635 0.415162454873646 0.021874303873358
0.44336569579288 0.407766990291262 0.0204599810029868
0.460526315789474 0.417763157894737 0.019987676782169
0.393728222996516 0.393728222996516 0.0198482808557897
0.507987220447284 0.434504792332268 0.0199880810281502
0.421768707482993 0.414965986394558 0.02116310679172
0.445945945945946 0.418918918918919 0.0227042190283105
0.445652173913043 0.416666666666667 0.0197118374151092
0.466867469879518 0.47289156626506 0.0205984273089715
0.454545454545455 0.449035812672176 0.0165293182715699
0.481159420289855 0.452173913043478 0.0175423075782556
0.465465465465465 0.435435435435435 0.0185772511310517
0.451178451178451 0.461279461279461 0.0253234436843579
0.441605839416058 0.408759124087591 0.0174431147275823
0.428571428571429 0.41156462585034 0.0205574567458391
0.428070175438596 0.407017543859649 0.0239796947514548
0.482084690553746 0.449511400651466 0.0235002854841162
0.413461538461538 0.413461538461538 0.0188047114671824
0.402061855670103 0.391752577319588 0.0198806190059395
0.447852760736196 0.447852760736196 0.020313851830812
0.427672955974843 0.427672955974843 0.0186684195588012
0.434083601286174 0.405144694533762 0.0173742102754155
0.381132075471698 0.369811320754717 0.0182664523369008
0.460431654676259 0.446043165467626 0.0244999258134331
0.40952380952381 0.396825396825397 0.0188064145942885
0.446735395189003 0.405498281786942 0.0201519417579125
0.440894568690096 0.421725239616613 0.0167027951152786
0.443262411347518 0.425531914893617 0.0187710532225059
0.455621301775148 0.467455621301775 0.0184475377218119
0.407166123778502 0.39413680781759 0.0186591008527515
0.428571428571429 0.428571428571429 0.0168434929462655
0.43006993006993 0.451048951048951 0.0222397378337934
0.424342105263158 0.424342105263158 0.0193901826885056
0.448979591836735 0.438775510204082 0.0229970593731095
0.452229299363057 0.490445859872611 0.0217909081619921
0.4858934169279 0.454545454545455 0.0195094318892594
0.436065573770492 0.40655737704918 0.0164906088911313
0.432258064516129 0.412903225806452 0.0175801237291055
0.424749163879599 0.42809364548495 0.0171660074661852
0.449814126394052 0.408921933085502 0.019044025559942
0.423487544483986 0.437722419928826 0.0238148509711476
0.428070175438596 0.385964912280702 0.0177452002494693
0.459214501510574 0.474320241691843 0.0208970016412978
0.445205479452055 0.410958904109589 0.0215556594123264
0.451219512195122 0.38719512195122 0.0188234947373197
0.435064935064935 0.409090909090909 0.0186298759733536
0.45 0.478125 0.0221209073951596
0.427152317880795 0.423841059602649 0.0184764577550763
0.475352112676056 0.464788732394366 0.0269781570712201
0.414179104477612 0.365671641791045 0.0134576355324195
0.476635514018692 0.467289719626168 0.0204513164247685
0.475308641975309 0.453703703703704 0.0230625213884271
0.407942238267148 0.404332129963899 0.0211807643923303
0.414012738853503 0.401273885350318 0.0195936538451828
0.430508474576271 0.406779661016949 0.0200260584709556
0.44299674267101 0.436482084690554 0.0204435529969161
0.490909090909091 0.451515151515152 0.0204414138584687
0.471875 0.453125 0.0207098953130651
0.439862542955326 0.402061855670103 0.0197610961047324
0.422155688622754 0.425149700598802 0.0192072840794916
0.478005865102639 0.486803519061584 0.0198217270607591
0.461290322580645 0.464516129032258 0.0242185057825794
0.407692307692308 0.380769230769231 0.0191903552318587
0.453333333333333 0.423333333333333 0.0260444624600282
0.462395543175487 0.456824512534819 0.0200190895987846
0.438405797101449 0.420289855072464 0.0250806692677269
0.392405063291139 0.376582278481013 0.019920316997364
0.456375838926175 0.409395973154362 0.0200025986880684
0.459375 0.440625 0.0216504879796555
0.409677419354839 0.393548387096774 0.0212171173740114
0.495601173020528 0.483870967741935 0.0182949411935744
0.474025974025974 0.451298701298701 0.021724492052218
0.411764705882353 0.397923875432526 0.0188662024863321
0.489736070381232 0.472140762463343 0.0237259883582905
0.498575498575499 0.492877492877493 0.0191961543436441
0.4625 0.44375 0.021301936190105
0.478723404255319 0.429078014184397 0.0256322393145476
0.438709677419355 0.416129032258065 0.0256887913714705
0.492997198879552 0.467787114845938 0.0196139031673821
0.435897435897436 0.391025641025641 0.0147796843889783
0.445141065830721 0.398119122257053 0.0153648188015392
0.473684210526316 0.441520467836257 0.0185280030653041
0.460481099656357 0.45360824742268 0.0206517021973926
0.472789115646259 0.445578231292517 0.0191168313571863
0.429936305732484 0.426751592356688 0.0209398373149516
0.422950819672131 0.416393442622951 0.0179878442340481
0.435643564356436 0.412541254125413 0.0215979600450556
0.473988439306358 0.416184971098266 0.0175862335061565
0.462962962962963 0.466049382716049 0.0232603606161799
0.495652173913044 0.47536231884058 0.0198013895480315
0.462837837837838 0.432432432432432 0.0180200622536022
0.486033519553073 0.463687150837989 0.0228426984494083
0.449640287769784 0.431654676258993 0.0246701701379406
0.4375 0.417613636363636 0.016091237946639
0.468468468468468 0.456456456456456 0.0172501367926853
0.408304498269896 0.422145328719723 0.0180574644845853
0.420062695924765 0.442006269592476 0.019745863846823
0.472303206997085 0.43731778425656 0.016387938974171
0.47741935483871 0.490322580645161 0.0249701286778222
0.448717948717949 0.435897435897436 0.018135909929857
0.470404984423676 0.43613707165109 0.0269646810687907
0.411971830985915 0.387323943661972 0.0225489196343657
0.464831804281346 0.431192660550459 0.0161843872790756
0.437106918238994 0.430817610062893 0.0197838291289215
0.438953488372093 0.433139534883721 0.0183276784470334
0.38255033557047 0.412751677852349 0.0220774889626009
0.454285714285714 0.425714285714286 0.0169917695807893
0.474193548387097 0.451612903225806 0.0266877886153457
0.444444444444444 0.402777777777778 0.0207177987547034
0.433846153846154 0.427692307692308 0.0203615305291175
0.463636363636364 0.463636363636364 0.0245025116154981
0.435215946843854 0.441860465116279 0.0252144647761675
0.394927536231884 0.380434782608696 0.0190548545621067
0.439306358381503 0.419075144508671 0.0159950683201916
0.455128205128205 0.451923076923077 0.0181357659122207
0.450331125827815 0.456953642384106 0.0222131994232724
0.482539682539683 0.476190476190476 0.0256326533146216
0.43125 0.446875 0.0197681785498554
0.453074433656958 0.44336569579288 0.0190454605623177
0.46474358974359 0.480769230769231 0.0190952804643726
0.461818181818182 0.443636363636364 0.0227917680970289
0.468227424749164 0.478260869565217 0.0288507605094351
0.397476340694006 0.353312302839117 0.0151348058688962
0.449180327868852 0.445901639344262 0.0249575493488489
0.476047904191617 0.476047904191617 0.0185317526547629
0.441717791411043 0.447852760736196 0.0235186371784819
0.430817610062893 0.39622641509434 0.0183801473748014
0.420886075949367 0.408227848101266 0.0176101124270533
0.447712418300654 0.42483660130719 0.0256014164460291
0.450479233226837 0.396166134185303 0.020717151260762
0.414179104477612 0.395522388059701 0.020155754855075
0.471153846153846 0.419871794871795 0.018259269937349
0.453757225433526 0.442196531791907 0.0180578644617965
0.450511945392491 0.443686006825939 0.0185911749625822
0.491017964071856 0.452095808383234 0.0193761116848879
0.418674698795181 0.391566265060241 0.0178061523534462
0.452768729641694 0.436482084690554 0.0197820926871625
0.427244582043344 0.442724458204334 0.0228653763555523
0.442675159235669 0.414012738853503 0.0183650679716
0.447368421052632 0.411184210526316 0.0146429646034394
0.394557823129252 0.397959183673469 0.0176076895429379
0.391489361702128 0.370212765957447 0.0292552667932697
0.438271604938272 0.447530864197531 0.0206655802455216
0.414790996784566 0.42443729903537 0.0222176351829363
0.452380952380952 0.418367346938776 0.0225162115270053
0.442675159235669 0.407643312101911 0.0146106420033563
0.428571428571429 0.396825396825397 0.0204658700170568
0.463576158940397 0.413907284768212 0.025591666052546
0.480519480519481 0.480519480519481 0.0270587569797968
0.479591836734694 0.462585034013605 0.0301517242607264
0.476923076923077 0.455384615384615 0.0185011821396998
0.5 0.497326203208556 0.0226307402726957
0.471299093655589 0.453172205438066 0.0210329839940738
0.376712328767123 0.352739726027397 0.0166939719626082
0.417293233082707 0.390977443609023 0.0238941928598684
0.446483180428135 0.412844036697248 0.0168253545250102
0.429530201342282 0.409395973154362 0.0195454656055765
0.429553264604811 0.43298969072165 0.0207930162484199
0.456375838926175 0.449664429530201 0.0279917115907855
0.4875 0.46875 0.0190789580951534
0.488958990536278 0.473186119873817 0.0221494318780494
0.444444444444444 0.419047619047619 0.0253405820849003
0.460410557184751 0.439882697947214 0.0180655543079482
0.429936305732484 0.426751592356688 0.0219220164549436
0.455040871934605 0.460490463215259 0.0192248631731169
0.426621160409556 0.433447098976109 0.0243281390968336
0.414383561643836 0.428082191780822 0.0222236327708665
0.442424242424242 0.415151515151515 0.0172856602890047
0.463414634146341 0.451219512195122 0.0219562922904453
0.445482866043614 0.429906542056075 0.0187711270270093
0.459459459459459 0.453453453453453 0.0221468211828481
0.420875420875421 0.377104377104377 0.0188634850576016
0.445859872611465 0.426751592356688 0.0183953199328844
0.460815047021944 0.476489028213166 0.0249491275163261
0.409556313993174 0.37542662116041 0.016552660005739
0.435643564356436 0.409240924092409 0.0218920169861106
0.478547854785479 0.455445544554455 0.0228655527665956
0.453257790368272 0.439093484419263 0.0200160583782434
0.432692307692308 0.416666666666667 0.0175066357180243
0.450171821305842 0.415807560137457 0.0177324038069378
0.387755102040816 0.360544217687075 0.0182362515866034
0.416058394160584 0.416058394160584 0.0274306202281751
0.444839857651246 0.462633451957295 0.025765647357352
0.452449567723343 0.429394812680115 0.0201320997033988
0.439688715953307 0.428015564202335 0.0246977967830728
0.441087613293051 0.429003021148036 0.0239263814252626
0.467261904761905 0.44047619047619 0.0188394985491848
0.448844884488449 0.458745874587459 0.0304543819914526
0.411371237458194 0.431438127090301 0.0194509536841042
0.46264367816092 0.468390804597701 0.0187243796394695
0.422297297297297 0.425675675675676 0.0204400782303892
0.467261904761905 0.443452380952381 0.0178661826428464
0.441717791411043 0.423312883435583 0.0199730747303813
0.459183673469388 0.472789115646259 0.0221999698299866
0.450171821305842 0.436426116838488 0.0237823742895861
0.462962962962963 0.444444444444444 0.0214607930413676
0.432515337423313 0.389570552147239 0.0168812039547936
0.466237942122186 0.45016077170418 0.02057736766888
0.444055944055944 0.426573426573427 0.0218136208385414
0.446428571428571 0.395833333333333 0.0157642833168613
0.436823104693141 0.444043321299639 0.0228208904851996
0.425087108013937 0.400696864111498 0.0229927680315034
0.461300309597523 0.408668730650155 0.024630553588851
0.463258785942492 0.399361022364217 0.017969289319686
0.448170731707317 0.420731707317073 0.0240568156535723
0.45 0.406666666666667 0.0175347813046584
0.439862542955326 0.443298969072165 0.0253306721589357
0.395604395604396 0.380952380952381 0.0277260384109594
0.423452768729642 0.433224755700326 0.0230958904178125
0.446886446886447 0.476190476190476 0.0190283761801613
0.463414634146341 0.463414634146341 0.0327400865266002
0.453947368421053 0.4375 0.0227748214176327
0.493506493506494 0.451298701298701 0.0206511745378357
0.461333333333333 0.442666666666667 0.0186282625795201
0.443213296398892 0.434903047091413 0.019910947879979
0.412371134020619 0.398625429553265 0.0181396302928814
0.408759124087591 0.394160583941606 0.0222212074506498
0.43167701863354 0.416149068322981 0.0184790562347947
0.37037037037037 0.353909465020576 0.0245642158774854
0.455108359133127 0.464396284829721 0.0207533594071461
0.473520249221184 0.461059190031153 0.0169000764526479
0.413385826771654 0.385826771653543 0.019157654881337
0.415094339622642 0.424528301886792 0.0204489246416607
0.437931034482759 0.427586206896552 0.024617119196373
0.46474358974359 0.445512820512821 0.0212856938543785
0.482035928143713 0.470059880239521 0.0205710294834594
0.478915662650602 0.412650602409639 0.0152668652181618
0.48695652173913 0.43768115942029 0.015360947880893
0.431192660550459 0.425076452599388 0.0193202948397455
0.476340694006309 0.457413249211356 0.0237518760333161
0.43558282208589 0.432515337423313 0.0180349915415785
0.42258064516129 0.412903225806452 0.0222512822305619
0.436170212765957 0.443262411347518 0.0198194321262593
0.452702702702703 0.445945945945946 0.0215923615405115
0.498371335504886 0.511400651465798 0.0253878285937899
0.409638554216867 0.405622489959839 0.022044548508581
0.460207612456747 0.449826989619377 0.0215133701310595
0.39 0.366666666666667 0.0224303489128741
0.440298507462687 0.42910447761194 0.0240418956281785
0.43217665615142 0.422712933753943 0.0175313254217342
0.433021806853583 0.40809968847352 0.0248547574501518
0.383211678832117 0.401459854014599 0.0239097725555455
0.441791044776119 0.432835820895522 0.0186670877680658
0.473867595818815 0.449477351916376 0.023631577236144
0.406716417910448 0.395522388059701 0.0201482343152118
0.468227424749164 0.42809364548495 0.0216488528418014
0.467948717948718 0.448717948717949 0.0202002652719674
0.441281138790036 0.427046263345196 0.0239895992115972
0.436893203883495 0.43042071197411 0.0210091083305553
0.431746031746032 0.403174603174603 0.0206828909331617
0.473837209302326 0.421511627906977 0.0212685511129013
0.475757575757576 0.442424242424242 0.0216922704959826
0.44299674267101 0.423452768729642 0.017457481791789
0.458181818181818 0.461818181818182 0.0252422863440195
0.49469964664311 0.459363957597173 0.0263657532095127
0.482394366197183 0.433098591549296 0.0220131989855529
0.455445544554455 0.455445544554455 0.0243111977635707
0.458333333333333 0.419871794871795 0.0181330224970623
0.44636678200692 0.397923875432526 0.0172889486575979
0.409090909090909 0.387878787878788 0.0165537505367872
0.448275862068966 0.448275862068966 0.0184509249022003
0.445086705202312 0.471098265895954 0.0224374795635093
0.435810810810811 0.388513513513513 0.0219478406717214
0.444029850746269 0.42910447761194 0.0218315108891161
0.411184210526316 0.398026315789474 0.0172317627371743
0.451127819548872 0.43984962406015 0.024518088821371
0.433021806853583 0.389408099688474 0.016931675116438
0.443708609271523 0.433774834437086 0.0212599957847158
0.471186440677966 0.461016949152542 0.0230477405406302
0.486206896551724 0.444827586206897 0.0205955649925222
0.458204334365325 0.476780185758514 0.0216925354160587
0.404109589041096 0.407534246575342 0.0179104863315365
0.492625368731563 0.47787610619469 0.0211156988986104
0.452307692307692 0.430769230769231 0.0226797334011052
0.464864864864865 0.427027027027027 0.0201196531087609
0.487878787878788 0.5 0.0187334498804808
0.498432601880878 0.457680250783699 0.0209547622333069
0.427728613569322 0.427728613569322 0.0206007962230935
0.501587301587302 0.450793650793651 0.0226300733984249
0.438162544169611 0.395759717314488 0.0228364557809814
0.50625 0.496875 0.02468999042832
0.439306358381503 0.427745664739884 0.0175190217523344
0.425675675675676 0.432432432432432 0.0221382525164167
0.444055944055944 0.426573426573427 0.0224069493552461
0.41958041958042 0.412587412587413 0.0216603420032103
0.456591639871383 0.443729903536977 0.0211471817255653
0.412186379928315 0.397849462365591 0.0189758415678577
0.465875370919881 0.456973293768546 0.0209888140352226
0.423780487804878 0.414634146341463 0.0176069639923669
0.423728813559322 0.396610169491525 0.0241955289355659
0.434782608695652 0.404682274247492 0.0180437471573354
0.46319018404908 0.45398773006135 0.0219671962753998
0.419672131147541 0.442622950819672 0.0209402014847613
0.473846153846154 0.421538461538462 0.0202197305655526
0.437699680511182 0.412140575079872 0.0152170996647072
0.466876971608833 0.441640378548896 0.0225319118894155
0.463815789473684 0.404605263157895 0.0189269306060682
0.383561643835616 0.421232876712329 0.0272159269026234
0.45859872611465 0.429936305732484 0.0169200727660361
0.389067524115756 0.382636655948553 0.0251042556597217
0.480122324159021 0.418960244648318 0.0203894319226919
0.487179487179487 0.480769230769231 0.0200672669995383
0.393382352941176 0.363970588235294 0.0220136614475446
0.43359375 0.375 0.0205172915999015
0.427184466019417 0.420711974110032 0.0201659534462987
0.411392405063291 0.408227848101266 0.0201342834175867
0.462235649546828 0.413897280966767 0.017153830978161
0.376811594202899 0.36231884057971 0.0187563472948479
0.46242774566474 0.427745664739884 0.0158303396237032
0.451612903225806 0.415322580645161 0.0212953097881028
0.423728813559322 0.420338983050847 0.0191213861367108
0.44311377245509 0.410179640718563 0.0188435085713331
0.49492385786802 0.5 0.0191609307493031
0.407407407407407 0.430976430976431 0.018143130508938
0.451827242524917 0.441860465116279 0.0224283688932428
0.448844884488449 0.399339933993399 0.024034230528241
0.449230769230769 0.446153846153846 0.0196784036492774
0.442622950819672 0.409836065573771 0.0205289654401744
0.509933774834437 0.483443708609272 0.0262834575482543
0.443298969072165 0.43298969072165 0.0230979237727889
0.488888888888889 0.485714285714286 0.0224546234305335
0.40251572327044 0.411949685534591 0.0211100838096029
0.43108504398827 0.416422287390029 0.0214366491392768
0.431226765799257 0.382899628252788 0.0256386832289767
0.416666666666667 0.416666666666667 0.022230133079521
0.492581602373887 0.459940652818991 0.0228742174668587
0.384353741496599 0.380952380952381 0.0255835720430472
0.471947194719472 0.409240924092409 0.0180531646469843
0.406940063091483 0.419558359621451 0.017574177270598
0.48494983277592 0.438127090301003 0.0210715913084379
0.412811387900356 0.430604982206406 0.0215100578427527
0.419939577039275 0.386706948640483 0.014416512695543
0.466472303206997 0.454810495626822 0.0171856126439991
0.47037037037037 0.448148148148148 0.0233078226035209
0.472560975609756 0.451219512195122 0.024334933471781
0.471698113207547 0.465408805031447 0.0225019200396272
0.443452380952381 0.43452380952381 0.0180599770802364
0.445859872611465 0.417197452229299 0.0230920026163668
0.463333333333333 0.433333333333333 0.0221101957395736
0.445901639344262 0.432786885245902 0.0197545173811734
0.423487544483986 0.391459074733096 0.020864944863099
0.452054794520548 0.458904109589041 0.024807920840352
0.46551724137931 0.468965517241379 0.0245018596177052
0.48 0.46 0.0225617878774028
0.431192660550459 0.403669724770642 0.0197285744781026
0.452054794520548 0.438356164383562 0.0225907645937374
0.433898305084746 0.372881355932203 0.0184170476742698
0.440860215053763 0.412186379928315 0.0182451630461789
0.4 0.41 0.0218097355799858
0.451505016722408 0.438127090301003 0.0234788797945721
0.421428571428571 0.4 0.0189684499924282
0.372693726937269 0.376383763837638 0.0206296606855754
0.416666666666667 0.40625 0.0213323122985363
0.422287390029326 0.395894428152493 0.0193144841967212
0.477203647416413 0.47112462006079 0.0182037191494037
0.434306569343066 0.427007299270073 0.0245739264526415
0.477477477477477 0.459459459459459 0.0243716776571268
0.483516483516484 0.445054945054945 0.014845693821073
0.433691756272401 0.39426523297491 0.0207804743261279
0.426523297491039 0.379928315412186 0.020372626229024
0.441077441077441 0.417508417508417 0.0187899606837602
0.493865030674847 0.5 0.0215957516351749
0.424749163879599 0.397993311036789 0.0177516397296046
0.489855072463768 0.466666666666667 0.0196109516298308
0.443333333333333 0.41 0.0169104999625061
0.414035087719298 0.403508771929825 0.0205460370922825
0.435331230283912 0.425867507886435 0.0242159778511803
0.484641638225256 0.501706484641638 0.0288405305467288
0.468852459016393 0.429508196721311 0.0180121017851319
0.460992907801418 0.407801418439716 0.0185411924516875
0.475155279503106 0.462732919254658 0.0211371261784926
0.362934362934363 0.366795366795367 0.0214449978139899
0.476666666666667 0.463333333333333 0.0230019252543756
0.48780487804878 0.475609756097561 0.0251651647275724
0.490196078431373 0.487394957983193 0.0220418955241017
0.467532467532468 0.480519480519481 0.0223532423973754
0.405693950177936 0.377224199288256 0.016423020798978
0.427184466019417 0.453074433656958 0.0185081566793974
0.385159010600707 0.395759717314488 0.0198602771833019
0.401960784313726 0.372549019607843 0.0167762458809839
0.458333333333333 0.435897435897436 0.0256364760321073
0.442953020134228 0.416107382550336 0.0198609887130122
0.461059190031153 0.451713395638629 0.0208787060128873
0.478114478114478 0.451178451178451 0.0247348545531149
0.420529801324503 0.447019867549669 0.0238294422376913
0.442567567567568 0.435810810810811 0.0224721929219344
0.45 0.436666666666667 0.024126568453548
0.441176470588235 0.454248366013072 0.022654043453289
0.467796610169492 0.450847457627119 0.0240129932222781
0.491694352159468 0.475083056478405 0.022610558487789
0.456456456456456 0.453453453453453 0.0163880903414501
0.471471471471471 0.462462462462462 0.0253666929784535
0.410714285714286 0.383928571428571 0.018054145134478
0.439597315436242 0.419463087248322 0.0211979672034908
0.41296928327645 0.426621160409556 0.0239392813480255
0.448275862068966 0.444827586206897 0.0193822356412749
0.412162162162162 0.412162162162162 0.0217197041463465
0.464516129032258 0.461290322580645 0.0191662815765972
0.390243902439024 0.383275261324042 0.0207781149119514
0.450617283950617 0.401234567901235 0.0184977276840067
0.451612903225806 0.425806451612903 0.0202722507726254
0.472222222222222 0.441358024691358 0.0241640742234674
0.455696202531646 0.449367088607595 0.0197277658178296
0.432727272727273 0.367272727272727 0.0204422767197791
0.464497041420118 0.42603550295858 0.017454428402432
0.414965986394558 0.394557823129252 0.0204455403008726
0.446428571428571 0.403571428571429 0.0221918706940842
0.43952802359882 0.421828908554572 0.0170503000857171
0.410658307210031 0.394984326018809 0.0142524745916651
0.457413249211356 0.419558359621451 0.0186615186493419
0.441077441077441 0.454545454545455 0.0195055969187087
