0.00764802654527638
0.00372379845794127
0.00384529184289666
0.00269135080084584
0.000481767379611039
0.00297232914181807
0.00336572709653167
0.00369124314428742
0.00279232628379643
0.00278221052185844
0.00165027979458481
0.00245895168102429
0.0110128133698398
0.00340110989251695
0.0181082964552304
0.00360134475336713
0.0154083819944265
0.00289913823960878
0.00316607318734016
0.00325173869300937
0.0034395524599141
0.00909686128229012
2.20112359718573e-08
0.00362694468759966
0.000425162004676583
0.00540725143867535
0.00322826823621752
0.003884683652341
0.00292193209798387
0.00456666480560238
0
0.00208571227561496
0.0079349650198582
0.00289247471904656
0.00308612149844792
0.0035790713841005
0.00345255570130204
0.00382963355949193
0.000302482932784559
0.00173619947858777
3.59706648928406e-10
0.00351774410857491
0.00189605378221734
0.00377482144845363
0.00149350324865168
0.00370225748061794
0.00907674024088386
0.00456369073903835
0
0.0041277312591209
0.00455026254124101
0.00158456408430717
0.00707116507277427
0
0.0107775978506202
7.30551443696191e-26
0.00247766876137602
0.00320265690058765
0.00210212605202957
0.00398891152089907
0.00579186943149804
3.11007219714834e-08
0.00065463280674506
0.00729737319231786
0.00495394070403205
0.005522005217699
0
0.0132702153699658
0.00522843572509275
0
6.46226897601428e-21
0.00307011246756528
8.34070788273832e-106
0.00934323516103342
0.00477210537145712
0.00817816464011371
0.0044004270551418
0.000816137622156668
0.00274824759323722
0.00260740205367603
0.0032954195810259
0.000567707501941316
0.00208646116123452
0.00512792325519432
0.00487864138420469
0.00482399863592158
0.0065201986927192
0.00405361684166053
0.00528084808931299
0
5.92726385764399e-06
0.00738309444047628
0.000381067418864165
0
0.00331576569260609
0.00202830822903203
0
0.00202544664486786
0.00460569495933345
0.00416249835304399
0.00322428177039168
0
0.00316474165525859
0.00306895259455227
0.00715293848948734
0.00164394935599269
0.00284189281528565
0.00334030036536986
0.00384550609725905
0.00230567434424974
7.59656926335926e-51
0.00519612110820569
0.00177358017357273
0.00332237466803084
0.00348449479215185
4.08325850827459e-05
0.00349331630399836
0.000124034729870637
0.00671462599576998
0.00416093421932062
2.04067895374818e-05
0.000281990857188481
0.00191000499162764
0.00669648743177752
0.00408077155585216
4.94732278705504e-11
0.00349394643434597
0.00596789027627068
0.00428342158466792
0.00230895554861063
0.00276802867153369
0.00308732819249775
0.00441025103774537
4.68027779223908e-17
0.00150539144533542
0.00722901843453945
0.000495900292496368
0.00507637313809979
0.00213043801627776
0.00415509132090255
0.00318563337009951
0.000617709464897107
0.0075892704020437
0.0042270340446172
0.00429172420867203
0.00165905034166544
0.00368866851963044
0.00312747538557182
3.77098386821636e-07
0.00404135323454796
0.00343583779104519
0.00372610143382062
0.0117503751501616
0.000182012351403282
0
0.00211142538618791
0.00432813802371224
0.00311455648272657
0.00415559638721037
0.0103106165707661
0.00373285524459125
0.00528815530236391
0.00414582173595237
0.00113590140815732
0.00232106925031306
0.00372880603817148
0.000206004096342034
0.0049275198272703
0.00412324652309358
0.00904692457893346
0.000888054239649514
0.00292701890751378
0.00442378917786792
0.00298638752204677
4.52530120787854e-203
0.00124336485208602
0.000869324541565628
0.000617385908734652
0.00952550557281268
0.00291469266299514
0.00127387589416804
0.00318911665258098
0.0036389936576288
0.00259109721262746
0.000576196208401162
0.00371691352657979
0
0.00237535254190851
0.00425091888721814
0.00379999985439523
0.00354935574552488
2.21854205005229e-08
0.00324051087738937
0.00297829945022964
0.00453635505372414
0.00329420622413769
3.24160623491813e-46
0.00264936575963292
0.00356350986121486
1.61879348207716e-36
0.00313203755772929
0.00148739767489531
5.4957088169532e-11
0.00221518727530839
0.00173142776321449
0.00371489597368403
0.00512826144199475
0
0.00295845702030582
0.00164327858625938
0.00186208628874381
0.00410900431336609
0.00256425989729289
0.0301918872302633
0.00318469369375935
0.00152199088497349
0.00280100876363624
3.27032482323709e-08
0.0116525631554798
0.00291301046394551
0.00267864828440014
0.00288874377558464
5.95594443906506e-29
0.00822753599896996
0.00369160382154221
0.0034859962710126
0.00503922551522907
0.000208729631776508
0.00331645065773333
0.000978924959024441
0.0084996864920407
0.00304786240309501
0.00526305242372678
0
0.00418360257568931
0.00425328022813778
0.00396277578295717
0.00388717094774934
0
0.00390835655323934
0.0030956497811006
0.00563885100492819
0.00791671197777778
0.02186572993209
0
0.000174091248199413
0.00322960759076523
0.00611128265662683
0.00265478507265214
0
0.003934886735757
0.000150515537728971
0.00263446510778522
0.00279700132230625
0.00249541560659532
0.00858406854568907
0.00384251464578118
0.00323508554225863
0.00332771642142611
0.00283120298217095
0
0.00362732608132305
0
0.00481132123121897
0.0122137975960432
0.000819470639952807
0.00504069597644736
1.05822682076852e-35
0.00429131198734114
0.0217649241257118
0.0046512702737798
0.00369031691561391
0.00317168026716654
0.00176141374237263
0.0108744674943105
0.00276819353990833
0.00233231992625955
0.000714930576169546
3.36581372185564e-11
0.00316389973836186
0.00804990837510055
0.00399137246499678
0.00811325506693616
0.00198892985896351
0.00573150109087369
0.00369756583738171
0.00250867586839586
0.00571744624396266
0.00416567479621682
0.00941055231460561
0.00376227348350171
0.0031417122043167
0.00430412696803879
6.11548227204912e-14
0.00467955875011697
0.00629201933875423
0.00613695722340506
0.00556727339463658
0.0019600244476095
0.0058111065288686
0.00184363461344898
0.00593345592613393
0.00600319048996509
0.00328319521319325
0.00560158867885967
0.00131271427842605
0.00198034352137586
2.17730184709258e-21
0.00403251475164149
0.003391247351335
0.00432284283611975
0.00321954185624297
0.000949500450059425
0.00652573064557657
0.0042612515987272
0.00356156497034213
0.00121449403452634
0.00933833685485982
0.0028453972839348
0.00483681353015485
0.000573974087911109
0.00813604096748052
0.00636209665087898
0.00264452066053739
0.00108152137804162
0.00430830939474835
0.000507190188281746
0
0.00532206713789099
0.00408703954799957
0.0108302368321464
0.00422994939167974
0
0.0042879292137151
0
0.00293968289273655
0
0.00417472093158802
0.002275110354952
0.00388250076327763
0.0081924153996674
0.00356197659430405
1.84044852158679e-11
0.00140924183909067
0.00732071470133508
1.00709017995505e-153
0.0832469207563717
0.00306613769745942
0.000470334192449539
0.0043955061415504
0.00402284847684498
0.00257851890261672
0.00562493067230808
0.00418172088150793
0.00739897799952
0.00610577850638172
0.00287701410722509
0.00346255168193283
0.00448929900029555
6.71223574088551e-06
0.00388784206839246
0.00563326451734755
0.00328050552080122
0.00237158616530546
0.00288230655508947
0.00341072904737844
0.00180215075416562
0.00270928013519396
2.83821501064231e-240
0.00528635760667883
0.00468785880471767
0.00193670694942358
0.0035483176213505
0.00391342083560885
0.00190044990551599
0.00317555651596855
0.00168286937974818
0.00308699216477253
0.00142929831830729
0.00125101535151226
0.00335509689192387
0.00531447635846027
0.00199544403890233
0.00385508611500386
0.00817154704643752
0.00436896691078422
4.30152936186061e-37
1.94832481786395e-11
0.00421979249370556
0.00483854833316934
0.00719150753791831
1.70844905737431e-145
0.0064200956231153
0.00403509629682498
0.0164233023676079
0.00180411619482443
0.00451728111175943
0.00216756431011321
0.00497481388986479
0.00438360129882897
0.00574729538631894
0
0.00217378186383232
0.00261920732823487
0.00472113391560198
0.000863422292819552
0.00334192113191295
0.00338955763075864
0
0.00325341759098499
0.00308123175410479
0.00205389969268965
0.00286412100541945
0.000870231635425419
0.0031309250626068
0.00363585277345519
0.00745886741574307
0
0.00275417133496816
0.0105102290742892
0.00292910261194921
0.0120030949423815
0.00269154277539605
0
0.00289212879482056
0.00193958777802735
0.000420864986471076
0.00503806051598338
0
0.0041306621946141
0.00422312950964916
0.00324931461970161
0.00625497724122598
0.00423688263444245
0.00506103393769452
0.00365578784060013
0.00780407759355104
0.00396771712615407
0.00522525254239232
0.0050690442370216
0.00419024757673512
0.00458545527587448
0.000989228614999125
0.00283030094203814
0.00434192406645689
0.00347813425055633
0.00601344736765111
0.00730503022601451
4.92822764039584e-52
0.00172540591439588
0.00422261047941732
0.00693666235814383
0.003740161631915
0
0.000703032739203701
0.000128891251437171
0.00520408818875162
0.0125925516720442
0.00334254148666761
0.00307560070361042
8.33501574254982e-05
1.71363068358846e-18
0
0.00352822659287105
0.00349268613682061
0.00268298627875201
0.00334045794588007
0.00238423524148191
0.00345830826192541
0.00161626851143809
0.00479398420616223
0.00516978130514848
0.00309839059951769
0.00265943592499612
0.00251175849348751
0.0280975430404255
0.000820339693792712
0.0457412647328787
0.00574570315218439
0.00227279247520048
0.00334257971794196
0
0.00413542668283983
0.00106538862825041
0.00203878306857239
0.00318345688906319
0.00539524371520926
0.00593391625578482
0.00229934814150587
0.0168479481386035
0
0.003915758641057
0.00714017468846307
0.00825256304053783
0.00365648488943188
0.00357341161909354
0.00310636171922119
1.03946448771413e-23
0.00705998730183605
0.00311048089950239
1.07139519051829e-05
0.00681713886961648
0.0027619767111335
0.00325509027492002
0.00509830606367188
0.00101724809960263
0.0045564328788968
0.00463022506042273
0.00354349904755599
0.00410164652065676
0.00501062037395063
0.0103179766543977
0.00321458117693928
0.00327462714816351
7.59360405714918e-15
0.00224691340640111
0.00178393777853265
0.00434591705316894
0.00108278911904314
0.00304756932909294
0.00321338698054386
0.00211596535973109
0.00526572042373667
0.00237274737608441
0.00321660571194213
0.00266433943210275
0.00934060040447461
0.00643092667192182
0.000307217156295672
0.00435838843441542
0.0178569619570061
0.00477069137345719
0
0
8.31839290733206e-32
0.000125856659257695
0.00530136290428834
4.08354016893148e-07
0.00341241285439633
3.42380909177279e-05
0.0053365461119639
0.00497988890299001
0.00461606989778821
8.87861019281165e-101
0.00300828284092159
0.00255120420920217
0.00564494483819049
3.83064967354546e-05
0.00176295917893337
0.00500996590381471
0.00284236365309379
0.0013543851146912
3.10175031784723e-12
0.00426678678498013
0.00255842571594315
0.00251717160191846
0.00332528488233957
0.00505492843210768
0.00423577863303361
0.00306859073746905
0.00335898913772668
0.00290088658361831
2.72388749917525e-05
6.2898837543237e-06
0.0277222788213947
8.98334442742468e-10
0.00231657755716401
0.00211489330726722
0.00267011580869198
0.0094152620299875
0.00392991167388479
0.00234173214687168
0.00116965599649633
0.00322996649734526
0.00692128686102667
1.5763647321595e-09
0.00394252333259289
0.00748575874351698
0.00779077226628017
1.66307462394645e-59
0.00606756320047452
0.00149290784159743
0.00063223433840064
0.00239322265036396
0.00192009421188252
0.00176225604058874
0.00625641431731843
0.00385972662401851
1.99946140729371e-11
0.00396669816049752
0.00673212493988864
0.00367408706938695
1.73508403703465e-15
0.00495434230648657
0.00799822430801561
0.00528592875720029
0.00297861457312784
0.0033008709055152
0.00612578886532332
0.00718163597160193
0.0142618364270682
0.00367667002804372
0.00052719271396228
0
0.00265889888687374
0.00378466652942507
0.00642417817014451
0.00510434666554942
0.00326699966598047
0.00464828159199937
0
0.00196849679839356
0
0.00505309547877986
3.91121276093582e-05
1.76123619225357e-202
0.00434856917788668
0.000602860797359807
0.000882211657362658
0.00540790398031051
0.000619366611970688
1.77839614282536e-07
0.00265124853635392
0.00336303906291198
0.0005285910395548
0.0252496593452874
0.000544737225244123
3.44221763273377e-05
0.00240933231483485
2.92205516539083e-10
0.00679333534918525
0.00500112502696132
0.00437314823212162
0.00247125360908968
0.00202453817412069
0.00274451283624507
0.00717920469236236
0.00488949720000094
0.00227759932916707
0.00338142412863919
0.00360743249669483
0.00138855294348369
0.00243543363116443
0.00372836636900037
0.00526572169618999
0.00450114954442223
0.00542525660324209
0.00563387192446459
0.00369945552256005
0
0
0.00950820267181389
1.15457337976517e-13
0.00251717193946124
0.00398024425104051
0.00469696770986732
0.00354428242360314
2.80545090863027e-07
0
0.0131397373988579
1.20699617883866e-49
0.00241890357322732
0.00428041768621041
4.20894071230007e-05
0
0.00418167994248136
0.0045317634833568
0.00210796539947673
0.00276617324010056
0.00141569256596632
0
0.0019162763545566
0.00234795448663202
0.00322568648295306
0.00425279069952051
0.00147036816253075
0.001332327495524
0.00731603768283067
0.00355352438029902
0.00505053800244125
0
1.50984897873617e-32
0.00389210411625398
0.00252139314546627
0.00555882294097213
1.35957710863048e-06
0.00316637252341304
0.00288325758985612
0.00390244875236769
0.00293362729059877
0.00121550685219916
0.00159815754219114
0.00377691702629175
0.00204198615993448
0.00293496904956171
0.00632150296428207
0.00544292292600095
6.97478128586e-06
0.00435539777974953
0.00267479146603474
0.00407082263384028
0.00587561346635626
0.00265536163848469
8.15286845217603e-05
0.00335341798560184
0.00142621947709721
0.00399335562510472
0.023169753991038
0.0138751594553127
9.38094689568246e-15
1.84961284870881e-14
0.00331811769311237
0.00487006779453274
0.00318031418279062
0.00481437996108129
0.00126217454974992
0.00417480963834725
0.000201214715476747
0.0165405598482377
0.00336269973844482
0.00269360751491308
0.00361919900125298
0.00392154580769416
2.67974545352487e-199
0.00149579120356749
0.0111787328679075
0.00326760033305479
0.000674061129457288
8.95615945264158e-06
0.0024222537327603
0.00328834877606382
0.00329156856316601
0.00474658457613265
0.000638957185950448
0.00585097221962904
0.0100448751155897
0.00175522638517194
0.000666684140758627
0.00514957873167188
0.00547519316557003
0.00234505181646009
0.000880754285659652
0.00435969306952633
0.00375933071906311
0.00658881528141326
0.00876559143304044
0.00348723048700082
0.000322127030715845
1.03719512416879e-13
0.00374574097045325
0.00620581062538729
3.77019637734787e-40
0.00368736208604467
0.0016838935241583
0.00465110070626804
0.00330092460470123
0.0039882676958405
0.00177061476271575
0.00640421775381076
0.00035494182253852
0
0.00289033179820273
1.42641507833379e-07
0.00261888129741581
0.00313633556172427
0.00493921234015472
0.00245459136049568
0.00102884134170737
0.00354767804843373
0.00328403261533236
0.00307251760495458
0.000700199895755197
0.00285815713946729
0.0081493615782822
0.00362564367503253
0.000975889703666949
0.00217234310895008
0.00855885977221475
0.00227452528479098
0.00256088269082515
0.00431091346120463
0.00458056586129609
0.00434929236419973
0.00320771281826021
0.00182485862011076
0.00432355997089226
6.69652442710656e-110
0.00188273563803064
0.00270116895443781
0.00385662984253161
0.00466308573755379
0.00475158287396445
0.00288275356526684
0.00414234911064792
0.000749606962588098
0.00172039160384281
0.00277033015939552
0.00396373057518525
0.00470824749909382
0.0106373938455142
0.00299418092454955
0.00755136468810927
0.00363799991096986
0.00398946114705754
0.00608281181991911
0.00448759099371563
0.000711791657770269
0.000650568876157981
0.00824087943556429
0.0067727118351194
0.0148814397843416
0.000529510522827225
0.00137373684665644
0.00337618302250602
0.00335290422432575
4.63006276338083e-05
0.00433622034956488
0.00210351075218657
0.00470420927440228
0.0106142575330774
0.00456351477291463
5.93072306860325e-30
0.00358267754362872
0.00509132174902291
0.00517116710900142
0.00523783633589438
8.82521736029718e-16
0.00828050522449867
0.00659484761655515
0
0
0.00325172322446118
0.00140627341794392
0.00517163232701906
0.012813346390584
0.000782347276151811
5.74011613431309e-10
0.00772469686729051
0.000925045484565997
0.00208210724300397
0.00472376549086919
0.00263960125985399
0.00953848841098248
0.00212677752613835
0.0103996816219809
0.00341632376735832
0.0385459529149513
0.0135282346845573
0.00337667388711371
0.000980232373165069
0.00402774191029853
0.00358526567479515
0.0588235294115935
0.00556369550817151
0
0.00352051806220397
0.0040354977410516
5.3151045549488e-61
0.00304025634634162
0.000936127759220365
0.00152324723203349
0.00432701704677138
0.00569972575268923
0
0.00219457268009375
0.00147154651345899
0.00311760785880832
0.00151313679893991
0.00435383312644862
0.00249248387647991
0.00244371019949954
0.00272237352471313
0
0.00425978914479858
0.00293806011373213
0.00907486442482406
0.00111557700909007
0.00292996207067379
0.00800573753701415
0.00285543957546989
0.00455937507176038
0.00504242946520458
0.00311547120153942
9.34674452372138e-06
0.0021388410894826
0.00082946219627746
0
0.00446181612416591
0.00372924796005056
3.41520172415168e-33
0.00378181618874462
1.01672133832136e-139
0.00246772031990515
0.00400652318902474
0.00188051055950069
0.0073393321613478
0.00556290787418757
0.00225198543792041
0.00164856804722499
4.31641432117688e-07
0.00380496180875405
0.00617172731993913
0.00275988701496906
0.004773366322814
0.00137028640680502
0.00246199980778852
0.0028744040973949
0.00444270051721554
0.00401102183489367
0.00123437878777656
5.59502298787643e-44
0.000198911160038292
0.00235443528216393
0.00705433229535306
0.00307848265810718
0.0043746053167487
0.0043989070911906
0.00392394823978963
0.00172242327770073
0.00332711341050846
0.00366194095630594
0.000184678300888177
4.25161683903858e-251
0.00353435243932731
0
0.00520833836128076
0.00519237605847391
0.00255439037668298
0.00456969318027299
0.00168414546981613
0.00542241427714001
0.0039905055662767
0
0.00335707973720619
0.00292381727682469
0.00334087875072725
0
0.00229590885915306
0.00367810701981439
0.0384615383308359
6.76663286494673e-20
0.00167929825457621
0.00250827609812801
0.00331246989486987
6.75387050705842e-06
0.0027879459218168
0.00396922498810407
0.00380466103091713
0.000388808117483091
0.00311591171459991
0.0131751687022196
0.00391742022347202
0.00403362060193534
0.00346839795463462
0.00212874110134359
3.15282285547756e-18
0.00319199528301073
0
3.57357764419858e-25
1.599806360636e-13
0.00386605682801141
0.00260977106554942
0.00380016428369079
0.00288772128381908
0.000704773729503922
0.00101173556208471
0.00189881634606945
0
0.00259053691534117
0.00244962912357662
0.00282867616971224
0
0.00404733211602587
0.00510049925811569
7.05078840959154e-12
0.00282068488396776
0.00438601291475514
0.00218144069638552
0.0399999999999904
0.00546438984290076
0.00400364026466909
0.00424742457761031
0.0037604161640407
0.00415410947418727
0.00312498878484556
0.00369243785039419
0.00183846037052582
0.00615492938692301
0.000542566866079515
0.00416235379309754
0.00277964332203655
0.000293439070857406
0.00263880441361873
0.000281158849413098
0.00329126096191145
0.00364632320982228
0.00541737263767526
0.00311048213079935
0.00358811804658206
0.00247071726077327
