0.212355212355212 0.243243243243243 0.0116150762755909
0.238095238095238 0.253968253968254 0.0105013197894009
0.219354838709677 0.258064516129032 0.0100546206678711
0.172881355932203 0.24406779661017 0.0117541198440601
0.234042553191489 0.258358662613982 0.0117087743189764
0.260135135135135 0.304054054054054 0.0142419014979204
0.188461538461538 0.238461538461538 0.0123025558209723
0.181184668989547 0.250871080139373 0.0106891020491775
0.197952218430034 0.238907849829352 0.0120071677194365
0.214788732394366 0.274647887323944 0.0170851385082067
0.25 0.256756756756757 0.0122660028643183
0.216300940438871 0.282131661442006 0.0106519952615529
0.234234234234234 0.258258258258258 0.0106390775436979
0.247706422018349 0.314984709480122 0.012583425175428
0.169675090252708 0.216606498194946 0.0103108831738107
0.268707482993197 0.295918367346939 0.0157174008400797
0.242424242424242 0.296296296296296 0.0114585764521165
0.210526315789474 0.23859649122807 0.0136094322269868
0.233108108108108 0.253378378378378 0.0107113475516951
0.209558823529412 0.242647058823529 0.0167872588308939
0.221498371335505 0.247557003257329 0.00904365923373888
0.207612456747405 0.231833910034602 0.0136707581287808
0.189830508474576 0.220338983050847 0.00937992081525054
0.255451713395639 0.264797507788162 0.0115254871478177
0.208480565371025 0.226148409893993 0.00838719934131947
0.227722772277228 0.250825082508251 0.0146147523607067
0.183266932270916 0.207171314741036 0.00869772543627963
0.210702341137124 0.25752508361204 0.0151947446255441
0.208333333333333 0.25 0.0147238317410841
0.234604105571848 0.266862170087977 0.00919254040284075
0.233438485804416 0.258675078864353 0.00817268110874907
0.207272727272727 0.247272727272727 0.0136768445697278
0.210702341137124 0.250836120401338 0.00971791510032487
0.234567901234568 0.290123456790123 0.0123775395017945
0.190647482014388 0.248201438848921 0.0115671087809771
0.254237288135593 0.277966101694915 0.0132200138421152
0.255737704918033 0.298360655737705 0.012015125725846
0.222602739726027 0.243150684931507 0.01104648107627
0.2508038585209 0.2508038585209 0.0105983023002933
0.225255972696246 0.252559726962457 0.0104867010303517
0.254901960784314 0.305882352941176 0.017990270601286
0.175438596491228 0.207017543859649 0.00780582895514688
0.225 0.239285714285714 0.0125323645660674
0.221183800623053 0.280373831775701 0.012883447547558
0.209621993127148 0.233676975945017 0.0134722169616152
0.239285714285714 0.285714285714286 0.0153435103294798
0.243670886075949 0.278481012658228 0.010440056268869
0.162264150943396 0.215094339622642 0.00979940410893761
0.250793650793651 0.26984126984127 0.0113263097146956
0.218354430379747 0.265822784810127 0.0109714803887299
0.210355987055016 0.262135922330097 0.0138817422150535
0.243243243243243 0.290540540540541 0.0135339792087535
0.222222222222222 0.299382716049383 0.0128306370091325
0.207482993197279 0.238095238095238 0.0104460776665025
0.186440677966102 0.247457627118644 0.0095168458692273
0.211267605633803 0.225352112676056 0.0133996479529269
0.216981132075472 0.254716981132075 0.0121806960585305
0.213235294117647 0.25 0.0133846917983742
0.194078947368421 0.246710526315789 0.0110724175359424
0.249201277955272 0.268370607028754 0.0089424642788652
0.228295819935691 0.282958199356913 0.0137447384094961
0.23943661971831 0.257042253521127 0.0145198141860574
0.226480836236934 0.257839721254355 0.00979347346693886
0.196610169491525 0.257627118644068 0.00872510216910231
0.197986577181208 0.275167785234899 0.0123404467739702
0.203947368421053 0.210526315789474 0.00798311565915171
0.167224080267559 0.230769230769231 0.0107981257647911
0.238562091503268 0.271241830065359 0.0113765823649005
0.187279151943463 0.240282685512367 0.0141942897294585
0.234113712374582 0.270903010033445 0.0126283098994174
0.228464419475655 0.254681647940075 0.0104983814524695
0.185964912280702 0.235087719298246 0.0116026919437735
0.187074829931973 0.170068027210884 0.00570884026966267
0.196363636363636 0.276363636363636 0.011545073652798
0.242320819112628 0.26962457337884 0.0127038984083137
0.207843137254902 0.250980392156863 0.0118043271805993
0.236666666666667 0.266666666666667 0.00873110940346254
0.219512195121951 0.240418118466899 0.00960234540039983
0.271428571428571 0.253571428571429 0.0149354781519927
0.242957746478873 0.274647887323944 0.0109474411741141
0.218637992831541 0.268817204301075 0.0113840967726776
0.262987012987013 0.288961038961039 0.0127409878333855
0.210169491525424 0.216949152542373 0.0102070494936088
0.191275167785235 0.248322147651007 0.00904358518202873
0.1985559566787 0.256317689530686 0.0115782349807734
0.209003215434084 0.260450160771704 0.00949107475375857
0.233009708737864 0.27831715210356 0.00964892496422359
0.222602739726027 0.246575342465753 0.011520912734582
0.227564102564103 0.278846153846154 0.0117454831264283
0.259146341463415 0.286585365853659 0.0108437794458002
0.212328767123288 0.253424657534247 0.0121233424841531
0.228668941979522 0.228668941979522 0.00825176146244571
0.267741935483871 0.309677419354839 0.0142603832364291
0.258785942492013 0.287539936102236 0.0119247019689254
0.192170818505338 0.227758007117438 0.00916536419612742
0.253776435045317 0.332326283987915 0.0145032531030067
0.181818181818182 0.254545454545455 0.013170552254117
0.213768115942029 0.257246376811594 0.0125895229053216
0.249122807017544 0.284210526315789 0.0115573349041971
0.222929936305732 0.277070063694268 0.0111277543636247
0.202749140893471 0.281786941580756 0.0146433833035211
0.213793103448276 0.248275862068966 0.0147560002436924
0.188118811881188 0.260726072607261 0.0123434305911483
0.239393939393939 0.3 0.0145481013511934
0.212418300653595 0.23202614379085 0.00951689897505527
0.288524590163934 0.295081967213115 0.013305225108659
0.213793103448276 0.224137931034483 0.0114415278498227
0.229773462783172 0.275080906148867 0.0106751391567809
0.224025974025974 0.266233766233766 0.0110823435780043
0.243243243243243 0.27027027027027 0.0123889746400253
0.277456647398844 0.323699421965318 0.0118285633404329
0.190140845070423 0.257042253521127 0.0136266258919775
0.219931271477663 0.243986254295533 0.0109737972722036
0.1875 0.230263157894737 0.00821221488190217
0.168918918918919 0.195945945945946 0.00877111747993705
0.21978021978022 0.201465201465201 0.00800078716809203
0.233333333333333 0.25 0.0129356025547233
0.197324414715719 0.25752508361204 0.0119860270047424
0.239747634069401 0.264984227129338 0.0101849973580957
0.225 0.278571428571429 0.0137063743262474
0.218181818181818 0.263636363636364 0.0100632903683017
0.200704225352113 0.26056338028169 0.0117616553886892
0.228476821192053 0.268211920529801 0.011253409481247
0.204268292682927 0.23780487804878 0.00852622790837598
0.195804195804196 0.227272727272727 0.00694847952978705
0.224913494809689 0.26643598615917 0.0118210339272843
0.18815331010453 0.236933797909408 0.0136457251941188
0.226708074534162 0.248447204968944 0.00887847851702829
0.183734939759036 0.234939759036145 0.00954808713960505
0.205574912891986 0.236933797909408 0.0122354197506187
0.233009708737864 0.229773462783172 0.00971636436032995
0.188311688311688 0.243506493506494 0.0128094135769593
0.202952029520295 0.254612546125461 0.0114267612005814
0.226027397260274 0.23972602739726 0.0107227188088063
0.194805194805195 0.227272727272727 0.0110386004075574
0.22742474916388 0.250836120401338 0.011386511015632
0.181184668989547 0.229965156794425 0.010454838873932
0.233552631578947 0.292763157894737 0.0144190752414784
0.261980830670927 0.29073482428115 0.0116633058174201
0.191489361702128 0.230496453900709 0.0120859693913283
0.200692041522491 0.245674740484429 0.0117414617911065
0.219178082191781 0.246575342465753 0.0106526519699223
0.203947368421053 0.240131578947368 0.00960783649372867
0.214953271028037 0.305295950155763 0.0154626473159261
0.230240549828179 0.261168384879725 0.0109223500581802
0.203761755485893 0.241379310344828 0.00984611758531652
0.211469534050179 0.272401433691756 0.0102812383457128
0.187739463601533 0.237547892720307 0.0126829881514639
0.211221122112211 0.234323432343234 0.0095198911479662
0.231292517006803 0.302721088435374 0.0114007405280046
0.23469387755102 0.255102040816327 0.0119225532414865
0.230496453900709 0.25177304964539 0.0121319734408767
0.231046931407942 0.299638989169675 0.0143981409170856
0.25 0.25 0.0123942381362346
0.288135593220339 0.308474576271186 0.0163616631060682
0.191919191919192 0.245791245791246 0.0106674774262489
0.188811188811189 0.216783216783217 0.011168843105118
0.169435215946844 0.232558139534884 0.0116493552271967
0.134920634920635 0.21031746031746 0.0121816805284565
0.22360248447205 0.245341614906832 0.00969380994003395
0.223684210526316 0.296052631578947 0.0102935147700178
0.212328767123288 0.236301369863014 0.0101064118711881
0.182795698924731 0.211469534050179 0.00736394204459822
0.226837060702875 0.268370607028754 0.0117336272685374
0.200680272108844 0.204081632653061 0.00804779336792229
0.228571428571429 0.267857142857143 0.0127292831980934
0.261146496815287 0.299363057324841 0.0117931052197808
0.262839879154079 0.302114803625378 0.0110989947078087
0.222560975609756 0.234756097560976 0.00923484768381872
0.194945848375451 0.234657039711191 0.00915776541459165
0.206896551724138 0.21455938697318 0.014438803769714
0.238244514106583 0.272727272727273 0.0120012130324753
0.243333333333333 0.256666666666667 0.00902730185895779
0.209003215434084 0.254019292604502 0.0141004132899009
0.233898305084746 0.291525423728814 0.0151258797311852
0.231884057971014 0.242753623188406 0.0121461568373877
0.237341772151899 0.268987341772152 0.0108447044013325
0.216393442622951 0.252459016393443 0.0131586277369231
0.226006191950464 0.263157894736842 0.0098785018488356
0.259375 0.2875 0.0114828517858273
0.207612456747405 0.259515570934256 0.012400812126054
0.22108843537415 0.255102040816327 0.0112047424984537
0.209459459459459 0.239864864864865 0.0117686960721251
0.207119741100324 0.258899676375405 0.00992352104938089
0.206185567010309 0.261168384879725 0.0116639583204745
0.237458193979933 0.307692307692308 0.0157538859839799
0.186851211072664 0.224913494809689 0.0087356291355372
0.221052631578947 0.273684210526316 0.0129255423855298
0.219123505976096 0.239043824701195 0.0117279020662666
0.222602739726027 0.270547945205479 0.0111954312716779
0.253822629969419 0.302752293577982 0.0123747496581774
0.164335664335664 0.223776223776224 0.0106223611252083
0.23125 0.275 0.0115825549259509
0.22 0.236666666666667 0.013647319813204
0.251612903225806 0.280645161290323 0.0100557997715154
0.249180327868852 0.278688524590164 0.011999782584955
0.234323432343234 0.287128712871287 0.0148531856162164
0.216300940438871 0.272727272727273 0.00981488651253584
0.209737827715356 0.202247191011236 0.00818811327616687
0.233812949640288 0.248201438848921 0.0101956409422706
0.259259259259259 0.277777777777778 0.0113935951051382
0.221122112211221 0.244224422442244 0.00898823505565193
0.220588235294118 0.261029411764706 0.011035509826689
0.22972972972973 0.273648648648649 0.0142005516034165
0.181208053691275 0.251677852348993 0.007254197305034
0.235294117647059 0.264705882352941 0.0110483467274371
0.253822629969419 0.275229357798165 0.00951869492447626
0.16382252559727 0.215017064846416 0.0103454504673139
0.225255972696246 0.266211604095563 0.0113930466495152
0.194656488549618 0.236641221374046 0.0110830448865472
0.226229508196721 0.272131147540984 0.0117107898166672
0.221830985915493 0.264084507042254 0.0130989255168123
0.217391304347826 0.260869565217391 0.012050548071964
0.208191126279863 0.235494880546075 0.0111604276719706
0.224358974358974 0.246794871794872 0.0120546301574729
0.224025974025974 0.266233766233766 0.0112324821783905
0.278125 0.3 0.0133365775802543
0.265060240963855 0.274096385542169 0.0105140955507457
0.225694444444444 0.284722222222222 0.0124683781360413
0.229813664596273 0.288819875776398 0.0109927228803886
0.168539325842697 0.209737827715356 0.00857149794718165
0.232394366197183 0.264084507042254 0.0113517756430769
0.218120805369128 0.312080536912752 0.0157952050325375
0.185185185185185 0.228956228956229 0.00857328808797373
0.25 0.243333333333333 0.00841515762345983
0.222614840989399 0.261484098939929 0.0124044275711163
0.193430656934307 0.215328467153285 0.00667554922887707
0.174721189591078 0.226765799256506 0.0104938564840296
0.232727272727273 0.28 0.013203486396517
0.25531914893617 0.25531914893617 0.00965536896071738
0.223938223938224 0.231660231660232 0.0129252512412339
0.238670694864048 0.290030211480363 0.00930854457441307
0.185053380782918 0.217081850533808 0.00913349345179819
0.235109717868339 0.272727272727273 0.00985320056297747
0.218181818181818 0.265454545454545 0.011480850633743
0.283236994219653 0.326589595375723 0.0118419614443351
0.196825396825397 0.263492063492063 0.00819738433783634
0.195286195286195 0.245791245791246 0.00962990419969538
0.228295819935691 0.266881028938907 0.00977835812789978
0.225255972696246 0.290102389078498 0.0146075290607617
0.188405797101449 0.228260869565217 0.0120073048670905
0.204861111111111 0.229166666666667 0.0114271074641753
0.224755700325733 0.247557003257329 0.00964507292497782
0.27 0.286666666666667 0.0123841791476373
0.269592476489028 0.29153605015674 0.0099480470135104
0.23021582733813 0.241007194244604 0.0102532769129211
0.173758865248227 0.223404255319149 0.00924509233160121
0.237951807228916 0.283132530120482 0.00816288848980948
0.193771626297578 0.231833910034602 0.00936104053817394
0.201438848920863 0.248201438848921 0.0117909323745216
0.201413427561837 0.212014134275618 0.00932703047484049
0.220496894409938 0.251552795031056 0.00931823142610931
0.213286713286713 0.258741258741259 0.01148388480623
0.236593059936909 0.261829652996845 0.0109993474403038
0.226415094339623 0.242138364779874 0.00792916265867483
0.265993265993266 0.296296296296296 0.0129170066083516
0.172297297297297 0.226351351351351 0.0108179854398513
0.246428571428571 0.278571428571429 0.015829842386047
0.209964412811388 0.259786476868327 0.0117020653985038
0.19047619047619 0.201465201465201 0.00928081880053419
0.220735785953177 0.247491638795987 0.0105503833156107
0.198142414860681 0.241486068111455 0.00893144201741485
0.185714285714286 0.239285714285714 0.0121645000092124
0.255591054313099 0.313099041533546 0.0149597790996
0.23321554770318 0.261484098939929 0.0131250590323024
0.206779661016949 0.267796610169492 0.00922215473650417
0.198170731707317 0.225609756097561 0.00809185855352404
0.249201277955272 0.303514376996805 0.0134095836315611
0.175862068965517 0.262068965517241 0.0130885829497178
0.276923076923077 0.316923076923077 0.0142483810790023
0.24822695035461 0.294326241134752 0.014491591609433
0.224832214765101 0.285234899328859 0.0112675312483814
0.212121212121212 0.245791245791246 0.0125322005964283
0.212903225806452 0.293548387096774 0.0105275475921456
0.226950354609929 0.26241134751773 0.0132454412051319
0.22680412371134 0.274914089347079 0.0120443581904715
0.236933797909408 0.24390243902439 0.00971258252013996
0.233812949640288 0.262589928057554 0.0116996113770262
0.196296296296296 0.225925925925926 0.0118865724388213
0.195035460992908 0.26241134751773 0.00917334856144892
0.236842105263158 0.315789473684211 0.0129506220123595
0.226973684210526 0.253289473684211 0.00963434055294836
0.257425742574257 0.3003300330033 0.011529229924738
0.198630136986301 0.23972602739726 0.0104394400082133
0.212230215827338 0.237410071942446 0.00942893114182261
0.215753424657534 0.243150684931507 0.0133190907682938
0.242622950819672 0.265573770491803 0.0101854583431848
0.226027397260274 0.267123287671233 0.00990316025229045
0.241830065359477 0.297385620915033 0.0137151706748683
0.236245954692557 0.26537216828479 0.00998807128319396
0.226837060702875 0.258785942492013 0.00991982766418837
0.178832116788321 0.211678832116788 0.00832289347229881
0.210884353741497 0.261904761904762 0.0117734307599254
0.202205882352941 0.231617647058824 0.00971236178664429
0.193771626297578 0.211072664359862 0.00879855402742559
0.227272727272727 0.244755244755245 0.0106592952372291
0.249146757679181 0.296928327645051 0.0121407794444306
0.266871165644172 0.300613496932515 0.0104941277580422
0.214285714285714 0.244897959183673 0.00996267617410749
0.23826714801444 0.227436823104693 0.0104835201979828
0.241157556270096 0.286173633440514 0.0125340054793012
0.145985401459854 0.164233576642336 0.00591990666645937
0.202846975088968 0.227758007117438 0.0113756456991826
0.253246753246753 0.301948051948052 0.0117592755722344
0.191919191919192 0.259259259259259 0.0142938708699528
0.246753246753247 0.262987012987013 0.011525667197028
0.228476821192053 0.235099337748344 0.0124342866374476
0.238095238095238 0.248299319727891 0.0123932299441511
0.187943262411348 0.223404255319149 0.00928583949345195
0.186619718309859 0.221830985915493 0.0119833642839128
0.221343873517787 0.237154150197628 0.0111295390443889
0.217522658610272 0.265861027190332 0.010035586886552
0.192982456140351 0.263157894736842 0.010643228704741
0.178125 0.221875 0.00777888953037058
0.242718446601942 0.284789644012945 0.0133558367899262
0.209459459459459 0.246621621621622 0.0110914950135955
0.207407407407407 0.222222222222222 0.0101289522759317
0.217391304347826 0.225296442687747 0.0131113290582079
0.174061433447099 0.187713310580205 0.00832310858193199
0.23 0.256666666666667 0.0106730184535465
0.209964412811388 0.252669039145907 0.011170506536502
0.21875 0.274305555555556 0.0113852734118367
0.203448275862069 0.210344827586207 0.00955561446472333
0.258675078864353 0.293375394321767 0.0114658422044969
0.250737463126844 0.289085545722714 0.0113451392327918
0.237226277372263 0.262773722627737 0.014834308869103
0.218390804597701 0.268199233716475 0.012798497437655
0.213559322033898 0.230508474576271 0.0118357026120872
0.216981132075472 0.270440251572327 0.0110057968437055
0.224080267558528 0.254180602006689 0.013176077631387
0.212230215827338 0.248201438848921 0.0111926402209817
0.184905660377358 0.20377358490566 0.00945439043749256
0.202205882352941 0.25 0.011780802855903
0.192857142857143 0.2 0.00859428164651959
0.246875 0.275 0.00917524390791315
0.195945945945946 0.202702702702703 0.00861657270742124
0.215017064846416 0.276450511945392 0.0118989572866244
0.223241590214067 0.26605504587156 0.00960961542322823
0.2 0.241935483870968 0.0111302740321605
0.192439862542955 0.264604810996564 0.0105410067746856
0.303405572755418 0.321981424148607 0.0115715055954363
0.1985559566787 0.227436823104693 0.00966682594853449
0.221153846153846 0.262820512820513 0.0135425469036076
0.23448275862069 0.26551724137931 0.0110954710799716
0.208480565371025 0.268551236749117 0.0107913444277702
0.201342281879195 0.248322147651007 0.0100369840909153
0.234265734265734 0.265734265734266 0.0129961924078639
0.269461077844311 0.317365269461078 0.0120878766002198
0.235507246376812 0.268115942028986 0.0133550501100015
0.217241379310345 0.26551724137931 0.00978141976179713
0.224358974358974 0.269230769230769 0.00999574485757224
0.16600790513834 0.213438735177866 0.00816274965117188
0.205787781350482 0.286173633440514 0.0124877932650112
0.218954248366013 0.264705882352941 0.0113833567097825
0.224199288256228 0.256227758007117 0.011205656562426
0.228295819935691 0.22508038585209 0.00996294619233324
0.194888178913738 0.261980830670927 0.0103607496326365
0.195046439628483 0.241486068111455 0.00808298293856546
0.190839694656489 0.229007633587786 0.0123894089571048
0.25 0.275974025974026 0.0127373371589686
0.212014134275618 0.279151943462898 0.0115489639092569
0.231316725978648 0.288256227758007 0.0139952955228202
0.238244514106583 0.304075235109718 0.0123710026123248
0.188811188811189 0.283216783216783 0.011585436758445
0.263157894736842 0.272445820433437 0.0125103703094623
0.171102661596958 0.231939163498099 0.0118532793209097
0.216828478964401 0.26537216828479 0.0118028222672464
0.250950570342205 0.247148288973384 0.0125419192866794
0.22962962962963 0.292592592592593 0.012714551150819
0.231746031746032 0.288888888888889 0.0092863031639484
0.268072289156627 0.274096385542169 0.00970219931393131
0.207885304659498 0.21505376344086 0.0115717402691507
0.228758169934641 0.205882352941176 0.0111081498636368
0.195286195286195 0.242424242424242 0.0101396108647756
0.175862068965517 0.227586206896552 0.00990048500427089
0.220735785953177 0.274247491638796 0.013110608441767
0.215547703180212 0.31095406360424 0.0118032832518082
0.277153558052434 0.262172284644195 0.0134891483385535
0.231231231231231 0.288288288288288 0.0142486237402774
0.241269841269841 0.282539682539683 0.0117730423629726
0.178571428571429 0.217532467532468 0.0122708503391811
0.193220338983051 0.261016949152542 0.0128539945593858
0.251479289940828 0.289940828402367 0.0118632923312257
0.25796178343949 0.289808917197452 0.0111330459170878
0.172661870503597 0.241007194244604 0.0104538775466634
0.257234726688103 0.302250803858521 0.0107780890890373
0.223367697594502 0.264604810996564 0.0125463793950154
0.222222222222222 0.262626262626263 0.0112531798725085
0.182456140350877 0.245614035087719 0.012125320208982
0.244299674267101 0.273615635179153 0.0105591998697107
0.214285714285714 0.255952380952381 0.0102286316839979
0.196551724137931 0.23448275862069 0.0100570669336038
0.194719471947195 0.257425742574257 0.00873434269069185
0.200704225352113 0.225352112676056 0.0121620701707016
0.212624584717608 0.245847176079734 0.0104820334640416
0.266025641025641 0.336538461538462 0.0129055771999308
0.196491228070175 0.228070175438596 0.0113841190926212
0.207482993197279 0.258503401360544 0.00951387356370033
0.215827338129496 0.251798561151079 0.0111296444488287
0.206081081081081 0.263513513513513 0.0111858594464053
0.278735632183908 0.310344827586207 0.0112644725142207
0.247648902821317 0.29153605015674 0.00990865452264951
0.208904109589041 0.256849315068493 0.00915752224515648
0.2508038585209 0.276527331189711 0.0117715682299807
0.208191126279863 0.25938566552901 0.0136410243071012
0.275409836065574 0.301639344262295 0.0142305123705093
0.252559726962457 0.303754266211604 0.0137410824013118
0.19 0.236666666666667 0.00857970355602926
0.23758865248227 0.308510638297872 0.0125386400775876
0.247557003257329 0.315960912052117 0.0148982043355266
0.178947368421053 0.252631578947368 0.0100109294146724
0.211409395973154 0.281879194630872 0.0104638065614782
0.228013029315961 0.273615635179153 0.0123042811664457
0.18796992481203 0.24812030075188 0.0108453837248415
0.201438848920863 0.226618705035971 0.0118561455842301
0.182692307692308 0.217948717948718 0.0100878298183
0.217857142857143 0.253571428571429 0.01153937046391
0.192170818505338 0.206405693950178 0.00879411666044721
0.24496644295302 0.258389261744966 0.0118317395379774
0.215277777777778 0.260416666666667 0.0108191981173092
0.25609756097561 0.326219512195122 0.0122037016212717
0.21671826625387 0.244582043343653 0.00991910301525172
0.193877551020408 0.231292517006803 0.0112389739243224
0.222614840989399 0.261484098939929 0.00900355892245902
0.168539325842697 0.213483146067416 0.0120850935577496
0.209150326797386 0.277777777777778 0.0120054791162212
0.215434083601286 0.244372990353698 0.00831716447383537
0.200636942675159 0.251592356687898 0.0092891719509081
0.243421052631579 0.256578947368421 0.00986197662553651
0.225165562913907 0.278145695364238 0.0119499538646313
0.166666666666667 0.257246376811594 0.0092240140087542
0.212624584717608 0.259136212624585 0.0103824230960389
0.23841059602649 0.264900662251656 0.0107129292292205
0.236842105263158 0.304093567251462 0.0122423370849943
0.175862068965517 0.23448275862069 0.00851746236521366
0.221830985915493 0.26056338028169 0.0124807168742238
0.220064724919094 0.281553398058252 0.0127362268072491
0.25938566552901 0.293515358361775 0.00886127344352921
0.192170818505338 0.220640569395018 0.00929406385307684
0.218045112781955 0.255639097744361 0.0144163810104701
0.23021582733813 0.276978417266187 0.0128285683259022
0.203448275862069 0.258620689655172 0.0121689115337413
0.220394736842105 0.259868421052632 0.0107855623368214
0.2 0.262068965517241 0.0112232531787438
0.168918918918919 0.222972972972973 0.00772453044451616
0.204268292682927 0.234756097560976 0.00854116262763825
0.2 0.227692307692308 0.00752517358741609
0.241486068111455 0.306501547987616 0.0152889560379594
0.2 0.233962264150943 0.0106570281210797
0.161538461538462 0.234615384615385 0.0120259567767907
0.231023102310231 0.237623762376238 0.0112761145743838
0.202247191011236 0.243445692883895 0.00860556386807087
0.16382252559727 0.218430034129693 0.0095920174881899
0.276073619631902 0.303680981595092 0.0108113796588928
0.207407407407407 0.22962962962963 0.00914474921605202
0.1640625 0.19921875 0.00639009912541485
0.247619047619048 0.295238095238095 0.0162035424424575
0.262773722627737 0.291970802919708 0.0124951224286701
0.223484848484848 0.246212121212121 0.0154078508923513
0.232786885245902 0.272131147540984 0.00951705990571577
0.228070175438596 0.270175438596491 0.0110127247782452
0.193877551020408 0.214285714285714 0.00653877530794084
0.205776173285199 0.267148014440433 0.0184367367941297
0.202127659574468 0.216312056737589 0.0103633541776559
0.253787878787879 0.253787878787879 0.0136555914934359
0.20820189274448 0.236593059936909 0.0115361313377123
0.203703703703704 0.203703703703704 0.0124269124601264
0.212418300653595 0.297385620915033 0.013991779278585
0.221854304635762 0.264900662251656 0.0124998686179591
0.225806451612903 0.258064516129032 0.0135989643331684
0.177474402730375 0.245733788395904 0.0126128655560355
0.212328767123288 0.270547945205479 0.00915333919963345
0.230283911671924 0.290220820189274 0.0116318226938659
0.232558139534884 0.292358803986711 0.00900568788455374
0.249146757679181 0.276450511945392 0.0114894092656806
0.234939759036145 0.246987951807229 0.00761906283794141
0.230240549828179 0.29553264604811 0.0127330986846565
0.212121212121212 0.249158249158249 0.0120805570399346
0.217391304347826 0.270186335403727 0.00903235263782367
0.169611307420495 0.243816254416961 0.0156721976637723
0.240131578947368 0.279605263157895 0.012188930843297
0.242811501597444 0.293929712460064 0.0115912029502988
0.263929618768328 0.316715542521994 0.0140094670259901
0.203508771929825 0.245614035087719 0.0115790268938426
0.235294117647059 0.26643598615917 0.0115910654638986
0.185714285714286 0.235714285714286 0.0110961207437797
0.228125 0.259375 0.00865927672994635
0.247311827956989 0.247311827956989 0.01096823107648
0.205298013245033 0.274834437086093 0.00928038197913061
0.25089605734767 0.293906810035842 0.0143501004099499
0.216129032258065 0.287096774193548 0.0133155617684054
0.2265625 0.26171875 0.0139413290332545
0.211180124223602 0.273291925465839 0.0106189116147216
0.247457627118644 0.294915254237288 0.0125004288404972
0.17687074829932 0.22108843537415 0.009269057150552
0.254777070063694 0.299363057324841 0.0133893225631392
0.199300699300699 0.248251748251748 0.00921546369767389
0.215827338129496 0.233812949640288 0.0116123876929462
0.213592233009709 0.288025889967638 0.010697647893725
0.221122112211221 0.244224422442244 0.00884472567795535
0.225806451612903 0.265232974910394 0.0139151900832206
0.224137931034483 0.255172413793103 0.0124477896347714
0.247272727272727 0.265454545454545 0.0123154180289259
0.175182481751825 0.218978102189781 0.0069604142253968
0.222602739726027 0.304794520547945 0.0121129998392632
0.188356164383562 0.253424657534247 0.0138847872994805
0.242138364779874 0.267295597484277 0.00862699740088111
0.211920529801325 0.254966887417219 0.00968333054270191
0.270358306188925 0.286644951140065 0.0125444305634182
0.234113712374582 0.260869565217391 0.0103324658497748
0.203647416413374 0.270516717325228 0.00988292002353706
0.200680272108844 0.224489795918367 0.00944986990145273
0.209677419354839 0.280645161290323 0.0114299200957714
0.223728813559322 0.291525423728814 0.0150885321688274
0.234527687296417 0.247557003257329 0.0108697910398718
0.233128834355828 0.269938650306748 0.0100668576716937
0.204225352112676 0.23943661971831 0.0111201870478776
0.254019292604502 0.305466237942122 0.0117018329512936
0.2 0.22962962962963 0.0105198408770564
0.226618705035971 0.251798561151079 0.012158223274693
0.201465201465201 0.249084249084249 0.0102814085296632
0.220338983050847 0.247457627118644 0.010069178974596
0.232484076433121 0.267515923566879 0.0101675815434293
0.229681978798587 0.27208480565371 0.0141393742492702
0.244299674267101 0.263843648208469 0.0116861094522575
0.223367697594502 0.292096219931271 0.0138073813048774
0.213286713286713 0.244755244755245 0.0106866408981956
0.249134948096886 0.280276816608997 0.011066472654849
0.206293706293706 0.255244755244755 0.0168842955756853
0.177935943060498 0.195729537366548 0.00881467948808984
0.204472843450479 0.252396166134185 0.0112286252653291
0.174216027874564 0.219512195121951 0.0117030109269088
0.225694444444444 0.274305555555556 0.0129095419327445
0.230508474576271 0.254237288135593 0.0143131256113341
0.215547703180212 0.240282685512367 0.00764580396149125
0.197916666666667 0.225694444444444 0.0113676224827393
0.20983606557377 0.262295081967213 0.0137625085015252
0.191235059760956 0.270916334661355 0.014091690603354
0.254355400696864 0.285714285714286 0.0128991032626359
0.189003436426117 0.202749140893471 0.00816039025824175
0.214035087719298 0.252631578947368 0.0113814846456742
0.211072664359862 0.26643598615917 0.0124751224392708
0.249283667621777 0.286532951289398 0.0133348725072305
0.185185185185185 0.228956228956229 0.0101209787036438
0.252631578947368 0.249122807017544 0.0141351623863693
0.268518518518519 0.296296296296296 0.0117246056186356
0.224683544303797 0.268987341772152 0.0101237388259844
0.212543554006969 0.209059233449477 0.010088734216204
0.203007518796992 0.244360902255639 0.0109234786326411
0.245791245791246 0.262626262626263 0.0118745238613489
0.202846975088968 0.245551601423488 0.00911361582826413
0.207357859531773 0.240802675585284 0.010314773094539
0.188811188811189 0.262237762237762 0.011931208730805
0.186046511627907 0.232558139534884 0.0124293522015024
0.186311787072243 0.258555133079848 0.0147929547965739
0.256559766763848 0.332361516034985 0.0116769433566296
0.218978102189781 0.277372262773723 0.0119268941246949
0.187319884726225 0.216138328530259 0.00719702034118023
0.182481751824818 0.22992700729927 0.0137324342738726
0.231023102310231 0.254125412541254 0.0102959907101006
0.241590214067278 0.290519877675841 0.0124950372021916
0.238709677419355 0.3 0.0147186574720655
0.254966887417219 0.288079470198675 0.0101179462499331
0.208754208754209 0.245791245791246 0.0127554706355975
0.191780821917808 0.25 0.00893448519223592
0.234432234432234 0.267399267399267 0.0139773669890388
0.254612546125461 0.250922509225092 0.0124777789402355
0.210169491525424 0.233898305084746 0.00781675962110352
0.211409395973154 0.248322147651007 0.0101794530261532
0.208754208754209 0.225589225589226 0.0133370181555395
0.192307692307692 0.256410256410256 0.00923887247579836
0.239583333333333 0.274305555555556 0.0120782831604355
0.250755287009063 0.274924471299094 0.0118609675833474
0.227138643067847 0.259587020648968 0.00908151563223569
0.204152249134948 0.235294117647059 0.0121752780955375
0.223684210526316 0.289473684210526 0.015406035867869
0.196610169491525 0.271186440677966 0.00968358892569458
0.25085910652921 0.247422680412371 0.0164118607153859
0.170138888888889 0.225694444444444 0.00916348505807454
0.228136882129278 0.262357414448669 0.0144434788256096
0.206451612903226 0.241935483870968 0.0107501355811224
0.210862619808307 0.249201277955272 0.0107817759887154
0.226006191950464 0.272445820433437 0.0117250593064039
0.253623188405797 0.260869565217391 0.0136607332918567
0.231543624161074 0.278523489932886 0.0114385572268054
0.178343949044586 0.245222929936306 0.0110680875145724
0.191919191919192 0.222222222222222 0.00836494594445105
0.236933797909408 0.261324041811847 0.0115850771024923
0.231974921630094 0.275862068965517 0.0116278592859298
0.238095238095238 0.298412698412698 0.0115540530522292
0.213333333333333 0.276666666666667 0.00983681797516231
0.23125 0.284375 0.0105164555924964
0.184668989547038 0.219512195121951 0.00904251904460346
0.204946996466431 0.250883392226148 0.0103623709377834
0.173913043478261 0.195652173913043 0.00843461550877369
0.196969696969697 0.238636363636364 0.012626062039688
0.211656441717791 0.266871165644172 0.012496459220283
0.292604501607717 0.35048231511254 0.0121269639086893
0.231543624161074 0.238255033557047 0.0095064753858412
0.221428571428571 0.246428571428571 0.00997880668798801
0.225190839694656 0.229007633587786 0.0111115114606197
0.195804195804196 0.237762237762238 0.0103104069140961
0.241042345276873 0.276872964169381 0.0134749399223632
0.239263803680982 0.285276073619632 0.0110555401664362
0.221476510067114 0.281879194630872 0.0121085454088596
0.210526315789474 0.259649122807018 0.0131595070164203
0.17921146953405 0.229390681003584 0.00947061946850945
0.232919254658385 0.248447204968944 0.00997952531254683
0.246753246753247 0.301948051948052 0.0124128835482711
0.212454212454212 0.256410256410256 0.0116303512848792
0.19281045751634 0.254901960784314 0.0126937366815701
0.244117647058824 0.3 0.0132921027687433
0.215686274509804 0.303921568627451 0.0132341665511009
0.195121951219512 0.254355400696864 0.0110180202297064
0.24406779661017 0.284745762711864 0.011689856168562
0.21602787456446 0.257839721254355 0.0120031795514553
0.241486068111455 0.30030959752322 0.0124851206247275
0.20703125 0.2421875 0.0138007594203333
0.214285714285714 0.251700680272109 0.00969112771021608
0.268608414239482 0.29126213592233 0.0158858273211788
0.217391304347826 0.257763975155279 0.00817240668260417
0.222222222222222 0.26797385620915 0.0116170529049167
0.217081850533808 0.245551601423488 0.0105069215870663
0.225913621262458 0.259136212624585 0.0112791900974022
0.208191126279863 0.249146757679181 0.0170752068070874
0.217241379310345 0.244827586206897 0.0130780109189847
0.199300699300699 0.188811188811189 0.00781860316916622
0.178030303030303 0.227272727272727 0.0110604509842182
0.229965156794425 0.278745644599303 0.0111781538327012
0.191558441558442 0.237012987012987 0.00752490283446764
0.187739463601533 0.245210727969349 0.0126197642212439
0.212218649517685 0.2508038585209 0.0103980738944975
0.231481481481481 0.305555555555556 0.0111086035905389
0.220338983050847 0.271186440677966 0.0119657775005336
0.239864864864865 0.27027027027027 0.0117143747305672
0.22463768115942 0.253623188405797 0.0114854687492731
0.232394366197183 0.253521126760563 0.00993137373355107
0.218430034129693 0.238907849829352 0.0102890033309141
0.223300970873786 0.255663430420712 0.0090668696791274
0.246006389776358 0.284345047923323 0.0107998493035902
0.217532467532468 0.272727272727273 0.0128143988568942
0.218354430379747 0.243670886075949 0.010789589120843
0.203508771929825 0.217543859649123 0.0110034799066146
0.235087719298246 0.301754385964912 0.0157534077596671
0.276595744680851 0.316109422492401 0.0139182425852891
0.255172413793103 0.251724137931034 0.0101924674082612
0.211267605633803 0.23943661971831 0.00882591316855769
0.225352112676056 0.28169014084507 0.01453706904525
0.204620462046205 0.231023102310231 0.00908945038666699
0.217712177121771 0.280442804428044 0.0118624033730147
0.23728813559322 0.271186440677966 0.0131197864594687
0.235074626865672 0.238805970149254 0.0111774017027795
0.247386759581882 0.289198606271777 0.0121157406454556
0.225 0.242857142857143 0.0102156065007229
0.232258064516129 0.280645161290323 0.01248822666266
0.244582043343653 0.272445820433437 0.0104479181420321
0.251552795031056 0.282608695652174 0.0104919563007626
0.240131578947368 0.282894736842105 0.0123881166326473
0.203448275862069 0.248275862068966 0.0109232919586835
0.22972972972973 0.256756756756757 0.00999108425190852
0.269360269360269 0.303030303030303 0.015821751721799
0.25077399380805 0.303405572755418 0.0117035330108833
0.271844660194175 0.29126213592233 0.012583191392798
0.209219858156028 0.24113475177305 0.0130778679861344
0.195439739413681 0.257328990228013 0.00813442612803259
0.223241590214067 0.27217125382263 0.0115278461580629
0.248447204968944 0.27639751552795 0.0129208112483956
0.227414330218069 0.292834890965732 0.0119017853843878
0.218855218855219 0.269360269360269 0.0101497723360331
0.169117647058824 0.209558823529412 0.00832894158642066
0.262987012987013 0.311688311688312 0.0127773830032776
0.201438848920863 0.251798561151079 0.0116188002729042
0.201277955271566 0.252396166134185 0.00967830573387508
0.217391304347826 0.304347826086957 0.0129922604439912
0.194244604316547 0.241007194244604 0.0124384812363234
0.252788104089219 0.282527881040892 0.0158929963899859
0.255813953488372 0.299003322259136 0.0139017216499238
0.218543046357616 0.23841059602649 0.0105295002175705
0.211072664359862 0.273356401384083 0.0122660048705466
0.219512195121951 0.282229965156794 0.012679650788882
0.225913621262458 0.262458471760797 0.011957143954186
0.176470588235294 0.212418300653595 0.00985242496416976
0.224299065420561 0.236760124610592 0.0100051599316443
0.176056338028169 0.23943661971831 0.00967372885905949
0.209090909090909 0.257575757575758 0.0109842368086676
0.241721854304636 0.274834437086093 0.0122362771103766
0.235087719298246 0.252631578947368 0.0159895571796515
0.262658227848101 0.275316455696203 0.0125539110468808
0.223728813559322 0.277966101694915 0.0124591813952285
0.164429530201342 0.211409395973154 0.00780596205564379
0.185314685314685 0.202797202797203 0.0101040321693012
0.219512195121951 0.282229965156794 0.0119735788919677
0.234234234234234 0.282282282282282 0.00859854403411424
0.215753424657534 0.277397260273973 0.0144865119236617
0.230508474576271 0.288135593220339 0.0128336664059237
0.205479452054795 0.246575342465753 0.0145324650024777
0.215017064846416 0.255972696245734 0.0108966879375206
0.161172161172161 0.230769230769231 0.00883765096996935
0.191919191919192 0.228956228956229 0.00902073840874211
0.24203821656051 0.286624203821656 0.0127222462655847
0.16728624535316 0.182156133828996 0.00736076174296122
0.2398753894081 0.271028037383178 0.0113156901853784
0.222602739726027 0.256849315068493 0.0116717314221404
0.205211726384365 0.241042345276873 0.00876014544961167
0.19205298013245 0.241721854304636 0.00724611248711414
0.193308550185874 0.237918215613383 0.0166726359008997
0.213114754098361 0.245901639344262 0.00892120000782821
0.224358974358974 0.233974358974359 0.0110012414868591
0.168421052631579 0.214035087719298 0.00927832728561298
0.194945848375451 0.245487364620939 0.0100944540006091
0.252427184466019 0.26537216828479 0.0120445448867689
0.197324414715719 0.254180602006689 0.0119241385094015
0.214046822742475 0.280936454849498 0.0119877050716126
0.213058419243986 0.264604810996564 0.0106210482536051
0.204697986577181 0.25503355704698 0.0104731667173702
0.210526315789474 0.218045112781955 0.0100214632396445
0.263665594855305 0.29903536977492 0.0130892696459944
0.210191082802548 0.280254777070064 0.0119977540990513
0.232394366197183 0.264084507042254 0.0117766940568113
0.211072664359862 0.249134948096886 0.0108245961577361
0.202127659574468 0.234042553191489 0.0119711314200201
0.188811188811189 0.230769230769231 0.0129381022964234
0.224080267558528 0.297658862876254 0.0153207902334319
0.190635451505017 0.247491638795987 0.0115449275125329
0.218637992831541 0.254480286738351 0.0137815859686869
0.200757575757576 0.21969696969697 0.00879280259898815
0.157342657342657 0.202797202797203 0.00991669469526652
0.23574144486692 0.254752851711027 0.0104719319848914
0.200692041522491 0.256055363321799 0.0127600237167525
0.187919463087248 0.25503355704698 0.0110540039559345
0.239285714285714 0.275 0.013869661323714
0.212903225806452 0.283870967741935 0.0134524494365765
0.240143369175627 0.275985663082437 0.0100344760947942
0.211180124223602 0.257763975155279 0.0105461965419505
0.284722222222222 0.3125 0.0150404514757929
0.210909090909091 0.250909090909091 0.0122234037477628
0.202614379084967 0.251633986928105 0.0117447844378074
0.213114754098361 0.236065573770492 0.0112509467472053
0.206779661016949 0.267796610169492 0.00888816478477765
0.206642066420664 0.243542435424354 0.0128231428438612
0.182724252491694 0.225913621262458 0.00739725445325755
0.221875 0.26875 0.00998502799406314
0.215827338129496 0.255395683453237 0.0110717874936791
0.218543046357616 0.245033112582781 0.0120625902040916
0.215547703180212 0.254416961130742 0.0101333245664648
0.191126279863481 0.262798634812287 0.00975952162571586
0.20820189274448 0.249211356466877 0.0111670621110034
0.197916666666667 0.246527777777778 0.0131602781312672
0.19375 0.253125 0.0110471379512838
0.189473684210526 0.224561403508772 0.0111746797593143
0.236486486486486 0.273648648648649 0.00964759280468523
0.244444444444444 0.266666666666667 0.0118291269203556
0.219047619047619 0.250793650793651 0.0100439379293108
0.194805194805195 0.243506493506494 0.00932773500000631
0.179577464788732 0.211267605633803 0.014783195769213
0.228187919463087 0.268456375838926 0.00914171025133109
0.258675078864353 0.309148264984227 0.0138500195934602
0.215547703180212 0.236749116607774 0.00949711618447631
0.214046822742475 0.244147157190635 0.00969483738857284
0.22508038585209 0.29903536977492 0.0141920435905239
0.17 0.213333333333333 0.00872429557117956
0.241486068111455 0.26625386996904 0.0104331126969113
0.16551724137931 0.227586206896552 0.00711977143070098
0.265454545454545 0.265454545454545 0.0152026795426801
0.242753623188406 0.27536231884058 0.0141757481012786
0.267605633802817 0.27112676056338 0.0103718640767599
0.202572347266881 0.260450160771704 0.0104068344877764
0.258389261744966 0.268456375838926 0.00801201365335188
0.243506493506494 0.275974025974026 0.0117940794884167
0.272413793103448 0.3 0.0108251517948577
0.246478873239437 0.28169014084507 0.0115631151717557
0.281879194630872 0.302013422818792 0.0118386849244312
0.2 0.227118644067797 0.0109369175430809
0.220735785953177 0.22742474916388 0.00965941153928086
0.237458193979933 0.274247491638796 0.0130217288282736
0.197324414715719 0.264214046822742 0.011766069138021
0.209923664122137 0.274809160305344 0.0144425141217441
0.221453287197232 0.27681660899654 0.0145647167118865
0.234726688102894 0.279742765273312 0.0123066591785491
0.179661016949153 0.240677966101695 0.0126323416101612
0.232919254658385 0.260869565217391 0.00864066584275387
0.206225680933852 0.252918287937743 0.0141674692602518
0.206293706293706 0.255244755244755 0.0102693652146297
0.226148409893993 0.236749116607774 0.010927374144893
0.217081850533808 0.281138790035587 0.0106187304507802
0.201465201465201 0.227106227106227 0.00838216332370802
0.217665615141956 0.261829652996845 0.0101794739851589
0.269938650306748 0.279141104294479 0.011362822211857
0.228956228956229 0.242424242424242 0.0123429143123579
0.220858895705521 0.257668711656442 0.0127111673066088
0.265060240963855 0.283132530120482 0.012527347417724
0.254966887417219 0.298013245033113 0.0138266701067542
0.227891156462585 0.251700680272109 0.0108429528692407
0.248322147651007 0.318791946308725 0.0130246830918098
0.186206896551724 0.241379310344828 0.0103175235851855
0.216606498194946 0.288808664259928 0.012908235084499
0.2 0.285714285714286 0.0129906184064934
0.246105919003115 0.277258566978193 0.011872033409662
0.205882352941176 0.238562091503268 0.00918189894688924
0.208754208754209 0.255892255892256 0.0120727707854405
0.230529595015576 0.283489096573209 0.0104485926728987
0.237179487179487 0.272435897435897 0.0114340972781559
0.200716845878136 0.232974910394265 0.00987872772746267
0.256965944272446 0.287925696594427 0.0117066162037555
0.209302325581395 0.26578073089701 0.0108336463551281
0.223188405797101 0.281159420289855 0.0120789601339306
0.173913043478261 0.25752508361204 0.00956332358537939
0.253968253968254 0.301587301587302 0.0131882172332001
0.208053691275168 0.258389261744966 0.0102847176786247
0.201438848920863 0.255395683453237 0.0167780750994525
0.214532871972318 0.242214532871972 0.00881202657591691
0.214532871972318 0.231833910034602 0.0103962337625344
0.201388888888889 0.256944444444444 0.0097241477193772
0.188925081433225 0.250814332247557 0.0108374175963382
0.208029197080292 0.266423357664234 0.0138255674407265
0.169381107491857 0.247557003257329 0.0108272107443728
0.206642066420664 0.265682656826568 0.0117951465301369
0.227810650887574 0.263313609467456 0.00928187790843541
0.245098039215686 0.258169934640523 0.0133568917849284
0.207547169811321 0.264150943396226 0.0109865979363457
0.225308641975309 0.287037037037037 0.01052816868011
0.181481481481481 0.251851851851852 0.0138281703509962
0.226666666666667 0.276666666666667 0.0119141470477291
0.180685358255452 0.242990654205607 0.0100326142734183
0.229681978798587 0.243816254416961 0.0129019343998094
0.20817843866171 0.29368029739777 0.0118232219912393
0.194444444444444 0.211805555555556 0.0117696728448581
0.23469387755102 0.251700680272109 0.0102140271417982
0.277439024390244 0.298780487804878 0.0109834476962757
0.214521452145215 0.270627062706271 0.0126253919728596
0.215946843853821 0.225913621262458 0.0092689493363055
0.202702702702703 0.243243243243243 0.0110971537209909
0.234375 0.303125 0.0110538597996225
0.223728813559322 0.294915254237288 0.011380031806439
0.235294117647059 0.275541795665635 0.0120870748788004
0.201954397394137 0.234527687296417 0.0082297184583229
0.237458193979933 0.274247491638796 0.0111264489425471
0.266881028938907 0.286173633440514 0.0120710103366758
0.212328767123288 0.232876712328767 0.00888731486271578
0.219424460431655 0.266187050359712 0.0131899181428432
0.272727272727273 0.298701298701299 0.0106256614400466
0.216828478964401 0.275080906148867 0.0113916777245597
0.223684210526316 0.282894736842105 0.0128703176759143
0.197080291970803 0.233576642335766 0.0100528213025297
0.261980830670927 0.297124600638978 0.0115314952442105
0.233576642335766 0.27007299270073 0.0112189977840358
0.222910216718266 0.25077399380805 0.00899696161057017
0.186885245901639 0.236065573770492 0.0117981582977029
0.210909090909091 0.24 0.0100666691534507
0.197278911564626 0.210884353741497 0.0105312616170233
0.188811188811189 0.206293706293706 0.00820335217378782
0.224489795918367 0.26530612244898 0.011653261790717
0.228187919463087 0.285234899328859 0.0121038588833929
0.231292517006803 0.22108843537415 0.00769568694693653
0.258258258258258 0.333333333333333 0.0121175773655608
0.223048327137546 0.267657992565056 0.0137820033712731
0.193661971830986 0.22887323943662 0.0125806928102479
0.252336448598131 0.264797507788162 0.0113029924614631
0.206896551724138 0.279310344827586 0.0127789183833564
0.150579150579151 0.193050193050193 0.0101867479564812
0.170648464163823 0.249146757679181 0.0099892305325944
0.20679012345679 0.243827160493827 0.0132897127045017
0.208333333333333 0.253205128205128 0.0104417546370467
0.16796875 0.21484375 0.00751393732178586
0.186567164179104 0.238805970149254 0.0136116730610774
0.255451713395639 0.236760124610592 0.00706103918092548
0.275862068965517 0.293103448275862 0.0128618876870953
0.231746031746032 0.279365079365079 0.012199666578536
0.198473282442748 0.217557251908397 0.0123590147733294
0.201986754966887 0.241721854304636 0.0116089822687296
0.239864864864865 0.293918918918919 0.0154848842961894
0.253164556962025 0.259493670886076 0.00942846368849611
0.233552631578947 0.269736842105263 0.0100096038162894
0.231511254019293 0.270096463022508 0.0115932715280945
0.203125 0.221875 0.0102128302833429
0.195035460992908 0.25531914893617 0.0172335655861698
0.143396226415094 0.218867924528302 0.00778247140739936
0.233009708737864 0.271844660194175 0.00992515738377977
0.222222222222222 0.276094276094276 0.0131660837594023
0.267123287671233 0.315068493150685 0.015217973508857
0.218120805369128 0.281879194630872 0.0110360714569876
0.213815789473684 0.233552631578947 0.00989739147747536
0.216949152542373 0.28135593220339 0.0110006199903448
0.229773462783172 0.294498381877023 0.014468002806663
0.200704225352113 0.26056338028169 0.0118349628846264
0.198529411764706 0.220588235294118 0.0109596074226595
0.215827338129496 0.237410071942446 0.0115978103927058
0.195488721804511 0.25187969924812 0.00953747368636576
0.23780487804878 0.253048780487805 0.00884930814370764
0.205607476635514 0.264797507788162 0.0115587262877289
0.207612456747405 0.252595155709343 0.0117082342624384
0.242622950819672 0.295081967213115 0.0100829044980748
0.229032258064516 0.267741935483871 0.0107004377618276
0.230769230769231 0.287625418060201 0.0141286570114612
0.231833910034602 0.235294117647059 0.00975018520542296
0.253289473684211 0.289473684210526 0.0123850394953709
0.205882352941176 0.238970588235294 0.0122479731337794
0.169550173010381 0.238754325259516 0.00816667097321222
0.224561403508772 0.224561403508772 0.0096365369323289
0.262295081967213 0.304918032786885 0.0160122301510046
0.167832167832168 0.248251748251748 0.0104645030297169
0.202334630350195 0.237354085603113 0.00993543054421907
0.240143369175627 0.25089605734767 0.0134033473284286
0.244514106583072 0.29153605015674 0.0126510870066874
0.213375796178344 0.251592356687898 0.00797302510777797
0.189003436426117 0.219931271477663 0.00855671137473417
0.237341772151899 0.291139240506329 0.0111643911003945
0.167883211678832 0.186131386861314 0.00916838329681631
0.185810810810811 0.222972972972973 0.00947470513870797
0.236301369863014 0.25 0.0101165271403424
0.207407407407407 0.240740740740741 0.0112083026848341
0.194444444444444 0.232638888888889 0.0100496338031197
0.276190476190476 0.323809523809524 0.0151180934076771
0.231231231231231 0.273273273273273 0.00884750276824169
0.235915492957746 0.285211267605634 0.0128560364116806
0.184668989547038 0.264808362369338 0.0128078576153751
0.210144927536232 0.231884057971014 0.00883840755015354
0.231316725978648 0.245551601423488 0.0110886702952797
0.219745222929936 0.28343949044586 0.0127931426774733
0.211072664359862 0.217993079584775 0.0104029183688524
0.218120805369128 0.241610738255034 0.00922002429299606
0.197916666666667 0.256944444444444 0.0115982371904181
0.208211143695015 0.263929618768328 0.0103223315447957
0.192028985507246 0.239130434782609 0.0107366257440417
0.226744186046512 0.287790697674419 0.0101259203157316
0.195729537366548 0.234875444839858 0.0092804643509554
0.202898550724638 0.213768115942029 0.0111210644892904
0.203389830508475 0.220338983050847 0.00928830563723568
0.209726443768997 0.264437689969605 0.0102506079540547
0.219672131147541 0.242622950819672 0.013787682875761
0.22027972027972 0.265734265734266 0.0127038047402624
0.200680272108844 0.248299319727891 0.0113312935613505
0.271565495207668 0.29073482428115 0.0110234231309589
0.19622641509434 0.237735849056604 0.0106397733994081
0.208955223880597 0.242537313432836 0.0126119584051859
0.210144927536232 0.271739130434783 0.0128092199741328
0.242236024844721 0.263975155279503 0.0119024131609646
0.235483870967742 0.254838709677419 0.00745712601665253
0.198019801980198 0.264026402640264 0.0111718097807474
0.206779661016949 0.288135593220339 0.00911907024101067
0.205128205128205 0.249084249084249 0.0121844644836265
0.211895910780669 0.256505576208178 0.0122608189187042
0.258928571428571 0.261904761904762 0.00967291123135607
0.191666666666667 0.216666666666667 0.0109109689431857
0.26510067114094 0.268456375838926 0.0121207373813356
0.221153846153846 0.256410256410256 0.00907019666768376
0.183673469387755 0.23469387755102 0.00964372071420199
0.223300970873786 0.275080906148867 0.0121217306807058
0.226765799256506 0.260223048327138 0.0138519274433612
0.208754208754209 0.202020202020202 0.00689932110436287
0.230519480519481 0.275974025974026 0.0106977540050962
0.201465201465201 0.245421245421245 0.0119362496091303
0.222929936305732 0.254777070063694 0.0115349531901818
0.208333333333333 0.269230769230769 0.0100995886395864
0.162162162162162 0.204633204633205 0.00700167387370286
0.236923076923077 0.283076923076923 0.0100287728759122
0.240549828178694 0.292096219931271 0.0141399758651821
0.238970588235294 0.25 0.0118231314834476
0.244776119402985 0.280597014925373 0.0120585419522131
0.197879858657244 0.219081272084806 0.0133967395662569
0.222950819672131 0.245901639344262 0.00966758676045994
0.190311418685121 0.231833910034602 0.00873792941746427
0.217522658610272 0.268882175226586 0.0110549014627459
0.229032258064516 0.258064516129032 0.0104503605008537
0.246835443037975 0.256329113924051 0.00742066669002613
0.265895953757225 0.277456647398844 0.00956338502044607
0.24390243902439 0.275261324041812 0.0111623595483443
0.21580547112462 0.279635258358663 0.0106183680025253
0.206666666666667 0.256666666666667 0.0105309297981157
0.204946996466431 0.236749116607774 0.0105951531632218
0.230769230769231 0.240384615384615 0.011598892224334
0.216911764705882 0.224264705882353 0.0121786091116144
0.234177215189873 0.300632911392405 0.0117875273506715
0.236065573770492 0.255737704918033 0.00896578672374298
0.200692041522491 0.228373702422145 0.011389823331465
0.180645161290323 0.229032258064516 0.00905305896269593
0.246835443037975 0.300632911392405 0.011689322133288
0.219858156028369 0.25531914893617 0.00837544369411839
0.220640569395018 0.256227758007117 0.0131087000242217
0.211469534050179 0.25089605734767 0.0105066828660205
0.247457627118644 0.247457627118644 0.0100351123636065
0.229813664596273 0.301242236024845 0.0145262856103969
0.203076923076923 0.233846153846154 0.0099324659608571
0.230769230769231 0.297658862876254 0.014718015723748
0.225165562913907 0.28476821192053 0.012159810951594
0.189090909090909 0.229090909090909 0.00753591014408649
0.186046511627907 0.229235880398671 0.00903094738506966
0.251633986928105 0.277777777777778 0.0143427890817009
0.199312714776632 0.230240549828179 0.0106559070681589
0.25705329153605 0.310344827586207 0.0123733784305023
0.215488215488215 0.259259259259259 0.0122362582487744
0.208191126279863 0.242320819112628 0.0130117379349891
0.254355400696864 0.268292682926829 0.012458794204262
0.213058419243986 0.29553264604811 0.0132747210289714
0.139705882352941 0.202205882352941 0.00964653207258391
0.226708074534162 0.267080745341615 0.0100183286205393
0.235690235690236 0.245791245791246 0.0101672674177475
0.196428571428571 0.235714285714286 0.00923491651313657
0.224561403508772 0.27719298245614 0.0110288235173795
0.224561403508772 0.27719298245614 0.0110288235173795
