0.12924488513521
0.178687223824578
0.186502913334328
0.177214256706276
0.131171166621132
0.192942846117128
0.166306977399567
0.200929839831382
0.138385263581416
0.124848263037816
0.271164128701105
0.153982295969616
0.141078522794293
0.107905705518471
0.113087407395671
0.15488787784167
0.161708997193249
0.0897888862416371
0.139642759445238
0.144881601198005
0.140992621272271
0.18787270345237
0.114380456871839
0.0830202260677339
0.093492892177333
0.142102487002941
0.154246946805721
0.103696292413157
0.178738838774813
0.213564322240146
0.108155455578667
0.175658916374583
0.164398310219581
0.105367964906936
0.101877060891855
0.205837261730332
0.148917199863624
0.103191441105708
0.0954102020789355
0.148772652327102
0.136771245221451
0.0558296785640869
0.122463366145749
0.196342666926226
0.122269615250842
0.135681004262575
0.129196370721489
0.153223784895431
0.190139657583395
0.155813024246049
0.112205547153678
0.151026250157229
0.123560938373765
0.112598367102407
0.197993910295037
0.0987320881009223
0.212490768613628
0.110242452276216
0.162299534915659
0.151453680966556
0.125932888054425
0.190502567995298
0.19648798908649
0.198284279383032
0.143491260916391
0.176567564703055
0.189246841422847
0.125108283891463
0.171758125159944
0.201304711971626
0.0741818251375287
0.132162250473555
0.126588941642411
0.139295692487513
0.121465892872703
0.117352358291168
0.135013493630671
0.0906066976373517
0.190599918799368
0.194188842500813
0.152758992319581
0.130956435111641
0.165829734010867
0.132892117378492
0.192507106479421
0.128386994988221
0.179306913419031
0.121822562620232
0.178845998098453
0.186651284607397
0.148765920845956
0.0847000774467661
0.108239524296664
0.124854857092826
0.150322805239743
0.212602932561742
0.160395591827849
0.232333381920639
0.125017173375504
0.144822224672022
0.101851362272682
0.163376884746696
0.10908114570296
0.147275918560583
0.127285282182203
0.143760724953801
0.189631010302756
0.127101602645727
0.144368720204417
0.132712571217409
0.129511927498114
0.148290230019661
0.168009030482064
0.120406874518218
0.18746538687596
0.145134309474212
0.0830634173829424
0.104717258052426
0.155295557582078
0.184353519024664
0.12857977563149
0.0868095629046582
0.176904443520724
0.201503840056703
0.167620599539333
0.1090288183609
0.160329813192499
0.172343160066778
0.188584304040911
0.132068731534625
0.143662995220625
0.118309350747103
0.160936734586729
0.138451740851193
0.200702650185779
0.143954987724178
0.158374640194792
0.127141094752506
0.16882661494992
0.138327115686798
0.161978478714204
0.0922514377172974
0.211863392357142
0.156921148821626
0.127690334066649
0.140503295779065
0.201941803746995
0.150230222846127
0.132309228674718
0.144882788488664
0.109822803773338
0.159465942347614
0.239292392221695
0.254906862944693
0.216867217886861
0.179736984844835
0.131125493950858
0.216369155588228
0.226862509584571
0.126433127405939
0.13954759365523
0.176069245540369
0.119633792307587
0.138362994933947
0.107520831617669
0.12998389099223
0.13122398917449
0.0316884938250334
0.121090774392771
0.162424806906767
0.121390405623288
0.214621671345927
0.214787856013738
0.157624243111467
0.139001471547787
0.174057778248723
0.129445900144519
0.188875463645504
0.121654190278625
0.197248920197241
0.146880117098558
0.179263872982322
0.0997813184222903
0.161968054048758
0.130067562572731
0.140744602716502
0.17335753221418
0.145607040791289
0.206353383972155
0.186058532921017
0.0984748869225139
0.109638170225845
0.101808448453671
0.102237237300423
0.12510770213258
0.0862142655968908
0.149633417878683
0.097221346634376
0.0882941459471943
0.106882188460343
0.101066292857458
0.114699505969895
0.134853601251531
0.174948135282071
0.229105718616851
0.122653740824002
0.11310537904486
0.160420508137789
0.179771787544731
0.118772846570556
0.127755580520359
0.22216578419562
0.119355114533526
0.10277155485194
0.165082837611617
0.151918858024608
0.113843187349762
0.122472159369814
0.155463955124395
0.174580809956022
0.174047498980628
0.185053141476729
0.299939121124456
0.176097613116094
0.122999826845845
0.129707874609654
0.121838215941433
0.218238654207468
0.176918139770886
0.179985635399593
0.1140171127563
0.179233612256676
0.154405219839902
0.142380548972452
0.138932484517626
0.153345250950504
0.220221083742974
0.168179564750203
0.096698386226632
0.103374723324883
0.114361312019486
0.151576995059006
0.122026605571153
0.248783839199211
0.209571004442077
0.0862355469426465
0.158198323906864
0.189877422859749
0.228630158263961
0.128209847370028
0.111115168894423
0.214710201840501
0.179387704491278
0.133147934885417
0.105994717006332
0.168771518775069
0.123084989871202
0.152756275298745
0.189877295212433
0.242687251480972
0.119170627906944
0.0752474589697347
0.103621903316728
0.131934819535947
0.140287823488656
0.0961137706291462
0.0408802685786308
0.116744025296221
0.227679617066445
0.15766654740668
0.0889572631880561
0.131978459131172
0.128460800910122
0.0987119283697833
0.108812450602653
0.174189480570455
0.166339125038514
0.16401447763895
0.101685203078378
0.199997310771907
0.0933855698830106
0.115798530550062
0.131592944069465
0.118625439770609
0.185311434683191
0.0773000627576881
0.0929766281031644
0.136319404494829
0.197954451402336
0.129977523297145
0.169971534983075
0.230787703808121
0.153018256493428
0.130016432510611
0.159880938024925
0.206319528200716
0.0757846041636005
0.127619673772866
0.148255538792945
0.140526508729081
0.17631910392316
0.135905617707013
0.170391797231024
0.251681109014497
0.115994314362847
0.125459292076025
0.0743363666340484
0.199799608176134
0.153147131136152
0.151586211387042
0.204795119480377
0.108966986891678
0.156526360019498
0.130776287272934
0.25052847521159
0.1539081898804
0.158790014730351
0.179486887707553
0.165380692643585
0.073161905759175
0.13698124719062
0.120514414006073
0.130005461150787
0.0808743438686571
0.0852561170469967
0.199129181841925
0.0800086707276395
0.158909119740343
0.106171959794984
0.121805924757376
0.0892563318723503
0.10254218198441
0.158778513096248
0.260755873577718
0.214068196887517
0.074217907430767
0.0834769474424899
0.137364089199354
0.132533150576559
0.169819123890195
0.270850454019572
0.21734605311884
0.130795895976435
0.084132253352205
0.15958328736453
0.145260536276401
0.191261884637585
0.301255670226323
0.154512300053019
0.18570141232781
0.166694680336933
0.125585367987372
0.245697349833148
0.201116855276279
0.0933514433247313
0.132575570380297
0.159262223569054
0.0921029453127227
0.100233953177109
0.149810754534509
0.168338002839541
0.103603630154
0.142177922078526
0.20904645716352
0.107605505319966
0.206901290801914
0.153779859360514
0.114855619189253
0.169143618195722
0.168810383747648
0.194405986981284
0.179261950128907
0.132117378758583
0.111568604340096
0.103729677539351
0.145822348566437
0.112061847680598
0.116249957959205
0.111108558143382
0.18170530624566
0.173687956832531
0.0977862576682282
0.152022743885315
0.177875501284977
0.252769529193103
0.144264916533903
0.150376844988399
0.156724220437509
0.158085185004957
0.108846107662898
0.186570459526182
0.0711861937552005
0.10010087679036
0.147307127741009
0.204475699946402
0.124946651743449
0.193248296074209
0.0714795073000911
0.170400446878477
0.18779789817011
0.187646657505629
0.208263399512774
0.0764668195660405
0.219098227308093
0.203809744002799
0.231550025927041
0.146291054221415
0.159943874152397
0.100224468032973
0.163826734932823
0.117830409280384
0.132833429759758
0.15900364775841
0.0861141891853037
0.124612978175303
0.149948492024764
0.086395281114732
0.147806193602303
0.123834034105522
0.246625592710197
0.167766643651731
0.280745165047958
0.149235410339839
0.0739474612742447
0.266703186044689
0.23420204680875
0.160238286405954
0.206979268479133
0.254821722482795
0.135270331009846
0.149469651070665
0.135010282436018
0.113519182801454
0.149230189079423
0.0966707788484236
0.143126070782613
0.167816294455723
0.137640257128732
0.0602752223125193
0.190579116244462
0.0847848852543155
0.10895162422508
0.137928428638607
0.163124159256408
0.211513101791493
0.123428461664657
0.109794631084283
0.162163888580021
0.206718137082982
0.155763210550403
0.102308284277936
0.149302938650846
0.105541291401923
0.142626410319106
0.15816471423962
0.202051412103244
0.104507646495197
0.144135632018491
0.119588342066921
0.159697327193396
0.0837841374960135
0.251987149850775
0.175601459994208
0.178607536708361
0.146057639009632
0.249034587920853
0.163039379948188
0.18656026049645
0.172484696254496
0.111020865525408
0.18025784155078
0.078750709078085
0.138122387160115
0.10242132104286
0.160081088511719
0.188656763677918
0.123349247192122
0.104590500164741
0.172706519123483
0.171900331748483
0.100653481093223
0.0891249768861658
0.15717571930403
0.151987946379011
0.14384821280464
0.154692435345731
0.180944761331422
0.0930376469498902
0.067632582268733
0.111579805721244
0.131068456676904
0.142400453272653
0.0553232968077188
0.154605085908339
0.19524317211361
0.211641522545814
0.197882947779232
0.0780368121571624
0.0870019083011222
0.0870907428601661
0.137054786249977
0.118896500338331
0.17863170295798
0.198135777018794
0.144342013186094
0.137227942803171
0.205879824862947
0.135044389199061
0.165822443859289
0.235059235793103
0.259569255766077
0.0999827381534373
0.158048258935374
0.125858905856444
0.145980268822078
0.112863218110203
0.0644479224210315
0.186267825939244
0.0580852134134692
0.0755026929103712
0.167924870846879
0.11081976532908
0.108960965888178
0.18499872044266
0.123674588040776
0.161642726571292
0.213330477434653
0.191930127720378
0.104914958999615
0.133611530341732
0.205566337716039
0.118651915846018
0.0990808878145904
0.116991923250393
0.172843103085477
0.183669656318549
0.10705091187731
0.181080527357708
0.140334853416978
0.219107345123917
0.108529856424554
0.22868786337111
0.14299410029013
0.150990750333857
0.134480404478135
0.193568813956063
0.105615878908223
0.159678402688231
0.179251642151562
0.20232293952088
0.136222081563859
0.163350099101353
0.166923634107255
0.0744213372318481
0.178198079731747
0.147853023857246
0.26039337998207
0.194224397053173
0.145189825662691
0.178064411352183
0.0872175586145305
0.0629359017176521
0.157723750901934
0.169759259267054
0.25776517869983
0.102128934195035
0.167690910386715
0.116997824912573
0.227032274489992
0.186611402809309
0.123861556820636
0.139713032220707
0.138139063556646
0.203627180266808
0.178445298772803
0.19656813140258
0.211193551957478
0.0763857974848588
0.165337181374045
0.138251121636653
0.101392819052337
0.145829349158146
0.117447375950049
0.142423945405637
0.103960055307984
0.0646162931855744
0.0855431765550073
0.156582987220735
0.185940253958011
0.186711458346233
0.143918069780986
0.309578443602067
0.173326653841989
0.181783753623669
0.170544863634979
0.132685732647495
0.176661621379995
0.0989492980272289
0.120087114177497
0.236653591602335
0.123817922944268
0.143412983156694
0.151226269038664
0.225690590498369
0.194165387751191
0.161060890438381
0.121773915592492
0.09069595990294
0.055013108176327
0.179890704895277
0.121809935612434
0.185810790403879
0.180241280157247
0.153515548490415
0.154469620069186
0.154265502785638
0.163470094807255
0.0776862336726609
0.20534579506322
0.125352852786632
0.0947838975900008
0.121401197285188
0.157066360161611
0.104249170323931
0.139754161573847
0.116179896263372
0.114708786273184
0.132576061533377
0.150531137377017
0.0917340302995442
0.129493030314018
0.154687060857367
0.14577266170132
0.169242596143027
0.130455714953321
0.178973760812531
0.161337749109188
0.198365074963316
0.137318461799943
0.133774848147818
0.131001557640842
0.157357869064663
0.257273115051232
0.155922191872741
0.120752616878734
0.205083704307791
0.171158408263818
0.147648301931919
0.190946250227638
0.129163081298825
0.140454980573986
0.128874166375539
0.076998526472764
0.197584201855809
0.106877041513259
0.121126615782934
0.0968422675054358
0.124756098159089
0.189449857300906
0.0805658862208275
0.127128831136141
0.0954206940457959
0.125734157533891
0.171595372087373
0.133613744468641
0.188407466291299
0.238612852702342
0.114887528998472
0.162898355891775
0.160436237981399
0.204912622792819
0.163392641362751
0.176586376320857
0.127693016571857
0.131808981150789
0.158714944988161
0.217824876911872
0.167057935300035
0.157522949396823
0.0966833320542375
0.19047813818487
0.0854751881479558
0.111385032782927
0.119725184596964
0.113999818584394
0.190605858075902
0.103020768207449
0.128735462611494
0.0946692139291983
0.216664170618032
0.148290843245286
0.131360450854737
0.139539922558073
0.272670319238332
0.154218771731401
0.0572075599055898
0.0986176946042951
0.23934862741873
0.128684443015467
0.106316397487923
0.167031597430617
0.190501228166243
0.126445022014431
0.164537810362226
0.0922352160838397
0.172115971605147
0.163932995382166
0.155788724058236
0.0965142789048827
0.109462826170042
0.0816268220109272
0.204644068049847
0.102475234223655
0.24000979374725
0.231431854382715
0.119456399348337
0.130725156993577
0.210666400865248
0.149260841942072
0.080644048605449
0.194660486014436
0.204813155192464
0.123206090921192
0.126650089588147
0.0715447957150262
0.141309483081634
0.116234257618378
0.103462690979661
0.11603474281927
0.16180437503709
0.168398234870548
0.129855807130518
0.118238469951332
0.147571290685368
0.146588256304306
0.0884830453750623
0.124164247670708
0.171405514461675
0.17323946534931
0.181367104408285
0.169596963882644
0.128170940731536
0.14618336337546
0.146382218056425
0.194970891126516
0.106812455546666
0.132152950144282
0.10837760933467
0.224947959803431
0.110945655160979
0.162027472245408
0.136329807279291
0.162196230228297
0.113358543395144
0.227106247508816
0.193486010428191
0.153084720760057
0.234166252107132
0.182035337932081
0.135709837758144
0.0937908695272772
0.113443457344329
0.246157406339557
0.13576739894024
0.116958496727339
0.125361403829406
0.123780998756001
0.0976620578660839
0.103793476573662
0.102353426628347
0.0931738343560957
0.115164892793583
0.207513141046988
0.131221568183094
0.0991389503079777
0.141861959004711
0.0968671972098116
0.113723118464248
0.187884150695068
0.256097260466223
0.0957896768688871
0.0789726812479754
0.122662435784763
0.0824596106252072
0.151496428400088
0.132324199026689
0.155747135917901
0.157587126024895
0.120154258508511
0.18550258463295
0.214460683467356
0.157796686451541
0.102887210621694
0.116104477040042
0.147758100431708
0.106789974269165
0.109292625850462
0.108283510139922
0.172514160021653
0.14861579201545
0.151227616744788
0.147868116399526
0.143769600325054
0.166551260945619
0.0747718944852684
0.155806014851377
0.116912920295787
0.244205259018406
0.174387880205739
0.187418666296375
0.156604977489337
0.179534747436241
0.157173806884891
0.101400308821113
0.0985638878931511
0.196786911281117
0.134282272134858
0.111768230662979
0.115766934675236
0.0974570717304743
0.174956053428031
0.144946803059508
0.165289985376232
0.157815514909203
0.102040905147236
0.193864026797126
0.138811266861798
0.111459254336476
0.138582697685446
0.127465866515391
0.132907140872091
0.100473298320288
0.109187317023231
0.110585162188966
0.150243966840111
0.105671135128111
0.107521614039707
0.137259023113927
0.0726531501617659
0.272228829696314
0.121957580514866
0.0994802361442131
0.161396207992407
0.127300643906365
0.13583827100516
0.158918319677439
0.19800101732509
0.153537523125572
0.0916485263978432
0.141701707724143
0.123315341375241
0.139050401379493
0.227937147567918
0.118842926108882
0.14459586728926
0.147409781027689
0.20252998812865
0.119584328590262
0.0867600462614001
0.146739578092542
0.0908954966380954
0.147686427856753
0.096435210049625
0.163662744684332
0.16132284326298
0.232467769792784
0.169862195562707
0.151958732391043
0.115139738587346
0.0577284085045672
0.164074532651924
0.106223767036507
0.249448672077168
0.133406584034937
0.135729458409951
0.166083202113391
0.14641662993887
0.103266192279865
0.185022243773318
0.220594161399658
0.164345649170555
0.127634816323298
0.151411786024168
0.223004451432627
0.150968350630456
0.156626420683994
0.14228526977277
0.162685453127889
0.0812441179421249
0.204327143298326
0.103765641031703
0.16757771460146
0.159979829019615
0.149811313108637
0.169781298646574
0.133942878326738
0.137827671039271
0.137192895619611
0.159204277890881
0.142972927412994
0.164084789724447
0.106560649722117
0.113185925388629
0.198033124428025
0.106354792437489
0.119152171414513
0.121734423904762
0.173435968704021
0.146948632915499
0.097399704142901
0.214702460102298
0.155494326515629
0.14380347311186
0.199107234871586
0.151044821753833
0.134233067157692
0.155802134396665
0.128362254650727
0.0294560287563306
0.175275918671653
0.135242426972871
0.182540741501841
0.2122156397953
0.0792041312105409
0.0703132676757035
0.128982723197103
0.130153707259268
0.147951616672733
0.109430035117443
0.104485267264371
0.073607157643098
0.110146134673794
0.118973457585358
0.107523320810604
0.142837770430238
0.10834670342836
0.0957001112477008
0.199463445269412
0.144074307843338
0.0825920129394824
0.140548209414345
0.143050571883862
0.0885851784709909
0.149455967111246
0.0979034800856406
0.152530559434433
0.114473848957973
0.224171347642484
0.114061065770535
0.115258177936246
0.120910842821462
0.196744497716252
0.0768251564479229
0.0826046416467109
0.149842075061874
0.163258486185471
0.108823440622122
0.128320589819393
0.140798402631758
0.199666926460431
0.14144436217664
0.127766789904861
0.0923719514810486
0.103014260404406
0.170934458957576
0.099183775613659
0.121461626851359
0.208645791238385
0.160347536215862
0.107126486220985
0.0888134235273816
0.204740443134599
0.13484884585216
0.177205583961289
0.160027139080465
0.173937177406801
0.147599324722264
0.195923984809845
0.144896396374481
0.128022685251725
0.169049745530278
0.217186566816357
0.109762820466719
0.138381959730255
0.127227383969975
0.174184071529203
0.158225959336076
0.0867472134614006
0.13848832475425
0.137033394453397
0.154905672651016
0.171314211217013
0.0668877151399633
0.0791627739933389
0.222374260146356
0.137999970570479
0.12776937690847
0.169294643014891
0.073969805938666
0.121196834594038
