NA
0.0525723013017075
0.666666666666667
1
0.118846054983833
0.103896209043578
0.171640144789721
0.0393049519112567
0.614342751934073
0.107676263160663
0.131005984969033
1
0.027415808517033
0
0.0268080035868917
0.0443413533829525
0.117978643010397
0.04051433615204
1
NA
1
0.0208221529119833
0.1002810163393
0.0102225090807888
0.75
0
0.0632298595210184
0.0482048947382335
0.09842590326544
0.0743086676313254
0.0206858266050477
0.0578382192646564
1
0.0481397878592441
0.5
NA
0.0206887603567663
0.154114206849671
0.233952660386022
0.192240263746592
0
NA
0.0439191884520654
0.0791353107163494
0.0390465364270376
NA
1
0.0361724848935241
NA
1
0.218682920051868
NA
0.0280777966527709
0.116627184493715
0.0279858368975985
NA
0.111657414254961
NA
NA
0.227768016006006
0.45352161085386
0.371827258035986
NA
NA
0.034187631641253
0.0321490386958238
0.0357967165627761
0.0577296524748681
NA
1
0.211499713737664
0.247806206746036
0.367507884585174
NA
NA
0.0383176173206423
0.0480176981317463
0.220386744133683
NA
0.161650512924419
NA
0.100870669531044
0.245717719671558
0.016243061431604
0.0666710024234042
NA
0
0.282783443249505
0.153047623141144
0.0407840724095219
0.5
NA
0.0873143434518444
0.195614844557218
NA
0.721415281960217
0.0440315915325055
NA
NA
NA
0.578465203294221
NA
0.022030580144865
0.0997916556508693
0.0421781917766607
0.302302796940696
1
0.714285714285714
0.499998983925463
0.666666666666667
1
0.0489606014212192
0.035943229968165
NA
NA
0.0516695620924219
1
1
0.0424395761251172
0.0524391840146422
0.14440104489217
NA
1
0.0634724995108095
0.666666666666667
0.333333333333333
0.0627521590803405
0.0280867457548499
0.199726373033864
0.034840283679537
0.0701399559970375
0.22110817372036
0.0708847397064784
0.0710724127189622
0.187273613033565
NA
0.361319295645718
1
NA
1
0.0387249098895456
0.313207679374226
0.040850846658257
0.5
NA
1
0.131364394906157
NA
0
0.138762291193619
0.0776226753553328
0.0660992100211592
NA
0.102049084014335
0.0246505654719299
0.17456737404794
0.125478920354925
0.6
0.171015500113
NA
NA
NA
NA
0.499999999976295
0.066705416323591
0.139101313196958
0.0450582521554688
0.754598058932946
NA
0.357932436423046
0.350129163131463
0.145483209312036
0.663947212365914
0.021025517439823
0.173278623776501
0.5
NA
0.0935380425888669
NA
0.102845663070522
0.120007824266379
0.524275376985404
0.0358075149185721
0.334043222967982
0.110712124466523
0.0862042471665799
0.0933860456444782
0.0325509154875563
0.0889406026126783
0.156210624848004
NA
0.0274825773976899
0.0667143948938206
0.0618729814453141
0.225109792582039
0.0471868546705001
1
0.0247878485100709
NA
0.0757909032892881
0.373138223793796
0.0170566997718254
1
NA
1
0.0851296417064329
NA
0.594394171031025
NA
NA
0.416336396738415
0.0624939109209897
0.183165458229264
NA
0.190943136190042
NA
0.231380211832825
0.142255632160842
1
0.070186475579572
0.0638318290308424
0.666665267341858
0.0400962426759965
NA
0.158065019575864
NA
0.0442384856261973
0.0276142328045904
0.0401000052212971
0.514149221441094
0.0491090046717348
0.0589649363638872
0.484961612396266
0.0225497400640008
0.134466295642784
0.0439640474953351
NA
0.0957017214028372
0.152324873081852
1
0.0380997598180572
1
0.0979814083641476
NA
0
0.0765381743124863
0.0394886832502024
0.0846054914075376
0.379556466006444
NA
0.556160239083475
0.714285714285714
0.0559930265512336
0.5
0.251191657144675
0.261576374470219
0.0393626210957084
NA
0.393561353515467
1
NA
0.0551726154912283
0.0721635802798192
0.022616155083263
0.0227630264431769
NA
0.0858469049958939
1
0.0326560656163861
0.0859550177754159
0.0351663528201823
0.0311113940118376
NA
0.183543529989647
0.053859235519974
1
0.251586452102161
0.748551187981815
1
0.222825663991725
NA
0.0209695035293722
0.756540630377646
0
0.262506195063899
1
0.316138871017103
0
0.101332782271681
0
0.0628252215431481
0.0399653540830625
0.109547910343542
NA
0.0553113587922517
0.0414702454546555
NA
NA
1
0.0263635896525892
0.131755665872792
0.292960338769012
0.0399383662468285
1
0.399916465265834
0.0569704224816199
NA
NA
NA
0.151690181076321
0.246254846968639
0.0130722939708595
0.0410099401065015
0.43836823752675
0.135955785289387
0.0574084236736811
1
0.052741270230684
NA
1
0.408100026208006
0.400013564723027
0.0737326311569864
0.146217503416162
0.116888044415002
NA
0.0514149517285611
0.0180185107222925
0.0534639354462224
0.135100430251578
0.224740426986634
0.0215470861299524
1
0.0567446955872022
0.0966538618267438
0.0533175284675025
0.0911857487800277
0.0725508098948375
0.0645920681517594
0.0353837121541084
0.5
0.164606706504242
NA
0.145264244906095
0.0962089605542171
0.138006886642133
0.0467157459057267
0.0573003328593384
0.0735911436468711
0.0724365575712262
NA
0.0835583244504623
0.0615527518241669
0.127828613613101
0.125875052528067
0.120177396436637
0.309026049828134
0.150040065936284
0.133528936572644
1
1
0.203185226058502
0.0217606755293878
0.0204984034275623
NA
0.153174573676886
0.0361183746794618
0.397951839119352
0.173271846275396
0.24469640057048
0.0147917859957927
0.498262946628351
0.147371671505054
0.232530913773931
0.192369066625938
0.0454457532990691
0.150020983988538
NA
1
0.5
0.142919731505584
NA
NA
0.833333333333333
NA
0.0524927464947139
NA
0.0193208934209979
0.5
0.0220760428074169
NA
0.0264479882189586
0.0875516755720292
0
0.0516705642990882
0.197828445565219
0.135744033413589
0.0321389153469271
0.0618738070022924
0.0646941483665129
1
NA
0.130425430105673
0.0747480012568991
NA
0.0563831078218573
0
0.0114665934306648
NA
NA
0.0254497204444057
0.0996005560241893
0.149584311806055
0.666666666666667
0.0674359317609656
NA
0.0778855512320137
0.0769497961127987
0.833333333332839
0.105885573957057
0.0345829508295956
0.666562314020362
0.265541663190504
1
0.129571431863986
0.032362178737621
0.0328474544905189
1
0.0558322029185027
NA
0.499936283156344
0.40330816831679
NA
NA
1
0.0921137265680152
0.289677408846518
0.28715579451187
0.0781934249944335
0.286648186556197
0.0893077062471239
0.0294492956156127
0.0394426925311286
0.120922227292535
0.0536182611221099
0.082025560790802
0.333333333333333
0.191975122504395
0.125063038486426
0.117469360145323
0.666666666666667
0.20000019108402
0.833333333333333
0.0536296884053746
NA
0.0703129971699336
0.0358664122743815
0.0713691935961682
0.164662967197854
NA
0.0177612705950504
0.0366669977275022
0.0613899555256577
0.109092312767121
0.0804800814593905
1
0.0237523811175324
NA
0.202603401876969
0.283278031240631
1
NA
NA
0.0234589275644881
0.0249993476083673
0.0616191840127097
0.0681851115445039
0.0404100871782445
0.436644203117602
0.0791778654065571
0.134360928492838
0.0320075732364045
0.555555555555556
0.538200779950448
0.0251848603288069
1
1
0.665990387622403
0.0179153235617863
NA
0.26258508907195
0.0435613464827635
0.040723001411541
0.0502909301883202
0.0858362676284239
0.0394230736097158
0.0554027203352168
0.262955345525022
0.204876249551243
0.0633113349815642
NA
0.166548261593362
0.256028572780909
0
0.263518847327446
0.0395162687812318
0.391107932985395
NA
0.467209075627702
0.129768939336265
0.404151366999987
NA
0.407891229741849
0.301218553714113
1
0.0241272881169312
0.145415590802238
0
0
NA
1
0.302137818932429
0.190272643885049
NA
0.237081615913116
0.076449692842356
0.037945186350932
0.0268378402638933
0.0437295880356479
0.190396298996439
0.0424599042031489
NA
0.418797763215302
0.219125362306785
0.0908146490615799
0.223919104829234
0.666666666666667
0.295031817007772
0
0.0963951102517418
1
NA
1
0.494890324078973
1
0.0583498400642443
0.333333333325406
NA
1
NA
0.162550103060488
0.571428442900063
0.279963796850486
NA
0.0491003286857761
0.172231738502601
NA
0.500449077435674
1
0.376587405648822
NA
0.0282171105918282
0.0496382941398746
NA
0.333073548929775
0.0442929785302141
0.114181937648699
1
1
NA
0.303128341802413
0.157557613819957
0.396822166656133
0.0577430726137452
0.0332941152251816
0.458936598801576
0.181181879412461
NA
0.0339998067271303
0.0286636819543952
0.662931436010332
1
NA
0.0223141387087901
NA
NA
0.409823817617326
1
0.0448732023357951
0.0450923491842438
0.207260585746167
NA
0.249996905356559
NA
NA
NA
NA
0.162320044519449
0.0928981262876224
0.156874002720654
0.0570405799943208
0.120430365196276
0.131935409464367
NA
0.65908876715852
0.309299438341365
NA
0.065492149059798
0.0326943133345554
0.0435147473916141
0.268175621568134
NA
0.189338209434751
0.170931602141541
NA
0.0491032534456851
NA
0.210948184192007
0.124589481222378
1
NA
0.0813382028967569
0.0360803811506382
0.336358898622178
NA
NA
NA
0.0568661960526596
0.0921614635298222
0.55191354014264
0.115614291256309
0.192063857689272
0.0772867039871482
0.0853645634127492
0.172782442440151
NA
0.594889258353484
0.500000000000078
0.258166904655387
0.13213402443659
0.337135012716823
0.0524952503824228
0.666666666666667
0.562449796136822
NA
0.0642680478710884
0.74925606867841
0.0798289868971129
1
0.0434256184561721
0.0263121729599589
1
0.5
NA
0.137290635308029
0.102236034071695
0.0794785319215734
0.113568203753958
0.115606132945676
0.0137771890676389
1
0.0996807644882149
NA
NA
0.157530801310065
1
0.0127939636712155
0.0401622439247637
0.0948225275329872
0.200017039683109
0.0305287897626856
0.0736465067977933
0.0204350553549896
0.05040920694053
0.0293585324576853
0.0874703498581757
0.0496332850362766
0.0316024207591377
0.0895136876005491
NA
1
0.0670512832415264
0.432253331098385
1
0.271866417209063
0.457492337147483
NA
0.177760768371575
1
0.0596552439212723
0.0176012999163993
0
1
1
0
NA
0.0461281269977394
1
0.0202971358188779
0
NA
NA
NA
0.749993243817874
0.0744741981301708
0.648508234213551
NA
0.0893705766743762
0.0658624886977023
0
0.109943294559426
0.0445593586211173
0.0323535911873058
NA
0.0352226395972549
0.0649102739696938
0.0851962056384507
1
1
NA
0.0292780232364407
0.0140548341489025
0.0514716971374606
NA
0.0274372627665395
0.0656690522254366
0.0346112129067197
NA
0.44644076434693
0.251995323241574
0.0747268776645066
0.0257394371579869
0.499999978345721
0.219187249577526
0.107738354876731
0.75
0.0773080165126236
0.624995043105834
0.0868990926008427
0.0815704889299497
0.0978030129254361
0.0400766990418009
1
0.457121600554033
0.306960672252872
NA
0.0633558516269065
0
0.0797802215159126
1
0.131285063407308
0.0307008751862588
0.0624521767716342
0.146809170469045
NA
1
NA
0.332881715208726
0.0760939951953911
NA
0.115069715561458
NA
0.0925660325601633
0.0362499039665581
0.197853084750272
0.0461598130165076
0.158845075552455
0.27584996724311
1
0.0358080707969506
NA
0.0393255522196559
0.0788431120169982
0.504186221716049
0.499999999027009
1
0.0514975562830807
0.499998004449919
1
0.34745419724439
0.257047924050892
NA
0.17668549000307
0.0191712581711337
0.425171914373316
0.0710750880367287
1
0.0974994440141279
0.749182471703178
0.18434789058559
NA
0.209185395667854
NA
0.5
0.0390049182189585
NA
0.10482310557916
1
0.209691347461541
1
0.0902987451668561
NA
1
0.0403661674652528
0.141801837339296
1
0.028926218066375
0.0323358207283192
NA
0.184962905290297
0.048066286789612
1
0.0211604538559254
0.469723718029751
0.037691219969229
0.0685564929042234
NA
0.0380003946925783
0.718714608575921
0.0563960881366403
0.0678430157373088
0.0168607910267674
NA
0.0874906073055126
0.0585559905220946
0.0491291156861302
0.386771936513818
NA
0
NA
NA
0.0476522876281691
0.426428239965689
0.188874750514166
0.0230961645155616
0.0756477766648161
NA
0.0621869416574036
NA
0.0745793811785022
0.0541346077690658
1
0.103389946956938
0.333333333173552
1
0.0454470177208439
0.0633846760415462
0.059339793754962
0.0164525600749627
NA
NA
0.248091057754872
0.0822469080532001
0.203747748668955
0.039501779163797
0.0907560125908702
0.199720270831954
0.0364819862573411
0.0595293649218298
0.0370571379406211
0.0336966396049618
0.0259957941371217
0.114198215294193
0.061118894579124
0.288225866665664
1
0.0818263122763769
0.0324005358325081
1
0.0303351676588333
0.0268801201821778
0.096324695591886
0.13702193465863
NA
0.0363593615702166
0.113086291882398
0.117821815433533
0.0484025999582274
1
0.0761893537927293
0.141385000981061
0.0142003080285438
0.176033728054918
0.0867309731443409
NA
0.025344266848442
0.124041444393956
0.0942773695844843
0.749995661486049
0.229587136346427
NA
0.0962868759946677
0.0385363079931856
0.5
NA
1
0.113045002395643
0.0650594920369382
0.0215310434155957
0.016826480335514
0.195371382930999
1
0.244903277884711
0.0326952393723842
0.0652857780525614
NA
0.0773336815483761
0.364702637688146
NA
0.0121486289211591
0.15875466320146
0.125423417168323
0.168588674121581
0.107525281192713
0.337097991017424
0.280298229053861
0
0.347001822150478
0.0215900696776076
0.0345822085763722
NA
0.0208628988442145
0.0225756762928679
0.08337941382036
0.303159130140882
0.0162388544091395
NA
0
0.161730352667997
NA
0.0285225671766185
0.0689302180950223
0.116831033345827
NA
0.74999999997006
1
0.0851477184415454
0.0729446784521808
0.815909826598855
0.287120241209878
0.134304255675888
0.0412463500616198
0.15410093117319
NA
0.0546755685807442
1
0.050305309856095
0.0448886823385293
0.180038282142552
0.0262563882803256
0.114822032346863
0.0309342219262991
0.039450469724818
0
0.147002805358685
0.0220356918336489
NA
0.113978704156985
NA
NA
0.1464664488508
0.165556478703501
0.14526562671859
0.534374910592655
0.113961752070948
0.212777572023856
0.0922675614039263
1
0.473881921514006
0.04759907784865
NA
0.193721512028847
0.415749731865879
0.15619263161258
0.0461444113962202
1
NA
0.515555677411048
0.723312565613735
0.156865191220754
0.0494298570524248
0
0.0141345948059231
0.143042381988521
1
0.445123785992962
0.171472467393752
0.204275136739996
1
0.286959326591681
0.0663098370310356
0.5
1
0.13034064486165
0.10336779876635
0.0669901554964156
0.353244899528644
0.437850174918703
0.0956622820708155
0.121709746092232
