0 0 NA
0.0522834425033465 0.994505494505495 NA
0.5 0.75 NA
0.5 0.5 NA
0.117745628548797 0.990740740740741 NA
0.103169662127189 0.993006993006993 NA
0.169546972292285 0.98780487804878 NA
0.0391432031379593 0.995884773662551 NA
0.570461126795925 0.928571428571429 NA
0.106714867953872 0.991071428571429 NA
0.129582006871543 0.989130434782609 NA
0.5 0.5 NA
0.0273082955424564 0.996078431372549 NA
0 0.666666666666667 NA
0.0267072216185199 0.996240601503759 NA
0.0441425132332531 0.995515695067265 NA
0.116995487651977 0.991666666666667 NA
0.040335069177916 0.995575221238938 NA
0.8 0.8 NA
0 0 NA
0.5 0.5 NA
0.0207586707384712 0.996951219512195 NA
0.0994722984655964 0.991935483870968 NA
0.0102016468173586 0.997959183673469 NA
0.6 0.8 NA
0 0.5 NA
0.0629121215334756 0.994974874371859 NA
0.0479753476204324 0.995238095238095 NA
0.0976968225005108 0.992592592592593 NA
0.0737853671550485 0.992957746478873 NA
0.0206288408568244 0.997245179063361 NA
0.0575692042913324 0.995348837209302 NA
0.5 0.5 NA
0.0478990889199479 0.995 NA
0.333333333333333 0.666666666666667 NA
0 0 NA
0.0206325408992751 0.997282608695652 NA
0.152301098533792 0.988235294117647 NA
0.23023912609418 0.984126984126984 NA
0.190278628402239 0.989795918367347 NA
0 0.5 NA
0 0 NA
0.0437298816052893 0.995689655172414 NA
0.0785618664357961 0.992753623188406 NA
0.0388946043786833 0.996108949416342 NA
0 0 NA
0.5 0.5 NA
0.0360604957762067 0.996904024767802 NA
0 0 NA
0.5 0.5 NA
0.21503820471767 0.983333333333333 NA
0 0 NA
0.0279706294899741 0.99618320610687 NA
0.115769631666556 0.992647058823529 NA
0.0278972741226061 0.996835443037975 NA
0 0 NA
0.110651491604015 0.990990990990991 NA
0 0 NA
0 0 NA
0.182214412804805 0.8 NA
0.415728143282705 0.916666666666667 NA
0.365731729215724 0.983606557377049 NA
0 0 NA
0 0 NA
0.0340376858884405 0.995614035087719 NA
0.0320272620340972 0.996212121212121 NA
0.0356568856387028 0.99609375 NA
0.0574696089952516 0.995495495495495 NA
0 0 NA
0.5 0.5 NA
0.20527913392185 0.970588235294118 NA
0.243934234765629 0.984375 NA
0.361580338059606 0.983870967741935 NA
0 0 NA
0 0 NA
0.0381911565374058 0.996699669966997 NA
0.0477689017683694 0.994818652849741 NA
0.217561273055046 0.987179487179487 NA
0 0 NA
0.159307751867544 0.985507246376812 NA
0 0 NA
0.100236262804434 0.993710691823899 NA
0.240803365278126 0.98 NA
0.0162055485876511 0.997690531177829 NA
0.066214351721874 0.993150684931507 NA
0 0 NA
0 0.666666666666667 NA
0.276207084104167 0.976744186046512 NA
0.150264939084032 0.981818181818182 NA
0.0405986902622059 0.995454545454545 NA
0.333333333333333 0.666666666666667 NA
0 0 NA
0.0867510251069938 0.993548387096774 NA
0.192242174823473 0.982758620689655 NA
0 0 NA
0.676326826837704 0.9375 NA
0.0438277415717069 0.99537037037037 NA
0 0 NA
0 0 NA
0 0 NA
0.546328247555653 0.944444444444444 NA
0 0 NA
0.021964620324072 0.997005988023952 NA
0.0990356582595749 0.992424242424242 NA
0.042021976251562 0.996296296296296 NA
0.290210685063068 0.96 NA
0.5 0.5 NA
0.625 0.875 NA
0.333332655950309 0.666666666666667 NA
0.571428571428571 0.857142857142857 NA
0.5 0.5 NA
0.0487623803628337 0.995951417004049 NA
0.0357977108184964 0.995951417004049 NA
0 0 NA
0 0 NA
0.0514246826512256 0.995260663507109 NA
0.666666666666667 0.666666666666667 NA
0.666666666666667 0.666666666666667 NA
0.0422430966060194 0.99537037037037 NA
0.0521587605707136 0.994652406417112 NA
0.142179490355368 0.984615384615385 NA
0 0 NA
0.5 0.5 NA
0.063085472074768 0.99390243902439 NA
0.5 0.75 NA
0.25 0.75 NA
0.0624720155130176 0.995535714285714 NA
0.0280021471230582 0.996987951807229 NA
0.1960277364962 0.981481481481482 NA
0.034704718373391 0.996108949416342 NA
0.0697321655551943 0.994186046511628 NA
0.217758049876112 0.984848484848485 NA
0.0705625363441763 0.995454545454545 NA
0.0706048310563375 0.993421052631579 NA
0.184203553803507 0.983606557377049 NA
0 0 NA
0.349663834495856 0.967741935483871 NA
0.5 0.5 NA
0 0 NA
0.5 0.5 NA
0.0385835781016276 0.996350364963504 NA
0.303716537575007 0.96969696969697 NA
0.0406465924249657 0.995 NA
0.333333333333333 0.666666666666667 NA
0 0 NA
0.666666666666667 0.666666666666667 NA
0.13032182034341 0.992063492063492 NA
0 0 NA
0 0.5 NA
0.137220487958134 0.988888888888889 NA
0.077168741581325 0.994152046783626 NA
0.0657735981491338 0.995073891625616 NA
0 0 NA
0.0956710162634395 0.9375 NA
0.0245895492207618 0.997524752475248 NA
0.172239809060634 0.986666666666667 NA
0.124272392274589 0.990384615384615 NA
0.5 0.833333333333333 NA
0.168765296164145 0.986842105263158 NA
0 0 NA
0 0 NA
0 0 NA
0 0 NA
0.33333333331753 0.666666666666667 NA
0.0663877714839549 0.995238095238095 NA
0.137502447528027 0.988505747126437 NA
0.0448856151740302 0.996168582375479 NA
0.685998235393587 0.909090909090909 NA
0 0 NA
0.328104733387792 0.916666666666667 NA
0.336662656857176 0.961538461538462 NA
0.144195747282725 0.991150442477876 NA
0.622450511593045 0.9375 NA
0.0209695985104617 0.997340425531915 NA
0.171731493207068 0.991071428571428 NA
0.428571428571429 0.857142857142857 NA
0 0 NA
0.0928651070306736 0.992805755395683 NA
0 0 NA
0.101893388412462 0.990740740740741 NA
0.118875674980847 0.990566037735849 NA
0.49343564892744 0.941176470588235 NA
0.035673904788279 0.996268656716418 NA
0.32662004023536 0.977777777777778 NA
0.110002431360969 0.993589743589744 NA
0.085530776485591 0.9921875 NA
0.0926389572793223 0.992 NA
0.0324308014082664 0.996309963099631 NA
0.0882175082824939 0.991869918699187 NA
0.154455449287914 0.98876404494382 NA
0 0 NA
0.027395881569937 0.996845425867508 NA
0.0660966690151741 0.990740740740741 NA
0.0615153341537227 0.994219653179191 NA
0.221160497975337 0.982456140350877 NA
0.0469042986545091 0.994011976047904 NA
0.833333333333333 0.833333333333333 NA
0.0246996355260493 0.99644128113879 NA
0 0 NA
0.0752889767774385 0.993377483443709 NA
0.279853667845347 0.75 NA
0.0170035636354646 0.996884735202492 NA
0.5 0.5 NA
0 0 NA
0.5 0.5 NA
0.084517198240919 0.992805755395683 NA
0 0 NA
0.495328475859187 0.833333333333333 NA
0 0 NA
0 0 NA
0.27755759782561 0.666666666666667 NA
0.0621428215337931 0.99438202247191 NA
0.180510886370869 0.985507246376812 NA
0 0 NA
0.186880516271105 0.978723404255319 NA
0 0 NA
0.227458513327183 0.983050847457627 NA
0.140833075839233 0.99 NA
0.5 0.5 NA
0.0698070892250879 0.994594594594595 NA
0.0634886471543325 0.994623655913978 NA
0.499998950506394 0.75 NA
0.0398977464251252 0.995049504950495 NA
0 0 NA
0.156515362521199 0.990196078431373 NA
0 0 NA
0.0440601046357691 0.995967741935484 NA
0.0275339588720189 0.997093023255814 NA
0.039953118755285 0.996336996336996 NA
0.483905149591618 0.941176470588235 NA
0.0488945548696748 0.995633187772926 NA
0.0586409531970527 0.994505494505495 NA
0.458019300596473 0.944444444444444 NA
0.0224922152168988 0.997448979591837 NA
0.132806217918799 0.987654320987654 NA
0.0437605102384122 0.99537037037037 NA
0 0 NA
0.0949107980854583 0.991735537190083 NA
0.150914457590354 0.990740740740741 NA
0.833333333333333 0.833333333333333 NA
0.0379537837268003 0.996168582375479 NA
0.666666666666667 0.666666666666667 NA
0.0971143162547303 0.991150442477876 NA
0 0 NA
0 0.5 NA
0.0760771009732545 0.993975903614458 NA
0.0392997421820196 0.995215311004785 NA
0.0840596495274889 0.993548387096774 NA
0.358469995672753 0.944444444444444 NA
0 0 NA
0.5133786822309 0.923076923076923 NA
0.625 0.875 NA
0.0556452437776234 0.993788819875776 NA
0.333333333333333 0.666666666666667 NA
0.244402693438063 0.972972972972973 NA
0.257066436979353 0.982758620689655 NA
0.0392106418636786 0.996138996138996 NA
0 0 NA
0.374820336681397 0.952380952380952 NA
0.666666666666667 0.666666666666667 NA
0 0 NA
0.0548852581188782 0.994791666666667 NA
0.0717208589284093 0.993865030674847 NA
0.0225448107454609 0.996845425867508 NA
0.0226927701887226 0.996913580246914 NA
0 0 NA
0.0852894575608556 0.993506493506494 NA
0.5 0.5 NA
0.0325461125335026 0.996632996632997 NA
0.0854721244171271 0.99438202247191 NA
0.0350499079432943 0.996688741721854 NA
0.0310116780053894 0.996794871794872 NA
0 0 NA
0.180719783374422 0.984615384615385 NA
0.0536002968876664 0.995192307692308 NA
0.75 0.75 NA
0.247248754652124 0.982758620689655 NA
0.598840950385452 0.8 NA
0.5 0.5 NA
0.219048957822374 0.983050847457627 NA
0 0 NA
0.0209196947323904 0.997624703087886 NA
0.680886567339881 0.9 NA
0 0.5 NA
0.257900823220673 0.982456140350877 NA
0.5 0.5 NA
0.306558905228706 0.96969696969697 NA
0 0.5 NA
0.0999446619665895 0.986301369863014 NA
0 0.5 NA
0.0624350027757994 0.993788819875776 NA
0.0397675057955226 0.995049504950495 NA
0.108724241844719 0.992481203007519 NA
0 0 NA
0.0550305904735093 0.99492385786802 NA
0.0413166519529716 0.996296296296296 NA
0 0 NA
0 0 NA
0.666666666666667 0.666666666666667 NA
0.0262677220538525 0.996363636363636 NA
0.129522518993592 0.983050847457627 NA
0.280753657986969 0.958333333333333 NA
0.0397600699689409 0.995535714285714 NA
0.5 0.5 NA
0.36356042296894 0.909090909090909 NA
0.0566556687662518 0.994475138121547 NA
0 0 NA
0 0 NA
0 0 NA
0.150495770201704 0.992125984251969 NA
0.241426320557489 0.980392156862745 NA
0.013044946075523 0.997907949790795 NA
0.0408418665814749 0.995901639344262 NA
0.425084351541091 0.96969696969697 NA
0.134445165452839 0.988888888888889 NA
0.0570667068660997 0.994047619047619 NA
0.5 0.5 NA
0.052545206029083 0.996282527881041 NA
0 0 NA
0.5 0.5 NA
0.384094142313417 0.941176470588235 NA
0.333344637269189 0.833333333333333 NA
0.0731740506179183 0.992424242424242 NA
0.145142374714573 0.992647058823529 NA
0.115603560410441 0.989010989010989 NA
0 0 NA
0.0511629176514603 0.995098039215686 NA
0.0179765095317976 0.997668997668998 NA
0.0532383492207109 0.9957805907173 NA
0.133547551742939 0.988505747126437 NA
0.221619032167375 0.986111111111111 NA
0.0214821852681152 0.996987951807229 NA
0.5 0.5 NA
0.056466535314716 0.995098039215686 NA
0.0959634770994099 0.992857142857143 NA
0.0530751760653775 0.995454545454545 NA
0.0904503798382532 0.991935483870968 NA
0.0719199332870563 0.991304347826087 NA
0.0642503111774115 0.994708994708995 NA
0.0352582379975336 0.99645390070922 NA
0.333333333333333 0.666666666666667 NA
0.162714675394998 0.988505747126437 NA
0 0 NA
0.143470859166514 0.987654320987654 NA
0.0954072192162653 0.991666666666667 NA
0.13625996402641 0.987341772151899 NA
0.0465071934686475 0.995535714285714 NA
0.0570533486659792 0.995689655172414 NA
0.0731132790777355 0.993506493506494 NA
0.0719631160184731 0.993464052287582 NA
0 0 NA
0.0829899004746088 0.993197278911565 NA
0.061240301307293 0.99492385786802 NA
0.126797737696866 0.991935483870968 NA
0.111888935580504 0.888888888888889 NA
0.119064642765927 0.990740740740741 NA
0.280932772571031 0.909090909090909 NA
0.147865572227062 0.985507246376812 NA
0.132245004490215 0.990384615384615 NA
0.666666666666667 0.666666666666667 NA
0.5 0.5 NA
0.199798805624194 0.983333333333333 NA
0.0217040071035301 0.997395833333333 NA
0.0204474123742599 0.997512437810945 NA
0 0 NA
0.151509632658659 0.989130434782609 NA
0.0359879834351316 0.996389891696751 NA
0.361774399199411 0.909090909090909 NA
0.17052149950912 0.984126984126984 NA
0.239702596477205 0.979591836734694 NA
0.0147548987489204 0.997506234413965 NA
0.398610357302681 0.8 NA
0.145769805510434 0.989130434782609 NA
0.228718931580915 0.983606557377049 NA
0.189964453293114 0.9875 NA
0.0452822793663387 0.996402877697842 NA
0.148550190027866 0.990196078431373 NA
0 0 NA
0.75 0.75 NA
0.333333333333333 0.666666666666667 NA
0.14159640065831 0.990740740740741 NA
0 0 NA
0 0 NA
0.714285714285714 0.857142857142857 NA
0 0 NA
0.0521427948514158 0.993333333333333 NA
0 0 NA
0.0192647280331462 0.997093023255814 NA
0.4 0.8 NA
0.0219917831020451 0.99618320610687 NA
0 0 NA
0.0263632190259491 0.996794871794872 NA
0.0868220782755957 0.991666666666667 NA
0 0.5 NA
0.0514172772191908 0.995098039215686 NA
0.195002324914287 0.985714285714286 NA
0.134183757167456 0.988505747126437 NA
0.0320331952306543 0.996710526315789 NA
0.0615548698527961 0.994845360824742 NA
0.0642570257424149 0.993243243243243 NA
0.5 0.5 NA
0 0 NA
0.1290945583699 0.989795918367347 NA
0.074315931885472 0.994219653179191 NA
0 0 NA
0.0560983446510398 0.994949494949495 NA
0 0.5 NA
0.0114447106187742 0.998091603053435 NA
0 0 NA
0 0 NA
0.0253643186979479 0.996644295302013 NA
0.0990076955716643 0.994047619047619 NA
0.148199271881925 0.990740740740741 NA
0.5 0.75 NA
0.0670144571874596 0.99375 NA
0 0 NA
0.077475627278161 0.994736842105263 NA
0.0762027107136454 0.990291262135922 NA
0.71428571428529 0.857142857142857 NA
0.105184344990454 0.993377483443709 NA
0.0344628711392151 0.996527777777778 NA
0.499921735515272 0.75 NA
0.25950662539072 0.977272727272727 NA
0.5 0.5 NA
0.128221729448736 0.989583333333333 NA
0.0322498100614487 0.996527777777778 NA
0.0327133832477005 0.995918367346939 NA
0.666666666666667 0.666666666666667 NA
0.0554854190494437 0.993788819875776 NA
0 0 NA
0.399949026525075 0.8 NA
0.380902158965857 0.944444444444444 NA
0 0 NA
0 0 NA
0.666666666666667 0.666666666666667 NA
0.0915116760675707 0.993464052287582 NA
0.282940724919855 0.976744186046512 NA
0.281525288737127 0.980392156862745 NA
0.0776614969332468 0.993197278911565 NA
0.2796567673719 0.975609756097561 NA
0.088625968031497 0.99236641221374 NA
0.0293319677446341 0.99601593625498 NA
0.0392921479031472 0.99618320610687 NA
0.119675606392612 0.989690721649485 NA
0.053385138247666 0.995652173913043 NA
0.0814354488426667 0.992805755395683 NA
0.25 0.75 NA
0.189151958938154 0.985294117647059 NA
0.124062534178534 0.992 NA
0.116134481052763 0.988636363636364 NA
0.5 0.75 NA
0.16666682590335 0.833333333333333 NA
0.714285714285714 0.857142857142857 NA
0.0533985259553514 0.995689655172414 NA
0 0 NA
0.0698789663232056 0.993827160493827 NA
0.0357188138699602 0.995884773662551 NA
0.0710309509724896 0.995260663507109 NA
0.162679076026795 0.987951807228916 NA
0 0 NA
0.0177208121198908 0.997722095671982 NA
0.0365179448912115 0.995934959349594 NA
0.0609103464981135 0.9921875 NA
0.10838849139443 0.993548387096774 NA
0.079980205177034 0.993788819875776 NA
0.5 0.5 NA
0.0236827260409414 0.997067448680352 NA
0 0 NA
0.199437723722641 0.984375 NA
0.277250839086575 0.978723404255319 NA
0.5 0.5 NA
0 0 NA
0 0 NA
0.0234046244914222 0.997685185185185 NA
0.024931229494993 0.997275204359673 NA
0.0613243553810699 0.995215311004785 NA
0.0678185249232969 0.994623655913978 NA
0.0402070214135297 0.994974874371859 NA
0.422999071770177 0.96875 NA
0.0786979995556083 0.993939393939394 NA
0.133294571917498 0.992063492063492 NA
0.0319114543978568 0.996996996996997 NA
0.5 0.9 NA
0.504563231203545 0.9375 NA
0.0251064028199944 0.996884735202492 NA
0.666666666666667 0.666666666666667 NA
0.75 0.75 NA
0.499492790716803 0.75 NA
0.0178675493656216 0.997333333333333 NA
0 0 NA
0.257810814725187 0.981818181818182 NA
0.0433596735823804 0.99537037037037 NA
0.0405820913720547 0.996539792387543 NA
0.050028998260256 0.994791666666667 NA
0.0852678155249244 0.993377483443709 NA
0.0392209040014609 0.994871794871795 NA
0.0551298005306099 0.995073891625616 NA
0.257696238614521 0.98 NA
0.201724307250454 0.984615384615385 NA
0.0629915807644856 0.994949494949495 NA
0 0 NA
0.142755652794311 0.857142857142857 NA
0.170685715187273 0.666666666666667 NA
0 0.5 NA
0.259526137519455 0.984848484848485 NA
0.0393631049487464 0.996124031007752 NA
0.375463615665979 0.96 NA
0 0 NA
0.442619124278876 0.947368421052632 NA
0.128484098352737 0.99009900990099 NA
0.395170225511099 0.977777777777778 NA
0 0 NA
0.386423270281752 0.947368421052632 NA
0.295839650969218 0.982142857142857 NA
0.5 0.5 NA
0.0240449424236994 0.996587030716723 NA
0.143975832477464 0.99009900990099 NA
0 0.666666666666667 NA
0 0.5 NA
0 0 NA
0.5 0.5 NA
0.29325141249324 0.970588235294118 NA
0.187474516769092 0.985294117647059 NA
0 0 NA
0.233257718882259 0.983870967741935 NA
0.0760342053812562 0.994565217391304 NA
0.0378041261786237 0.996282527881041 NA
0.0267334128698704 0.996108949416342 NA
0.043563945656725 0.996212121212121 NA
0.18742135682462 0.984375 NA
0.0422829879356358 0.995833333333333 NA
0 0 NA
0.401347856414665 0.958333333333333 NA
0.215854834511162 0.985074626865672 NA
0.0903129106689745 0.994475138121547 NA
0.219254123478625 0.979166666666667 NA
0.5 0.75 NA
0.286602336521836 0.971428571428571 NA
0 0.5 NA
0.0957210185716597 0.993006993006993 NA
0.5 0.5 NA
0 0 NA
0.666666666666667 0.666666666666667 NA
0.465779128544916 0.941176470588235 NA
0.5 0.5 NA
0.0580536479826999 0.99492385786802 NA
0.249999999994055 0.75 NA
0 0 NA
0.666666666666667 0.666666666666667 NA
0 0 NA
0.160382768353015 0.986666666666667 NA
0.499999887537556 0.875 NA
0.265228860174144 0.947368421052632 NA
0 0 NA
0.0488523472277672 0.994949494949495 NA
0.16996553141704 0.986842105263158 NA
0 0 NA
0.47264635091147 0.944444444444444 NA
0.666666666666667 0.666666666666667 NA
0.359469796301148 0.954545454545455 NA
0 0 NA
0.0281236764507957 0.996688741721854 NA
0.0493863231036316 0.99492385786802 NA
0 0 NA
0.249805161697331 0.75 NA
0.0441232736316309 0.996168582375479 NA
0.113230421501626 0.991666666666667 NA
0.5 0.5 NA
0.5 0.5 NA
0 0 NA
0.296392156429026 0.977777777777778 NA
0.156012931331526 0.990196078431373 NA
0.379569028975431 0.956521739130435 NA
0.0574258029839993 0.994505494505495 NA
0.0331823900063051 0.996644295302013 NA
0.433440121090377 0.944444444444444 NA
0.178859034804609 0.987179487179487 NA
0 0 NA
0.0338951919372006 0.996923076923077 NA
0.028560575184775 0.996402877697842 NA
0.611936710163383 0.923076923076923 NA
0.5 0.5 NA
0 0 NA
0.0222363890965644 0.996515679442509 NA
0 0 NA
0 0 NA
0.397404914053165 0.96969696969697 NA
0.5 0.5 NA
0.0446814365138473 0.995726495726496 NA
0.0447792078704643 0.993055555555556 NA
0.204167144167866 0.985074626865672 NA
0 0 NA
0.244315157507546 0.977272727272727 NA
0 0 NA
0 0 NA
0 0 NA
0 0 NA
0.159967580106124 0.985507246376812 NA
0.0919202512740685 0.989473684210526 NA
0.155379964599505 0.990476190476191 NA
0.0567450329477181 0.994818652849741 NA
0.119304847764535 0.990654205607477 NA
0.130767839469107 0.991150442477876 NA
0 0 NA
0.564933228993017 0.857142857142857 NA
0.298633940467524 0.96551724137931 NA
0 0 NA
0.0650070220297255 0.992592592592593 NA
0.0325860540188781 0.996688741721854 NA
0.043310452802921 0.995305164319249 NA
0.261790487721273 0.976190476190476 NA
0 0 NA
0.186879271649884 0.987012987012987 NA
0.168989197571751 0.988636363636364 NA
0 0 NA
0.0488943034310227 0.995744680851064 NA
0 0 NA
0.208343885621735 0.987654320987654 NA
0.123576558610814 0.991869918699187 NA
0.666666666666667 0.666666666666667 NA
0 0 NA
0.0806054262940834 0.990990990990991 NA
0.0359312886665446 0.995867768595041 NA
0.328536598654221 0.976744186046512 NA
0 0 NA
0 0 NA
0 0 NA
0.056595404642885 0.995238095238095 NA
0.091606273990486 0.993975903614458 NA
0.525631942992991 0.952380952380952 NA
0.11448081781262 0.990196078431372 NA
0.189804282892927 0.988235294117647 NA
0.0768182997205594 0.993939393939394 NA
0.0846648538765792 0.991803278688525 NA
0.170796437354632 0.988505747126437 NA
0 0 NA
0.540808416684986 0.909090909090909 NA
0.400000000000062 0.8 NA
0.252020073592163 0.976190476190476 NA
0.13021903857519 0.985507246376812 NA
0.329107988604518 0.976190476190476 NA
0.0522052213747851 0.994475138121547 NA
0.5 0.75 NA
0.529364514011127 0.941176470588235 NA
0 0 NA
0.0639168563526671 0.994535519125683 NA
0.666005394380809 0.888888888888889 NA
0.0792587798478478 0.992857142857143 NA
0.666666666666667 0.666666666666667 NA
0.0432384390662748 0.995689655172414 NA
0.026227020296658 0.996763754045307 NA
0.666666666666667 0.666666666666667 NA
0.333333333333333 0.666666666666667 NA
0 0 NA
0.136209606683556 0.992125984251969 NA
0.101449603040374 0.992307692307692 NA
0.0787426195889663 0.990740740740741 NA
0.112621802056008 0.991666666666667 NA
0.114246060793374 0.988235294117647 NA
0.0137507453266261 0.998080614203455 NA
0.75 0.75 NA
0.0989368781860641 0.992537313432836 NA
0 0 NA
0 0 NA
0.10502053420671 0.666666666666667 NA
0.5 0.5 NA
0.0127679067187283 0.9979633401222 NA
0.0399962842391242 0.995867768595041 NA
0.0940452937007496 0.991803278688525 NA
0.197933528853077 0.989583333333333 NA
0.0304376590469761 0.997014925373134 NA
0.0731651570801606 0.993464052287582 NA
0.0203778143035751 0.997198879551821 NA
0.0501861573522975 0.995575221238938 NA
0.0292748899150708 0.997150997150997 NA
0.0869647408994579 0.994219653179191 NA
0.0493980561972421 0.995260663507109 NA
0.0315011309490122 0.996794871794872 NA
0.08895070843325 0.993710691823899 NA
0 0 NA
0.666666666666667 0.666666666666667 NA
0.066680834162844 0.994475138121547 NA
0.413459708007151 0.956521739130435 NA
0.5 0.5 NA
0.266831853927414 0.981481481481482 NA
0.444421127514698 0.971428571428571 NA
0 0 NA
0.175946882980028 0.989795918367347 NA
0.5 0.5 NA
0.0593656553585477 0.995145631067961 NA
0.0175570755447501 0.99748743718593 NA
0 0.5 NA
0.666666666666667 0.666666666666667 NA
0.5 0.5 NA
0 0.5 NA
0 0 NA
0.0459203426418937 0.995495495495495 NA
0.5 0.5 NA
0.0202419805585005 0.997282608695652 NA
0 0.5 NA
0 0 NA
0 0 NA
0 0 NA
0.599994595054299 0.8 NA
0.0739184205321844 0.992537313432836 NA
0.486381175660164 0.75 NA
0 0 NA
0.0888509802983624 0.994186046511628 NA
0.0654727698296685 0.994082840236686 NA
0 0.5 NA
0.108865419122569 0.990196078431373 NA
0.0444019050570851 0.996466431095406 NA
0.0322508813740128 0.996825396825397 NA
0 0 NA
0.0351015995986389 0.996563573883162 NA
0.0645435492580006 0.994350282485876 NA
0.0845788418294764 0.992753623188406 NA
0.5 0.5 NA
0.5 0.5 NA
0 0 NA
0.0291774114727416 0.996563573883162 NA
0.0140293262829335 0.998185117967332 NA
0.0512479071499064 0.995652173913044 NA
0 0 NA
0.0273558465565498 0.997032640949555 NA
0.0652894623281797 0.994219653179191 NA
0.0344930859002121 0.996587030716724 NA
0 0 NA
0.436058420990025 0.976744186046512 NA
0.245533904696918 0.974358974358974 NA
0.0742150497352977 0.993150684931507 NA
0.0256592519955009 0.996884735202492 NA
0.333333318897148 0.666666666666667 NA
0.211629068557611 0.96551724137931 NA
0.106424472500186 0.98780487804878 NA
0.6 0.8 NA
0.0767821116383881 0.993197278911565 NA
0.555551149427408 0.888888888888889 NA
0.0862201934398986 0.9921875 NA
0.0810574669869941 0.993710691823899 NA
0.0969741738328476 0.991525423728814 NA
0.0399075990458439 0.9957805907173 NA
0.75 0.75 NA
0.391818514760599 0.857142857142857 NA
0.299473826588168 0.975609756097561 NA
0 0 NA
0.0629853495706088 0.994152046783626 NA
0 0.5 NA
0.0792752834050524 0.993670886075949 NA
0.666666666666667 0.666666666666667 NA
0.129931609145377 0.989690721649484 NA
0.0305765801450189 0.995951417004048 NA
0.0621351606458898 0.99492385786802 NA
0.144681501331812 0.985507246376812 NA
0 0 NA
0.5 0.5 NA
0 0 NA
0.249661286406544 0.75 NA
0.0756123876308633 0.993670886075949 NA
0 0 NA
0.113895534790422 0.989795918367347 NA
0 0 NA
0.0919095358753395 0.99290780141844 NA
0.0361110154456134 0.996168582375479 NA
0.195792115117456 0.989583333333333 NA
0.045991959150993 0.996363636363636 NA
0.157118498644277 0.989130434782609 NA
0.267968539607593 0.971428571428571 NA
0.5 0.5 NA
0.0356773844071807 0.996350364963504 NA
0 0 NA
0.039156045529054 0.995689655172414 NA
0.0784281482695403 0.994736842105263 NA
0.478976910630247 0.95 NA
0.428571427737436 0.857142857142857 NA
0.5 0.5 NA
0.0512191911139829 0.994594594594595 NA
0.333332002966613 0.666666666666667 NA
0.666666666666667 0.666666666666667 NA
0.338310665737958 0.973684210526316 NA
0.251070065352034 0.976744186046512 NA
0 0 NA
0.175149094437826 0.991304347826087 NA
0.0191234495472655 0.997506234413965 NA
0.408819148435881 0.961538461538462 NA
0.0706712523092473 0.994318181818182 NA
0.5 0.5 NA
0.0965966713843674 0.990740740740741 NA
0.599345977362542 0.8 NA
0.181822577015924 0.986301369863014 NA
0 0 NA
0.206063225583259 0.985074626865672 NA
0 0 NA
0.333333333333333 0.666666666666667 NA
0.0388531481091571 0.996108949416342 NA
0 0 NA
0.104151162594678 0.993589743589744 NA
0.5 0.5 NA
0.205132839908029 0.978260869565217 NA
0.5 0.5 NA
0.0895763552055212 0.992 NA
0 0 NA
0.5 0.5 NA
0.0401653407614456 0.995024875621891 NA
0.140568777884172 0.991304347826087 NA
0.666666666666667 0.666666666666667 NA
0.0288393525466562 0.996996996996997 NA
0.0322372359090256 0.996951219512195 NA
0 0 NA
0.18235779394818 0.985915492957746 NA
0.0478318170979554 0.995121951219512 NA
0.8 0.8 NA
0.021079067494941 0.996153846153846 NA
0.417532193804223 0.888888888888889 NA
0.0375456940234018 0.996138996138996 NA
0.0681798088772771 0.994505494505495 NA
0 0 NA
0.0378344541044011 0.995633187772926 NA
0.646843147718329 0.9 NA
0.0559261207355016 0.991666666666667 NA
0.0674318459449615 0.993939393939394 NA
0.0168070942400579 0.996815286624204 NA
0 0 NA
0.086987787723297 0.994252873563218 NA
0.0581656172519473 0.993333333333333 NA
0.0488973745744032 0.995283018867924 NA
0.351610851376198 0.909090909090909 NA
0 0 NA
0 0.5 NA
0 0 NA
0 0 NA
0.0474140261900283 0.995 NA
0.411198659966915 0.964285714285714 NA
0.185828383570389 0.983870967741935 NA
0.0230363298924642 0.99740932642487 NA
0.075159726492785 0.993548387096774 NA
0 0 NA
0.0618471223040845 0.994535519125683 NA
0 0 NA
0.0741406789362757 0.994117647058824 NA
0.0539223151895793 0.996078431372549 NA
0.5 0.5 NA
0.102490903939921 0.991304347826087 NA
0.28571428557733 0.857142857142857 NA
0.666666666666667 0.666666666666667 NA
0.0452502773843901 0.995670995670996 NA
0.0630073863032037 0.994047619047619 NA
0.0590572233085098 0.995238095238095 NA
0.0164003297255183 0.996825396825397 NA
0 0 NA
0 0 NA
0.243886124572586 0.983050847457627 NA
0.0817128372216858 0.993506493506494 NA
0.201101674010916 0.987012987012987 NA
0.0393576120865569 0.996350364963504 NA
0.0900837458309378 0.992592592592593 NA
0.196021747298029 0.981481481481482 NA
0.0363057447778371 0.995169082125604 NA
0.0591596173136197 0.993788819875776 NA
0.0368967174300556 0.995670995670996 NA
0.0335839418136408 0.996655518394649 NA
0.0258950352451173 0.996124031007752 NA
0.11333307729954 0.992424242424242 NA
0.0606973849613369 0.993103448275862 NA
0.28222116111013 0.979166666666667 NA
0.5 0.5 NA
0.0813273713478624 0.99390243902439 NA
0.0322809766596944 0.996309963099631 NA
0.5 0.5 NA
0.0302538401315978 0.997319034852547 NA
0.0268052451955979 0.997214484679666 NA
0.095699210555575 0.993506493506493 NA
0.135776280707188 0.990909090909091 NA
0 0 NA
0.0361984794393749 0.995575221238938 NA
0.112085528237421 0.991150442477876 NA
0.116879240910065 0.992 NA
0.0481930648934731 0.995670995670996 NA
0.666666666666667 0.666666666666667 NA
0.075738529214074 0.994082840236686 NA
0.140038477162194 0.99047619047619 NA
0.0141681806348141 0.997737556561086 NA
0.173962743018978 0.988235294117647 NA
0.0860426320876398 0.992063492063492 NA
0 0 NA
0.0252690613088323 0.997032640949555 NA
0.12292395390392 0.990990990990991 NA
0.0936530161435275 0.993377483443709 NA
0.59999652918884 0.8 NA
0.226525974528475 0.986666666666667 NA
0 0 NA
0.0953142812876509 0.98989898989899 NA
0.0383737075375181 0.9957805907173 NA
0.333333333333333 0.666666666666667 NA
0 0 NA
0.5 0.5 NA
0.112070476512922 0.991379310344828 NA
0.0647115803148156 0.994652406417112 NA
0.0214725351454447 0.997282608695652 NA
0.0167839892235556 0.997474747474747 NA
0.19289832745086 0.987341772151899 NA
0.5 0.5 NA
0.238458454782482 0.973684210526316 NA
0.0325606910622098 0.995884773662551 NA
0.0649169318488746 0.994350282485876 NA
0 0 NA
0.0768760857995691 0.994082840236686 NA
0.34950669445114 0.958333333333333 NA
0 0 NA
0.0121249011302975 0.998046875 NA
0.156312283767591 0.984615384615385 NA
0.124369438872791 0.991596638655462 NA
0.166557485276743 0.987951807228916 NA
0.106658141828256 0.991935483870968 NA
0.32960692455037 0.977777777777778 NA
0.273461686881815 0.975609756097561 NA
0 0.5 NA
0.335036242076324 0.96551724137931 NA
0.0215280292474995 0.997126436781609 NA
0.0344257279945786 0.995475113122172 NA
0 0 NA
0.0208094042317934 0.997435897435897 NA
0.022521145673803 0.997584541062802 NA
0.0827880704599319 0.99290780141844 NA
0.296269149910408 0.977272727272727 NA
0.0161991506086281 0.997555012224939 NA
0 0 NA
0 0.5 NA
0.159892507751315 0.988636363636364 NA
0 0 NA
0.0284107139720043 0.996078431372549 NA
0.0685149758173415 0.993975903614458 NA
0.115778501513883 0.990990990990991 NA
0 0 NA
0.599999999976048 0.8 NA
0.8 0.8 NA
0.0846121981997747 0.993710691823899 NA
0.0724859068895885 0.993710691823899 NA
0.725253179198982 0.888888888888889 NA
0.282769934524879 0.984848484848485 NA
0.133229821630481 0.992 NA
0.0411011164346423 0.996478873239437 NA
0.152633303257255 0.990476190476191 NA
0 0 NA
0.0544357634553901 0.995614035087719 NA
0.5 0.5 NA
0.0500242746055023 0.994413407821229 NA
0.0447031919156429 0.995867768595041 NA
0.177310429382816 0.984848484848485 NA
0.0261820075769819 0.997167138810198 NA
0.113587386837757 0.989247311827957 NA
0.0308369444988579 0.99685534591195 NA
0.039262610345176 0.995238095238095 NA
0 0.5 NA
0.144961099728703 0.986111111111111 NA
0.02196809768692 0.996932515337423 NA
0 0 NA
0.113146742812773 0.992700729927007 NA
0 0 NA
0 0 NA
0.144839043863568 0.988888888888889 NA
0.162886212917961 0.983870967741935 NA
0.144121802886161 0.992125984251969 NA
0.48579537326605 0.909090909090909 NA
0.113117590944497 0.992592592592593 NA
0.209108993195859 0.982758620689655 NA
0.0916684213948099 0.993506493506493 NA
0.666666666666667 0.666666666666667 NA
0.437429466012929 0.923076923076923 NA
0.0473431688279584 0.994623655913978 NA
0 0 NA
0.190694613403396 0.984375 NA
0.391293865285533 0.941176470588235 NA
0.154376438221736 0.988372093023256 NA
0.0459246761038572 0.995238095238095 NA
0.5 0.5 NA
0 0 NA
0.49646102269212 0.962962962962963 NA
0.578650052490988 0.8 NA
0.154375267550583 0.984126984126984 NA
0.0492397422176077 0.996153846153846 NA
0 0.5 NA
0.0141010209465266 0.997624703087886 NA
0.141536672704431 0.989473684210526 NA
0.5 0.5 NA
0.427318834553243 0.96 NA
0.169545810456743 0.98876404494382 NA
0.201226254102086 0.985074626865672 NA
0.75 0.75 NA
0.282176671148486 0.983333333333333 NA
0.0659644732964989 0.994791666666667 NA
0.4 0.8 NA
0.5 0.5 NA
0.129155729908362 0.990909090909091 NA
0.102091653102567 0.987654320987654 NA
0.0665960957582013 0.994117647058823 NA
0.344187338002269 0.974358974358974 NA
0.40657516242451 0.928571428571428 NA
0.0950329249519285 0.993421052631579 NA
0.120651400474039 0.991304347826087 NA
