0 0 NA
0.0522834425033465 0.994505494505495 0.0425129627531011
0.5 0.75 0.666666666666667
0.5 0.5 1
0.117745628548797 0.990740740740741 0.0928776122700961
0.103169662127189 0.993006993006993 0.0767557273137437
0.169546972292285 0.98780487804878 0.112432334957101
0.0391432031379593 0.995884773662551 0.029407072253534
0.570461126795925 0.928571428571429 0.436274174109865
0.106714867953872 0.991071428571429 0.0932995046408872
0.129582006871543 0.989130434782609 0.0916754287714516
0.5 0.5 1
0.0273082955424564 0.996078431372549 0.0194601871533521
0 0.666666666666667 0
0.0267072216185199 0.996240601503759 0.0198100084889886
0.0441425132332531 0.995515695067265 0.0364958541922276
0.116995487651977 0.991666666666667 0.0747487283921366
0.040335069177916 0.995575221238938 0.024329635398124
0.8 0.8 1
0 0 NA
0.5 0.5 1
0.0207586707384712 0.996951219512195 0.0139535935236045
0.0994722984655964 0.991935483870968 0.0692763576677427
0.0102016468173586 0.997959183673469 0.00789444143525898
0.6 0.8 0.75
0 0.5 0
0.0629121215334756 0.994974874371859 0.045126227926528
0.0479753476204324 0.995238095238095 0.0383483417961029
0.0976968225005108 0.992592592592593 0.075036520384084
0.0737853671550485 0.992957746478873 0.0531218659410003
0.0206288408568244 0.997245179063361 0.0127757960662012
0.0575692042913324 0.995348837209302 0.0420729810258596
0.5 0.5 1
0.0478990889199479 0.995 0.0316285556434421
0.333333333333333 0.666666666666667 0.250000000037117
0 0 NA
0.0206325408992751 0.997282608695652 0.0148567832530123
0.152301098533792 0.988235294117647 0.107173622246015
0.23023912609418 0.984126984126984 0.159317185277394
0.190278628402239 0.989795918367347 0.137245714699391
0 0.5 0
0 0 NA
0.0437298816052893 0.995689655172414 0.0289792117849703
0.0785618664357961 0.992753623188406 0.0569547466813681
0.0388946043786833 0.996108949416342 0.0283959653874922
0 0 NA
0.5 0.5 1
0.0360604957762067 0.996904024767802 0.0256411844132537
0 0 NA
0.5 0.5 1
0.21503820471767 0.983333333333333 0.164512671705331
0 0 NA
0.0279706294899741 0.99618320610687 0.0226716788323626
0.115769631666556 0.992647058823529 0.077193248783969
0.0278972741226061 0.996835443037975 0.0244328053597869
0 0 NA
0.110651491604015 0.990990990990991 0.0800464240660061
0 0 NA
0 0 NA
0.182214412804805 0.8 0.25
0.415728143282705 0.916666666666667 0.342731508616023
0.365731729215724 0.983606557377049 0.246308928060159
0 0 NA
0 0 NA
0.0340376858884405 0.995614035087719 0.0226460922420621
0.0320272620340972 0.996212121212121 0.0242762751590046
0.0356568856387028 0.99609375 0.0225952613371484
0.0574696089952516 0.995495495495495 0.0392526820893108
0 0 NA
0.5 0.5 1
0.20527913392185 0.970588235294118 0.196666767746312
0.243934234765629 0.984375 0.150934411511354
0.361580338059606 0.983870967741935 0.271460720258539
0 0 NA
0 0 NA
0.0381911565374058 0.996699669966997 0.0266551852462507
0.0477689017683694 0.994818652849741 0.0343471042617429
0.217561273055046 0.987179487179487 0.151656300449126
0 0 NA
0.159307751867544 0.985507246376812 0.158138235203792
0 0 NA
0.100236262804434 0.993710691823899 0.0760430452253445
0.240803365278126 0.98 0.143276678980722
0.0162055485876511 0.997690531177829 0.0126572101519122
0.066214351721874 0.993150684931507 0.0466999784028472
0 0 NA
0 0.666666666666667 0
0.276207084104167 0.976744186046512 0.197284820688875
0.150264939084032 0.981818181818182 0.0970452509234527
0.0405986902622059 0.995454545454545 0.0263504232119131
0.333333333333333 0.666666666666667 0.251076803811206
0 0 NA
0.0867510251069938 0.993548387096774 0.070270360848607
0.192242174823473 0.982758620689655 0.164877572597121
0 0 NA
0.676326826837704 0.9375 0.577193561529811
0.0438277415717069 0.99537037037037 0.0354316387835062
0 0 NA
0 0 NA
0 0 NA
0.546328247555653 0.944444444444444 0.561597774899443
0 0 NA
0.021964620324072 0.997005988023952 0.0160090094772525
0.0990356582595749 0.992424242424242 0.0710572250504613
0.042021976251562 0.996296296296296 0.0285696966802474
0.290210685063068 0.96 0.182706632968575
0.5 0.5 1
0.625 0.875 0.505374956616872
0.333332655950309 0.666666666666667 0.5
0.571428571428571 0.857142857142857 0.666666666666667
0.5 0.5 1
0.0487623803628337 0.995951417004049 0.0335990537757209
0.0357977108184964 0.995951417004049 0.0206629882209025
0 0 NA
0 0 NA
0.0514246826512256 0.995260663507109 0.0369775947587862
0.666666666666667 0.666666666666667 1
0.666666666666667 0.666666666666667 1
0.0422430966060194 0.99537037037037 0.0290268747789605
0.0521587605707136 0.994652406417112 0.0398638719877669
0.142179490355368 0.984615384615385 0.0958854725427485
0 0 NA
0.5 0.5 1
0.063085472074768 0.99390243902439 0.0461994147982928
0.5 0.75 0.666666666666667
0.25 0.75 0.333333333333333
0.0624720155130176 0.995535714285714 0.0396219012833972
0.0280021471230582 0.996987951807229 0.0186320706003709
0.1960277364962 0.981481481481482 0.127801556268283
0.034704718373391 0.996108949416342 0.0246988955694999
0.0697321655551943 0.994186046511628 0.0575683556824119
0.217758049876112 0.984848484848485 0.127657529285435
0.0705625363441763 0.995454545454545 0.0463936331539626
0.0706048310563375 0.993421052631579 0.0554609606194424
0.184203553803507 0.983606557377049 0.12868728359615
0 0 NA
0.349663834495856 0.967741935483871 0.247444524271346
0.5 0.5 1
0 0 NA
0.5 0.5 1
0.0385835781016276 0.996350364963504 0.0267580643325648
0.303716537575007 0.96969696969697 0.209462381345132
0.0406465924249657 0.995 0.036761971173805
0.333333333333333 0.666666666666667 0.250000000001736
0 0 NA
0.666666666666667 0.666666666666667 1
0.13032182034341 0.992063492063492 0.111915117266315
0 0 NA
0 0.5 0
0.137220487958134 0.988888888888889 0.102965520217527
0.077168741581325 0.994152046783626 0.0574302729508344
0.0657735981491338 0.995073891625616 0.0562904374565477
0 0 NA
0.0956710162634395 0.9375 0.164711973876046
0.0245895492207618 0.997524752475248 0.0165830996610688
0.172239809060634 0.986666666666667 0.106072750861051
0.124272392274589 0.990384615384615 0.0821327396302187
0.5 0.833333333333333 0.6
0.168765296164145 0.986842105263158 0.132382929674208
0 0 NA
0 0 NA
0 0 NA
0 0 NA
0.33333333331753 0.666666666666667 0.249999999994074
0.0663877714839549 0.995238095238095 0.0456911612573349
0.137502447528027 0.988505747126437 0.109052151556946
0.0448856151740302 0.996168582375479 0.0326402388893544
0.685998235393587 0.909090909090909 0.737675050773255
0 0 NA
0.328104733387792 0.916666666666667 0.159521537889149
0.336662656857176 0.961538461538462 0.303090484742316
0.144195747282725 0.991150442477876 0.10852386386871
0.622450511593045 0.9375 0.627079634435391
0.0209695985104617 0.997340425531915 0.0144068167723366
0.171731493207068 0.991071428571428 0.122476566324648
0.428571428571429 0.857142857142857 0.499999598983908
0 0 NA
0.0928651070306736 0.992805755395683 0.071615960288807
0 0 NA
0.101893388412462 0.990740740740741 0.0782982315903796
0.118875674980847 0.990566037735849 0.100593831455125
0.49343564892744 0.941176470588235 0.37116081840947
0.035673904788279 0.996268656716418 0.0274748292701213
0.32662004023536 0.977777777777778 0.240176052741543
0.110002431360969 0.993589743589744 0.0821827877162488
0.085530776485591 0.9921875 0.058750477469916
0.0926389572793223 0.992 0.0728755100611543
0.0324308014082664 0.996309963099631 0.0213349499125047
0.0882175082824939 0.991869918699187 0.0482882263357754
0.154455449287914 0.98876404494382 0.100978376532538
0 0 NA
0.027395881569937 0.996845425867508 0.0170520784550278
0.0660966690151741 0.990740740740741 0.0537979528620647
0.0615153341537227 0.994219653179191 0.0426279272909058
0.221160497975337 0.982456140350877 0.22119608288387
0.0469042986545091 0.994011976047904 0.0339806717793065
0.833333333333333 0.833333333333333 1
0.0246996355260493 0.99644128113879 0.0228217323103706
0 0 NA
0.0752889767774385 0.993377483443709 0.0476231411076731
0.279853667845347 0.75 0.666666666666667
0.0170035636354646 0.996884735202492 0.0128204224175448
0.5 0.5 1
0 0 NA
0.5 0.5 1
0.084517198240919 0.992805755395683 0.0630282325975146
0 0 NA
0.495328475859187 0.833333333333333 0.491922421349342
0 0 NA
0 0 NA
0.27755759782561 0.666666666666667 0.5
0.0621428215337931 0.99438202247191 0.0398342524330324
0.180510886370869 0.985507246376812 0.132580520720008
0 0 NA
0.186880516271105 0.978723404255319 0.155173156252893
0 0 NA
0.227458513327183 0.983050847457627 0.155587149946974
0.140833075839233 0.99 0.106753508770005
0.5 0.5 1
0.0698070892250879 0.994594594594595 0.0422291084777754
0.0634886471543325 0.994623655913978 0.0478654474860687
0.499998950506394 0.75 0.499344669305446
0.0398977464251252 0.995049504950495 0.0289858853431137
0 0 NA
0.156515362521199 0.990196078431373 0.111459449682067
0 0 NA
0.0440601046357691 0.995967741935484 0.0295642413635461
0.0275339588720189 0.997093023255814 0.0193773949578029
0.039953118755285 0.996336996336996 0.0254572115774913
0.483905149591618 0.941176470588235 0.374667339196307
0.0488945548696748 0.995633187772926 0.0335287105240314
0.0586409531970527 0.994505494505495 0.0346630327649539
0.458019300596473 0.944444444444444 0.424419662989412
0.0224922152168988 0.997448979591837 0.0138034130144265
0.132806217918799 0.987654320987654 0.077325703040241
0.0437605102384122 0.99537037037037 0.0294948201072169
0 0 NA
0.0949107980854583 0.991735537190083 0.0572566413086573
0.150914457590354 0.990740740740741 0.112742772844712
0.833333333333333 0.833333333333333 1
0.0379537837268003 0.996168582375479 0.0266279931902916
0.666666666666667 0.666666666666667 1
0.0971143162547303 0.991150442477876 0.0612125238451371
0 0 NA
0 0.5 0
0.0760771009732545 0.993975903614458 0.0519317004003808
0.0392997421820196 0.995215311004785 0.0282534195836404
0.0840596495274889 0.993548387096774 0.054704278149308
0.358469995672753 0.944444444444444 0.320880669207326
0 0 NA
0.5133786822309 0.923076923076923 0.525942283848559
0.625 0.875 0.714285714285714
0.0556452437776234 0.993788819875776 0.0438986973469828
0.333333333333333 0.666666666666667 0.5
0.244402693438063 0.972972972972973 0.180744434045589
0.257066436979353 0.982758620689655 0.177583066766307
0.0392106418636786 0.996138996138996 0.0235907155475352
0 0 NA
0.374820336681397 0.952380952380952 0.32432741976364
0.666666666666667 0.666666666666667 1
0 0 NA
0.0548852581188782 0.994791666666667 0.0421361831839748
0.0717208589284093 0.993865030674847 0.0463734124675145
0.0225448107454609 0.996845425867508 0.0144484571021705
0.0226927701887226 0.996913580246914 0.0181679865042893
0 0 NA
0.0852894575608556 0.993506493506494 0.066421026706612
0.5 0.5 1
0.0325461125335026 0.996632996632997 0.0221774327460747
0.0854721244171271 0.99438202247191 0.060023566270115
0.0350499079432943 0.996688741721854 0.0261259471424534
0.0310116780053894 0.996794871794872 0.0223008686609952
0 0 NA
0.180719783374422 0.984615384615385 0.149145175321606
0.0536002968876664 0.995192307692308 0.0414322298261669
0.75 0.75 1
0.247248754652124 0.982758620689655 0.183858213684044
0.598840950385452 0.8 0.62500000034779
0.5 0.5 1
0.219048957822374 0.983050847457627 0.171805570143551
0 0 NA
0.0209196947323904 0.997624703087886 0.0144730297693063
0.680886567339881 0.9 0.660141310773264
0 0.5 0
0.257900823220673 0.982456140350877 0.172871797720463
0.5 0.5 1
0.306558905228706 0.96969696969697 0.22117544545386
0 0.5 0
0.0999446619665895 0.986301369863014 0.0876600368118794
0 0.5 0
0.0624350027757994 0.993788819875776 0.0430020200108163
0.0397675057955226 0.995049504950495 0.027163821034503
0.108724241844719 0.992481203007519 0.0713195054928032
0 0 NA
0.0550305904735093 0.99492385786802 0.0407493414556589
0.0413166519529716 0.996296296296296 0.0244888748435376
0 0 NA
0 0 NA
0.666666666666667 0.666666666666667 1
0.0262677220538525 0.996363636363636 0.0181434078415614
0.129522518993592 0.983050847457627 0.108013540432252
0.280753657986969 0.958333333333333 0.303176809003153
0.0397600699689409 0.995535714285714 0.0299229843030685
0.5 0.5 1
0.36356042296894 0.909090909090909 0.325689576476047
0.0566556687662518 0.994475138121547 0.0444764190944792
0 0 NA
0 0 NA
0 0 NA
0.150495770201704 0.992125984251969 0.0992110437968932
0.241426320557489 0.980392156862745 0.143561732492601
0.013044946075523 0.997907949790795 0.0092339001853606
0.0408418665814749 0.995901639344262 0.0215485545833574
0.425084351541091 0.96969696969697 0.376122566243947
0.134445165452839 0.988888888888889 0.107085024947123
0.0570667068660997 0.994047619047619 0.039755092704318
0.5 0.5 1
0.052545206029083 0.996282527881041 0.0394668724423457
0 0 NA
0.5 0.5 1
0.384094142313417 0.941176470588235 0.305447166489784
0.333344637269189 0.833333333333333 0.599999999913592
0.0731740506179183 0.992424242424242 0.0544391867532785
0.145142374714573 0.992647058823529 0.110579689821326
0.115603560410441 0.989010989010989 0.0937031820206377
0 0 NA
0.0511629176514603 0.995098039215686 0.0400924400857921
0.0179765095317976 0.997668997668998 0.0129073053476028
0.0532383492207109 0.9957805907173 0.0378156017163504
0.133547551742939 0.988505747126437 0.100706107822363
0.221619032167375 0.986111111111111 0.165575493449651
0.0214821852681152 0.996987951807229 0.0163773554619489
0.5 0.5 1
0.056466535314716 0.995098039215686 0.0388136351606156
0.0959634770994099 0.992857142857143 0.0617319065183299
0.0530751760653775 0.995454545454545 0.0409722055590128
0.0904503798382532 0.991935483870968 0.069228515203162
0.0719199332870563 0.991304347826087 0.0625864360626127
0.0642503111774115 0.994708994708995 0.0486867827364399
0.0352582379975336 0.99645390070922 0.0221326359164084
0.333333333333333 0.666666666666667 0.5
0.162714675394998 0.988505747126437 0.115609530124075
0 0 NA
0.143470859166514 0.987654320987654 0.124331700045929
0.0954072192162653 0.991666666666667 0.0652960810539246
0.13625996402641 0.987341772151899 0.102143996348298
0.0465071934686475 0.995535714285714 0.0339294216063018
0.0570533486659792 0.995689655172414 0.042520867332432
0.0731132790777355 0.993506493506494 0.0559768986503294
0.0719631160184731 0.993464052287582 0.0642732472975229
0 0 NA
0.0829899004746088 0.993197278911565 0.0545189607873799
0.061240301307293 0.99492385786802 0.0444745527605235
0.126797737696866 0.991935483870968 0.0881933744214062
0.111888935580504 0.888888888888889 0.185526561677897
0.119064642765927 0.990740740740741 0.0795703317860254
0.280932772571031 0.909090909090909 0.338922845263237
0.147865572227062 0.985507246376812 0.108424980266733
0.132245004490215 0.990384615384615 0.0850608423796245
0.666666666666667 0.666666666666667 1
0.5 0.5 1
0.199798805624194 0.983333333333333 0.15298237882262
0.0217040071035301 0.997395833333333 0.0130348746006184
0.0204474123742599 0.997512437810945 0.012897626652608
0 0 NA
0.151509632658659 0.989130434782609 0.100860051262544
0.0359879834351316 0.996389891696751 0.0247509231359513
0.361774399199411 0.909090909090909 0.338458433939558
0.17052149950912 0.984126984126984 0.111610024279866
0.239702596477205 0.979591836734694 0.150229496900887
0.0147548987489204 0.997506234413965 0.010530953664302
0.398610357302681 0.8 0.374567985097162
0.145769805510434 0.989130434782609 0.102402133278822
0.228718931580915 0.983606557377049 0.164958308497983
0.189964453293114 0.9875 0.154542967100134
0.0452822793663387 0.996402877697842 0.0315983356627575
0.148550190027866 0.990196078431373 0.0984228700338879
0 0 NA
0.75 0.75 1
0.333333333333333 0.666666666666667 0.499999999999221
0.14159640065831 0.990740740740741 0.0932154168095164
0 0 NA
0 0 NA
0.714285714285714 0.857142857142857 0.833333333333333
0 0 NA
0.0521427948514158 0.993333333333333 0.0373641826165709
0 0 NA
0.0192647280331462 0.997093023255814 0.0153522855284189
0.4 0.8 0.37500000000566
0.0219917831020451 0.99618320610687 0.0161164740367191
0 0 NA
0.0263632190259491 0.996794871794872 0.0179675139524384
0.0868220782755957 0.991666666666667 0.0604580373903501
0 0.5 0
0.0514172772191908 0.995098039215686 0.0325445083327223
0.195002324914287 0.985714285714286 0.126236258705887
0.134183757167456 0.988505747126437 0.0898309516351795
0.0320331952306543 0.996710526315789 0.0227217995706563
0.0615548698527961 0.994845360824742 0.0429738960601742
0.0642570257424149 0.993243243243243 0.0415234294087925
0.5 0.5 1
0 0 NA
0.1290945583699 0.989795918367347 0.0825378168093304
0.074315931885472 0.994219653179191 0.0463457684373452
0 0 NA
0.0560983446510398 0.994949494949495 0.0490022132027339
0 0.5 0
0.0114447106187742 0.998091603053435 0.00773808645874665
0 0 NA
0 0 NA
0.0253643186979479 0.996644295302013 0.017579577484049
0.0990076955716643 0.994047619047619 0.0670195891877632
0.148199271881925 0.990740740740741 0.0895371481265481
0.5 0.75 0.666666666666667
0.0670144571874596 0.99375 0.0443056287124975
0 0 NA
0.077475627278161 0.994736842105263 0.0479254646029177
0.0762027107136454 0.990291262135922 0.059910280994907
0.71428571428529 0.857142857142857 0.654392211504754
0.105184344990454 0.993377483443709 0.0757766427179254
0.0344628711392151 0.996527777777778 0.0258789220070488
0.499921735515272 0.75 0.500003337127499
0.25950662539072 0.977272727272727 0.208185350537635
0.5 0.5 1
0.128221729448736 0.989583333333333 0.0862119529598312
0.0322498100614487 0.996527777777778 0.023458584517892
0.0327133832477005 0.995918367346939 0.0226234922005507
0.666666666666667 0.666666666666667 1
0.0554854190494437 0.993788819875776 0.0394559948962497
0 0 NA
0.399949026525075 0.8 0.37499781689585
0.380902158965857 0.944444444444444 0.245519112978682
0 0 NA
0 0 NA
0.666666666666667 0.666666666666667 1
0.0915116760675707 0.993464052287582 0.0662632784858454
0.282940724919855 0.976744186046512 0.174473362283792
0.281525288737127 0.980392156862745 0.210430361421349
0.0776614969332468 0.993197278911565 0.0617536158476886
0.2796567673719 0.975609756097561 0.28227416051818
0.088625968031497 0.99236641221374 0.0647038286158452
0.0293319677446341 0.99601593625498 0.0236234749409336
0.0392921479031472 0.99618320610687 0.0296975946642282
0.119675606392612 0.989690721649485 0.0964652032805493
0.053385138247666 0.995652173913043 0.0376071790845257
0.0814354488426667 0.992805755395683 0.0594668374782372
0.25 0.75 0.166666667436454
0.189151958938154 0.985294117647059 0.12520789744123
0.124062534178534 0.992 0.100247253011042
0.116134481052763 0.988636363636364 0.101492337259406
0.5 0.75 0.666666666666667
0.16666682590335 0.833333333333333 0.10000019104122
0.714285714285714 0.857142857142857 0.666666667208214
0.0533985259553514 0.995689655172414 0.0386674022884739
0 0 NA
0.0698789663232056 0.993827160493827 0.0424593330177346
0.0357188138699602 0.995884773662551 0.0271964688870938
0.0710309509724896 0.995260663507109 0.0451965232477843
0.162679076026795 0.987951807228916 0.12397742063445
0 0 NA
0.0177208121198908 0.997722095671982 0.0114601750894494
0.0365179448912115 0.995934959349594 0.0242986177923638
0.0609103464981135 0.9921875 0.0532384684258277
0.10838849139443 0.993548387096774 0.0805411936049862
0.079980205177034 0.993788819875776 0.0539591920283572
0.5 0.5 1
0.0236827260409414 0.997067448680352 0.0171752946833437
0 0 NA
0.199437723722641 0.984375 0.123308606238975
0.277250839086575 0.978723404255319 0.232481147232353
0.5 0.5 1
0 0 NA
0 0 NA
0.0234046244914222 0.997685185185185 0.0154498587115696
0.024931229494993 0.997275204359673 0.0164910261953536
0.0613243553810699 0.995215311004785 0.0346870349473813
0.0678185249232969 0.994623655913978 0.0515184666176829
0.0402070214135297 0.994974874371859 0.0320715803567038
0.422999071770177 0.96875 0.33347037072415
0.0786979995556083 0.993939393939394 0.0547606130751169
0.133294571917498 0.992063492063492 0.0886835506022259
0.0319114543978568 0.996996996996997 0.0191360298850231
0.5 0.9 0.555554732086117
0.504563231203545 0.9375 0.461502736275299
0.0251064028199944 0.996884735202492 0.0196902798644964
0.666666666666667 0.666666666666667 1
0.75 0.75 1
0.499492790716803 0.75 0.499948051249543
0.0178675493656216 0.997333333333333 0.0153003056615558
0 0 NA
0.257810814725187 0.981818181818182 0.1952213322812
0.0433596735823804 0.99537037037037 0.0301601852463285
0.0405820913720547 0.996539792387543 0.0274352412673821
0.050028998260256 0.994791666666667 0.0304586343952983
0.0852678155249244 0.993377483443709 0.0611025144386613
0.0392209040014609 0.994871794871795 0.0336422030476347
0.0551298005306099 0.995073891625616 0.0342305416717772
0.257696238614521 0.98 0.163014424848544
0.201724307250454 0.984615384615385 0.135078160367818
0.0629915807644856 0.994949494949495 0.0427043166741798
0 0 NA
0.142755652794311 0.857142857142857 0.307465303891309
0.170685715187273 0.666666666666667 0.5
0 0.5 0
0.259526137519455 0.984848484848485 0.169473332270185
0.0393631049487464 0.996124031007752 0.0291374859895549
0.375463615665979 0.96 0.383272294125149
0 0 NA
0.442619124278876 0.947368421052632 0.359252804540908
0.128484098352737 0.99009900990099 0.0897979177469857
0.395170225511099 0.977777777777778 0.261951842084707
0 0 NA
0.386423270281752 0.947368421052632 0.373285349654541
0.295839650969218 0.982142857142857 0.185680023937241
0.5 0.5 1
0.0240449424236994 0.996587030716723 0.0170181876781568
0.143975832477464 0.99009900990099 0.119868489133201
0 0.666666666666667 0
0 0.5 0
0 0 NA
0.5 0.5 1
0.29325141249324 0.970588235294118 0.19766901753474
0.187474516769092 0.985294117647059 0.123849195578286
0 0 NA
0.233257718882259 0.983870967741935 0.143701484565807
0.0760342053812562 0.994565217391304 0.0519853596332303
0.0378041261786237 0.996282527881041 0.0271637864389102
0.0267334128698704 0.996108949416342 0.0208805069546107
0.043563945656725 0.996212121212121 0.0278606145608147
0.18742135682462 0.984375 0.153183620198371
0.0422829879356358 0.995833333333333 0.0290191143614906
0 0 NA
0.401347856414665 0.958333333333333 0.33815027226344
0.215854834511162 0.985074626865672 0.146221554370812
0.0903129106689745 0.994475138121547 0.0683539458659868
0.219254123478625 0.979166666666667 0.159677120178321
0.5 0.75 0.666666666666667
0.286602336521836 0.971428571428571 0.230916712127776
0 0.5 0
0.0957210185716597 0.993006993006993 0.0648578087580342
0.5 0.5 1
0 0 NA
0.666666666666667 0.666666666666667 1
0.465779128544916 0.941176470588235 0.458677666500793
0.5 0.5 1
0.0580536479826999 0.99492385786802 0.0426866393458388
0.249999999994055 0.75 0.333333333333333
0 0 NA
0.666666666666667 0.666666666666667 1
0 0 NA
0.160382768353015 0.986666666666667 0.113562172239262
0.499999887537556 0.875 0.428621449274423
0.265228860174144 0.947368421052632 0.239786899656314
0 0 NA
0.0488523472277672 0.994949494949495 0.0340997539129676
0.16996553141704 0.986842105263158 0.108384524713411
0 0 NA
0.47264635091147 0.944444444444444 0.486632783035265
0.666666666666667 0.666666666666667 1
0.359469796301148 0.954545454545455 0.281667132240741
0 0 NA
0.0281236764507957 0.996688741721854 0.017018984526061
0.0493863231036316 0.99492385786802 0.0394705006277724
0 0 NA
0.249805161697331 0.75 0.333333333333333
0.0441232736316309 0.996168582375479 0.0293076270272781
0.113230421501626 0.991666666666667 0.0773588556530818
0.5 0.5 1
0.5 0.5 1
0 0 NA
0.296392156429026 0.977777777777778 0.209913152424362
0.156012931331526 0.990196078431373 0.102952454849993
0.379569028975431 0.956521739130435 0.274097307620554
0.0574258029839993 0.994505494505495 0.0422557560152051
0.0331823900063051 0.996644295302013 0.0253917511404476
0.433440121090377 0.944444444444444 0.486316400887051
0.178859034804609 0.987179487179487 0.1125087738257
0 0 NA
0.0338951919372006 0.996923076923077 0.0267446347533335
0.028560575184775 0.996402877697842 0.0217831402589764
0.611936710163383 0.923076923076923 0.513936847920588
0.5 0.5 1
0 0 NA
0.0222363890965644 0.996515679442509 0.0184428400907433
0 0 NA
0 0 NA
0.397404914053165 0.96969696969697 0.318605159451822
0.5 0.5 1
0.0446814365138473 0.995726495726496 0.0367992951332795
0.0447792078704643 0.993055555555556 0.0431439662612712
0.204167144167866 0.985074626865672 0.16731162552741
0 0 NA
0.244315157507546 0.977272727272727 0.149489561579367
0 0 NA
0 0 NA
0 0 NA
0 0 NA
0.159967580106124 0.985507246376812 0.0905728449821157
0.0919202512740685 0.989473684210526 0.0712916097726651
0.155379964599505 0.990476190476191 0.107186239392646
0.0567450329477181 0.994818652849741 0.036766308618306
0.119304847764535 0.990654205607477 0.102602742511195
0.130767839469107 0.991150442477876 0.0993032841976956
0 0 NA
0.564933228993017 0.857142857142857 0.583244793203402
0.298633940467524 0.96551724137931 0.200427538677765
0 0 NA
0.0650070220297255 0.992592592592593 0.0576063273122339
0.0325860540188781 0.996688741721854 0.0243815638314041
0.043310452802921 0.995305164319249 0.0349901754592762
0.261790487721273 0.976190476190476 0.16876118037247
0 0 NA
0.186879271649884 0.987012987012987 0.166749589461188
0.168989197571751 0.988636363636364 0.119706883439251
0 0 NA
0.0488943034310227 0.995744680851064 0.0365658393168644
0 0 NA
0.208343885621735 0.987654320987654 0.172134029862824
0.123576558610814 0.991869918699187 0.0804547509664545
0.666666666666667 0.666666666666667 1
0 0 NA
0.0806054262940834 0.990990990990991 0.052009819093853
0.0359312886665446 0.995867768595041 0.0277028618553888
0.328536598654221 0.976744186046512 0.223649395374218
0 0 NA
0 0 NA
0 0 NA
0.056595404642885 0.995238095238095 0.0442637773746577
0.091606273990486 0.993975903614458 0.057170767654808
0.525631942992991 0.952380952380952 0.410976231563573
0.11448081781262 0.990196078431372 0.080195607656153
0.189804282892927 0.988235294117647 0.108763032877275
0.0768182997205594 0.993939393939394 0.0588914455576226
0.0846648538765792 0.991803278688525 0.0616551576886885
0.170796437354632 0.988505747126437 0.107553028192456
0 0 NA
0.540808416684986 0.909090909090909 0.528254405696241
0.400000000000062 0.8 0.500000000000078
0.252020073592163 0.976190476190476 0.238808089117178
0.13021903857519 0.985507246376812 0.084756284054842
0.329107988604518 0.976190476190476 0.246333569817289
0.0522052213747851 0.994475138121547 0.0408922938625424
0.5 0.75 0.333332301056203
0.529364514011127 0.941176470588235 0.436935408047992
0 0 NA
0.0639168563526671 0.994535519125683 0.0433923914529895
0.666005394380809 0.888888888888889 0.749999999999984
0.0792587798478478 0.992857142857143 0.0559081247516751
0.666666666666667 0.666666666666667 1
0.0432384390662748 0.995689655172414 0.0389210657634287
0.026227020296658 0.996763754045307 0.0203294140440466
0.666666666666667 0.666666666666667 1
0.333333333333333 0.666666666666667 0.49999999999801
0 0 NA
0.136209606683556 0.992125984251969 0.0991648348394835
0.101449603040374 0.992307692307692 0.0716013605960696
0.0787426195889663 0.990740740740741 0.053810225436403
0.112621802056008 0.991666666666667 0.0965461636429784
0.114246060793374 0.988235294117647 0.0733645762597036
0.0137507453266261 0.998080614203455 0.00878460580277537
0.75 0.75 1
0.0989368781860641 0.992537313432836 0.0805947108455024
0 0 NA
0 0 NA
0.10502053420671 0.666666666666667 0.5
0.5 0.5 1
0.0127679067187283 0.9979633401222 0.00870809150245999
0.0399962842391242 0.995867768595041 0.0323920950864923
0.0940452937007496 0.991803278688525 0.0599782762136391
0.197933528853077 0.989583333333333 0.149789067696693
0.0304376590469761 0.997014925373134 0.0155047416125137
0.0731651570801606 0.993464052287582 0.0512163526772611
0.0203778143035751 0.997198879551821 0.014616942207514
0.0501861573522975 0.995575221238938 0.0306703589690018
0.0292748899150708 0.997150997150997 0.0213400510460254
0.0869647408994579 0.994219653179191 0.0620421551378795
0.0493980561972421 0.995260663507109 0.033447691269459
0.0315011309490122 0.996794871794872 0.0218563141226611
0.08895070843325 0.993710691823899 0.0604138385262097
0 0 NA
0.666666666666667 0.666666666666667 1
0.066680834162844 0.994475138121547 0.0481615469969999
0.413459708007151 0.956521739130435 0.2857290456777
0.5 0.5 1
0.266831853927414 0.981481481481482 0.19501026770658
0.444421127514698 0.971428571428571 0.310737123535089
0 0 NA
0.175946882980028 0.989795918367347 0.126410426860719
0.5 0.5 1
0.0593656553585477 0.995145631067961 0.0402511711730708
0.0175570755447501 0.99748743718593 0.0140687140901567
0 0.5 0
0.666666666666667 0.666666666666667 1
0.5 0.5 1
0 0.5 0
0 0 NA
0.0459203426418937 0.995495495495495 0.0417010931308117
0.5 0.5 1
0.0202419805585005 0.997282608695652 0.0154693707695335
0 0.5 0
0 0 NA
0 0 NA
0 0 NA
0.599994595054299 0.8 0.75
0.0739184205321844 0.992537313432836 0.0532459438766642
0.486381175660164 0.75 0.478116310917235
0 0 NA
0.0888509802983624 0.994186046511628 0.0578497947636566
0.0654727698296685 0.994082840236686 0.0483621248725546
0 0.5 0
0.108865419122569 0.990196078431373 0.0918613859406561
0.0444019050570851 0.996466431095406 0.0254238799655135
0.0322508813740128 0.996825396825397 0.0225544109479402
0 0 NA
0.0351015995986389 0.996563573883162 0.0266351332066551
0.0645435492580006 0.994350282485876 0.0454159590810381
0.0845788418294764 0.992753623188406 0.0612029385643399
0.5 0.5 1
0.5 0.5 1
0 0 NA
0.0291774114727416 0.996563573883162 0.0212487086611791
0.0140293262829335 0.998185117967332 0.00885729734641135
0.0512479071499064 0.995652173913044 0.0356417711519821
0 0 NA
0.0273558465565498 0.997032640949555 0.0183212483457414
0.0652894623281797 0.994219653179191 0.0491204375990576
0.0344930859002121 0.996587030716724 0.024775824705364
0 0 NA
0.436058420990025 0.976744186046512 0.363008306914639
0.245533904696918 0.974358974358974 0.164819305169099
0.0742150497352977 0.993150684931507 0.0481943919552395
0.0256592519955009 0.996884735202492 0.0186928958126518
0.333333318897148 0.666666666666667 0.5
0.211629068557611 0.96551724137931 0.150134056961687
0.106424472500186 0.98780487804878 0.0988268906259197
0.6 0.8 0.75
0.0767821116383881 0.993197278911565 0.0568440296941419
0.555551149427408 0.888888888888889 0.542304656174621
0.0862201934398986 0.9921875 0.0647349374076004
0.0810574669869941 0.993710691823899 0.0578194796870427
0.0969741738328476 0.991525423728814 0.0671712885712905
0.0399075990458439 0.9957805907173 0.033554347001557
0.75 0.75 1
0.391818514760599 0.857142857142857 0.416572222276171
0.299473826588168 0.975609756097561 0.179956199909786
0 0 NA
0.0629853495706088 0.994152046783626 0.0506340502703814
0 0.5 0
0.0792752834050524 0.993670886075949 0.0595212234206474
0.666666666666667 0.666666666666667 1
0.129931609145377 0.989690721649484 0.0834742696365627
0.0305765801450189 0.995951417004048 0.0249083482664931
0.0621351606458898 0.99492385786802 0.0528315099374095
0.144681501331812 0.985507246376812 0.102331824051514
0 0 NA
0.5 0.5 1
0 0 NA
0.249661286406544 0.75 0.166553685599068
0.0756123876308633 0.993670886075949 0.0608296814182429
0 0 NA
0.113895534790422 0.989795918367347 0.0858472790676969
0 0 NA
0.0919095358753395 0.99290780141844 0.0673913633894246
0.0361110154456134 0.996168582375479 0.0235175998352868
0.195792115117456 0.989583333333333 0.154879569082767
0.045991959150993 0.996363636363636 0.034375672721099
0.157118498644277 0.989130434782609 0.126466576273818
0.267968539607593 0.971428571428571 0.241475229736366
0.5 0.5 1
0.0356773844071807 0.996350364963504 0.0236908101260595
0 0 NA
0.039156045529054 0.995689655172414 0.0314363725798724
0.0784281482695403 0.994736842105263 0.0556804126898814
0.478976910630247 0.95 0.350640060526085
0.428571427737436 0.857142857142857 0.5
0.5 0.5 1
0.0512191911139829 0.994594594594595 0.0371357098603266
0.333332002966613 0.666666666666667 0.5
0.666666666666667 0.666666666666667 1
0.338310665737958 0.973684210526316 0.218680894313575
0.251070065352034 0.976744186046512 0.18474324813171
0 0 NA
0.175149094437826 0.991304347826087 0.120188598823602
0.0191234495472655 0.997506234413965 0.0113157496581448
0.408819148435881 0.961538461538462 0.282387512939704
0.0706712523092473 0.994318181818182 0.0555344695042828
0.5 0.5 1
0.0965966713843674 0.990740740740741 0.069924175920935
0.599345977362542 0.8 0.625000000003433
0.181822577015924 0.986301369863014 0.136914371961614
0 0 NA
0.206063225583259 0.985074626865672 0.161630348337176
0 0 NA
0.333333333333333 0.666666666666667 0.495478443391454
0.0388531481091571 0.996108949416342 0.0312421378774986
0 0 NA
0.104151162594678 0.993589743589744 0.0610367513566515
0.5 0.5 1
0.205132839908029 0.978260869565217 0.167548982395152
0.5 0.5 1
0.0895763552055212 0.992 0.0557682300082021
0 0 NA
0.5 0.5 1
0.0401653407614456 0.995024875621891 0.02873212728941
0.140568777884172 0.991304347826087 0.108869734785618
0.666666666666667 0.666666666666667 1
0.0288393525466562 0.996996996996997 0.0197011442274349
0.0322372359090256 0.996951219512195 0.0201261117512301
0 0 NA
0.18235779394818 0.985915492957746 0.120824850377813
0.0478318170979554 0.995121951219512 0.0373042693255609
0.8 0.8 1
0.021079067494941 0.996153846153846 0.0169579752663681
0.417532193804223 0.888888888888889 0.323124879952957
0.0375456940234018 0.996138996138996 0.0285845176155895
0.0681798088772771 0.994505494505495 0.0502989364015098
0 0 NA
0.0378344541044011 0.995633187772926 0.0321641117149025
0.646843147718329 0.9 0.722050634522448
0.0559261207355016 0.991666666666667 0.0480182778930241
0.0674318459449615 0.993939393939394 0.0461855349575329
0.0168070942400579 0.996815286624204 0.0137846221117067
0 0 NA
0.086987787723297 0.994252873563218 0.0652276670237502
0.0581656172519473 0.993333333333333 0.0444857558940913
0.0488973745744032 0.995283018867924 0.0394851433860946
0.351610851376198 0.909090909090909 0.39999999998807
0 0 NA
0 0.5 0
0 0 NA
0 0 NA
0.0474140261900283 0.995 0.0352547994621908
0.411198659966915 0.964285714285714 0.271934590177374
0.185828383570389 0.983870967741935 0.103409155390904
0.0230363298924642 0.99740932642487 0.0145106767302848
0.075159726492785 0.993548387096774 0.0614455308200754
0 0 NA
0.0618471223040845 0.994535519125683 0.0434285112423838
0 0 NA
0.0741406789362757 0.994117647058824 0.0544404614912399
0.0539223151895793 0.996078431372549 0.0373320445095245
0.5 0.5 1
0.102490903939921 0.991304347826087 0.0816330669976792
0.28571428557733 0.857142857142857 0.0833337752014133
0.666666666666667 0.666666666666667 1
0.0452502773843901 0.995670995670996 0.033360060609841
0.0630073863032037 0.994047619047619 0.0451544906188959
0.0590572233085098 0.995238095238095 0.041688577764795
0.0164003297255183 0.996825396825397 0.013970334225012
0 0 NA
0 0 NA
0.243886124572586 0.983050847457627 0.156686033843984
0.0817128372216858 0.993506493506494 0.0535410338958678
0.201101674010916 0.987012987012987 0.112373017422755
0.0393576120865569 0.996350364963504 0.0288831242700169
0.0900837458309378 0.992592592592593 0.0677732287220607
0.196021747298029 0.981481481481482 0.144028119440331
0.0363057447778371 0.995169082125604 0.0299329653445627
0.0591596173136197 0.993788819875776 0.043847077661398
0.0368967174300556 0.995670995670996 0.0241806113945886
0.0335839418136408 0.996655518394649 0.0273852017166779
0.0258950352451173 0.996124031007752 0.0192637357814951
0.11333307729954 0.992424242424242 0.0884348837920745
0.0606973849613369 0.993103448275862 0.0421269875664009
0.28222116111013 0.979166666666667 0.197721218149412
0.5 0.5 1
0.0813273713478624 0.99390243902439 0.0578796925764823
0.0322809766596944 0.996309963099631 0.0267484384035507
0.5 0.5 1
0.0302538401315978 0.997319034852547 0.0200706639542733
0.0268052451955979 0.997214484679666 0.0172681235579094
0.095699210555575 0.993506493506493 0.0792327885707168
0.135776280707188 0.990909090909091 0.0968618322793033
0 0 NA
0.0361984794393749 0.995575221238938 0.0239385219974961
0.112085528237421 0.991150442477876 0.0787499646580914
0.116879240910065 0.992 0.104999999172305
0.0481930648934731 0.995670995670996 0.0338542315421219
0.666666666666667 0.666666666666667 1
0.075738529214074 0.994082840236686 0.0499442896869472
0.140038477162194 0.99047619047619 0.0927366169330997
0.0141681806348141 0.997737556561086 0.0109557965906121
0.173962743018978 0.988235294117647 0.119735782722502
0.0860426320876398 0.992063492063492 0.0675315016903339
0 0 NA
0.0252690613088323 0.997032640949555 0.0191711990371811
0.12292395390392 0.990990990990991 0.089589185115732
0.0936530161435275 0.993377483443709 0.067286269316518
0.59999652918884 0.8 0.749999997830555
0.226525974528475 0.986666666666667 0.171897797770926
0 0 NA
0.0953142812876509 0.98989898989899 0.0692126862012173
0.0383737075375181 0.9957805907173 0.0312407597377917
0.333333333333333 0.666666666666667 0.279652819537171
0 0 NA
0.5 0.5 1
0.112070476512922 0.991379310344828 0.0758294168126472
0.0647115803148156 0.994652406417112 0.0490107340083742
0.0214725351454447 0.997282608695652 0.0142204833168086
0.0167839892235556 0.997474747474747 0.0127701855655611
0.19289832745086 0.987341772151899 0.139448868645184
0.5 0.5 1
0.238458454782482 0.973684210526316 0.252457077283675
0.0325606910622098 0.995884773662551 0.0217526397198832
0.0649169318488746 0.994350282485876 0.0471987321423217
0 0 NA
0.0768760857995691 0.994082840236686 0.0569284820157692
0.34950669445114 0.958333333333333 0.390268315804253
0 0 NA
0.0121249011302975 0.998046875 0.00820186735371414
0.156312283767591 0.984615384615385 0.13781357612124
0.124369438872791 0.991596638655462 0.0920358373282018
0.166557485276743 0.987951807228916 0.110610277447418
0.106658141828256 0.991935483870968 0.0816143214964631
0.32960692455037 0.977777777777778 0.20187083952409
0.273461686881815 0.975609756097561 0.217537289718622
0 0.5 0
0.335036242076324 0.96551724137931 0.24117651998658
0.0215280292474995 0.997126436781609 0.0157511620362174
0.0344257279945786 0.995475113122172 0.0275043219556449
0 0 NA
0.0208094042317934 0.997435897435897 0.0153466556357648
0.022521145673803 0.997584541062802 0.0140001748597427
0.0827880704599319 0.99290780141844 0.0587100084116528
0.296269149910408 0.977272727272727 0.215075745649482
0.0161991506086281 0.997555012224939 0.0119030882654974
0 0 NA
0 0.5 0
0.159892507751315 0.988636363636364 0.12247206127085
0 0 NA
0.0284107139720043 0.996078431372549 0.0232783883186626
0.0685149758173415 0.993975903614458 0.0421008254587042
0.115778501513883 0.990990990990991 0.0813839797791954
0 0 NA
0.599999999976048 0.8 0.74994587570782
0.8 0.8 1
0.0846121981997747 0.993710691823899 0.0641763669492828
0.0724859068895885 0.993710691823899 0.0550576361856944
0.725253179198982 0.888888888888889 0.664763854965437
0.282769934524879 0.984848484848485 0.191787444071224
0.133229821630481 0.992 0.101335664563796
0.0411011164346423 0.996478873239437 0.0298323239553842
0.152633303257255 0.990476190476191 0.0915737726137277
0 0 NA
0.0544357634553901 0.995614035087719 0.0432612919790795
0.5 0.5 1
0.0500242746055023 0.994413407821229 0.0338004567998121
0.0447031919156429 0.995867768595041 0.03355723032554
0.177310429382816 0.984848484848485 0.114229061228508
0.0261820075769819 0.997167138810198 0.0184017310438064
0.113587386837757 0.989247311827957 0.100654961496372
0.0308369444988579 0.99685534591195 0.0190274995734646
0.039262610345176 0.995238095238095 0.0266963518015786
0 0.5 0
0.144961099728703 0.986111111111111 0.143454945660632
0.02196809768692 0.996932515337423 0.0167728822187064
0 0 NA
0.113146742812773 0.992700729927007 0.0827538088429013
0 0 NA
0 0 NA
0.144839043863568 0.988888888888889 0.0999017519076494
0.162886212917961 0.983870967741935 0.141794233186135
0.144121802886161 0.992125984251969 0.099613297455321
0.48579537326605 0.909090909090909 0.498882418152541
0.113117590944497 0.992592592592593 0.0805459511577039
0.209108993195859 0.982758620689655 0.155523338750628
0.0916684213948099 0.993506493506493 0.0678127576295726
0.666666666666667 0.666666666666667 1
0.437429466012929 0.923076923076923 0.372182745845364
0.0473431688279584 0.994623655913978 0.0367546690254379
0 0 NA
0.190694613403396 0.984375 0.131122901192971
0.391293865285533 0.941176470588235 0.247291805402019
0.154376438221736 0.988372093023256 0.130478741197369
0.0459246761038572 0.995238095238095 0.0367025826452215
0.5 0.5 1
0 0 NA
0.49646102269212 0.962962962962963 0.395107357577158
0.578650052490988 0.8 0.58611420199789
0.154375267550583 0.984126984126984 0.122771270376608
0.0492397422176077 0.996153846153846 0.0345998797343404
0 0.5 0
0.0141010209465266 0.997624703087886 0.0109072951222332
0.141536672704431 0.989473684210526 0.101869877477823
0.5 0.5 1
0.427318834553243 0.96 0.349947891446162
0.169545810456743 0.98876404494382 0.116898869831352
0.201226254102086 0.985074626865672 0.137749725005698
0.75 0.75 1
0.282176671148486 0.983333333333333 0.194916593621392
0.0659644732964989 0.994791666666667 0.0469283854927785
0.4 0.8 0.5
0.5 0.5 1
0.129155729908362 0.990909090909091 0.101264597377723
0.102091653102567 0.987654320987654 0.0798218188492124
0.0665960957582013 0.994117647058823 0.0469174136546658
0.344187338002269 0.974358974358974 0.259189472773797
0.40657516242451 0.928571428571428 0.40280359813743
0.0950329249519285 0.993421052631579 0.0688096916822417
0.120651400474039 0.991304347826087 0.09527362709397
