0.000735017393053197
0.0083595232554787
0
0
0
0
0.00702756058442499
0
0
0
9.40673895725793e-08
0
0
0.00292090259074007
0.00105345937374019
0.000627806315382996
0.00170860485600089
1.30594682084968e-08
0.00032462080680965
0.000259062625335806
0
0
0
0
0
3.06071177764415e-14
0.00326456675367454
0
0.0185680231745082
0.000566399552819186
0
3.88364440974047e-10
0
0.000157979547172547
0
0
8.2516401497566e-05
0
0.0013790222019907
0.000100109668093062
0.00174121559851444
0.00220240563057047
0
0
4.19673864003478e-10
0.0171905335128721
7.60469108781437e-08
0
3.32571608400538e-14
3.65561260248515e-51
3.43011242813649e-10
0.000850243233435538
0.00107204753702387
0.00471471598971316
8.77826886637961e-12
0
0
0
0
0.00124363348442613
0
0
0
0
4.79347923684773e-05
0.000612457057202649
0.000221169067056484
2.25365990426067e-07
0
0
0
0
0
0
0
0
0
4.41081807509006e-18
4.86525437333844e-06
0.000361203320313773
4.32640021490378e-05
0
0
0
5.65911819174455e-18
0
7.39652854637053e-63
0
8.03905952104635e-08
7.31075553442211e-43
0
0
8.94842842730241e-05
0
0
3.01475950540524e-05
0.00507636859593432
0
0.000169664115288093
0.000666787873302495
0
8.986324113346e-05
0.000281056701697218
0
0
0
0
0
0.00633295308955209
0
0
0
0.024390243902439
0.000101591379299951
0
3.53012335246093e-18
0.000113167613003058
0
0
0
0
0.00985715509531503
0
8.54123975199052e-07
0
0
0.00438485829135375
0.00107199794160042
0
0
0
0
8.71697254396485e-08
1.03908180571842e-06
0
0
0.00329899384237838
0.000660071781325195
0.00163842983220191
0.00010991992075361
0
0
2.1697330692764e-05
0
0
6.35470085989015e-05
0
0.000177099117073103
0
0
0
0
0.00207428865100314
0
0
0
0
2.98161135248701e-36
5.57605152491226e-10
2.09429595461647e-07
0
4.76302626917623e-08
0.0118844611273863
0
0.0131751926829876
0
1.55703355465336e-06
0
6.81493525922081e-23
0
0
0
0
7.57138729080994e-05
0.000647939216840882
1.95917359930509e-13
0.0187882223264768
0
0
3.04958624040816e-06
0.00717648387804006
0
0
0
0
0
0.000548130962309569
0
0.000180434136004211
2.44621939339396e-05
0
0
0
0.00362223161618159
0
0
0
0
0.00548620553176021
0
0
0
3.48265546148566e-05
1.93738441810133e-06
1.12609493989658e-07
7.42087934950336e-149
0
0
0
0
0
0.00214819614891799
0
0
0.00156950010835795
0.00270156432367453
3.00256400197244e-07
0.00184746588242749
0.0192659495249265
0
0
0
2.65180133483404e-07
0
0.000131704385858378
0.00828192255841161
0
2.77630623507012e-06
3.5087020189501e-06
0
0.00457196996609896
2.88827695915128e-06
0
0
1.15792025059597e-06
0.000302254830131785
4.20495393074536e-06
0
0
0
0
3.18963798258311e-07
0
0
0
0
0.000418027066325889
0
3.61171168104086e-06
0
0
0.000745397931881901
0
0
0
0
0
0
0
0
0
0
0
0
0
0
0
0
0
0
0
0
0.00847049700342109
0.00238907920256934
0.000470346157836556
0
0.000691616068822879
0
0
0
0.00627274462643452
0
0
1.71868040617225e-23
0.00382693227645917
1.39115395125456e-13
0
0
0
0.00220991169587798
0
0
2.68463719740321e-07
0
0.0010186962932664
0
0
0
0
0
0
0
0
0
2.28313172208686e-08
0
2.39825641447184e-12
5.38497148900396e-06
6.40833701187226e-06
0.00180351651895994
0
4.47789074623966e-18
0
0
0.00572788312062181
0
0
0
0
1.86343892624459e-11
3.98052804319777e-17
0
1.35944234953723e-74
0
0.000395599274910602
0
0
0
0
0.000462182045965538
3.11664673058487e-15
0.000411981307778359
0
0
1.55201238475087e-05
0
4.94026491359212e-06
0
0
0
8.61186519786348e-13
0
0
0
0
0
0
0
0
0
1.03110298496753e-39
0.0436437507665269
0
0
0.000525293242014379
0.000664220896681933
0.000223548461001951
0.000503676355935709
2.92082721288554e-06
1.57101293000384e-12
0
0
0
3.68231885171804e-10
0
0
3.22275377064788e-07
3.85584102153087e-05
0
0
0
0
0.00122703936973096
0
9.99016755193943e-06
0.0182458072241245
0
2.57969075840893e-05
0
0
0
0.000287796279979006
0
8.85129343931495e-05
0
0
0
0.000420843614553271
0
0
0
0.00634231055827159
0
2.97419983721082e-09
0.00140415013776639
0.00156322708410491
0
0
0.00151001000946503
6.0252237872847e-09
0
0
0.00127107536249395
0
4.65814953747915e-06
0
0
0
0
0
3.38510238234571e-05
0
0.00160774285982104
0.0175225650907803
0.00393161451435071
0
0
0
0
1.35763997188875e-10
0.000666402585776014
0
0
0
2.90373132608436e-05
2.59844110001431e-05
0
0.00178800500371098
0
0
1.42307576468642e-05
0.000313268460777035
0
0
0
0
0
0
0
7.44024336351306e-05
0.000173119193371791
0
0.00021299391690036
4.63118926375914e-05
9.33231991654848e-07
8.32582546443791e-08
0
2.76062565001504e-28
6.76205851965306e-11
0
0
0
0
9.26908185230837e-15
0
0
0.0024910045141614
0
0.00182941803650551
0
0
0
0.00256333823546392
0.00851290470306713
0.000391994756136651
0
0
0
0
0
0
0
0.000787549368317237
6.87845511353452e-12
0.00906949185565357
8.38813665800477e-06
0
0
0
0
0
0
0
0
0
0.0192307205682137
3.02020647539142e-06
8.51717706892227e-21
0
5.7654883780059e-06
0
1.26923960103004e-05
0
0.00523842235325033
0.00107658825304444
0
0
0
5.29492424596439e-06
7.76228615517325e-13
0
9.45457813893956e-43
1.81806856300277e-05
0
0.00549408936713955
0
0
0
0
0
0
0
0
0
0
0
0
0
0.00252793632604627
0
6.76835830807003e-39
0.00104010131080204
2.60416175171859e-06
0
0.0173260420908448
0
0.000125448634273134
0
0
0
0.000310135213996521
4.49752310503625e-08
4.85117263568997e-09
0
5.73611490476521e-05
0
0
1.22460659795511e-09
0
0.020831916176245
0
0.0167721888126532
0.0022071680736412
0
0
0.000186111422472346
3.82100182746391e-05
0.00237692421019061
0.0245672692838274
0
2.70329497614453e-06
0
0
0.0151016840529497
1.78743735638114e-05
0
0
1.39459911694485e-09
1.11429852918904e-05
0
0
0
6.1648688931183e-05
0
0.00357247416453695
0
0
0
0
0
0.00274132741532608
9.54446434126142e-05
0.00189218658838685
6.74204833099271e-16
8.60720054542788e-05
0
4.10430079945342e-06
0
0
0
4.50118004621176e-08
0
0.0126261552358269
3.02708396750114e-05
0
0
2.46582838101888e-05
0
0
3.37057203744902e-09
5.34054815666298e-46
0.000155421381724947
0
0
0
0
0.00278804321525701
0
0
2.53325377739602e-07
4.71903781241531e-06
0
0
1.18929349601127e-06
1.19008350331165e-05
0
0.000303797824613085
0
0.00184936065434293
2.35763080654327e-07
0
0
0.000101925943163758
1.63238203873853e-05
0
5.25203617356222e-06
0
0.00168441601062366
0
4.07901670682868e-06
0.0120248676975933
0
0.0193238269894931
0.00251030615831957
0.000892111691826883
0
7.18030226902205e-09
0.00282367676583142
0
0
0
0.00123819223020067
0
0.000385594299311572
0
0
0
0.00393660727359531
3.78482208950601e-69
0
0
0
0
0.0119171396169714
0
0
0.00176450234872679
2.88604966501862e-06
0.00469367625344814
6.12090239606993e-11
0.000256009787325504
1.09035933772786e-41
0
0.0047284947370058
0.000359951904987905
0
0
0
0
0
0.000558431602460051
1.94588816851061e-24
0.00496585896213185
1.11844639567158e-05
0
0
5.8350908177e-10
1.40394196977771e-38
0
0.000407740600996672
3.15324106989353e-06
0
0
0
0
0
0
0.022101814487838
0.000123571368812469
0
0
0.0256292362087419
3.8532568386339e-05
0.00166126596624181
0
7.84998821801937e-05
0.0342565532409327
0
0.00198209878293635
0
0
0
1.11911454734013e-05
0.000211295344273021
0
0
0
6.51139636217399e-05
0
5.56849771451789e-06
0.0185972288017174
2.91793384944238e-13
0.0140591597985009
0.000322886152623046
0
0
0
2.40566171861785e-13
0
0
1.88629668926314e-06
0
3.42931498177969e-07
0.00421551830763697
0
0.000109446412415651
0
0
0
0
1.2089354048266e-56
5.4371526425527e-05
0
1.60318266690892e-11
0
0
2.00478527997549e-05
0
0
0
0
1.05517333349152e-15
0
2.76817919610147e-12
0.000410387633766154
0.00160449317432489
0.00039700020418599
0.00137344405291239
0
0.0191966441466593
0
0
0
3.63295972987762e-35
0
0
0
0.000183865294462255
0
0
0
2.65525924648268e-07
0
0
0
0
0
0
0
0
0.00266513621735904
0
0
3.65010895987707e-19
0
0
0.0200163167439909
0.000105552756067412
0
4.03894227630544e-16
0
0
0
0
0
0
0
0
0
0.0185257035676885
0.0199924870664256
1.72823189325098e-05
0.006527296138569
2.99637394918676e-14
0
0
0
0
0
0
0
0
0
0
0.00442661580416856
0
0.000898843236141823
1.68105353088703e-30
0
0
1.25993485336838e-06
0
2.93098691702263e-12
0
0
0
0
0
0.0185688174495172
2.10842050723032e-05
2.42898011778744e-12
0
3.56688532882675e-06
0
0
0
0.000751409532088456
6.60642716152141e-10
1.30234823980416e-07
6.15459644725061e-09
0
0
0
0
0
0
0
0.00219557932278948
0
0
0
5.79075137462014e-07
0
0
0.00403414137277136
1.92680056483868e-05
0.000170534962819301
0
2.08343425438287e-09
0
0
2.81216693184244e-06
0
0
0
0
0
0.00102782753352826
0
0.00233383400989578
0
2.08671717153494e-98
0
0
0
0
0
0
0
0
0
5.22208055963539e-08
0
0
0
0
5.25281234235369e-11
0.00018479200676523
0
0
0
0
0.000546291991887462
0
0.0256410176173025
0.00107502570538584
0.000631047347335603
0
0
0
0.00149615018197949
0
0
0
0
0
0.001228779216723
0
0.0211285706993315
0
0.000105935393289763
0
0
0
0
0
0
0
0.0236015177758724
0
0
0.00243590553830594
0
0
0
0
0
0
0.00055317315505848
7.89862245772354e-05
3.88410297820179e-05
0.000890764284282337
0.000774171375611635
0
0
0.00391871677700983
0.000548162415039211
0
0
0
0
0.00154220723162528
0
0
0
7.0987211234244e-05
6.45878739206515e-23
0.00796382446403241
2.67692534082717e-15
0
0
0
0
0
0
0
9.26656531022184e-06
0
0
1.17019249323586e-55
0.000657116275961071
0
0
0
8.00711095812314e-54
0
0
0
0
0
0
0.00150375988368694
6.69600642386074e-05
0
0
0
0
7.28414526962285e-12
0
0
0.00432598583755253
0
1.07476021989237e-46
0
0.00103301175498304
0
0
0
0.00091666845468474
7.67770612190853e-05
0
5.86755507434476e-06
0.00686083125268569
0.0147448490753511
0.00033665919417327
1.30507952309801e-86
0
0
0.00598449294269328
0
0
0
0
0
0
0
0
0
0
0
1.74863162545185e-05
0
0
8.60329338761987e-54
0.000311984162625314
3.51740346083919e-12
0
0
0
4.52288344281188e-07
