0.563636363636364 0.472727272727273 0.161100250602516
0.557692307692308 0.519230769230769 0.181694303499937
0.680851063829787 0.595744680851064 0.255655617491076
0.578947368421053 0.473684210526316 0.141944134019086
0.574074074074074 0.518518518518518 0.151034868039948
0.571428571428571 0.530612244897959 0.211518891468342
0.619047619047619 0.571428571428571 0.298004288924691
0.591836734693878 0.530612244897959 0.260998847074848
0.622222222222222 0.511111111111111 0.223551249411569
0.555555555555556 0.466666666666667 0.113523900493271
0.541666666666667 0.520833333333333 0.163915641343744
0.547169811320755 0.471698113207547 0.155904184547663
0.617021276595745 0.595744680851064 0.211246164644056
0.611111111111111 0.62962962962963 0.212755124521809
0.58 0.48 0.159914289613489
0.578947368421053 0.543859649122807 0.180214084480975
0.522727272727273 0.431818181818182 0.104612770504108
0.568181818181818 0.545454545454545 0.231262944287043
0.6 0.581818181818182 0.19675238175829
0.522727272727273 0.454545454545455 0.208506564206985
0.577777777777778 0.577777777777778 0.217133349842438
0.642857142857143 0.589285714285714 0.217141363819943
0.604166666666667 0.583333333333333 0.194263497677071
0.553191489361702 0.531914893617021 0.19430100698463
0.596153846153846 0.596153846153846 0.212417747640332
0.6 0.527272727272727 0.155048588072118
0.576271186440678 0.491525423728814 0.159555620329693
0.576271186440678 0.491525423728814 0.120688503054329
0.565217391304348 0.521739130434783 0.190706140571876
0.489795918367347 0.469387755102041 0.186226232462004
0.641509433962264 0.566037735849057 0.18249175767577
0.543859649122807 0.526315789473684 0.170240727376351
0.555555555555556 0.462962962962963 0.205269465578291
0.611111111111111 0.574074074074074 0.194866704031802
0.551724137931034 0.482758620689655 0.165868407996428
0.622641509433962 0.60377358490566 0.220612289291649
0.509090909090909 0.454545454545455 0.122201690461737
0.549019607843137 0.549019607843137 0.139706300370303
0.604166666666667 0.583333333333333 0.18273577662364
0.53448275862069 0.482758620689655 0.181812490905312
0.619047619047619 0.547619047619048 0.203516136072264
0.627450980392157 0.450980392156863 0.122877498536605
0.630434782608696 0.58695652173913 0.200538230675588
0.590909090909091 0.545454545454545 0.16852455354732
0.53448275862069 0.517241379310345 0.122524500934781
0.481481481481481 0.444444444444444 0.157638805105705
0.596491228070175 0.543859649122807 0.168652840711121
0.659090909090909 0.613636363636364 0.187605911351369
0.538461538461538 0.461538461538462 0.154661579031615
0.607843137254902 0.549019607843137 0.193595813346975
0.627906976744186 0.558139534883721 0.217530005513677
0.534883720930233 0.441860465116279 0.206813473439632
0.581818181818182 0.563636363636364 0.209425142725424
0.521739130434783 0.478260869565217 0.225432981757412
0.543859649122807 0.56140350877193 0.165917455150676
0.54 0.54 0.307802363296139
0.613636363636364 0.477272727272727 0.216431714396105
0.609756097560976 0.560975609756098 0.246579109156141
0.56140350877193 0.526315789473684 0.188221976372276
0.5 0.354166666666667 0.113859769451141
0.568181818181818 0.545454545454545 0.235214606393692
0.536585365853659 0.463414634146341 0.235756594935465
0.571428571428571 0.535714285714286 0.16586856585917
0.547619047619048 0.428571428571429 0.228951869979737
0.607142857142857 0.571428571428571 0.143671632454374
0.66 0.66 0.285510235689353
0.542372881355932 0.440677966101695 0.12941868335546
0.526315789473684 0.508771929824561 0.147695573526138
0.63265306122449 0.551020408163265 0.194248450759272
0.535714285714286 0.482142857142857 0.146747418337312
0.542372881355932 0.491525423728814 0.120757160423763
0.658536585365854 0.658536585365854 0.270084734597755
0.574074074074074 0.574074074074074 0.201526915862983
0.593220338983051 0.542372881355932 0.173554094674344
0.571428571428571 0.530612244897959 0.203123223806028
0.593220338983051 0.525423728813559 0.138766784784258
0.577777777777778 0.577777777777778 0.187977735639736
0.536585365853659 0.536585365853659 0.238768621739719
0.557692307692308 0.538461538461538 0.258928043049226
0.647058823529412 0.568627450980392 0.202500408960176
0.565217391304348 0.478260869565217 0.17898251114031
0.545454545454545 0.454545454545455 0.143152867801204
0.615384615384615 0.519230769230769 0.173386107965969
0.581818181818182 0.509090909090909 0.1441037299983
0.577777777777778 0.511111111111111 0.215762560210478
0.590909090909091 0.590909090909091 0.215212250195084
0.547619047619048 0.476190476190476 0.269742403262645
0.634146341463415 0.585365853658537 0.254910693547438
0.642857142857143 0.571428571428571 0.238683059463615
0.518518518518518 0.444444444444444 0.103965369310773
0.595744680851064 0.553191489361702 0.217892603286034
0.60377358490566 0.528301886792453 0.178125563396885
0.593220338983051 0.525423728813559 0.16505404531386
0.549019607843137 0.529411764705882 0.218170831829436
0.565217391304348 0.521739130434783 0.215545810319706
0.622641509433962 0.566037735849057 0.249586318592402
0.622222222222222 0.577777777777778 0.239916443174448
0.673076923076923 0.634615384615385 0.164948719168561
0.609756097560976 0.560975609756098 0.263819126720033
0.593220338983051 0.559322033898305 0.157529044578579
0.523809523809524 0.5 0.171314890351028
0.576923076923077 0.557692307692308 0.199982130587558
0.642857142857143 0.619047619047619 0.252458938898976
0.555555555555556 0.481481481481481 0.184240332662661
0.596491228070175 0.596491228070175 0.224702803120904
0.565217391304348 0.543478260869565 0.215208820993921
0.584905660377358 0.547169811320755 0.216994456693306
0.559322033898305 0.491525423728814 0.17960350133287
0.521739130434783 0.456521739130435 0.135711288405357
0.636363636363636 0.568181818181818 0.257911741267712
0.53448275862069 0.46551724137931 0.086161573399978
0.521739130434783 0.456521739130435 0.173884676597149
0.53448275862069 0.448275862068966 0.110879049413707
0.584905660377358 0.566037735849057 0.203898971699716
0.547619047619048 0.547619047619048 0.29043761496152
0.581395348837209 0.534883720930233 0.171522325839194
0.617021276595745 0.553191489361702 0.196113682440815
0.571428571428571 0.551020408163265 0.202519778707624
0.593220338983051 0.474576271186441 0.185479111019222
0.574074074074074 0.462962962962963 0.163882444263509
0.60377358490566 0.509433962264151 0.195838116520983
0.549019607843137 0.490196078431373 0.140080237132198
0.666666666666667 0.555555555555556 0.281554195917918
0.534883720930233 0.511627906976744 0.207215676714874
0.557692307692308 0.5 0.200211927772844
0.617021276595745 0.617021276595745 0.228738222961962
0.625 0.5 0.178886908727134
0.576271186440678 0.491525423728814 0.110066886399749
0.518518518518518 0.462962962962963 0.166849612442575
0.630434782608696 0.608695652173913 0.183789582321445
0.523809523809524 0.523809523809524 0.237753512138408
0.583333333333333 0.5625 0.271419888054315
0.615384615384615 0.519230769230769 0.128706558850793
0.541666666666667 0.520833333333333 0.167814285397643
0.508771929824561 0.456140350877193 0.15824282366269
0.588235294117647 0.509803921568627 0.132595512006178
0.595238095238095 0.571428571428571 0.299648714772847
0.543859649122807 0.473684210526316 0.139559962645449
0.553191489361702 0.48936170212766 0.244807518303878
0.490909090909091 0.436363636363636 0.110891879723765
0.5 0.481481481481481 0.166189364829053
0.551724137931034 0.482758620689655 0.151643164800099
0.568627450980392 0.509803921568627 0.199957241228129
0.58 0.58 0.226935210930469
0.537037037037037 0.462962962962963 0.139859347653416
0.645833333333333 0.541666666666667 0.195607795775149
0.583333333333333 0.5 0.144874043522763
0.555555555555556 0.466666666666667 0.245003063658977
0.581395348837209 0.604651162790698 0.20734174712294
0.578947368421053 0.543859649122807 0.201012681694167
0.522727272727273 0.477272727272727 0.259279589322855
0.489795918367347 0.489795918367347 0.140362322843713
0.5625 0.4375 0.155221589199597
0.593220338983051 0.610169491525424 0.186134727564959
0.56 0.52 0.220255229754032
0.543478260869565 0.5 0.234923940406249
0.517241379310345 0.413793103448276 0.100076818635534
0.578947368421053 0.491228070175439 0.172552434133871
0.729166666666667 0.666666666666667 0.305005347106531
0.534883720930233 0.465116279069767 0.192689814057185
0.58695652173913 0.543478260869565 0.209692388576205
0.60377358490566 0.566037735849057 0.219789582284048
0.476190476190476 0.428571428571429 0.156130418495293
0.571428571428571 0.510204081632653 0.222351711963339
0.630434782608696 0.478260869565217 0.168594435813229
0.542372881355932 0.508474576271186 0.138091559711627
0.530612244897959 0.469387755102041 0.229544809503055
0.576271186440678 0.508474576271186 0.131865583817623
0.642857142857143 0.589285714285714 0.262060610409899
0.603448275862069 0.5 0.163633442331289
0.620689655172414 0.551724137931034 0.193902947595941
0.574468085106383 0.51063829787234 0.202721848473165
0.666666666666667 0.574074074074074 0.169380267629334
0.642857142857143 0.571428571428571 0.169623547256876
0.574468085106383 0.468085106382979 0.171148668221116
0.577777777777778 0.533333333333333 0.158382952053675
0.547169811320755 0.566037735849057 0.240959356480056
0.58695652173913 0.521739130434783 0.220598171634898
0.585365853658537 0.536585365853659 0.194908668900986
0.465116279069767 0.372093023255814 0.209603517620164
0.619047619047619 0.595238095238095 0.286991438644918
0.517857142857143 0.535714285714286 0.23045300256753
0.454545454545455 0.454545454545455 0.1254868119335
0.636363636363636 0.522727272727273 0.210535086066941
0.727272727272727 0.636363636363636 0.220728326035111
0.533333333333333 0.444444444444444 0.116072889179261
0.653061224489796 0.591836734693878 0.180335638909516
0.56140350877193 0.491228070175439 0.130766086747643
0.574074074074074 0.481481481481481 0.175344702685541
0.595744680851064 0.468085106382979 0.16643286587286
0.545454545454545 0.490909090909091 0.145409834782102
0.581818181818182 0.581818181818182 0.157616032978952
0.51219512195122 0.390243902439024 0.170090987342053
0.557692307692308 0.557692307692308 0.216563190308701
0.518518518518518 0.5 0.226372963916928
0.444444444444444 0.407407407407407 0.107417614255042
0.581395348837209 0.465116279069767 0.176545491357467
0.428571428571429 0.357142857142857 0.126581223606758
0.589285714285714 0.553571428571429 0.181348066165353
0.5 0.481481481481481 0.174453616745306
0.58 0.52 0.183692683157106
0.542372881355932 0.525423728813559 0.129325710406476
0.6 0.555555555555556 0.201068783384543
0.58 0.48 0.176159604937201
0.592592592592593 0.518518518518518 0.149907653803692
0.604651162790698 0.558139534883721 0.18899301880476
0.488372093023256 0.418604651162791 0.188006392776136
0.568181818181818 0.522727272727273 0.214268256597474
0.571428571428571 0.446428571428571 0.140745962579051
0.591836734693878 0.510204081632653 0.151762955647802
0.622641509433962 0.433962264150943 0.14747878320186
0.523809523809524 0.452380952380952 0.191258285002405
0.604651162790698 0.581395348837209 0.329883042289141
0.508474576271186 0.457627118644068 0.171471419493318
0.625 0.535714285714286 0.220936246031451
0.596153846153846 0.576923076923077 0.186870528811768
0.511111111111111 0.488888888888889 0.132927780953885
0.592592592592593 0.537037037037037 0.224489948826498
0.521739130434783 0.434782608695652 0.121268160194899
0.527272727272727 0.454545454545455 0.163384808866273
0.590909090909091 0.568181818181818 0.227992991037553
0.58695652173913 0.543478260869565 0.289693274377898
0.547169811320755 0.547169811320755 0.208394014907184
0.630434782608696 0.543478260869565 0.264629686473914
0.585365853658537 0.51219512195122 0.203821363503322
0.578947368421053 0.473684210526316 0.135904907168649
0.54 0.5 0.119507570934696
0.490909090909091 0.509090909090909 0.177078311417329
0.571428571428571 0.489795918367347 0.105984201596023
0.674418604651163 0.604651162790698 0.147061208210395
0.578947368421053 0.526315789473684 0.164710430938246
0.547619047619048 0.5 0.27251819086235
0.581395348837209 0.558139534883721 0.234207924974474
0.655172413793103 0.620689655172414 0.242218892070814
0.604166666666667 0.520833333333333 0.202943152315356
0.611111111111111 0.5 0.173563993275142
0.535714285714286 0.535714285714286 0.163198199547138
0.576923076923077 0.5 0.232514502441495
0.545454545454545 0.5 0.136669312036637
0.636363636363636 0.6 0.212376064537697
0.58 0.54 0.210099579693269
0.571428571428571 0.510204081632653 0.150073347946824
0.528301886792453 0.452830188679245 0.213613408320391
0.519230769230769 0.461538461538462 0.158332495928817
0.568627450980392 0.549019607843137 0.210750744908188
0.581395348837209 0.511627906976744 0.190279312763154
0.6 0.56 0.213956672764631
0.51219512195122 0.439024390243902 0.280424217959065
0.534883720930233 0.465116279069767 0.152321165899291
0.618181818181818 0.636363636363636 0.205757208313869
0.638297872340426 0.553191489361702 0.190586290391998
0.590909090909091 0.522727272727273 0.199946331117433
0.547169811320755 0.471698113207547 0.182675597308665
0.634615384615385 0.596153846153846 0.219919660888569
0.591836734693878 0.571428571428571 0.237376009683216
0.565217391304348 0.521739130434783 0.196096786586587
0.537037037037037 0.5 0.175753849886447
0.603448275862069 0.568965517241379 0.207683855897953
0.571428571428571 0.571428571428571 0.232351677029841
0.603448275862069 0.551724137931034 0.225279821379055
0.56140350877193 0.526315789473684 0.106206159224255
0.581818181818182 0.472727272727273 0.173738325997839
0.674418604651163 0.581395348837209 0.194519568815309
0.636363636363636 0.563636363636364 0.227625283810672
0.568181818181818 0.5 0.192512580302539
0.688888888888889 0.666666666666667 0.275877057806494
0.614035087719298 0.614035087719298 0.212648888670448
0.652173913043478 0.652173913043478 0.239138145896734
0.545454545454545 0.509090909090909 0.190948647822433
0.58695652173913 0.434782608695652 0.218413656248205
0.563636363636364 0.509090909090909 0.12262833764085
0.6 0.6 0.232530079769599
0.529411764705882 0.431372549019608 0.135052213787223
0.608695652173913 0.543478260869565 0.168633650634961
0.627906976744186 0.581395348837209 0.236468578169175
0.649122807017544 0.631578947368421 0.22239607215031
0.536585365853659 0.51219512195122 0.167886835589241
0.595744680851064 0.553191489361702 0.217119272943007
0.538461538461538 0.461538461538462 0.14241351767675
0.666666666666667 0.6 0.273823610508533
0.48 0.38 0.21192451073856
0.630434782608696 0.543478260869565 0.205780000294977
0.641509433962264 0.528301886792453 0.190450256096431
0.509433962264151 0.471698113207547 0.137186398388193
0.534883720930233 0.488372093023256 0.188038638961933
0.555555555555556 0.444444444444444 0.164295214201356
0.553191489361702 0.51063829787234 0.283840813742897
0.627906976744186 0.534883720930233 0.256648622948119
0.568181818181818 0.545454545454545 0.189914445690534
0.536585365853659 0.463414634146341 0.212815122500678
0.576271186440678 0.542372881355932 0.150914674301175
0.681818181818182 0.613636363636364 0.253079285141248
0.555555555555556 0.466666666666667 0.135041009069159
0.645833333333333 0.583333333333333 0.214770322474597
0.592592592592593 0.518518518518518 0.165667136012132
0.558139534883721 0.418604651162791 0.138825642701255
0.534883720930233 0.488372093023256 0.240746573251796
0.614035087719298 0.578947368421053 0.176836896047893
0.545454545454545 0.477272727272727 0.222960144461617
0.586206896551724 0.53448275862069 0.144477683813401
0.595238095238095 0.523809523809524 0.186198285546262
0.530612244897959 0.448979591836735 0.190424993375482
0.615384615384615 0.596153846153846 0.170206927143792
0.51219512195122 0.48780487804878 0.244811607954291
0.566037735849057 0.471698113207547 0.182300736257455
0.603448275862069 0.568965517241379 0.153483746461568
0.588235294117647 0.568627450980392 0.189408754532098
0.526315789473684 0.43859649122807 0.155551936729301
0.566037735849057 0.509433962264151 0.246825317860966
0.534883720930233 0.465116279069767 0.172165750005741
0.630434782608696 0.521739130434783 0.215876220480713
0.6 0.533333333333333 0.267367338875435
0.6 0.56 0.182322918633528
0.54 0.52 0.171265693189557
0.448979591836735 0.428571428571429 0.185801553131718
0.654545454545455 0.636363636363636 0.227825677902876
0.674418604651163 0.627906976744186 0.20481271784022
0.560975609756098 0.463414634146341 0.154651333910456
0.673913043478261 0.608695652173913 0.249292569269548
0.6875 0.583333333333333 0.254026045135056
0.607142857142857 0.535714285714286 0.181044303427349
0.509803921568627 0.490196078431373 0.126467056629612
0.634146341463415 0.560975609756098 0.239832527077572
0.553191489361702 0.51063829787234 0.191085947771101
0.571428571428571 0.523809523809524 0.238308083329587
0.542372881355932 0.474576271186441 0.154629304103178
0.604166666666667 0.541666666666667 0.205052606201388
0.577777777777778 0.577777777777778 0.21013810910268
0.557692307692308 0.5 0.156665171761329
0.608695652173913 0.521739130434783 0.19703651582708
0.566037735849057 0.509433962264151 0.227593884293621
0.568965517241379 0.5 0.169545892942598
0.508771929824561 0.456140350877193 0.200087116216634
0.617021276595745 0.48936170212766 0.220891409245801
0.558139534883721 0.534883720930233 0.20421764615747
0.576271186440678 0.491525423728814 0.138996941720355
0.612244897959184 0.571428571428571 0.232585798293445
0.592592592592593 0.5 0.17341545682172
0.576923076923077 0.5 0.172755335172561
0.48936170212766 0.468085106382979 0.20229794410597
0.581818181818182 0.509090909090909 0.154675000042627
0.558139534883721 0.511627906976744 0.205055196326427
0.60377358490566 0.566037735849057 0.168076559944527
0.622222222222222 0.6 0.260271355864995
0.659574468085106 0.638297872340426 0.264815379639324
0.627906976744186 0.534883720930233 0.239484790315436
0.542372881355932 0.423728813559322 0.112526627636137
0.527272727272727 0.490909090909091 0.142265236292053
0.583333333333333 0.5625 0.166880057539485
0.48780487804878 0.390243902439024 0.0929132290925715
0.636363636363636 0.568181818181818 0.164306179242773
0.642857142857143 0.517857142857143 0.162767607371768
0.565217391304348 0.5 0.18384529685226
0.642857142857143 0.571428571428571 0.184656925208481
0.571428571428571 0.5 0.130992453588145
0.563636363636364 0.545454545454545 0.199495609675211
0.6 0.577777777777778 0.187798104155055
0.612244897959184 0.551020408163265 0.205536555887798
0.619047619047619 0.523809523809524 0.205607190186061
0.634615384615385 0.576923076923077 0.229426433089069
0.596153846153846 0.5 0.151575029066668
0.549019607843137 0.431372549019608 0.161068298056856
0.596153846153846 0.519230769230769 0.178079259013336
0.555555555555556 0.5 0.146537027389682
0.576923076923077 0.538461538461538 0.189629994210879
0.571428571428571 0.482142857142857 0.131311810257979
0.511627906976744 0.511627906976744 0.212488649863796
0.682926829268293 0.658536585365854 0.321114437400207
0.547619047619048 0.5 0.154902622960781
0.54 0.48 0.19408643092674
0.604651162790698 0.558139534883721 0.189006646230094
0.555555555555556 0.511111111111111 0.177379295754971
0.591836734693878 0.551020408163265 0.229045859820519
0.54 0.5 0.181832599159932
0.566037735849057 0.528301886792453 0.178690276792937
0.590909090909091 0.568181818181818 0.193525024563624
0.673913043478261 0.608695652173913 0.267244872545458
0.608695652173913 0.608695652173913 0.200027243220215
0.508771929824561 0.403508771929825 0.119943509624703
0.547619047619048 0.476190476190476 0.174569297673068
0.522727272727273 0.340909090909091 0.212268033159155
0.531914893617021 0.425531914893617 0.144355095684767
0.5625 0.541666666666667 0.193737206948606
0.590909090909091 0.568181818181818 0.175762046672629
0.56 0.52 0.231595142176042
0.557692307692308 0.480769230769231 0.191067349339116
0.596153846153846 0.5 0.224227575648148
0.568181818181818 0.5 0.165029682159244
0.619047619047619 0.5 0.252775878505893
0.563636363636364 0.472727272727273 0.147134148534255
0.551020408163265 0.489795918367347 0.160464014203757
0.591836734693878 0.591836734693878 0.233114923282016
0.523809523809524 0.476190476190476 0.190153424317301
0.56 0.56 0.154178525851334
0.535714285714286 0.446428571428571 0.146303492465016
0.434782608695652 0.326086956521739 0.0652539880030317
0.631578947368421 0.578947368421053 0.200855766755203
0.523809523809524 0.428571428571429 0.171344210556431
0.595744680851064 0.48936170212766 0.246354524275373
0.571428571428571 0.551020408163265 0.242314810239921
0.508474576271186 0.474576271186441 0.119410968297138
0.53448275862069 0.517241379310345 0.131801645098687
0.60377358490566 0.547169811320755 0.27722630693799
0.720930232558139 0.674418604651163 0.243271466669187
0.521739130434783 0.521739130434783 0.125798553731427
0.471698113207547 0.452830188679245 0.118153872169208
0.585365853658537 0.560975609756098 0.28837323705548
0.592592592592593 0.555555555555556 0.180620931838234
0.584905660377358 0.528301886792453 0.131022873636616
0.5 0.38 0.110909892483489
0.595744680851064 0.48936170212766 0.181781948144061
0.525423728813559 0.491525423728814 0.156230264908277
0.522727272727273 0.454545454545455 0.169395007043847
0.6 0.509090909090909 0.141093836449886
0.558139534883721 0.488372093023256 0.20091810463984
0.6875 0.583333333333333 0.165469641658739
0.607843137254902 0.568627450980392 0.173527308418641
0.659090909090909 0.636363636363636 0.2193918988589
0.673913043478261 0.58695652173913 0.189840865380914
0.571428571428571 0.469387755102041 0.16081130496221
0.511627906976744 0.511627906976744 0.143451333212792
0.517241379310345 0.482758620689655 0.116063621082123
0.571428571428571 0.5 0.191969856031295
0.56140350877193 0.456140350877193 0.14528557045775
0.593220338983051 0.525423728813559 0.169746929110548
0.607843137254902 0.509803921568627 0.169555452906777
0.589285714285714 0.446428571428571 0.117159468945146
0.56 0.5 0.135753536078076
0.481481481481481 0.444444444444444 0.180730950037266
0.542372881355932 0.457627118644068 0.143274774283917
0.592592592592593 0.537037037037037 0.162386467473838
0.586206896551724 0.517241379310345 0.130365044654996
0.660377358490566 0.622641509433962 0.208515006965005
0.553191489361702 0.553191489361702 0.22327510425723
0.574074074074074 0.518518518518518 0.1422564086247
0.603448275862069 0.448275862068966 0.194433697199809
0.609756097560976 0.585365853658537 0.296216289727095
0.717391304347826 0.673913043478261 0.193867910577743
0.593220338983051 0.542372881355932 0.139281720209628
0.589285714285714 0.553571428571429 0.218885675010406
0.523809523809524 0.476190476190476 0.233227431088698
0.660714285714286 0.625 0.193310096235003
0.673076923076923 0.615384615384615 0.137408766381656
0.538461538461538 0.5 0.202659282981497
0.511627906976744 0.465116279069767 0.212689594074216
0.557692307692308 0.557692307692308 0.151314230534902
0.644444444444444 0.622222222222222 0.301885041829358
0.603448275862069 0.53448275862069 0.182867220702509
0.574468085106383 0.51063829787234 0.166917335325778
0.56 0.52 0.173031730826005
0.545454545454545 0.527272727272727 0.180163931669465
0.589285714285714 0.517857142857143 0.173088523812989
0.543478260869565 0.521739130434783 0.224296798518826
0.644444444444444 0.533333333333333 0.226879668920504
0.603448275862069 0.586206896551724 0.221271173819748
0.530612244897959 0.489795918367347 0.163703434198559
0.611111111111111 0.592592592592593 0.201964412279722
0.538461538461538 0.461538461538462 0.188508236666466
0.644444444444444 0.577777777777778 0.241939156894051
0.6 0.527272727272727 0.160054374429444
0.680851063829787 0.617021276595745 0.248496955070318
0.523809523809524 0.452380952380952 0.107834313163618
0.666666666666667 0.619047619047619 0.333311589233279
0.549019607843137 0.509803921568627 0.0974524439898756
0.534883720930233 0.511627906976744 0.215416890912613
0.627450980392157 0.509803921568627 0.166920260277414
0.463414634146341 0.439024390243902 0.224635983718409
0.560975609756098 0.560975609756098 0.251328248797609
0.452380952380952 0.476190476190476 0.228863805829456
0.673076923076923 0.634615384615385 0.19918856556774
0.568965517241379 0.46551724137931 0.145549035732926
0.533333333333333 0.511111111111111 0.225118972698425
0.622222222222222 0.622222222222222 0.306392204912878
0.642857142857143 0.571428571428571 0.145466626241155
0.666666666666667 0.571428571428571 0.239322122171384
0.658536585365854 0.634146341463415 0.224301802395506
0.56140350877193 0.333333333333333 0.104407377525444
0.584905660377358 0.471698113207547 0.171170818620616
0.608695652173913 0.543478260869565 0.288739680874308
0.536585365853659 0.536585365853659 0.246361078198454
0.590909090909091 0.545454545454545 0.210711241862442
0.519230769230769 0.461538461538462 0.199124936860707
0.557692307692308 0.461538461538462 0.191655296806417
0.543478260869565 0.5 0.220459974906855
0.51063829787234 0.48936170212766 0.136362835510226
0.620689655172414 0.551724137931034 0.21589594120618
0.576923076923077 0.519230769230769 0.179395796020759
0.680851063829787 0.659574468085106 0.214809015770357
0.614035087719298 0.596491228070175 0.191402209770039
0.560975609756098 0.439024390243902 0.198989822166795
0.6 0.56 0.208225812498923
0.631578947368421 0.614035087719298 0.230129441704674
0.609756097560976 0.609756097560976 0.240049895970751
0.551724137931034 0.482758620689655 0.165975712940871
0.619047619047619 0.571428571428571 0.206955289010809
0.568627450980392 0.470588235294118 0.124531335136112
0.634615384615385 0.634615384615385 0.203259875384797
0.5 0.5 0.119425776440603
0.568627450980392 0.490196078431373 0.182887537683153
0.634615384615385 0.615384615384615 0.242604242053668
0.553191489361702 0.48936170212766 0.228342907304764
0.659574468085106 0.553191489361702 0.221435973885405
0.627906976744186 0.534883720930233 0.274576154055175
0.641509433962264 0.547169811320755 0.187384988105521
0.6 0.511111111111111 0.195622349180278
0.531914893617021 0.468085106382979 0.211642325625253
0.634146341463415 0.609756097560976 0.250978497114688
0.576271186440678 0.474576271186441 0.161506680310123
0.595744680851064 0.48936170212766 0.235201998581442
0.604651162790698 0.488372093023256 0.246415949120586
0.557692307692308 0.461538461538462 0.174846800547813
0.586206896551724 0.517241379310345 0.18813567622771
0.615384615384615 0.519230769230769 0.211863113976961
0.62 0.6 0.293458947957165
0.535714285714286 0.482142857142857 0.169354436314665
0.555555555555556 0.5 0.160412873088079
0.525423728813559 0.525423728813559 0.162944784727067
0.618181818181818 0.581818181818182 0.176338160018457
0.588235294117647 0.549019607843137 0.135233623132485
0.581395348837209 0.488372093023256 0.194018768277352
0.740740740740741 0.611111111111111 0.136855892960087
0.58 0.54 0.181804434098953
0.604166666666667 0.479166666666667 0.158973134724638
0.595744680851064 0.48936170212766 0.150858347872337
0.609756097560976 0.51219512195122 0.178214579925581
0.625 0.553571428571429 0.222444847934238
0.508771929824561 0.508771929824561 0.200139331143196
0.642857142857143 0.589285714285714 0.20258298422972
0.583333333333333 0.541666666666667 0.165003265717213
0.595744680851064 0.574468085106383 0.196509285141239
0.56140350877193 0.543859649122807 0.143794183203694
0.613636363636364 0.613636363636364 0.1907802775854
0.551724137931034 0.517241379310345 0.159173860397337
0.607142857142857 0.482142857142857 0.172635652519263
0.522727272727273 0.431818181818182 0.179990662400918
0.614035087719298 0.526315789473684 0.154537899994048
0.636363636363636 0.568181818181818 0.152521316347246
0.4375 0.458333333333333 0.174340764476222
0.659574468085106 0.617021276595745 0.245891660334879
0.534883720930233 0.511627906976744 0.201994814192489
0.536585365853659 0.51219512195122 0.243756302857294
0.585365853658537 0.560975609756098 0.192749105764043
0.672413793103448 0.620689655172414 0.245768387300192
0.622641509433962 0.566037735849057 0.220522063363451
0.60377358490566 0.547169811320755 0.174566100686373
0.523809523809524 0.476190476190476 0.161390094312246
0.553191489361702 0.48936170212766 0.167770041763074
0.622641509433962 0.528301886792453 0.227923157687426
0.387755102040816 0.285714285714286 0.121064250563104
0.577777777777778 0.533333333333333 0.248179778491054
0.58 0.5 0.16044461007318
0.618181818181818 0.527272727272727 0.150632934926245
0.576923076923077 0.519230769230769 0.202120423195409
0.611111111111111 0.537037037037037 0.187249813342212
0.620689655172414 0.603448275862069 0.204112485624982
0.5 0.477272727272727 0.180085475573796
0.533333333333333 0.466666666666667 0.202659125988456
0.589285714285714 0.571428571428571 0.178979794847182
0.535714285714286 0.5 0.139121111700839
0.625 0.645833333333333 0.270916007508757
0.617021276595745 0.51063829787234 0.182076461465742
0.526315789473684 0.508771929824561 0.16178202063679
0.658536585365854 0.585365853658537 0.173810807004739
0.611111111111111 0.555555555555556 0.218056816190871
0.519230769230769 0.442307692307692 0.200910966258688
0.589285714285714 0.589285714285714 0.245495387861248
0.560975609756098 0.536585365853659 0.225974243979119
0.473684210526316 0.421052631578947 0.112456346176653
0.576271186440678 0.508474576271186 0.116555334525695
0.51219512195122 0.439024390243902 0.248006147913333
0.5 0.42 0.131553352410107
0.545454545454545 0.454545454545455 0.232988563165219
0.673469387755102 0.571428571428571 0.221533317101397
0.566037735849057 0.509433962264151 0.154380568446344
0.511627906976744 0.395348837209302 0.190850457321333
0.518518518518518 0.5 0.164081135607056
0.559322033898305 0.474576271186441 0.0971821473427307
0.538461538461538 0.461538461538462 0.154013186396828
0.673469387755102 0.63265306122449 0.26818571476516
0.637931034482759 0.620689655172414 0.170074105724251
0.603448275862069 0.517241379310345 0.203458849122431
0.511627906976744 0.465116279069767 0.137986760424932
0.6 0.509090909090909 0.140306638195275
0.609756097560976 0.585365853658537 0.249984414580388
0.576271186440678 0.440677966101695 0.101379555381696
0.6 0.545454545454545 0.125900405615703
0.520833333333333 0.4375 0.157711654991707
0.462962962962963 0.425925925925926 0.151871153681613
0.511111111111111 0.511111111111111 0.289163552986287
0.593220338983051 0.559322033898305 0.165076599858431
0.566037735849057 0.528301886792453 0.168627092917474
0.592592592592593 0.481481481481481 0.150033627518145
0.535714285714286 0.464285714285714 0.169760160312078
0.557692307692308 0.5 0.190735746881322
0.560975609756098 0.463414634146341 0.221246653621457
0.577777777777778 0.555555555555556 0.198064371322822
0.571428571428571 0.530612244897959 0.183041694312097
0.535714285714286 0.5 0.131235220810154
0.53448275862069 0.5 0.134990339743516
0.5 0.431034482758621 0.121893551713996
0.595238095238095 0.571428571428571 0.251079852618728
0.608695652173913 0.58695652173913 0.210696191805412
0.565217391304348 0.5 0.186246350225779
0.530612244897959 0.489795918367347 0.156771494335298
0.585365853658537 0.536585365853659 0.259154022353447
0.590909090909091 0.522727272727273 0.258327833874218
0.547619047619048 0.452380952380952 0.249387132430466
0.458333333333333 0.354166666666667 0.172851981591786
0.571428571428571 0.476190476190476 0.233635768533959
0.588235294117647 0.490196078431373 0.173034785670559
0.583333333333333 0.583333333333333 0.214748948728346
0.566037735849057 0.509433962264151 0.130502647303301
0.5 0.431818181818182 0.199758916623147
0.590909090909091 0.545454545454545 0.275381912593288
0.6 0.54 0.128278263924095
0.559322033898305 0.542372881355932 0.173012844333727
0.536585365853659 0.48780487804878 0.2061406373366
0.622222222222222 0.511111111111111 0.235141362018991
0.581818181818182 0.563636363636364 0.199262988965155
0.517857142857143 0.482142857142857 0.135127681414091
0.549019607843137 0.470588235294118 0.142390183505637
0.536585365853659 0.48780487804878 0.211460329931447
0.58 0.52 0.188690817169198
0.644444444444444 0.6 0.231787239433213
0.571428571428571 0.530612244897959 0.195166080254954
0.563636363636364 0.545454545454545 0.154455331738316
0.531914893617021 0.531914893617021 0.164108658471197
0.555555555555556 0.462962962962963 0.1494098917881
0.613636363636364 0.545454545454545 0.178956289888071
0.644444444444444 0.6 0.295744914471626
0.638297872340426 0.617021276595745 0.2905227003443
0.615384615384615 0.538461538461538 0.23866858153409
0.48 0.42 0.114286239610892
0.571428571428571 0.489795918367347 0.109118057628627
0.638297872340426 0.617021276595745 0.222509374754706
0.595238095238095 0.523809523809524 0.203800109789306
0.613636363636364 0.590909090909091 0.256432098298722
0.610169491525424 0.542372881355932 0.187047727998721
0.576271186440678 0.559322033898305 0.165789656789849
0.659090909090909 0.613636363636364 0.219899578583773
0.611111111111111 0.518518518518518 0.190736647552184
0.591836734693878 0.510204081632653 0.151917544062018
0.60377358490566 0.566037735849057 0.195433191738569
0.566037735849057 0.547169811320755 0.149868077879564
0.618181818181818 0.563636363636364 0.193189191070482
0.488372093023256 0.418604651162791 0.149628431379992
0.559322033898305 0.474576271186441 0.166233267451485
0.631578947368421 0.596491228070175 0.152662638241435
0.542372881355932 0.474576271186441 0.148187125290242
0.553191489361702 0.51063829787234 0.211803927548027
0.576923076923077 0.519230769230769 0.165462675344225
0.636363636363636 0.590909090909091 0.22523157351271
0.592592592592593 0.537037037037037 0.165827284147178
0.581395348837209 0.441860465116279 0.145561202767815
0.603448275862069 0.568965517241379 0.136775758967355
0.476190476190476 0.404761904761905 0.124343323596815
0.651162790697674 0.627906976744186 0.259679005576886
0.690909090909091 0.654545454545455 0.235613535246688
0.517241379310345 0.46551724137931 0.11148034958157
0.568965517241379 0.448275862068966 0.124962562141108
0.571428571428571 0.448979591836735 0.166475298083495
0.612244897959184 0.551020408163265 0.179413095045338
0.666666666666667 0.642857142857143 0.269676338291576
0.577777777777778 0.533333333333333 0.222955637959241
0.6 0.6 0.224680147593506
0.56 0.52 0.212021148173868
0.53448275862069 0.448275862068966 0.187883975452461
0.62 0.62 0.20098328727442
0.613636363636364 0.545454545454545 0.180128960744311
0.603448275862069 0.53448275862069 0.20318052221157
0.509803921568627 0.490196078431373 0.164774106035594
0.585365853658537 0.585365853658537 0.286326302096933
0.549019607843137 0.411764705882353 0.122529702943225
0.584905660377358 0.528301886792453 0.235111468910219
0.6 0.555555555555556 0.158498130305529
0.611111111111111 0.537037037037037 0.189163119208246
0.5 0.48 0.163828372756189
0.593220338983051 0.542372881355932 0.170181567387211
0.536585365853659 0.51219512195122 0.224148867427661
0.642857142857143 0.571428571428571 0.202368148231659
0.607843137254902 0.549019607843137 0.171794966908414
0.620689655172414 0.568965517241379 0.155383246501912
0.557692307692308 0.538461538461538 0.168159599176051
0.566037735849057 0.433962264150943 0.156729042688604
0.523809523809524 0.547619047619048 0.319305660327541
0.56 0.5 0.159509050518987
0.645833333333333 0.604166666666667 0.24710511805527
0.571428571428571 0.523809523809524 0.254290450074324
0.557692307692308 0.5 0.185299649662298
0.5 0.363636363636364 0.131113508106599
0.553191489361702 0.48936170212766 0.17306848101767
0.607142857142857 0.607142857142857 0.146569685476547
0.644067796610169 0.559322033898305 0.167905523617745
0.604651162790698 0.581395348837209 0.235494441582
0.537037037037037 0.481481481481481 0.219038872023021
0.571428571428571 0.547619047619048 0.210373690832063
0.608695652173913 0.565217391304348 0.151145122700874
0.551020408163265 0.489795918367347 0.151471645482597
0.645833333333333 0.604166666666667 0.224741212002534
0.619047619047619 0.547619047619048 0.231754460132053
0.574074074074074 0.555555555555556 0.150855958031858
0.542372881355932 0.508474576271186 0.206434566839786
0.490909090909091 0.454545454545455 0.114518479057919
0.563636363636364 0.527272727272727 0.164415567150141
0.62962962962963 0.555555555555556 0.147171165846902
0.555555555555556 0.488888888888889 0.189606004257266
0.625 0.571428571428571 0.188284802628097
0.595744680851064 0.553191489361702 0.206964924555726
0.551724137931034 0.5 0.102525546960765
0.584905660377358 0.584905660377358 0.16795257382635
0.590909090909091 0.522727272727273 0.209482562239441
0.642857142857143 0.625 0.159793121426473
0.642857142857143 0.553571428571429 0.145836654017191
0.608695652173913 0.58695652173913 0.201096532504026
0.609756097560976 0.560975609756098 0.186740557483574
0.618181818181818 0.472727272727273 0.135515346793408
0.568627450980392 0.490196078431373 0.145568901763924
0.551724137931034 0.53448275862069 0.188429780419259
0.559322033898305 0.508474576271186 0.154763525797105
0.610169491525424 0.559322033898305 0.147073863180251
0.593220338983051 0.525423728813559 0.142530662347924
0.555555555555556 0.462962962962963 0.188089777825979
0.52 0.48 0.128778487846499
0.517857142857143 0.482142857142857 0.127295541427667
0.636363636363636 0.618181818181818 0.244514117847017
0.58695652173913 0.521739130434783 0.178901024821885
0.604166666666667 0.5625 0.205309970452798
0.521739130434783 0.391304347826087 0.181300933475721
0.581818181818182 0.472727272727273 0.140183116004834
0.588235294117647 0.549019607843137 0.216508867662688
0.48780487804878 0.390243902439024 0.1864757634392
0.618181818181818 0.509090909090909 0.110397434322652
0.583333333333333 0.458333333333333 0.10440421715495
0.547169811320755 0.433962264150943 0.128921683362866
0.566037735849057 0.528301886792453 0.118610177801995
0.63265306122449 0.551020408163265 0.179975173361849
0.541666666666667 0.541666666666667 0.16469862749212
0.490909090909091 0.436363636363636 0.176346622502017
0.645833333333333 0.645833333333333 0.225923594889341
0.551020408163265 0.469387755102041 0.136079341008809
0.62 0.56 0.213310756987287
0.574468085106383 0.51063829787234 0.209013225472397
0.522727272727273 0.454545454545455 0.219400507288974
0.5 0.384615384615385 0.113281951631466
0.522727272727273 0.431818181818182 0.204939065347891
0.545454545454545 0.5 0.171443605075641
0.526315789473684 0.543859649122807 0.132439980616353
0.610169491525424 0.542372881355932 0.18470947214522
0.525423728813559 0.423728813559322 0.16887224985404
0.618181818181818 0.6 0.200643074138662
0.478260869565217 0.456521739130435 0.195897824841366
0.488372093023256 0.465116279069767 0.124639419141214
0.613636363636364 0.545454545454545 0.220799702210769
0.596153846153846 0.538461538461538 0.190580697222967
0.454545454545455 0.472727272727273 0.142356193185892
0.551724137931034 0.5 0.16923831591268
0.591836734693878 0.510204081632653 0.172309153096596
0.555555555555556 0.444444444444444 0.137158833805293
0.571428571428571 0.571428571428571 0.24416320428214
0.6 0.511111111111111 0.166545251735485
0.469387755102041 0.448979591836735 0.177115733628911
0.560975609756098 0.48780487804878 0.192575272968758
0.568627450980392 0.529411764705882 0.16435872528317
0.54 0.54 0.199509529956722
0.630434782608696 0.565217391304348 0.218794611923796
0.46551724137931 0.448275862068966 0.165444979234193
0.636363636363636 0.581818181818182 0.194665506056025
0.693877551020408 0.673469387755102 0.24941829937246
0.553191489361702 0.382978723404255 0.135857635330455
0.488372093023256 0.418604651162791 0.196034137170782
0.586206896551724 0.517241379310345 0.202238299589694
0.62962962962963 0.611111111111111 0.2059140246846
0.651162790697674 0.581395348837209 0.257445534554376
0.636363636363636 0.6 0.231445588785421
0.531914893617021 0.425531914893617 0.204091812695267
0.68 0.58 0.196942443586606
0.439024390243902 0.390243902439024 0.13509445574938
0.661016949152542 0.610169491525424 0.231152988748759
0.688888888888889 0.688888888888889 0.224932257358692
0.51219512195122 0.439024390243902 0.165130093285298
0.541666666666667 0.479166666666667 0.185687491821117
0.658536585365854 0.585365853658537 0.241335714663318
0.614035087719298 0.596491228070175 0.152388696418703
0.511627906976744 0.372093023255814 0.104066673977629
0.583333333333333 0.5625 0.186224083664765
0.617021276595745 0.531914893617021 0.242116072849249
0.490566037735849 0.490566037735849 0.157745956315531
0.545454545454545 0.472727272727273 0.152910680133899
0.527272727272727 0.527272727272727 0.172069870824595
0.577777777777778 0.511111111111111 0.197207694085052
0.666666666666667 0.555555555555556 0.256876444675908
0.642857142857143 0.619047619047619 0.148793757102459
0.534883720930233 0.418604651162791 0.128946417943695
0.620689655172414 0.568965517241379 0.147476010617348
0.56140350877193 0.473684210526316 0.186586517053612
0.604166666666667 0.5625 0.174414300408327
0.617021276595745 0.595744680851064 0.204001962216017
0.529411764705882 0.509803921568627 0.203126338377159
0.577777777777778 0.511111111111111 0.189461421001952
0.536585365853659 0.51219512195122 0.188365842044382
0.577777777777778 0.577777777777778 0.196933481000204
0.488372093023256 0.441860465116279 0.136024910816617
0.568627450980392 0.549019607843137 0.184867427397555
0.578947368421053 0.456140350877193 0.162230615656661
0.571428571428571 0.510204081632653 0.150691124560549
0.5625 0.520833333333333 0.238253156806107
0.534883720930233 0.488372093023256 0.201945328445278
0.571428571428571 0.547619047619048 0.191845117138928
0.479166666666667 0.4375 0.170584067980134
0.614035087719298 0.508771929824561 0.165734027462141
0.56 0.52 0.18792054547414
0.571428571428571 0.553571428571429 0.196838831762313
0.508771929824561 0.526315789473684 0.106782983313685
0.645833333333333 0.583333333333333 0.147259766771878
0.545454545454545 0.568181818181818 0.23220903256386
0.549019607843137 0.470588235294118 0.191647618504049
0.574468085106383 0.574468085106383 0.192745801623541
0.619047619047619 0.595238095238095 0.264471202434395
0.589285714285714 0.517857142857143 0.163977264554325
0.611111111111111 0.537037037037037 0.202828406598461
0.617021276595745 0.48936170212766 0.171006895144758
0.577777777777778 0.488888888888889 0.178038686944221
0.566037735849057 0.509433962264151 0.110189169366233
0.634146341463415 0.536585365853659 0.256440892147516
0.63265306122449 0.489795918367347 0.178700550770402
0.571428571428571 0.482142857142857 0.166817375691601
0.5 0.428571428571429 0.173084203016376
0.46 0.44 0.188049466948039
0.666666666666667 0.592592592592593 0.153959351139843
0.533333333333333 0.511111111111111 0.202019330725514
0.645833333333333 0.625 0.237008558655724
0.652173913043478 0.608695652173913 0.212963563893837
0.618181818181818 0.581818181818182 0.204343849463388
0.568965517241379 0.482758620689655 0.167331862995851
0.6 0.54 0.137785254552915
0.607142857142857 0.607142857142857 0.235978328923923
0.652173913043478 0.58695652173913 0.203908208177141
0.64 0.58 0.164368145882804
0.54 0.52 0.188948675261207
0.678571428571429 0.642857142857143 0.223170920953639
0.612244897959184 0.551020408163265 0.293024201479602
0.615384615384615 0.538461538461538 0.212444866943788
0.58 0.52 0.184689041967099
0.5 0.48 0.163826688842228
0.604166666666667 0.604166666666667 0.154256660841233
0.521739130434783 0.478260869565217 0.154548551288694
0.51219512195122 0.48780487804878 0.207686642189596
0.666666666666667 0.5625 0.191554429766473
0.636363636363636 0.568181818181818 0.181764415633878
0.636363636363636 0.6 0.198933394669917
0.517241379310345 0.5 0.166261930764885
0.627906976744186 0.558139534883721 0.266310049070469
0.545454545454545 0.472727272727273 0.178736576529186
0.522727272727273 0.477272727272727 0.18512982294111
0.547619047619048 0.404761904761905 0.186036126273805
0.56140350877193 0.473684210526316 0.142902902451032
0.576271186440678 0.559322033898305 0.121908630184804
0.636363636363636 0.568181818181818 0.174623959194498
0.509803921568627 0.490196078431373 0.185259479034674
0.604651162790698 0.581395348837209 0.221842346978465
0.526315789473684 0.508771929824561 0.206979617537625
0.590909090909091 0.522727272727273 0.0934692972378049
0.609756097560976 0.560975609756098 0.210602245657557
0.545454545454545 0.522727272727273 0.212561120031334
0.595744680851064 0.574468085106383 0.163432491215105
0.511627906976744 0.465116279069767 0.193990744478912
0.613636363636364 0.545454545454545 0.228250140674886
0.571428571428571 0.571428571428571 0.169943393329241
0.666666666666667 0.625 0.24567508370653
0.604651162790698 0.558139534883721 0.23323058544149
0.596153846153846 0.557692307692308 0.202349976713767
0.586206896551724 0.568965517241379 0.140811563071801
0.618181818181818 0.545454545454545 0.233095116550867
0.509090909090909 0.436363636363636 0.193381891594484
0.578947368421053 0.543859649122807 0.17537619517599
0.641509433962264 0.641509433962264 0.192356898781354
0.604166666666667 0.5625 0.203473360567873
0.553191489361702 0.51063829787234 0.211304500090602
0.534883720930233 0.488372093023256 0.165763077202201
0.586206896551724 0.551724137931034 0.162188771757039
0.604651162790698 0.558139534883721 0.298270338910242
0.54 0.54 0.157889761828434
0.609756097560976 0.560975609756098 0.214801065249482
0.58 0.6 0.227425677547751
0.636363636363636 0.590909090909091 0.229124271832959
0.585365853658537 0.536585365853659 0.218617230635695
0.62 0.56 0.234760888026302
0.66 0.56 0.172507257138991
0.5 0.4375 0.154502011068165
0.5 0.521739130434783 0.23012940564795
0.58695652173913 0.478260869565217 0.237954089454928
0.517857142857143 0.5 0.103218765771161
0.551724137931034 0.482758620689655 0.123638678564903
0.571428571428571 0.510204081632653 0.234617264291321
0.520833333333333 0.458333333333333 0.146337987352292
0.563636363636364 0.509090909090909 0.237730937384262
0.555555555555556 0.4 0.117501589741676
0.634146341463415 0.560975609756098 0.236956255423873
0.641509433962264 0.566037735849057 0.153039868384523
0.547169811320755 0.490566037735849 0.140206569066708
0.553191489361702 0.51063829787234 0.228627227917195
0.48936170212766 0.446808510638298 0.170310368049438
0.511111111111111 0.511111111111111 0.268173113343463
0.695652173913043 0.652173913043478 0.223753823716865
0.547169811320755 0.509433962264151 0.174077589240994
0.637931034482759 0.551724137931034 0.171937333058189
0.574468085106383 0.51063829787234 0.14175989359412
0.666666666666667 0.5625 0.215918030397592
0.559322033898305 0.457627118644068 0.112279756811518
0.533333333333333 0.511111111111111 0.192928769134098
0.56140350877193 0.508771929824561 0.169991880345855
0.588235294117647 0.529411764705882 0.195739453087976
0.462962962962963 0.444444444444444 0.152862849129595
0.52 0.44 0.186381728490972
0.537037037037037 0.555555555555556 0.187338911404694
0.553191489361702 0.468085106382979 0.205548540714802
0.452830188679245 0.415094339622642 0.130869108041683
0.688888888888889 0.622222222222222 0.25444407000258
0.563636363636364 0.490909090909091 0.126752145605261
0.642857142857143 0.571428571428571 0.217437634709622
0.537037037037037 0.481481481481481 0.129909644399937
0.530612244897959 0.530612244897959 0.161048543252403
0.555555555555556 0.488888888888889 0.219076392969592
0.558139534883721 0.558139534883721 0.229235305428779
0.595238095238095 0.571428571428571 0.203650705411461
0.520833333333333 0.458333333333333 0.168028374894313
0.571428571428571 0.530612244897959 0.21676000986911
0.609756097560976 0.585365853658537 0.203872483855684
0.536585365853659 0.414634146341463 0.148546717092089
0.547619047619048 0.5 0.226237140113836
0.613636363636364 0.590909090909091 0.247427598800963
0.581818181818182 0.454545454545455 0.17537161723447
0.642857142857143 0.547619047619048 0.26396994953325
0.542372881355932 0.525423728813559 0.150381956131943
0.56140350877193 0.491228070175439 0.202193679048562
0.520833333333333 0.4375 0.13557585613055
0.555555555555556 0.488888888888889 0.174642372323815
0.593220338983051 0.576271186440678 0.177726033683481
0.6 0.563636363636364 0.181498921643696
0.673913043478261 0.652173913043478 0.213514236129904
0.611111111111111 0.574074074074074 0.259021201563111
0.644444444444444 0.6 0.167759492869953
0.614035087719298 0.578947368421053 0.209900104585451
0.523809523809524 0.523809523809524 0.244933909018069
0.673076923076923 0.596153846153846 0.126124649843073
0.619047619047619 0.523809523809524 0.182153939748502
0.553571428571429 0.535714285714286 0.162346146365693
0.609756097560976 0.609756097560976 0.294471551665965
0.531914893617021 0.48936170212766 0.150792504886442
0.574074074074074 0.481481481481481 0.158267802446143
0.5 0.410714285714286 0.0956585068195504
0.615384615384615 0.576923076923077 0.210516775715023
0.551020408163265 0.489795918367347 0.163892814880174
0.51219512195122 0.439024390243902 0.154032168683574
0.592592592592593 0.5 0.122923523883658
0.659574468085106 0.638297872340426 0.244364426946392
0.553571428571429 0.5 0.131565062587215
0.549019607843137 0.470588235294118 0.166248964243588
0.603448275862069 0.53448275862069 0.14647723238263
0.522727272727273 0.5 0.212731581336538
0.589285714285714 0.517857142857143 0.159160509833052
0.638297872340426 0.617021276595745 0.198119259715311
0.560975609756098 0.51219512195122 0.206958099689018
0.661016949152542 0.610169491525424 0.206171491667296
0.581395348837209 0.511627906976744 0.205394773704801
0.536585365853659 0.48780487804878 0.247753483520861
0.477272727272727 0.409090909090909 0.129695649537068
0.566037735849057 0.509433962264151 0.181085095434273
0.571428571428571 0.476190476190476 0.157579322763906
0.614035087719298 0.578947368421053 0.163180518752161
0.538461538461538 0.442307692307692 0.135033926417925
0.528301886792453 0.528301886792453 0.20701130774317
0.568627450980392 0.470588235294118 0.211975609059487
0.557692307692308 0.5 0.156926148895079
0.520833333333333 0.5 0.197868162626059
0.5 0.431818181818182 0.160661019408712
0.58 0.5 0.187946872953531
0.538461538461538 0.442307692307692 0.146874297148434
0.6 0.44 0.0987464823468999
0.543478260869565 0.565217391304348 0.205363529121044
0.586206896551724 0.5 0.138237588000695
0.595238095238095 0.476190476190476 0.163058641095875
0.568965517241379 0.5 0.191163090963164
0.5 0.431818181818182 0.204023386082942
0.604651162790698 0.534883720930233 0.239333710951945
0.589285714285714 0.535714285714286 0.164145327782116
0.555555555555556 0.5 0.186319671478084
0.666666666666667 0.648148148148148 0.30808972982884
0.41304347826087 0.369565217391304 0.140192414684479
0.625 0.375 0.146224099627718
0.631578947368421 0.614035087719298 0.184705073992637
0.6 0.527272727272727 0.173029075594511
0.60377358490566 0.566037735849057 0.184116688880955
0.634146341463415 0.609756097560976 0.292139270063727
0.543859649122807 0.526315789473684 0.13371852920881
0.538461538461538 0.538461538461538 0.146178072537976
0.568181818181818 0.522727272727273 0.29242522276131
0.54 0.5 0.179037585110052
0.555555555555556 0.518518518518518 0.130415022798651
0.511111111111111 0.444444444444444 0.148588863907363
