0.0977427660185349 0.99290780141844 NA
0.60000000179983 0.9 NA
0.129348748165051 0.991379310344828 NA
0.8 0.8 NA
0.230855287197121 0.986111111111111 NA
0.213691330132229 0.982142857142857 NA
0 0 NA
0.5 0.875 NA
0.317886333430151 0.978260869565217 NA
0.400588328545909 0.956521739130435 NA
0.666666666666667 0.666666666666667 NA
0.278486207198926 0.967741935483871 NA
0.249989610544784 0.75 NA
0.238610737366706 0.986666666666667 NA
0.249532174295898 0.983333333333333 NA
0 0 NA
0.0523586979491895 0.995614035087719 NA
0.203383398122629 0.988235294117647 NA
0.497872587947732 0.75 NA
0.454027265759639 0.972972972972973 NA
0.367903485720237 0.972222222222222 NA
0.0588742588659049 0.995 NA
0.5987050962089 0.8 NA
0.198091201791439 0.982758620689655 NA
0.651566244350842 0.833333333333333 NA
0.666666666666667 0.666666666666667 NA
0.75 0.75 NA
0 0 NA
0.271574021068423 0.982456140350877 NA
0.75 0.75 NA
0.468210193997684 0.974358974358974 NA
0.255616701315971 0.986301369863014 NA
0.499936385909541 0.75 NA
0.194536508418501 0.983870967741935 NA
0.296852239963275 0.975 NA
0.119196711790314 0.991525423728814 NA
0.0709780172615235 0.993421052631579 NA
0.284589749321544 0.983606557377049 NA
0.165455901098057 0.989583333333333 NA
0 0 NA
0.161921261653101 0.98989898989899 NA
0.344932988962629 0.96875 NA
0.5 0.5 NA
0.0781757096394434 0.994444444444444 NA
0.5 0.875 NA
0.174250058661213 0.985915492957746 NA
0 0 NA
0 0 NA
0.297300193897412 0.983333333333333 NA
0 0 NA
0.12840057815052 0.990909090909091 NA
0 0 NA
0.0736457806699466 0.993975903614458 NA
0.383039726850711 0.979166666666667 NA
0.666666666666667 0.666666666666667 NA
0.0965182519360637 0.99390243902439 NA
0.5 0.5 NA
0.461531139179537 0.941176470588235 NA
0 0 NA
0.8 0.8 NA
0.123171691903127 0.989473684210526 NA
0 0 NA
0.128981601002313 0.988505747126437 NA
0.75 0.75 NA
0.105746154394766 0.99236641221374 NA
0.5 0.5 NA
0.362701286697508 0.978260869565217 NA
0.166673678775899 0.833333333333333 NA
0.274801087633446 0.979166666666667 NA
0.75 0.75 NA
0.0771108639214173 0.994219653179191 NA
0.0499258704443325 0.995215311004785 NA
0.142038720734136 0.990384615384615 NA
0.5 0.5 NA
0.5 0.5 NA
0.5 0.5 NA
0.120886262828595 0.991735537190083 NA
0.211663302275467 0.988372093023256 NA
0 0 NA
0.438727462681208 0.96 NA
0 0 NA
0.42413339006826 0.961538461538462 NA
0.113750623667083 0.993589743589744 NA
0.139501305454241 0.990825688073394 NA
0.6 0.8 NA
0.385007291991636 0.980769230769231 NA
0.153378401395092 0.991150442477876 NA
0.189517438109131 0.991228070175439 NA
0.599999999999965 0.8 NA
0.438791458282669 0.958333333333333 NA
0.110860170451812 0.992 NA
0.279073571384014 0.981132075471698 NA
0.176432745905168 0.989247311827957 NA
0 0 NA
0.597179548273146 0.857142857142857 NA
0.0660011410583126 0.994623655913978 NA
0.0787386935874224 0.993865030674847 NA
0.069195669082296 0.994818652849741 NA
0.270781159297505 0.974358974358974 NA
0.302397688832422 0.974358974358974 NA
0.334381855852059 0.888888888888889 NA
0.301427884810402 0.96551724137931 NA
0.0720084538842037 0.993103448275862 NA
0 0 NA
0.223312313211452 0.984126984126984 NA
0.5 0.5 NA
0.287405263606245 0.975609756097561 NA
0.499999999474071 0.833333333333333 NA
0.500028754464175 0.875 NA
0.425712282629578 0.857142857142857 NA
0.599920890780399 0.8 NA
0.8 0.8 NA
0.117916420261051 0.992307692307692 NA
0.500000025356119 0.833333333333333 NA
0.666666666666667 0.666666666666667 NA
0.162788173804315 0.985507246376812 NA
0.8 0.8 NA
0.204398416921183 0.988636363636364 NA
0.674973031080279 0.947368421052632 NA
0.0783730915799665 0.995049504950495 NA
0.75 0.75 NA
0.090345564438953 0.993288590604027 NA
0.423604565348292 0.857142857142857 NA
0.666666666666667 0.666666666666667 NA
0 0 NA
0.415818062259949 0.977777777777778 NA
0.154736908279215 0.989473684210526 NA
0.397555605149851 0.954545454545455 NA
0.372727489597569 0.978260869565217 NA
0.294562478915778 0.984126984126984 NA
0.0999106965221616 0.993506493506493 NA
0.6 0.8 NA
0.185160839829922 0.984375 NA
0.489510896542162 0.961538461538461 NA
0.241247590580147 0.984615384615385 NA
0 0 NA
0.312267655167815 0.958333333333333 NA
0.5 0.75 NA
0 0.5 NA
0.749084543660826 0.875 NA
0.0832838977016475 0.993865030674847 NA
0.391124333074729 0.966666666666667 NA
0.0616285690021567 0.995412844036697 NA
0.117956782494738 0.98989898989899 NA
0.121782070753074 0.991304347826087 NA
0.29452037506491 0.985915492957746 NA
0.344674080195117 0.96551724137931 NA
0 0 NA
0.336077595669559 0.981481481481482 NA
0 0 NA
0.555332083943288 0.96551724137931 NA
0.442217977879966 0.956521739130435 NA
0.104317393589232 0.993630573248408 NA
0 0.5 NA
0 0 NA
0.321462033124364 0.933333333333333 NA
0.242597987056126 0.98780487804878 NA
0.718965783908945 0.909090909090909 NA
0.139949116040823 0.98936170212766 NA
0.75 0.75 NA
0 0 NA
0.591294920358709 0.947368421052632 NA
0 0.5 NA
0.150276654449484 0.989010989010989 NA
0.0546355944075677 0.994594594594595 NA
0.444897512783494 0.956521739130435 NA
0.0929828598028927 0.993506493506494 NA
0.499999897066739 0.9 NA
0.279377910073551 0.98 NA
0 0 NA
0.267590804682823 0.979591836734694 NA
0.127321779507975 0.991071428571429 NA
0 0 NA
0.173197728497073 0.98 NA
0.349389535436851 0.966666666666667 NA
0.38736871507259 0.96551724137931 NA
0 0 NA
0.117299999029373 0.991452991452991 NA
0.123197473087789 0.991666666666667 NA
0.666666666666667 0.666666666666667 NA
0.311869369537204 0.979166666666667 NA
0 0 NA
0.239086806242919 0.978723404255319 NA
0 0 NA
0.514226270161523 0.975609756097561 NA
0.499465873991396 0.75 NA
0.155287151890791 0.990196078431373 NA
0.666666666666667 0.666666666666667 NA
0 0 NA
0.159148473285673 0.98989898989899 NA
0.6 0.8 NA
0.678790573159813 0.9 NA
0.244282420314163 0.986301369863014 NA
0 0.5 NA
0.200173292347143 0.981481481481482 NA
0 0 NA
0.572762035076072 0.972222222222222 NA
0 0.5 NA
0.5 0.5 NA
0.666666666666667 0.666666666666667 NA
0 0 NA
0.181540516496278 0.986842105263158 NA
0.308263503918969 0.981132075471698 NA
0.500615415465138 0.961538461538462 NA
0.666666666666667 0.666666666666667 NA
0.064614017779879 0.994152046783626 NA
0 0 NA
0.412082754490315 0.962962962962963 NA
0.398182223578824 0.970588235294118 NA
0.150467494674629 0.989583333333333 NA
0 0 NA
0.207992312585948 0.986842105263158 NA
0 0 NA
0.462835974815602 0.888888888888889 NA
0.0559326312569756 0.996 NA
0 0 NA
0 0 NA
0 0 NA
0.5 0.5 NA
0 0 NA
0.407234036569441 0.964285714285714 NA
0.0629977480058475 0.995192307692308 NA
0.168299273113801 0.984615384615385 NA
0.355063000837746 0.952380952380952 NA
0.128140789356293 0.989795918367347 NA
0.111948343702426 0.9921875 NA
0.5 0.5 NA
0.318358829631346 0.977272727272727 NA
0 0 NA
0.293284404862866 0.980392156862745 NA
0.666666666666667 0.666666666666667 NA
0.386816124993259 0.96 NA
0 0 NA
0.0829933661352011 0.993548387096774 NA
0 0.5 NA
0.497434385398794 0.944444444444444 NA
0.486097617256169 0.9375 NA
0 0 NA
0.713199559731957 0.857142857142857 NA
0.293083368877037 0.857142857142857 NA
0.240885961475098 0.985294117647059 NA
0.291841864947076 0.986842105263158 NA
0.167739666071362 0.988095238095238 NA
0.0718023360383046 0.993670886075949 NA
0.215758670658675 0.985074626865672 NA
0 0 NA
0.58494162817038 0.96 NA
0.162416696291742 0.988235294117647 NA
0.133760645756214 0.991869918699187 NA
0.330812617615801 0.857142857142857 NA
0.191214658228342 0.979591836734694 NA
0.253591750943158 0.875 NA
0 0 NA
0.210636651491308 0.978260869565217 NA
0.188725802718508 0.984615384615385 NA
0 0 NA
0.134592715198107 0.99009900990099 NA
0.142828101372425 0.992307692307692 NA
0 0 NA
0.397536693158442 0.980392156862745 NA
0 0 NA
0.294920435685016 0.976190476190476 NA
0.209433580818884 0.9875 NA
0.433829343381836 0.888888888888889 NA
0.0739384695722636 0.995145631067961 NA
0.189683223824301 0.987951807228916 NA
0.233873029708566 0.984848484848485 NA
0.134657590363859 0.991735537190083 NA
0.190990428418614 0.986111111111111 NA
0.456359319208052 0.888888888888889 NA
0.151581323897027 0.990909090909091 NA
0.333333333329779 0.666666666666667 NA
0.303259550774128 0.979591836734694 NA
0 0 NA
0 0 NA
0.212860189742449 0.984615384615385 NA
0.0855270201161249 0.993421052631579 NA
0.499999954335601 0.833333333333333 NA
0.31080331411507 0.979166666666667 NA
0.284649375666537 0.973684210526316 NA
0.400654764357417 0.983050847457627 NA
0.204277518945774 0.987341772151899 NA
0.406872116686627 0.962962962962963 NA
0.16683291521866 0.990384615384615 NA
0 0 NA
0.276815737823895 0.985074626865672 NA
0.0994203491817635 0.990654205607477 NA
0.124450171522482 0.991525423728814 NA
0.666666666666667 0.666666666666667 NA
0.660281215270148 0.933333333333333 NA
0.250637305886665 0.986842105263158 NA
0.373115027563825 0.972972972972973 NA
0.087962594249039 0.994219653179191 NA
0.8 0.8 NA
0.374919680705606 0.956521739130435 NA
0.303340138078124 0.888888888888889 NA
0.666666666666667 0.666666666666667 NA
0 0 NA
0.216968377439529 0.99009900990099 NA
0.258522783048382 0.987341772151899 NA
0.320203992655068 0.984615384615385 NA
0 0 NA
0 0 NA
0 0.666666666666667 NA
0.599999999999805 0.8 NA
0.0950043535851123 0.993827160493827 NA
0.33636888297837 0.978723404255319 NA
0.666666666666667 0.666666666666667 NA
0.137454980842262 0.989247311827957 NA
0.237375376565177 0.985915492957746 NA
0 0 NA
0.326349436747686 0.976744186046512 NA
0.0331895349037312 0.996296296296296 NA
0 0 NA
0.391826921170143 0.979591836734694 NA
0.572216449973664 0.916666666666667 NA
0.601108140762009 0.875 NA
0.496006532536338 0.833333333333333 NA
0.333333333333333 0.666666666666667 NA
0.238754551415464 0.916666666666667 NA
0.241346526409071 0.983870967741935 NA
0.474612073735639 0.875 NA
0.360849287325486 0.974358974358974 NA
0.239746007332849 0.987179487179487 NA
0 0 NA
0.609653143192101 0.952380952380952 NA
0.092614163789255 0.993006993006993 NA
0.530804484155477 0.888888888888889 NA
0 0 NA
0.311935717983767 0.984375 NA
0 0 NA
0 0 NA
0.574962908680804 0.941176470588235 NA
0.46743005780536 0.95 NA
0 0 NA
0.15958135156416 0.986666666666667 NA
0.345782961290774 0.96969696969697 NA
0 0.666666666666667 NA
0.5 0.75 NA
0.666666666666667 0.666666666666667 NA
0.161142066793888 0.98780487804878 NA
0.585200666614712 0.941176470588235 NA
0.599999998830129 0.8 NA
0.59999999999814 0.8 NA
0.0516136387744757 0.995348837209302 NA
0 0 NA
0.063223230839687 0.994475138121547 NA
0.165901554477529 0.989795918367347 NA
0 0 NA
0.0561067579169192 0.995708154506438 NA
0.237218710971311 0.96969696969697 NA
0 0 NA
0.666666666666667 0.666666666666667 NA
0.333331623010129 0.833333333333333 NA
0.145913843525903 0.99 NA
0.416627838850226 0.975 NA
0.336538948077304 0.966666666666667 NA
0.089395492412662 0.994152046783626 NA
0.75 0.75 NA
0.107390530856146 0.992957746478873 NA
0.666666666666667 0.888888888888889 NA
0.461682451951172 0.952380952380952 NA
0.0644957506273946 0.995073891625616 NA
0 0 NA
0.361700478707615 0.909090909090909 NA
0 0 NA
0 0 NA
0.127170759301372 0.992957746478873 NA
0.149850762374105 0.985507246376812 NA
0.27172566297153 0.984848484848485 NA
0.0969965322409321 0.994623655913978 NA
0 0.666666666666667 NA
0 0 NA
0.205493813328977 0.990740740740741 NA
0.33559715383694 0.952380952380952 NA
0.488511657757018 0.96 NA
0.229153744394737 0.985714285714286 NA
0.666666666666667 0.833333333333333 NA
0.166866028133825 0.984126984126984 NA
0.0685471812611627 0.994871794871795 NA
0.173854325902086 0.987012987012987 NA
0.388666720532432 0.972222222222222 NA
0.241011557492807 0.981481481481482 NA
0.208275580933909 0.985507246376812 NA
0.195328342379408 0.978723404255319 NA
0 0 NA
0.27652565976001 0.980392156862745 NA
0.184924087236224 0.990384615384615 NA
0 0 NA
0.367120215432649 0.967741935483871 NA
0.238963540582161 0.979166666666667 NA
0.252064924433793 0.984375 NA
0.0711416262765169 0.994186046511628 NA
0.325098668557104 0.984126984126984 NA
0 0 NA
0.198809134436977 0.9875 NA
0.201365737430711 0.989473684210526 NA
0.143049235598214 0.991869918699187 NA
0 0 NA
0 0 NA
0.75 0.75 NA
0.196456013301349 0.990909090909091 NA
0.461711414511872 0.923076923076923 NA
0.38050181795934 0.952380952380952 NA
0.366491599809735 0.971428571428571 NA
0.666666666666667 0.666666666666667 NA
0.131833224521681 0.98989898989899 NA
0.348907855080771 0.96875 NA
0.25 0.75 NA
0 0 NA
0 0 NA
0 0 NA
0.357752595292416 0.979591836734694 NA
0.286580490341607 0.983333333333333 NA
0.545454545454545 0.909090909090909 NA
0.465453764764408 0.962962962962963 NA
0.488959142022778 0.944444444444444 NA
0.58375937159781 0.944444444444444 NA
0 0 NA
0 0 NA
0.23113547309366 0.980769230769231 NA
0 0 NA
0.33113533757403 0.980392156862745 NA
0.243582694035502 0.983606557377049 NA
0 0 NA
0.288573051887036 0.944444444444444 NA
0 0 NA
0.351799601744442 0.971428571428571 NA
0.5 0.5 NA
0.166567003481214 0.986842105263158 NA
0.75 0.75 NA
0.373470679473622 0.972222222222222 NA
0.213029563137067 0.985507246376812 NA
0 0 NA
0.468759676829659 0.954545454545455 NA
0.5 0.5 NA
0 0.666666666666667 NA
0.5 0.5 NA
0.59039160758378 0.9 NA
0 0 NA
0.571057327504148 0.944444444444444 NA
0.368176460768472 0.973684210526316 NA
0 0.5 NA
0.378806124396171 0.964285714285714 NA
0.364478619078005 0.973684210526316 NA
0.0328315322972821 0.996282527881041 NA
0 0 NA
0.333333333333333 0.666666666666667 NA
0.521725981199356 0.923076923076923 NA
0.0793994770985559 0.993421052631579 NA
0 0 NA
0 0 NA
0.409256772831287 0.96969696969697 NA
0.365717199903368 0.916666666666667 NA
0 0 NA
0 0 NA
0 0 NA
0.666666666593711 0.833333333333333 NA
0.145888803409151 0.993103448275862 NA
0.155009821181567 0.990654205607477 NA
0.232381257292986 0.985294117647059 NA
0.0437095641915459 0.996402877697842 NA
0.292146151517369 0.984126984126984 NA
0.324426610161644 0.9 NA
0.475107115220899 0.966666666666667 NA
0.249994863906205 0.75 NA
0.188198207791279 0.986111111111111 NA
0 0 NA
0.163744200476625 0.990196078431373 NA
0.666666666666667 0.666666666666667 NA
0.499992717330016 0.833333333333333 NA
0.624999639443501 0.875 NA
0 0.5 NA
0.333333333333333 0.666666666666667 NA
0.280234330751851 0.974358974358974 NA
0 0 NA
0.218451972374518 0.983050847457627 NA
0 0 NA
0.354984970774956 0.977777777777778 NA
0.303438708890299 0.979591836734694 NA
0.220413743990141 0.980769230769231 NA
0.0941958752706908 0.993421052631579 NA
0.6 0.8 NA
0.383455121943519 0.857142857142857 NA
0.571428031415704 0.857142857142857 NA
0.5 0.5 NA
0.107029228414935 0.992805755395683 NA
0.265326405733253 0.977777777777778 NA
0.499999999784548 0.75 NA
0.470511384939717 0.941176470588235 NA
0.571428571410854 0.857142857142857 NA
0 0 NA
0.333855834102291 0.976744186046512 NA
0 0 NA
0.372592926226217 0.964285714285714 NA
0.117754745110936 0.993055555555556 NA
0.666666666666667 0.666666666666667 NA
0 0 NA
0.5 0.5 NA
0.335137382173982 0.952380952380952 NA
0.267006476748605 0.980769230769231 NA
0.666666666666667 0.666666666666667 NA
0.5 0.5 NA
0 0 NA
0.248041953626507 0.962962962962963 NA
0.121806164039443 0.990740740740741 NA
0.210410375320407 0.988505747126437 NA
0.270367617173305 0.978260869565217 NA
0 0 NA
0.0606324052483377 0.994219653179191 NA
0.3534576308462 0.952380952380952 NA
0.475351534757395 0.95 NA
0.397704469308226 0.970588235294118 NA
0 0.5 NA
0.599998779164944 0.8 NA
0.479821659616781 0.96 NA
0 0.5 NA
0.49986989724911 0.923076923076923 NA
0.498896526524889 0.95 NA
0 0 NA
0.0529087218372235 0.995708154506438 NA
0.636363636363636 0.909090909090909 NA
0.5 0.5 NA
0.5 0.5 NA
0.165971134673728 0.988505747126437 NA
0.103277816759129 0.992647058823529 NA
0.0397771954231205 0.995169082125604 NA
0.714285714258569 0.857142857142857 NA
0.5 0.5 NA
0.499999999256227 0.75 NA
0 0 NA
0 0 NA
0.5 0.5 NA
0.301976682682175 0.980392156862745 NA
0 0 NA
0 0 NA
0 0 NA
0.108983414014982 0.992700729927007 NA
0.128394902230961 0.98780487804878 NA
0.140115061891916 0.989690721649485 NA
0 0 NA
0.393463847824011 0.979166666666667 NA
0.62223172625112 0.947368421052632 NA
0.240574001552359 0.983050847457627 NA
0.43794228194055 0.976190476190476 NA
0.0585556160992691 0.994413407821229 NA
0.833333333333333 0.833333333333333 NA
0.269116399524725 0.980769230769231 NA
0 0 NA
0 0 NA
0.130130885841587 0.992307692307692 NA
0 0 NA
0 0 NA
0 0 NA
0.215274273831938 0.986301369863014 NA
0.377153293005666 0.973684210526316 NA
0.666666666666667 0.666666666666667 NA
0.666666666666667 0.666666666666667 NA
0 0 NA
0.278151993838933 0.983333333333333 NA
0.0633110353753445 0.994535519125683 NA
0.196960662817543 0.990654205607477 NA
0.26763333036753 0.981481481481482 NA
0.288000748130707 0.985294117647059 NA
0 0 NA
0.196653543365387 0.988636363636364 NA
0.263120164845821 0.875 NA
0.593289972532531 0.933333333333333 NA
0.110089685972692 0.991803278688525 NA
0.5 0.5 NA
0 0 NA
0.5 0.5 NA
0 0 NA
0.666666630500818 0.888888888888889 NA
0.330322998421002 0.977272727272727 NA
0.422365872825449 0.96875 NA
0.5 0.5 NA
0 0 NA
0.0465203194426936 0.994535519125683 NA
0.265313573748471 0.986111111111111 NA
0.515095724479814 0.875 NA
0.138708518778598 0.99 NA
0.312973205142711 0.98 NA
0 0 NA
0.425039293986168 0.977777777777778 NA
0.517426865028887 0.952380952380952 NA
0 0 NA
0.699999988520878 0.9 NA
0.0417500426323568 0.996309963099631 NA
0.174243560237204 0.983606557377049 NA
0.666666666666667 0.666666666666667 NA
0.340777490954489 0.975609756097561 NA
0.0487274953650015 0.995594713656388 NA
0.5 0.5 NA
0.620984718483424 0.875 NA
0.0435014830617975 0.99609375 NA
0.619549860761947 0.933333333333333 NA
0.111405325549996 0.992 NA
0 0 NA
0.0872660909149232 0.993827160493827 NA
0.5 0.75 NA
0.333333333332769 0.666666666666667 NA
0.833333333333333 0.833333333333333 NA
0 0 NA
0 0 NA
0.616338870681173 0.857142857142857 NA
0 0 NA
0.391819335466961 0.8 NA
0.388462955920419 0.972222222222222 NA
0.8 0.8 NA
0 0 NA
0.0828219106585838 0.993103448275862 NA
0 0 NA
0.203296033922216 0.981818181818182 NA
0.300369983664512 0.972222222222222 NA
0 0 NA
0 0 NA
0.117452125479236 0.992125984251969 NA
0 0 NA
0.202407415909323 0.986486486486487 NA
0.491337790431111 0.962962962962963 NA
0 0 NA
0.599999999970551 0.8 NA
0.177270371275637 0.987341772151899 NA
0.442147950779573 0.96551724137931 NA
1.08232459059388e-05 0.75 NA
0.666666666666667 0.833333333333333 NA
0 0 NA
0.117905103613706 0.992 NA
0 0.5 NA
0.410999985834402 0.958333333333333 NA
0.666666666666667 0.666666666666667 NA
0.0551314855866545 0.995475113122172 NA
0.154407748068405 0.990990990990991 NA
0.225451914923599 0.98936170212766 NA
0.666666666666667 0.666666666666667 NA
0.0408562190413786 0.996168582375479 NA
0.236885808435277 0.988505747126437 NA
0.349591358479621 0.976190476190476 NA
0.302608212194205 0.972972972972973 NA
0.666666666666667 0.666666666666667 NA
0 0 NA
0.356815535169031 0.973684210526316 NA
0 0 NA
0.5 0.75 NA
0 0 NA
0.0998863091341619 0.993288590604027 NA
0.117052113969511 0.991150442477876 NA
0.399954205570093 0.96 NA
0.30645030327761 0.979591836734694 NA
0.0990541076099635 0.992857142857143 NA
0.666666666666667 0.666666666666667 NA
0 0 NA
0.0697495963865171 0.995348837209302 NA
0.158417817746634 0.989690721649485 NA
0.75 0.75 NA
0.0599400510927546 0.995024875621891 NA
0 0 NA
0.197608488104757 0.985074626865672 NA
0.406412481353559 0.923076923076923 NA
0 0 NA
0.208772442321204 0.98 NA
0.425891868024769 0.967741935483871 NA
0 0 NA
0 0 NA
0.141828286529975 0.989795918367347 NA
0.8 0.8 NA
0.215246962276372 0.987654320987654 NA
0.567596625092201 0.964285714285714 NA
0.5 0.5 NA
0.325774147916064 0.977272727272727 NA
0.776064591770441 0.888888888888889 NA
0.0830061813111897 0.994535519125683 NA
0.569053353854951 0.952380952380952 NA
0.545154609319489 0.888888888888889 NA
0.272639163752757 0.972972972972973 NA
0.5 0.5 NA
0.233661019578573 0.923076923076923 NA
0.483033632619443 0.95 NA
0.490259686030436 0.941176470588235 NA
0.666666666666667 0.833333333333333 NA
0.305874137285036 0.96 NA
0 0 NA
0.333277473927947 0.833333333333333 NA
0.178738809383265 0.988888888888889 NA
0.545454545454545 0.909090909090909 NA
0.083480636699825 0.994011976047904 NA
0.252462728804684 0.985074626865672 NA
0.388276079216853 0.971428571428571 NA
0.277585290082139 0.96875 NA
0.307100639160771 0.971428571428571 NA
0.16513923529925 0.989247311827957 NA
0.499884441179885 0.75 NA
0.266241743052416 0.987951807228916 NA
0.5 0.5 NA
0.477311607332273 0.971428571428571 NA
0.435048559453166 0.964285714285714 NA
0.501540595117749 0.9 NA
0.412329225340272 0.972972972972973 NA
0.245220931354658 0.985294117647059 NA
0 0 NA
0.234075578780245 0.980769230769231 NA
0 0.5 NA
0.5 0.916666666666667 NA
0.450672662205756 0.973684210526316 NA
0.122806630913874 0.992805755395683 NA
0.455147687352871 0.96875 NA
0.420434131005703 0.973684210526316 NA
0 0 NA
0.401288438547592 0.8 NA
0.40056822948699 0.958333333333333 NA
0 0 NA
0.292870929536104 0.975609756097561 NA
0.0876053964738052 0.994413407821229 NA
0.5 0.5 NA
0.174620233238609 0.833333333333333 NA
0.463641991105998 0.958333333333333 NA
0.203669463684813 0.987179487179487 NA
0.091710252084013 0.993006993006993 NA
0.0600440511586278 0.995121951219512 NA
0.0804705167266219 0.99375 NA
0.333333333333333 0.666666666666667 NA
0.571428571428571 0.857142857142857 NA
0.5 0.5 NA
0.833333333333333 0.833333333333333 NA
0 0.5 NA
0.100246123098966 0.993975903614458 NA
0.349358453907458 0.978260869565217 NA
0.138464612839607 0.990654205607477 NA
0 0 NA
0.406343756567249 0.96969696969697 NA
0.380782003210587 0.958333333333333 NA
0.159626262403602 0.98780487804878 NA
0.8 0.8 NA
0 0 NA
0.0611518852210377 0.995475113122172 NA
0 0 NA
0 0 NA
0.5 0.5 NA
0.421299609112041 0.95 NA
0.114738878418936 0.992063492063492 NA
0 0 NA
0.391579287950022 0.875 NA
0 0 NA
0.455634959146596 0.972222222222222 NA
0 0 NA
0 0.666666666666667 NA
0.467649547333423 0.833333333333333 NA
0 0.666666666666667 NA
0.402844171307488 0.967741935483871 NA
0 0 NA
0.395316890872761 0.964285714285714 NA
0.35694075321333 0.983870967741935 NA
0.0659365930013605 0.994413407821229 NA
0.321128351860308 0.981481481481481 NA
0.155375900133508 0.988235294117647 NA
0.491586725496605 0.96 NA
0.134272541794364 0.989690721649484 NA
0 0 NA
0.350333775078428 0.941176470588235 NA
0.633114440817111 0.933333333333333 NA
0 0 NA
0.357487463311178 0.972222222222222 NA
0.570629796097655 0.961538461538462 NA
0.0317835739914795 0.997134670487106 NA
0.120900500362818 0.991666666666667 NA
0.666666666666667 0.833333333333333 NA
0.0578743818545216 0.994818652849741 NA
0.146248543303232 0.988505747126437 NA
0.182353098012674 0.987951807228916 NA
0.5 0.5 NA
0 0 NA
0.430713491466505 0.970588235294118 NA
0.625 0.875 NA
0 0 NA
0.0754422051306845 0.993865030674847 NA
0 0 NA
0 0 NA
0.75 0.75 NA
0.0610043464131604 0.995169082125604 NA
0.571428571428571 0.857142857142857 NA
0 0 NA
0 0.666666666666667 NA
0.0908904547548198 0.993630573248408 NA
0.399999999998655 0.8 NA
0.106306715754979 0.992805755395683 NA
0.456600927379612 0.976190476190476 NA
0.169707688227688 0.985915492957746 NA
0.545918791903815 0.888888888888889 NA
0.640257302918372 0.928571428571428 NA
0.6 0.8 NA
0.285056734419396 0.986301369863014 NA
0.331982684513529 0.977777777777778 NA
0.278925453277156 0.982456140350877 NA
0.149363211181902 0.990291262135922 NA
0.134107725176932 0.993243243243243 NA
0.499999998245427 0.75 NA
0.599999999997531 0.8 NA
0.125987584628753 0.991666666666667 NA
0.295327135942085 0.973684210526316 NA
0 0 NA
0.532211308793995 0.947368421052632 NA
0.103017877230919 0.991596638655462 NA
0 0 NA
0.167764079503391 0.98780487804878 NA
0.410642870803761 0.967741935483871 NA
0.0748376041525136 0.994818652849741 NA
0.218825234940096 0.982456140350877 NA
0.170841167835602 0.988095238095238 NA
0.185555161676493 0.987951807228916 NA
0.585918944117948 0.96551724137931 NA
0.250521199897106 0.978723404255319 NA
0.5 0.5 NA
0.163732373795428 0.989130434782609 NA
0 0 NA
0.194699173268171 0.987012987012987 NA
0.192157709507201 0.98936170212766 NA
0 0 NA
0.538461538461538 0.923076923076923 NA
0.164855813448461 0.989247311827957 NA
0.240624127896113 0.987012987012987 NA
0.222580169120373 0.984615384615385 NA
0 0 NA
0.156956692152736 0.987654320987654 NA
0.0877505749959454 0.994152046783626 NA
0.11985036093087 0.992063492063492 NA
0.198931408974805 0.988505747126437 NA
0.833333333333333 0.833333333333333 NA
0.0955261006097813 0.993670886075949 NA
0.469586891279751 0.928571428571429 NA
0.75 0.875 NA
0.624999999999999 0.875 NA
0.8 0.8 NA
0.483832228035155 0.975 NA
0.145029188135904 0.98936170212766 NA
0.279744103798188 0.976744186046512 NA
0.333333333333333 0.666666666666667 NA
0.402616873847766 0.978260869565217 NA
0.69460128007598 0.857142857142857 NA
0.202341055621192 0.982758620689655 NA
0.302620492345749 0.9 NA
0.75 0.75 NA
0.259415153438519 0.974358974358974 NA
0.5 0.5 NA
0.66666666666421 0.833333333333333 NA
0.332540774372927 0.96969696969697 NA
0.666666666666417 0.916666666666667 NA
0.140155460274044 0.98989898989899 NA
0.5 0.5 NA
0.079878356452206 0.994413407821229 NA
0 0 NA
0.833333333333333 0.833333333333333 NA
0.666666666666667 0.666666666666667 NA
0.0889806135861724 0.993288590604027 NA
0.242090353635683 0.9875 NA
0.8 0.8 NA
0 0 NA
0.142110564164262 0.990740740740741 NA
0.134847618605609 0.991379310344828 NA
0.313767516261591 0.986111111111111 NA
0 0 NA
0.119109337081768 0.989130434782609 NA
0.144364227117591 0.990196078431373 NA
0.204581278720585 0.990476190476191 NA
0 0.666666666666667 NA
0.354109584918826 0.982142857142857 NA
0.5 0.5 NA
0.251826656766737 0.987179487179487 NA
0.198973532399638 0.986301369863014 NA
0.154289802779292 0.987951807228916 NA
0.266550617331353 0.984848484848485 NA
0.124047770939609 0.98989898989899 NA
0.147006488650201 0.988636363636364 NA
0 0 NA
0 0 NA
0.35443468479016 0.979591836734694 NA
0 0 NA
0.286202060679037 0.984375 NA
0.286089417678547 0.98 NA
0.2042859779968 0.985074626865672 NA
0 0 NA
0.226178229163056 0.985507246376812 NA
0.131514901754025 0.991379310344828 NA
0.41322078454771 0.952380952380952 NA
0.0785183234717153 0.994011976047904 NA
0.341261767361349 0.982142857142857 NA
0 0 NA
0.471306521197112 0.96551724137931 NA
0.75 0.75 NA
0.138960177947048 0.991379310344828 NA
0.520565376431984 0.9 NA
0.264805729192884 0.985294117647059 NA
0.241293805504558 0.975609756097561 NA
0.333333333333333 0.666666666666667 NA
0.661728625257309 0.888888888888889 NA
0.666666666666667 0.666666666666667 NA
0.397090896354081 0.975609756097561 NA
0 0 NA
0 0 NA
0.0568799750173746 0.995073891625616 NA
0.142781611158528 0.983333333333333 NA
0.0514310468132851 0.995744680851064 NA
0.596688797638561 0.916666666666667 NA
0.327874988393777 0.981481481481482 NA
0.152291676728749 0.98989898989899 NA
0.5857085980117 0.9375 NA
0.104074391842216 0.993377483443709 NA
0.185145443808966 0.98936170212766 NA
0.75 0.75 NA
0.118042374314572 0.992700729927007 NA
0 0 NA
0 0 NA
0.0264153132509772 0.995744680851064 NA
0 0 NA
0.595621474580663 0.933333333333333 NA
0.350415369981668 0.977777777777778 NA
0 0.5 NA
0.114006211369334 0.993150684931507 NA
0.5 0.5 NA
0.500336629094682 0.928571428571428 NA
0 0 NA
0.305412141414556 0.971428571428571 NA
0 0 NA
0.279643138334478 0.983050847457627 NA
0.571428037343605 0.857142857142857 NA
0.666666666666667 0.666666666666667 NA
0.333333333333333 0.833333333333333 NA
0.333331553021534 0.666666666666667 NA
0.0930140813274028 0.994285714285714 NA
0.377563396922269 0.977272727272727 NA
0 0 NA
0.558579591682925 0.928571428571429 NA
0.399945242424669 0.96875 NA
0.5 0.5 NA
0 0 NA
0.499999344269872 0.75 NA
0.060527141710086 0.99438202247191 NA
0.232785781242404 0.98780487804878 NA
0 0 NA
0.116249216927644 0.992805755395683 NA
0.383649279964326 0.952380952380952 NA
0.101680009343257 0.992805755395683 NA
0.126356708111885 0.991935483870968 NA
0.571428571428324 0.857142857142857 NA
0.161724864194751 0.988636363636364 NA
0.0698227829128936 0.993865030674847 NA
0 0 NA
0.75 0.75 NA
0.75 0.75 NA
0.199999997785674 0.8 NA
0.0840266516989309 0.992424242424242 NA
0 0 NA
0.5 0.5 NA
0 0 NA
0.666666666666667 0.666666666666667 NA
0.367526981202274 0.973684210526316 NA
0.16376369418003 0.99 NA
0.143574929996365 0.991071428571429 NA
0.402293098711878 0.976190476190476 NA
0 0 NA
0.137506006806847 0.989795918367347 NA
0.219889517546168 0.982758620689655 NA
0 0 NA
0.0381555642314145 0.995918367346939 NA
0.487767938151646 0.75 NA
0 0 NA
0.8 0.8 NA
0.249999999888572 0.75 NA
0 0 NA
0.214939232320091 0.985074626865672 NA
0.212601771526706 0.986842105263158 NA
0.169609290539544 0.984615384615385 NA
0.179859274297323 0.989130434782609 NA
0.414140277467224 0.96551724137931 NA
0.165420496698199 0.970588235294118 NA
0.247797238960235 0.983050847457627 NA
0.0712404808115541 0.994623655913978 NA
0.320083453894001 0.96551724137931 NA
0 0 NA
0.16780208822983 0.99009900990099 NA
0 0 NA
0.5 0.5 NA
0.51539832257547 0.971428571428571 NA
0 0 NA
0 0 NA
0.3032857157584 0.979591836734694 NA
0.426423621098089 0.952380952380952 NA
0.166039143505782 0.988235294117647 NA
0.75 0.75 NA
0 0 NA
0 0 NA
0.5 0.5 NA
0.298549423220642 0.984848484848485 NA
0.136621736971781 0.99047619047619 NA
0.122366318823047 0.993197278911565 NA
0 0 NA
0.57127250077814 0.857142857142857 NA
0.287921340389249 0.974358974358974 NA
0.290770434257715 0.956521739130435 NA
0.449927761734715 0.96551724137931 NA
