"ID" "SIZE" "HH" "TYPE" "TIME" "S_NUM" "I_NUM"
"1" 1 5 1 "0" 20 4 2
"2" 2 5 1 "H" 46 2 0
"3" 3 5 1 "H" 93 1 1
"4" 4 5 1 "H" 131 0 0
"5" 5 5 1 "H" 65 2 1
"6" 6 4 2 NA NA NA 0
"7" 7 4 2 NA NA NA 0
"8" 8 4 2 NA NA NA 0
"9" 9 4 2 NA NA NA 0
"10" 10 5 3 "C" 196 4 2
"11" 11 5 3 "H" 222 2 1
"12" 12 5 3 "H" 251 1 1
"13" 13 5 3 "H" 270 0 0
"14" 14 5 3 "H" 220 2 0
"15" 15 3 4 NA NA NA 0
"16" 16 3 4 NA NA NA 0
"17" 17 3 4 NA NA NA 0
"18" 18 5 5 NA NA NA 0
"19" 19 5 5 NA NA NA 0
"20" 20 5 5 NA NA NA 0
"21" 21 5 5 NA NA NA 0
"22" 22 5 5 "C" 358 4 0
"23" 23 6 6 NA NA NA 0
"24" 24 6 6 NA NA NA 0
"25" 25 6 6 NA NA NA 0
"26" 26 6 6 "C" NA NA 0
"27" 27 6 6 NA NA NA 0
"28" 28 6 6 NA NA NA 0
"29" 29 5 7 "C" 321 4 0
"30" 30 5 7 NA NA NA 0
"31" 31 5 7 NA NA NA 0
"32" 32 5 7 NA NA NA 0
"33" 33 5 7 NA NA NA 0
"34" 34 4 8 "H" 361 0 0
"35" 35 4 8 "C" NA NA 0
"36" 36 4 8 "H" 318 1 0
"37" 37 4 8 "C" 295 3 2
"38" 38 5 9 NA NA NA 0
"39" 39 5 9 NA NA NA 0
"40" 40 5 9 NA NA NA 0
"41" 41 5 9 NA NA NA 0
"42" 42 5 9 NA NA NA 0
"43" 43 4 10 NA NA NA 0
"44" 44 4 10 NA NA NA 0
"45" 45 4 10 "C" NA NA 0
"46" 46 4 10 NA NA NA 0
"47" 47 5 11 "C" 242 4 1
"48" 48 5 11 "H" 321 0 0
"49" 49 5 11 "H" 257 3 2
"50" 50 5 11 "H" 329 0 0
"51" 51 5 11 "H" 285 1 1
"52" 52 3 12 "H" 335 1 0
"53" 53 3 12 NA NA NA 0
"54" 54 3 12 "C" 301 2 1
"55" 55 6 13 "H" 351 1 1
"56" 56 6 13 "H" 347 1 0
"57" 57 6 13 "H" 316 3 2
"58" 58 6 13 "H" NA NA 0
"59" 59 6 13 "H" 291 4 1
"60" 60 6 13 "C" 264 5 1
"61" 61 5 14 NA NA NA 0
"62" 62 5 14 NA NA NA 0
"63" 63 5 14 NA NA NA 0
"64" 64 5 14 NA NA NA 0
"65" 65 5 14 NA NA NA 0
"66" 66 4 15 "C" NA NA 0
"67" 67 4 15 NA NA NA 0
"68" 68 4 15 NA NA NA 0
"69" 69 4 15 NA NA NA 0
"70" 70 4 16 NA NA NA 0
"71" 71 4 16 "H" NA NA 0
"72" 72 4 16 "C" 352 3 2
"73" 73 4 16 "H" NA NA 0
"74" 74 5 17 NA NA NA 0
"75" 75 5 17 NA NA NA 0
"76" 76 5 17 NA NA NA 0
"77" 77 5 17 NA NA NA 0
"78" 78 5 17 NA NA NA 0
"79" 79 5 18 NA NA NA 0
"80" 80 5 18 "C" NA NA 0
"81" 81 5 18 NA NA NA 0
"82" 82 5 18 NA NA NA 0
"83" 83 5 18 NA NA NA 0
"84" 84 4 19 NA NA NA 0
"85" 85 4 19 NA NA NA 0
"86" 86 4 19 NA NA NA 0
"87" 87 4 19 NA NA NA 0
"88" 88 6 20 NA NA NA 0
"89" 89 6 20 NA NA NA 0
"90" 90 6 20 "C" 365 5 0
"91" 91 6 20 NA NA NA 0
"92" 92 6 20 NA NA NA 0
"93" 93 6 20 NA NA NA 0
"94" 94 5 21 "C" 322 4 1
"95" 95 5 21 NA NA NA 0
"96" 96 5 21 "H" NA NA 0
"97" 97 5 21 NA NA NA 0
"98" 98 5 21 NA NA NA 0
"99" 99 6 22 NA NA NA 0
"100" 100 6 22 "C" 323 5 1
"101" 101 6 22 NA NA NA 0
"102" 102 6 22 NA NA NA 0
"103" 103 6 22 NA NA NA 0
"104" 104 6 22 "H" NA NA 0
"105" 105 6 23 "C" NA NA 0
"106" 106 6 23 NA NA NA 0
"107" 107 6 23 NA NA NA 0
"108" 108 6 23 "C" NA NA 0
"109" 109 6 23 NA NA NA 0
"110" 110 6 23 NA NA NA 0
"111" 111 3 24 NA NA NA 0
"112" 112 3 24 NA NA NA 0
"113" 113 3 24 NA NA NA 0
"114" 114 4 25 NA NA NA 0
"115" 115 4 25 NA NA NA 0
"116" 116 4 25 NA NA NA 0
"117" 117 4 25 NA NA NA 0
"118" 118 4 26 "C" 362 3 0
"119" 119 4 26 NA NA NA 0
"120" 120 4 26 NA NA NA 0
"121" 121 4 26 NA NA NA 0
"122" 122 3 27 NA NA NA 0
"123" 123 3 27 NA NA NA 0
"124" 124 3 27 NA NA NA 0
"125" 125 6 28 NA NA NA 0
"126" 126 6 28 NA NA NA 0
"127" 127 6 28 NA NA NA 0
"128" 128 6 28 NA NA NA 0
"129" 129 6 28 NA NA NA 0
"130" 130 6 28 NA NA NA 0
"131" 131 4 29 NA NA NA 0
"132" 132 4 29 NA NA NA 0
"133" 133 4 29 NA NA NA 0
"134" 134 4 29 NA NA NA 0
"135" 135 3 30 NA NA NA 0
"136" 136 3 30 NA NA NA 0
"137" 137 3 30 NA NA NA 0
"138" 138 3 31 "C" 322 1 1
"139" 139 3 31 "H" 351 0 0
"140" 140 3 31 "C" 331 0 0
"141" 141 3 32 "C" 339 1 1
"142" 142 3 32 "C" NA NA 0
"143" 143 3 32 "H" 349 0 0
"144" 144 5 33 "C" 306 4 0
"145" 145 5 33 NA NA NA 0
"146" 146 5 33 NA NA NA 0
"147" 147 5 33 NA NA NA 0
"148" 148 5 33 NA NA NA 0
"149" 149 6 34 "H" 351 1 0
"150" 150 6 34 "H" NA NA 0
"151" 151 6 34 "C" 306 5 2
"152" 152 6 34 NA NA NA 0
"153" 153 6 34 "H" 324 3 0
"154" 154 6 34 "H" 332 3 2
"155" 155 6 35 NA NA NA 0
"156" 156 6 35 NA NA NA 0
"157" 157 6 35 "C" 332 5 1
"158" 158 6 35 "H" NA NA 0
"159" 159 6 35 NA NA NA 0
"160" 160 6 35 "H" 355 4 1
"161" 161 5 36 NA NA NA 0
"162" 162 5 36 NA NA NA 0
"163" 163 5 36 NA NA NA 0
"164" 164 5 36 NA NA NA 0
"165" 165 5 36 NA NA NA 0
"166" 166 6 37 NA NA NA 0
"167" 167 6 37 NA NA NA 0
"168" 168 6 37 NA NA NA 0
"169" 169 6 37 "C" NA NA 0
"170" 170 6 37 NA NA NA 0
"171" 171 6 37 NA NA NA 0
"172" 172 5 38 NA NA NA 0
"173" 173 5 38 NA NA NA 0
"174" 174 5 38 NA NA NA 0
"175" 175 5 38 NA NA NA 0
"176" 176 5 38 NA NA NA 0
"177" 177 5 39 "C" NA NA 0
"178" 178 5 39 NA NA NA 0
"179" 179 5 39 NA NA NA 0
"180" 180 5 39 NA NA NA 0
"181" 181 5 39 NA NA NA 0
"182" 182 3 40 NA NA NA 0
"183" 183 3 40 NA NA NA 0
"184" 184 3 40 NA NA NA 0
"185" 185 4 41 NA NA NA 0
"186" 186 4 41 NA NA NA 0
"187" 187 4 41 NA NA NA 0
"188" 188 4 41 NA NA NA 0
"189" 189 4 42 NA NA NA 0
"190" 190 4 42 NA NA NA 0
"191" 191 4 42 NA NA NA 0
"192" 192 4 42 NA NA NA 0
"193" 193 5 43 NA NA NA 0
"194" 194 5 43 NA NA NA 0
"195" 195 5 43 NA NA NA 0
"196" 196 5 43 NA NA NA 0
"197" 197 5 43 NA NA NA 0
"198" 198 5 44 "H" 238 2 1
"199" 199 5 44 "H" 256 1 0
"200" 200 5 44 NA NA NA 0
"201" 201 5 44 "H" 290 1 0
"202" 202 5 44 "C" 215 4 2
"203" 203 5 45 "H" 304 2 1
"204" 204 5 45 "C" 247 3 0
"205" 205 5 45 NA NA NA 0
"206" 206 5 45 "H" 331 1 0
"207" 207 5 45 "C" 277 3 1
"208" 208 3 46 NA NA NA 0
"209" 209 3 46 NA NA NA 0
"210" 210 3 46 NA NA NA 0
"211" 211 3 47 NA NA NA 0
"212" 212 3 47 NA NA NA 0
"213" 213 3 47 NA NA NA 0
"214" 214 6 48 "C" 329 5 1
"215" 215 6 48 "H" NA NA 0
"216" 216 6 48 "H" NA NA 0
"217" 217 6 48 "H" NA NA 0
"218" 218 6 48 NA NA NA 0
"219" 219 6 48 "C" 355 3 2
"220" 220 3 49 NA NA NA 0
"221" 221 3 49 NA NA NA 0
"222" 222 3 49 "C" 329 2 0
"223" 223 3 50 NA NA NA 0
"224" 224 3 50 NA NA NA 0
"225" 225 3 50 NA NA NA 0
"226" 226 4 51 NA NA NA 0
"227" 227 4 51 NA NA NA 0
"228" 228 4 51 NA NA NA 0
"229" 229 4 51 NA NA NA 0
"230" 230 5 52 NA NA NA 0
"231" 231 5 52 NA NA NA 0
"232" 232 5 52 NA NA NA 0
"233" 233 5 52 NA NA NA 0
"234" 234 5 52 NA NA NA 0
"235" 235 6 53 NA NA NA 0
"236" 236 6 53 NA NA NA 0
"237" 237 6 53 NA NA NA 0
"238" 238 6 53 NA NA NA 0
"239" 239 6 53 NA NA NA 0
"240" 240 6 53 NA NA NA 0
"241" 241 6 54 "C" 287 5 0
"242" 242 6 54 NA NA NA 0
"243" 243 6 54 "C" 319 4 0
"244" 244 6 54 NA NA NA 0
"245" 245 6 54 NA NA NA 0
"246" 246 6 54 NA NA NA 0
"247" 247 5 55 "H" NA NA 0
"248" 248 5 55 "H" 363 1 0
"249" 249 5 55 "C" 311 4 2
"250" 250 5 55 NA NA NA 0
"251" 251 5 55 "H" 349 2 1
"252" 252 6 56 "H" 363 2 0
"253" 253 6 56 "C" 328 4 1
"254" 254 6 56 NA NA NA 0
"255" 255 6 56 NA NA NA 0
"256" 256 6 56 "C" 344 3 1
"257" 257 6 56 "H" 360 2 0
"258" 258 3 57 NA NA NA 0
"259" 259 3 57 NA NA NA 0
"260" 260 3 57 NA NA NA 0
"261" 261 3 58 NA NA NA 0
"262" 262 3 58 NA NA NA 0
"263" 263 3 58 NA NA NA 0
"264" 264 6 59 NA NA NA 0
"265" 265 6 59 "H" NA NA 0
"266" 266 6 59 NA NA NA 0
"267" 267 6 59 NA NA NA 0
"268" 268 6 59 "C" 347 5 2
"269" 269 6 59 "H" NA NA 0
"270" 270 3 60 NA NA NA 0
"271" 271 3 60 NA NA NA 0
"272" 272 3 60 NA NA NA 0
"273" 273 6 61 NA NA NA 0
"274" 274 6 61 NA NA NA 0
"275" 275 6 61 NA NA NA 0
"276" 276 6 61 NA NA NA 0
"277" 277 6 61 NA NA NA 0
"278" 278 6 61 NA NA NA 0
"279" 279 3 62 NA NA NA 0
"280" 280 3 62 NA NA NA 0
"281" 281 3 62 NA NA NA 0
"282" 282 6 63 "C" 95 5 1
"283" 283 6 63 NA NA NA 0
"284" 284 6 63 "H" 128 4 1
"285" 285 6 63 NA NA NA 0
"286" 286 6 63 "H" 153 3 1
"287" 287 6 63 "H" 191 2 0
"288" 288 6 64 NA NA NA 0
"289" 289 6 64 NA NA NA 0
"290" 290 6 64 NA NA NA 0
"291" 291 6 64 NA NA NA 0
"292" 292 6 64 NA NA NA 0
"293" 293 6 64 NA NA NA 0
"294" 294 3 65 NA NA NA 0
"295" 295 3 65 NA NA NA 0
"296" 296 3 65 NA NA NA 0
"297" 297 3 66 NA NA NA 0
"298" 298 3 66 NA NA NA 0
"299" 299 3 66 NA NA NA 0
"300" 300 3 67 NA NA NA 0
"301" 301 3 67 NA NA NA 0
"302" 302 3 67 NA NA NA 0
"303" 303 3 68 NA NA NA 0
"304" 304 3 68 NA NA NA 0
"305" 305 3 68 NA NA NA 0
"306" 306 5 69 "H" 236 2 1
"307" 307 5 69 "C" 177 4 1
"308" 308 5 69 NA NA NA 0
"309" 309 5 69 "H" 259 1 0
"310" 310 5 69 "H" 200 3 1
"311" 311 3 70 NA NA NA 0
"312" 312 3 70 NA NA NA 0
"313" 313 3 70 NA NA NA 0
"314" 314 3 71 NA NA NA 0
"315" 315 3 71 NA NA NA 0
"316" 316 3 71 NA NA NA 0
"317" 317 4 72 NA NA NA 0
"318" 318 4 72 NA NA NA 0
"319" 319 4 72 NA NA NA 0
"320" 320 4 72 NA NA NA 0
"321" 321 6 73 "C" 354 4 3
"322" 322 6 73 "H" NA NA 0
"323" 323 6 73 "H" NA NA 0
"324" 324 6 73 "C" NA NA 0
"325" 325 6 73 "H" NA NA 0
"326" 326 6 73 NA NA NA 0
"327" 327 5 74 NA NA NA 0
"328" 328 5 74 "C" NA NA 0
"329" 329 5 74 NA NA NA 0
"330" 330 5 74 "C" NA NA 0
"331" 331 5 74 NA NA NA 0
"332" 332 3 75 NA NA NA 0
"333" 333 3 75 NA NA NA 0
"334" 334 3 75 NA NA NA 0
"335" 335 6 76 NA NA NA 0
"336" 336 6 76 NA NA NA 0
"337" 337 6 76 NA NA NA 0
"338" 338 6 76 NA NA NA 0
"339" 339 6 76 NA NA NA 0
"340" 340 6 76 NA NA NA 0
"341" 341 5 77 "C" 240 4 1
"342" 342 5 77 "H" 277 3 3
"343" 343 5 77 "H" 293 0 0
"344" 344 5 77 "H" 299 0 0
"345" 345 5 77 "H" 315 0 0
"346" 346 4 78 NA NA NA 0
"347" 347 4 78 "H" 362 2 0
"348" 348 4 78 NA NA NA 0
"349" 349 4 78 "C" 332 3 1
"350" 350 3 79 NA NA NA 0
"351" 351 3 79 NA NA NA 0
"352" 352 3 79 NA NA NA 0
"353" 353 5 80 NA NA NA 0
"354" 354 5 80 NA NA NA 0
"355" 355 5 80 NA NA NA 0
"356" 356 5 80 "C" 323 4 1
"357" 357 5 80 "H" NA NA 0
"358" 358 3 81 NA NA NA 0
"359" 359 3 81 NA NA NA 0
"360" 360 3 81 "C" 308 2 0
"361" 361 6 82 NA NA NA 0
"362" 362 6 82 NA NA NA 0
"363" 363 6 82 NA NA NA 0
"364" 364 6 82 NA NA NA 0
"365" 365 6 82 NA NA NA 0
"366" 366 6 82 NA NA NA 0
"367" 367 3 83 NA NA NA 0
"368" 368 3 83 NA NA NA 0
"369" 369 3 83 NA NA NA 0
"370" 370 4 84 "C" 331 1 0
"371" 371 4 84 "H" 324 1 0
"372" 372 4 84 NA NA NA 0
"373" 373 4 84 "C" 303 2 1
"374" 374 6 85 NA NA NA 0
"375" 375 6 85 NA NA NA 0
"376" 376 6 85 NA NA NA 0
"377" 377 6 85 NA NA NA 0
"378" 378 6 85 NA NA NA 0
"379" 379 6 85 NA NA NA 0
"380" 380 5 86 "H" NA NA 0
"381" 381 5 86 "C" 363 1 0
"382" 382 5 86 "H" NA NA 0
"383" 383 5 86 "C" 348 3 2
"384" 384 5 86 NA NA NA 0
"385" 385 6 87 NA NA NA 0
"386" 386 6 87 NA NA NA 0
"387" 387 6 87 NA NA NA 0
"388" 388 6 87 NA NA NA 0
"389" 389 6 87 NA NA NA 0
"390" 390 6 87 NA NA NA 0
"391" 391 6 88 "H" NA NA 0
"392" 392 6 88 NA NA NA 0
"393" 393 6 88 "C" 364 5 1
"394" 394 6 88 NA NA NA 0
"395" 395 6 88 NA NA NA 0
"396" 396 6 88 NA NA NA 0
"397" 397 4 89 "C" NA NA 0
"398" 398 4 89 NA NA NA 0
"399" 399 4 89 NA NA NA 0
"400" 400 4 89 NA NA NA 0
"401" 401 5 90 NA NA NA 0
"402" 402 5 90 NA NA NA 0
"403" 403 5 90 NA NA NA 0
"404" 404 5 90 "C" NA NA 0
"405" 405 5 90 NA NA NA 0
"406" 406 6 91 NA NA NA 0
"407" 407 6 91 NA NA NA 0
"408" 408 6 91 NA NA NA 0
"409" 409 6 91 NA NA NA 0
"410" 410 6 91 NA NA NA 0
"411" 411 6 91 NA NA NA 0
"412" 412 6 92 NA NA NA 0
"413" 413 6 92 NA NA NA 0
"414" 414 6 92 NA NA NA 0
"415" 415 6 92 NA NA NA 0
"416" 416 6 92 "C" NA NA 0
"417" 417 6 92 NA NA NA 0
"418" 418 3 93 NA NA NA 0
"419" 419 3 93 NA NA NA 0
"420" 420 3 93 NA NA NA 0
"421" 421 4 94 NA NA NA 0
"422" 422 4 94 NA NA NA 0
"423" 423 4 94 "C" 361 3 1
"424" 424 4 94 "H" NA NA 0
"425" 425 3 95 NA NA NA 0
"426" 426 3 95 NA NA NA 0
"427" 427 3 95 NA NA NA 0
"428" 428 6 96 "H" 344 2 0
"429" 429 6 96 NA NA NA 0
"430" 430 6 96 "H" 361 2 0
"431" 431 6 96 NA NA NA 0
"432" 432 6 96 "H" 327 4 2
"433" 433 6 96 "C" 298 5 1
"434" 434 4 97 "H" 242 1 1
"435" 435 4 97 "H" 230 1 0
"436" 436 4 97 "C" 197 3 2
"437" 437 4 97 "H" 284 0 0
"438" 438 4 98 NA NA NA 0
"439" 439 4 98 NA NA NA 0
"440" 440 4 98 NA NA NA 0
"441" 441 4 98 "C" NA NA 0
"442" 442 4 99 NA NA NA 0
"443" 443 4 99 NA NA NA 0
"444" 444 4 99 "C" NA NA 0
"445" 445 4 99 NA NA NA 0
"446" 446 3 100 NA NA NA 0
"447" 447 3 100 NA NA NA 0
"448" 448 3 100 NA NA NA 0
"449" 449 6 101 NA NA NA 0
"450" 450 6 101 NA NA NA 0
"451" 451 6 101 NA NA NA 0
"452" 452 6 101 NA NA NA 0
"453" 453 6 101 NA NA NA 0
"454" 454 6 101 NA NA NA 0
"455" 455 4 102 "H" 293 2 1
"456" 456 4 102 "C" 246 3 1
"457" 457 4 102 "H" 320 1 0
"458" 458 4 102 NA NA NA 0
"459" 459 3 103 NA NA NA 0
"460" 460 3 103 NA NA NA 0
"461" 461 3 103 NA NA NA 0
"462" 462 6 104 "H" 345 0 0
"463" 463 6 104 "H" 323 2 2
"464" 464 6 104 "H" 289 2 0
"465" 465 6 104 "H" NA NA 0
"466" 466 6 104 "H" 267 3 1
"467" 467 6 104 "C" 251 5 2
"468" 468 3 105 NA NA NA 0
"469" 469 3 105 NA NA NA 0
"470" 470 3 105 NA NA NA 0
"471" 471 3 106 NA NA NA 0
"472" 472 3 106 "C" 291 2 0
"473" 473 3 106 NA NA NA 0
"474" 474 5 107 NA NA NA 0
"475" 475 5 107 NA NA NA 0
"476" 476 5 107 NA NA NA 0
"477" 477 5 107 NA NA NA 0
"478" 478 5 107 NA NA NA 0
"479" 479 4 108 NA NA NA 0
"480" 480 4 108 NA NA NA 0
"481" 481 4 108 NA NA NA 0
"482" 482 4 108 NA NA NA 0
"483" 483 6 109 "C" NA NA 0
"484" 484 6 109 NA NA NA 0
"485" 485 6 109 NA NA NA 0
"486" 486 6 109 NA NA NA 0
"487" 487 6 109 NA NA NA 0
"488" 488 6 109 NA NA NA 0
"489" 489 3 110 NA NA NA 0
"490" 490 3 110 NA NA NA 0
"491" 491 3 110 NA NA NA 0
"492" 492 4 111 NA NA NA 0
"493" 493 4 111 "C" 344 2 0
"494" 494 4 111 NA NA NA 0
"495" 495 4 111 "C" 233 3 0
"496" 496 5 112 NA NA NA 0
"497" 497 5 112 NA NA NA 0
"498" 498 5 112 NA NA NA 0
"499" 499 5 112 NA NA NA 0
"500" 500 5 112 "C" 329 4 0
"501" 501 3 113 NA NA NA 0
"502" 502 3 113 NA NA NA 0
"503" 503 3 113 NA NA NA 0
"504" 504 6 114 "H" 352 4 2
"505" 505 6 114 "H" NA NA 0
"506" 506 6 114 "C" 325 5 1
"507" 507 6 114 "H" NA NA 0
"508" 508 6 114 NA NA NA 0
"509" 509 6 114 NA NA NA 0
"510" 510 3 115 NA NA NA 0
"511" 511 3 115 NA NA NA 0
"512" 512 3 115 NA NA NA 0
"513" 513 6 116 NA NA NA 0
"514" 514 6 116 NA NA NA 0
"515" 515 6 116 NA NA NA 0
"516" 516 6 116 NA NA NA 0
"517" 517 6 116 "C" 361 5 1
"518" 518 6 116 "H" NA NA 0
"519" 519 3 117 NA NA NA 0
"520" 520 3 117 NA NA NA 0
"521" 521 3 117 NA NA NA 0
"522" 522 3 118 NA NA NA 0
"523" 523 3 118 NA NA NA 0
"524" 524 3 118 NA NA NA 0
"525" 525 4 119 "C" NA NA 0
"526" 526 4 119 "C" NA NA 0
"527" 527 4 119 NA NA NA 0
"528" 528 4 119 NA NA NA 0
"529" 529 6 120 NA NA NA 0
"530" 530 6 120 NA NA NA 0
"531" 531 6 120 "C" NA NA 0
"532" 532 6 120 "C" NA NA 0
"533" 533 6 120 NA NA NA 0
"534" 534 6 120 NA NA NA 0
"535" 535 5 121 NA NA NA 0
"536" 536 5 121 NA NA NA 0
"537" 537 5 121 NA NA NA 0
"538" 538 5 121 NA NA NA 0
"539" 539 5 121 NA NA NA 0
"540" 540 3 122 NA NA NA 0
"541" 541 3 122 NA NA NA 0
"542" 542 3 122 NA NA NA 0
"543" 543 5 123 "C" 308 3 1
"544" 544 5 123 "C" 322 2 1
"545" 545 5 123 "H" 340 0 0
"546" 546 5 123 "H" NA NA 0
"547" 547 5 123 "H" 331 1 1
"548" 548 6 124 NA NA NA 0
"549" 549 6 124 NA NA NA 0
"550" 550 6 124 NA NA NA 0
"551" 551 6 124 NA NA NA 0
"552" 552 6 124 "C" NA NA 0
"553" 553 6 124 NA NA NA 0
"554" 554 4 125 NA NA NA 0
"555" 555 4 125 NA NA NA 0
"556" 556 4 125 NA NA NA 0
"557" 557 4 125 NA NA NA 0
"558" 558 6 126 "H" NA NA 0
"559" 559 6 126 "C" 352 5 2
"560" 560 6 126 NA NA NA 0
"561" 561 6 126 "H" NA NA 0
"562" 562 6 126 NA NA NA 0
"563" 563 6 126 NA NA NA 0
"564" 564 4 127 "C" 146 3 3
"565" 565 4 127 "H" 173 0 0
"566" 566 4 127 "H" 175 0 0
"567" 567 4 127 "H" 177 0 0
"568" 568 4 128 NA NA NA 0
"569" 569 4 128 NA NA NA 0
"570" 570 4 128 NA NA NA 0
"571" 571 4 128 NA NA NA 0
"572" 572 5 129 NA NA NA 0
"573" 573 5 129 NA NA NA 0
"574" 574 5 129 NA NA NA 0
"575" 575 5 129 NA NA NA 0
"576" 576 5 129 NA NA NA 0
"577" 577 4 130 NA NA NA 0
"578" 578 4 130 NA NA NA 0
"579" 579 4 130 NA NA NA 0
"580" 580 4 130 NA NA NA 0
"581" 581 5 131 NA NA NA 0
"582" 582 5 131 NA NA NA 0
"583" 583 5 131 NA NA NA 0
"584" 584 5 131 NA NA NA 0
"585" 585 5 131 NA NA NA 0
"586" 586 6 132 NA NA NA 0
"587" 587 6 132 NA NA NA 0
"588" 588 6 132 NA NA NA 0
"589" 589 6 132 NA NA NA 0
"590" 590 6 132 NA NA NA 0
"591" 591 6 132 NA NA NA 0
"592" 592 4 133 NA NA NA 0
"593" 593 4 133 NA NA NA 0
"594" 594 4 133 NA NA NA 0
"595" 595 4 133 NA NA NA 0
"596" 596 3 134 NA NA NA 0
"597" 597 3 134 NA NA NA 0
"598" 598 3 134 NA NA NA 0
"599" 599 6 135 NA NA NA 0
"600" 600 6 135 NA NA NA 0
"601" 601 6 135 NA NA NA 0
"602" 602 6 135 NA NA NA 0
"603" 603 6 135 NA NA NA 0
"604" 604 6 135 NA NA NA 0
"605" 605 6 136 "H" 285 2 1
"606" 606 6 136 "H" 298 1 0
"607" 607 6 136 "H" 305 1 1
"608" 608 6 136 "H" 292 1 0
"609" 609 6 136 "H" 330 0 0
"610" 610 6 136 "C" 269 5 3
"611" 611 6 137 NA NA NA 0
"612" 612 6 137 NA NA NA 0
"613" 613 6 137 "C" NA NA 0
"614" 614 6 137 NA NA NA 0
"615" 615 6 137 NA NA NA 0
"616" 616 6 137 NA NA NA 0
"617" 617 5 138 NA NA NA 0
"618" 618 5 138 NA NA NA 0
"619" 619 5 138 NA NA NA 0
"620" 620 5 138 NA NA NA 0
"621" 621 5 138 NA NA NA 0
"622" 622 6 139 NA NA NA 0
"623" 623 6 139 NA NA NA 0
"624" 624 6 139 NA NA NA 0
"625" 625 6 139 NA NA NA 0
"626" 626 6 139 NA NA NA 0
"627" 627 6 139 NA NA NA 0
"628" 628 3 140 NA NA NA 0
"629" 629 3 140 NA NA NA 0
"630" 630 3 140 NA NA NA 0
"631" 631 3 141 NA NA NA 0
"632" 632 3 141 NA NA NA 0
"633" 633 3 141 NA NA NA 0
"634" 634 6 142 NA NA NA 0
"635" 635 6 142 NA NA NA 0
"636" 636 6 142 NA NA NA 0
"637" 637 6 142 "C" NA NA 0
"638" 638 6 142 NA NA NA 0
"639" 639 6 142 NA NA NA 0
"640" 640 3 143 "C" NA NA 0
"641" 641 3 143 NA NA NA 0
"642" 642 3 143 NA NA NA 0
"643" 643 3 144 NA NA NA 0
"644" 644 3 144 NA NA NA 0
"645" 645 3 144 NA NA NA 0
"646" 646 3 145 NA NA NA 0
"647" 647 3 145 NA NA NA 0
"648" 648 3 145 NA NA NA 0
"649" 649 3 146 NA NA NA 0
"650" 650 3 146 NA NA NA 0
"651" 651 3 146 "C" NA NA 0
"652" 652 4 147 "H" NA NA 0
"653" 653 4 147 NA NA NA 0
"654" 654 4 147 NA NA NA 0
"655" 655 4 147 "C" 354 3 1
"656" 656 6 148 NA NA NA 0
"657" 657 6 148 NA NA NA 0
"658" 658 6 148 NA NA NA 0
"659" 659 6 148 NA NA NA 0
"660" 660 6 148 NA NA NA 0
"661" 661 6 148 NA NA NA 0
"662" 662 3 149 NA NA NA 0
"663" 663 3 149 NA NA NA 0
"664" 664 3 149 NA NA NA 0
"665" 665 4 150 NA NA NA 0
"666" 666 4 150 "C" NA NA 0
"667" 667 4 150 NA NA NA 0
"668" 668 4 150 NA NA NA 0
"669" 669 3 151 NA NA NA 0
"670" 670 3 151 NA NA NA 0
"671" 671 3 151 NA NA NA 0
"672" 672 5 152 NA NA NA 0
"673" 673 5 152 NA NA NA 0
"674" 674 5 152 NA NA NA 0
"675" 675 5 152 "C" 118 4 0
"676" 676 5 152 NA NA NA 0
"677" 677 6 153 NA NA NA 0
"678" 678 6 153 NA NA NA 0
"679" 679 6 153 NA NA NA 0
"680" 680 6 153 NA NA NA 0
"681" 681 6 153 NA NA NA 0
"682" 682 6 153 "C" NA NA 0
"683" 683 6 154 NA NA NA 0
"684" 684 6 154 NA NA NA 0
"685" 685 6 154 NA NA NA 0
"686" 686 6 154 NA NA NA 0
"687" 687 6 154 NA NA NA 0
"688" 688 6 154 NA NA NA 0
"689" 689 3 155 NA NA NA 0
"690" 690 3 155 "C" NA NA 0
"691" 691 3 155 NA NA NA 0
"692" 692 6 156 "C" NA NA 0
"693" 693 6 156 "H" NA NA 0
"694" 694 6 156 NA NA NA 0
"695" 695 6 156 "C" NA NA 0
"696" 696 6 156 NA NA NA 0
"697" 697 6 156 "C" 342 4 1
"698" 698 4 157 NA NA NA 0
"699" 699 4 157 NA NA NA 0
"700" 700 4 157 NA NA NA 0
"701" 701 4 157 NA NA NA 0
"702" 702 5 158 "C" 343 4 0
"703" 703 5 158 NA NA NA 0
"704" 704 5 158 NA NA NA 0
"705" 705 5 158 NA NA NA 0
"706" 706 5 158 NA NA NA 0
"707" 707 3 159 "C" NA NA 0
"708" 708 3 159 NA NA NA 0
"709" 709 3 159 "C" NA NA 0
"710" 710 6 160 NA NA NA 0
"711" 711 6 160 NA NA NA 0
"712" 712 6 160 NA NA NA 0
"713" 713 6 160 NA NA NA 0
"714" 714 6 160 NA NA NA 0
"715" 715 6 160 NA NA NA 0
"716" 716 4 161 NA NA NA 0
"717" 717 4 161 NA NA NA 0
"718" 718 4 161 NA NA NA 0
"719" 719 4 161 NA NA NA 0
"720" 720 3 162 "C" 272 2 0
"721" 721 3 162 "C" NA NA 0
"722" 722 3 162 NA NA NA 0
"723" 723 6 163 NA NA NA 0
"724" 724 6 163 NA NA NA 0
"725" 725 6 163 NA NA NA 0
"726" 726 6 163 NA NA NA 0
"727" 727 6 163 NA NA NA 0
"728" 728 6 163 "C" NA NA 0
"729" 729 6 164 NA NA NA 0
"730" 730 6 164 NA NA NA 0
"731" 731 6 164 NA NA NA 0
"732" 732 6 164 NA NA NA 0
"733" 733 6 164 NA NA NA 0
"734" 734 6 164 NA NA NA 0
"735" 735 3 165 NA NA NA 0
"736" 736 3 165 NA NA NA 0
"737" 737 3 165 NA NA NA 0
"738" 738 6 166 "C" 360 5 0
"739" 739 6 166 NA NA NA 0
"740" 740 6 166 NA NA NA 0
"741" 741 6 166 NA NA NA 0
"742" 742 6 166 NA NA NA 0
"743" 743 6 166 NA NA NA 0
"744" 744 6 167 "C" NA NA 0
"745" 745 6 167 NA NA NA 0
"746" 746 6 167 NA NA NA 0
"747" 747 6 167 NA NA NA 0
"748" 748 6 167 NA NA NA 0
"749" 749 6 167 NA NA NA 0
"750" 750 4 168 "C" 92 3 2
"751" 751 4 168 "H" 137 0 0
"752" 752 4 168 "H" 152 0 0
"753" 753 4 168 "H" 112 1 1
"754" 754 5 169 NA NA NA 0
"755" 755 5 169 NA NA NA 0
"756" 756 5 169 NA NA NA 0
"757" 757 5 169 NA NA NA 0
"758" 758 5 169 NA NA NA 0
"759" 759 3 170 "H" 345 1 0
"760" 760 3 170 NA NA NA 0
"761" 761 3 170 "C" 316 2 1
"762" 762 5 171 "H" 353 2 1
"763" 763 5 171 "H" NA NA 0
"764" 764 5 171 "C" 335 4 2
"765" 765 5 171 "H" NA NA 0
"766" 766 5 171 NA NA NA 0
"767" 767 6 172 NA NA NA 0
"768" 768 6 172 NA NA NA 0
"769" 769 6 172 NA NA NA 0
"770" 770 6 172 NA NA NA 0
"771" 771 6 172 NA NA NA 0
"772" 772 6 172 NA NA NA 0
"773" 773 5 173 "H" NA NA 0
"774" 774 5 173 "C" 352 3 2
"775" 775 5 173 "C" NA NA 0
"776" 776 5 173 "H" NA NA 0
"777" 777 5 173 NA NA NA 0
"778" 778 5 174 NA NA NA 0
"779" 779 5 174 NA NA NA 0
"780" 780 5 174 NA NA NA 0
"781" 781 5 174 "C" NA NA 0
"782" 782 5 174 "C" NA NA 0
"783" 783 5 175 NA NA NA 0
"784" 784 5 175 NA NA NA 0
"785" 785 5 175 NA NA NA 0
"786" 786 5 175 NA NA NA 0
"787" 787 5 175 NA NA NA 0
"788" 788 5 176 "H" NA NA 0
"789" 789 5 176 "H" 360 1 1
"790" 790 5 176 "H" NA NA 0
"791" 791 5 176 "C" 337 3 2
"792" 792 5 176 "C" 324 3 0
"793" 793 6 177 NA NA NA 0
"794" 794 6 177 NA NA NA 0
"795" 795 6 177 NA NA NA 0
"796" 796 6 177 NA NA NA 0
"797" 797 6 177 NA NA NA 0
"798" 798 6 177 NA NA NA 0
"799" 799 3 178 NA NA NA 0
"800" 800 3 178 NA NA NA 0
"801" 801 3 178 NA NA NA 0
"802" 802 4 179 NA NA NA 0
"803" 803 4 179 NA NA NA 0
"804" 804 4 179 NA NA NA 0
"805" 805 4 179 NA NA NA 0
"806" 806 5 180 NA NA NA 0
"807" 807 5 180 NA NA NA 0
"808" 808 5 180 NA NA NA 0
"809" 809 5 180 NA NA NA 0
"810" 810 5 180 NA NA NA 0
"811" 811 3 181 NA NA NA 0
"812" 812 3 181 NA NA NA 0
"813" 813 3 181 NA NA NA 0
"814" 814 5 182 NA NA NA 0
"815" 815 5 182 "H" NA NA 0
"816" 816 5 182 "C" 361 4 3
"817" 817 5 182 "H" NA NA 0
"818" 818 5 182 "H" NA NA 0
"819" 819 4 183 NA NA NA 0
"820" 820 4 183 NA NA NA 0
"821" 821 4 183 NA NA NA 0
"822" 822 4 183 NA NA NA 0
"823" 823 6 184 NA NA NA 0
"824" 824 6 184 "H" NA NA 0
"825" 825 6 184 "C" 311 5 2
"826" 826 6 184 NA NA NA 0
"827" 827 6 184 "H" 343 2 0
"828" 828 6 184 "H" 335 3 1
"829" 829 6 185 "H" 363 3 0
"830" 830 6 185 "H" NA NA 0
"831" 831 6 185 NA NA NA 0
"832" 832 6 185 NA NA NA 0
"833" 833 6 185 "C" 336 5 2
"834" 834 6 185 NA NA NA 0
"835" 835 5 186 "C" NA NA 0
"836" 836 5 186 NA NA NA 0
"837" 837 5 186 NA NA NA 0
"838" 838 5 186 NA NA NA 0
"839" 839 5 186 NA NA NA 0
"840" 840 3 187 NA NA NA 0
"841" 841 3 187 NA NA NA 0
"842" 842 3 187 NA NA NA 0
"843" 843 4 188 "H" 291 1 1
"844" 844 4 188 "H" 229 2 1
"845" 845 4 188 "C" 216 3 1
"846" 846 4 188 "H" 343 0 0
"847" 847 5 189 NA NA NA 0
"848" 848 5 189 NA NA NA 0
"849" 849 5 189 NA NA NA 0
"850" 850 5 189 NA NA NA 0
"851" 851 5 189 NA NA NA 0
"852" 852 4 190 "H" NA NA 0
"853" 853 4 190 "H" NA NA 0
"854" 854 4 190 "C" 359 3 2
"855" 855 4 190 NA NA NA 0
"856" 856 3 191 NA NA NA 0
"857" 857 3 191 NA NA NA 0
"858" 858 3 191 NA NA NA 0
"859" 859 6 192 "C" 330 3 1
"860" 860 6 192 NA NA NA 0
"861" 861 6 192 "C" 322 4 1
"862" 862 6 192 "H" 355 1 0
"863" 863 6 192 "H" NA NA 0
"864" 864 6 192 "C" NA NA 0
"865" 865 5 193 NA NA NA 0
"866" 866 5 193 NA NA NA 0
"867" 867 5 193 NA NA NA 0
"868" 868 5 193 NA NA NA 0
"869" 869 5 193 "C" NA NA 0
"870" 870 6 194 "C" 364 5 0
"871" 871 6 194 NA NA NA 0
"872" 872 6 194 NA NA NA 0
"873" 873 6 194 NA NA NA 0
"874" 874 6 194 NA NA NA 0
"875" 875 6 194 NA NA NA 0
"876" 876 6 195 "C" 352 5 1
"877" 877 6 195 "H" NA NA 0
"878" 878 6 195 NA NA NA 0
"879" 879 6 195 NA NA NA 0
"880" 880 6 195 NA NA NA 0
"881" 881 6 195 NA NA NA 0
"882" 882 3 196 NA NA NA 0
"883" 883 3 196 NA NA NA 0
"884" 884 3 196 "C" NA NA 0
"885" 885 6 197 NA NA NA 0
"886" 886 6 197 NA NA NA 0
"887" 887 6 197 NA NA NA 0
"888" 888 6 197 NA NA NA 0
"889" 889 6 197 NA NA NA 0
"890" 890 6 197 NA NA NA 0
"891" 891 6 198 NA NA NA 0
"892" 892 6 198 NA NA NA 0
"893" 893 6 198 NA NA NA 0
"894" 894 6 198 "C" NA NA 0
"895" 895 6 198 NA NA NA 0
"896" 896 6 198 NA NA NA 0
"897" 897 5 199 NA NA NA 0
"898" 898 5 199 "C" 273 4 2
"899" 899 5 199 "H" 323 2 1
"900" 900 5 199 "H" 313 2 0
"901" 901 5 199 "H" 358 1 0
"902" 902 3 200 NA NA NA 0
"903" 903 3 200 NA NA NA 0
"904" 904 3 200 NA NA NA 0
"905" 905 4 201 NA NA NA 0
"906" 906 4 201 NA NA NA 0
"907" 907 4 201 NA NA NA 0
"908" 908 4 201 NA NA NA 0
"909" 909 3 202 NA NA NA 0
"910" 910 3 202 NA NA NA 0
"911" 911 3 202 NA NA NA 0
"912" 912 5 203 "H" 289 0 0
"913" 913 5 203 "H" 308 0 0
"914" 914 5 203 "C" 216 4 1
"915" 915 5 203 "H" 251 3 2
"916" 916 5 203 "H" 271 1 1
"917" 917 6 204 NA NA NA 0
"918" 918 6 204 "C" NA NA 0
"919" 919 6 204 NA NA NA 0
"920" 920 6 204 NA NA NA 0
"921" 921 6 204 NA NA NA 0
"922" 922 6 204 NA NA NA 0
"923" 923 3 205 NA NA NA 0
"924" 924 3 205 NA NA NA 0
"925" 925 3 205 NA NA NA 0
"926" 926 4 206 "H" 364 1 0
"927" 927 4 206 "H" 362 1 0
"928" 928 4 206 "C" 342 3 2
"929" 929 4 206 NA NA NA 0
"930" 930 6 207 NA NA NA 0
"931" 931 6 207 NA NA NA 0
"932" 932 6 207 NA NA NA 0
"933" 933 6 207 NA NA NA 0
"934" 934 6 207 NA NA NA 0
"935" 935 6 207 NA NA NA 0
"936" 936 5 208 NA NA NA 0
"937" 937 5 208 "H" NA NA 0
"938" 938 5 208 "C" NA NA 0
"939" 939 5 208 "C" 304 3 0
"940" 940 5 208 "C" 337 3 1
"941" 941 5 209 NA NA NA 0
"942" 942 5 209 "C" 337 3 0
"943" 943 5 209 NA NA NA 0
"944" 944 5 209 "C" 326 3 0
"945" 945 5 209 NA NA NA 0
"946" 946 3 210 NA NA NA 0
"947" 947 3 210 NA NA NA 0
"948" 948 3 210 NA NA NA 0
"949" 949 4 211 NA NA NA 0
"950" 950 4 211 "C" 347 3 0
"951" 951 4 211 NA NA NA 0
"952" 952 4 211 NA NA NA 0
"953" 953 6 212 NA NA NA 0
"954" 954 6 212 NA NA NA 0
"955" 955 6 212 NA NA NA 0
"956" 956 6 212 NA NA NA 0
"957" 957 6 212 NA NA NA 0
"958" 958 6 212 NA NA NA 0
"959" 959 5 213 NA NA NA 0
"960" 960 5 213 NA NA NA 0
"961" 961 5 213 NA NA NA 0
"962" 962 5 213 NA NA NA 0
"963" 963 5 213 NA NA NA 0
"964" 964 4 214 NA NA NA 0
"965" 965 4 214 "C" NA NA 0
"966" 966 4 214 NA NA NA 0
"967" 967 4 214 NA NA NA 0
"968" 968 4 215 "C" NA NA 0
"969" 969 4 215 NA NA NA 0
"970" 970 4 215 NA NA NA 0
"971" 971 4 215 NA NA NA 0
"972" 972 4 216 NA NA NA 0
"973" 973 4 216 NA NA NA 0
"974" 974 4 216 NA NA NA 0
"975" 975 4 216 "C" NA NA 0
"976" 976 5 217 NA NA NA 0
"977" 977 5 217 NA NA NA 0
"978" 978 5 217 NA NA NA 0
"979" 979 5 217 NA NA NA 0
"980" 980 5 217 NA NA NA 0
"981" 981 6 218 "H" NA NA 0
"982" 982 6 218 "H" 350 0 0
"983" 983 6 218 "C" 300 5 2
"984" 984 6 218 "H" 333 0 0
"985" 985 6 218 "C" 356 0 0
"986" 986 6 218 "H" 324 3 2
"987" 987 6 219 NA NA NA 0
"988" 988 6 219 NA NA NA 0
"989" 989 6 219 NA NA NA 0
"990" 990 6 219 NA NA NA 0
"991" 991 6 219 NA NA NA 0
"992" 992 6 219 NA NA NA 0
"993" 993 4 220 "C" 356 3 1
"994" 994 4 220 NA NA NA 0
"995" 995 4 220 "H" NA NA 0
"996" 996 4 220 NA NA NA 0
"997" 997 4 221 NA NA NA 0
"998" 998 4 221 NA NA NA 0
"999" 999 4 221 NA NA NA 0
"1000" 1000 4 221 NA NA NA 0
