"ID" "SIZE" "HH" "TYPE" "TIME" "S_num" "I_num"
"1" 1 3 1 "0" 30 2 0
"2" 2 3 1 "E" 95 0 0
"3" 3 3 1 "E" 114 0 0
"4" 4 4 2 "E" 76 3 0
"5" 5 4 2 "E" 145 0 0
"6" 6 4 2 "E" 160 0 0
"7" 7 4 2 "E" 121 2 1
"8" 8 6 3 "E" 78 2 0
"9" 9 6 3 "E" 131 1 0
"10" 10 6 3 "E" 83 2 1
"11" 11 6 3 "E" 66 4 1
"12" 12 6 3 "E" 242 0 0
"13" 13 6 3 "E" 116 1 0
"14" 14 3 4 "E" 34 2 0
"15" 15 3 4 "E" 114 0 0
"16" 16 3 4 "E" 107 0 0
"17" 17 3 5 "E" 300 0 0
"18" 18 3 5 "E" 95 2 0
"19" 19 3 5 "E" 200 1 0
"20" 20 5 6 "E" 90 3 1
"21" 21 5 6 "E" 135 1 0
"22" 22 5 6 "E" 144 0 0
"23" 23 5 6 "E" 82 3 0
"24" 24 5 6 "E" 191 0 0
"25" 25 5 7 "E" 27 3 1
"26" 26 5 7 "E" 145 0 0
"27" 27 5 7 "E" 138 0 0
"28" 28 5 7 "E" 68 2 0
"29" 29 5 7 "E" 63 2 0
"30" 30 5 8 "E" 117 0 0
"31" 31 5 8 "E" 92 0 0
"32" 32 5 8 "E" 54 0 0
"33" 33 5 8 "E" 38 1 0
"34" 34 5 8 "E" 73 0 0
"35" 35 5 9 "E" 80 1 0
"36" 36 5 9 "E" 33 3 0
"37" 37 5 9 "E" 200 0 0
"38" 38 5 9 "E" 55 2 0
"39" 39 5 9 "E" 69 1 0
"40" 40 3 10 "E" 201 0 0
"41" 41 3 10 "E" 99 2 0
"42" 42 3 10 "E" 180 0 0
"43" 43 6 11 "E" 125 1 1
"44" 44 6 11 "E" 96 1 0
"45" 45 6 11 "E" 191 0 0
"46" 46 6 11 "E" 49 3 1
"47" 47 6 11 "E" 65 2 0
"48" 48 6 11 "E" 49 3 0
"49" 49 5 12 "E" 77 3 0
"50" 50 5 12 NA NA NA 0
"51" 51 5 12 "E" 129 1 0
"52" 52 5 12 "E" 89 3 0
"53" 53 5 12 "E" 143 1 0
"54" 54 3 13 "E" 47 1 0
"55" 55 3 13 "E" 56 1 0
"56" 56 3 13 "E" 171 0 0
"57" 57 3 14 "E" 83 0 0
"58" 58 3 14 "E" 97 0 0
"59" 59 3 14 "E" 111 0 0
"60" 60 3 15 "E" 69 1 0
"61" 61 3 15 "E" 90 1 1
"62" 62 3 15 "E" 181 0 0
"63" 63 3 16 "E" 59 0 0
"64" 64 3 16 "E" 58 0 0
"65" 65 3 16 "E" 107 0 0
"66" 66 4 17 "E" 287 1 0
"67" 67 4 17 "E" 136 2 0
"68" 68 4 17 "E" 105 2 0
"69" 69 4 17 NA NA NA 0
"70" 70 4 18 "E" 209 0 0
"71" 71 4 18 "E" 54 3 0
"72" 72 4 18 "E" 145 1 0
"73" 73 4 18 "E" 130 1 0
"74" 74 3 19 "E" 39 1 0
"75" 75 3 19 "E" 165 0 0
"76" 76 3 19 "E" 38 1 0
"77" 77 6 20 "E" 121 2 0
"78" 78 6 20 "E" 90 3 0
"79" 79 6 20 "E" 83 3 0
"80" 80 6 20 "E" 76 3 0
"81" 81 6 20 "E" 231 1 1
"82" 82 6 20 "E" 244 0 0
"83" 83 6 21 "E" 75 1 0
"84" 84 6 21 "E" 119 0 0
"85" 85 6 21 "E" 89 0 0
"86" 86 6 21 "E" 76 1 0
"87" 87 6 21 "E" 24 5 0
"88" 88 6 21 "E" 96 0 0
"89" 89 4 22 "E" 82 1 0
"90" 90 4 22 "E" 40 2 1
"91" 91 4 22 "E" 44 1 0
"92" 92 4 22 "E" 191 0 0
"93" 93 3 23 "E" 83 1 0
"94" 94 3 23 "E" 73 1 0
"95" 95 3 23 "E" 139 0 0
"96" 96 5 24 "E" 175 2 0
"97" 97 5 24 "E" 48 4 0
"98" 98 5 24 "E" 197 1 0
"99" 99 5 24 "E" 242 0 0
"100" 100 5 24 "E" 228 0 0
"101" 101 6 25 "E" 49 3 0
"102" 102 6 25 "E" 192 0 0
"103" 103 6 25 "E" 185 0 0
"104" 104 6 25 "E" 58 3 0
"105" 105 6 25 "E" 107 2 0
"106" 106 6 25 "E" 88 2 0
"107" 107 5 26 "E" 80 4 1
"108" 108 5 26 "E" 127 2 0
"109" 109 5 26 "E" 232 1 0
"110" 110 5 26 "E" 304 0 0
"111" 111 5 26 "E" 126 2 0
"112" 112 6 27 "E" 195 2 0
"113" 113 6 27 "E" 160 3 0
"114" 114 6 27 "E" 175 3 0
"115" 115 6 27 NA NA NA 0
"116" 116 6 27 "E" 207 2 0
"117" 117 6 27 "E" 332 1 0
"118" 118 3 28 "E" 60 2 0
"119" 119 3 28 "E" 134 1 0
"120" 120 3 28 "E" 318 0 0
"121" 121 6 29 "E" 184 0 0
"122" 122 6 29 "E" 151 3 0
"123" 123 6 29 "E" 33 5 0
"124" 124 6 29 "E" 71 4 0
"125" 125 6 29 "E" 206 0 0
"126" 126 6 29 "E" 214 0 0
"127" 127 6 30 "E" 259 0 0
"128" 128 6 30 "E" 96 2 0
"129" 129 6 30 "E" 25 3 0
"130" 130 6 30 "E" 49 3 0
"131" 131 6 30 "E" 124 1 0
"132" 132 6 30 "E" 84 2 0
"133" 133 5 31 "E" 53 1 0
"134" 134 5 31 "E" 106 1 0
"135" 135 5 31 "E" 39 1 0
"136" 136 5 31 "E" 24 3 0
"137" 137 5 31 "E" 235 0 0
"138" 138 4 32 "E" 145 1 0
"139" 139 4 32 "E" 39 3 0
"140" 140 4 32 "E" 171 1 0
"141" 141 4 32 "E" 251 0 0
"142" 142 3 33 "E" 197 0 0
"143" 143 3 33 "E" 87 1 0
"144" 144 3 33 "E" 64 2 1
"145" 145 3 34 "E" 83 2 1
"146" 146 3 34 "E" 168 0 0
"147" 147 3 34 "E" 107 1 0
"148" 148 5 35 NA NA NA 0
"149" 149 5 35 "E" 71 2 0
"150" 150 5 35 "E" 74 2 0
"151" 151 5 35 "E" 155 1 0
"152" 152 5 35 "E" 100 2 0
"153" 153 6 36 "E" 107 3 0
"154" 154 6 36 "E" 189 1 0
"155" 155 6 36 "E" 152 2 1
"156" 156 6 36 "E" 292 0 0
"157" 157 6 36 "E" 60 5 0
"158" 158 6 36 "E" 139 2 0
"159" 159 4 37 "E" 51 1 1
"160" 160 4 37 "E" 56 1 0
"161" 161 4 37 "E" 86 0 0
"162" 162 4 37 "E" 44 1 0
"163" 163 4 38 "E" 73 2 1
"164" 164 4 38 "E" 158 0 0
"165" 165 4 38 "E" 95 1 0
"166" 166 4 38 "E" 115 1 0
"167" 167 6 39 "E" 46 2 0
"168" 168 6 39 "E" 210 1 0
"169" 169 6 39 "E" 56 2 0
"170" 170 6 39 "E" NA NA 0
"171" 171 6 39 "E" 29 2 0
"172" 172 6 39 "E" 65 2 0
"173" 173 5 40 "E" 82 1 0
"174" 174 5 40 "E" 90 1 0
"175" 175 5 40 "E" 52 3 1
"176" 176 5 40 "E" 69 2 1
"177" 177 5 40 "E" 138 0 0
"178" 178 6 41 "E" 155 1 0
"179" 179 6 41 "E" 74 3 0
"180" 180 6 41 "E" 93 3 0
"181" 181 6 41 "E" 45 4 1
"182" 182 6 41 "E" 148 1 0
"183" 183 6 41 "E" 271 0 0
"184" 184 5 42 "E" 121 1 0
"185" 185 5 42 "E" 176 0 0
"186" 186 5 42 "E" 95 2 0
"187" 187 5 42 "E" 89 2 0
"188" 188 5 42 "E" 137 0 0
"189" 189 4 43 "E" 101 2 0
"190" 190 4 43 "E" 222 0 0
"191" 191 4 43 "E" 259 0 0
"192" 192 4 43 "E" 67 3 0
"193" 193 5 44 "E" 39 2 0
"194" 194 5 44 "E" 265 0 0
"195" 195 5 44 "E" 127 1 0
"196" 196 5 44 "E" 49 2 0
"197" 197 5 44 "E" 56 2 0
"198" 198 5 45 "E" 86 2 0
"199" 199 5 45 "E" 78 2 0
"200" 200 5 45 "E" 245 0 0
"201" 201 5 45 "E" 187 1 0
"202" 202 5 45 "E" 80 2 0
"203" 203 4 46 "E" 170 1 0
"204" 204 4 46 "E" NA NA 0
"205" 205 4 46 "E" 125 2 0
"206" 206 4 46 "E" 48 3 0
"207" 207 6 47 "E" 91 0 0
"208" 208 6 47 "E" 102 0 0
"209" 209 6 47 "E" 43 3 1
"210" 210 6 47 "E" 57 2 0
"211" 211 6 47 "E" 55 2 0
"212" 212 6 47 "E" 59 2 0
"213" 213 4 48 "E" 181 1 0
"214" 214 4 48 "E" 334 0 0
"215" 215 4 48 "E" 58 2 0
"216" 216 4 48 "E" 28 3 1
"217" 217 5 49 "E" 60 1 0
"218" 218 5 49 "E" 98 1 0
"219" 219 5 49 "E" 54 2 1
"220" 220 5 49 "E" 132 0 0
"221" 221 5 49 "E" 35 3 0
"222" 222 5 50 "E" 57 3 0
"223" 223 5 50 "E" 41 3 0
"224" 224 5 50 "E" 315 0 0
"225" 225 5 50 "E" 192 1 0
"226" 226 5 50 "E" 189 1 0
"227" 227 5 51 "E" 130 2 0
"228" 228 5 51 "E" 46 3 0
"229" 229 5 51 "E" 233 0 0
"230" 230 5 51 "E" 205 1 1
"231" 231 5 51 "E" 54 3 0
"232" 232 6 52 "E" 92 2 0
"233" 233 6 52 "E" 158 1 0
"234" 234 6 52 "E" 102 2 0
"235" 235 6 52 NA NA NA 0
"236" 236 6 52 "E" 43 5 0
"237" 237 6 52 "E" 77 2 0
"238" 238 5 53 "E" 103 0 0
"239" 239 5 53 "E" 59 3 1
"240" 240 5 53 "E" 84 2 1
"241" 241 5 53 "E" 143 0 0
"242" 242 5 53 "E" 117 0 0
"243" 243 4 54 "E" 104 1 0
"244" 244 4 54 "E" 72 2 1
"245" 245 4 54 "E" 180 0 0
"246" 246 4 54 "E" 49 2 0
"247" 247 3 55 "E" 171 0 0
"248" 248 3 55 "E" 114 1 0
"249" 249 3 55 "E" 80 1 0
"250" 250 5 56 "E" 90 1 0
"251" 251 5 56 "E" 44 2 0
"252" 252 5 56 "E" 140 0 0
"253" 253 5 56 "E" 75 1 0
"254" 254 5 56 "E" 56 2 1
"255" 255 4 57 "E" 135 2 0
"256" 256 4 57 "E" 195 0 0
"257" 257 4 57 "E" 212 0 0
"258" 258 4 57 "E" 115 2 0
"259" 259 5 58 "E" 84 0 0
"260" 260 5 58 "E" 80 0 0
"261" 261 5 58 "E" 40 3 0
"262" 262 5 58 "E" 30 3 0
"263" 263 5 58 "E" 116 0 0
"264" 264 3 59 "E" 53 2 0
"265" 265 3 59 "E" 127 0 0
"266" 266 3 59 "E" 116 0 0
"267" 267 4 60 "E" 43 3 1
"268" 268 4 60 "E" 221 1 0
"269" 269 4 60 "E" 74 2 0
"270" 270 4 60 NA NA NA 0
"271" 271 6 61 "E" NA NA 0
"272" 272 6 61 "E" 215 1 0
"273" 273 6 61 "E" 113 3 0
"274" 274 6 61 "E" 58 4 0
"275" 275 6 61 "E" 188 1 0
"276" 276 6 61 "E" 53 4 0
"277" 277 4 62 "E" 59 3 0
"278" 278 4 62 "E" 358 0 0
"279" 279 4 62 "E" 121 2 1
"280" 280 4 62 "E" 167 1 0
"281" 281 5 63 "E" 167 2 0
"282" 282 5 63 "E" 65 4 0
"283" 283 5 63 NA NA NA 0
"284" 284 5 63 "E" 244 1 0
"285" 285 5 63 "E" 128 3 0
"286" 286 3 64 "E" 63 1 0
"287" 287 3 64 "E" 94 0 0
"288" 288 3 64 "E" 25 1 0
"289" 289 3 65 NA NA NA 0
"290" 290 3 65 "E" 35 2 0
"291" 291 3 65 "E" 258 1 0
"292" 292 6 66 "E" 23 4 0
"293" 293 6 66 "E" 118 1 0
"294" 294 6 66 "E" 63 1 0
"295" 295 6 66 "E" 43 2 0
"296" 296 6 66 "E" 59 1 0
"297" 297 6 66 "E" 224 0 0
"298" 298 3 67 "E" 106 2 0
"299" 299 3 67 "E" 223 0 0
"300" 300 3 67 "E" 210 0 0
"301" 301 5 68 "E" 86 1 0
"302" 302 5 68 "E" 58 1 0
"303" 303 5 68 "E" 207 0 0
"304" 304 5 68 "E" 97 1 0
"305" 305 5 68 "E" 51 2 1
"306" 306 5 69 NA NA NA 0
"307" 307 5 69 "E" 192 2 0
"308" 308 5 69 "E" 153 3 0
"309" 309 5 69 "E" 60 4 0
"310" 310 5 69 "E" 253 1 0
"311" 311 6 70 "E" 84 2 0
"312" 312 6 70 "E" 215 0 0
"313" 313 6 70 "E" 29 2 0
"314" 314 6 70 "E" 29 2 0
"315" 315 6 70 "E" 48 2 0
"316" 316 6 70 "E" 117 1 0
"317" 317 4 71 "E" 56 2 0
"318" 318 4 71 "E" 21 3 1
"319" 319 4 71 "E" 118 1 0
"320" 320 4 71 "E" 193 0 0
"321" 321 5 72 "E" 223 0 0
"322" 322 5 72 "E" 119 1 0
"323" 323 5 72 "E" 78 2 0
"324" 324 5 72 "E" 93 2 0
"325" 325 5 72 "E" 94 2 0
"326" 326 5 73 "E" 67 0 0
"327" 327 5 73 "E" 64 0 0
"328" 328 5 73 "E" 41 2 0
"329" 329 5 73 "E" 51 2 1
"330" 330 5 73 "E" 91 0 0
"331" 331 6 74 "E" 86 0 0
"332" 332 6 74 "E" 43 1 0
"333" 333 6 74 "E" 55 1 0
"334" 334 6 74 "E" 52 1 0
"335" 335 6 74 "E" 45 1 0
"336" 336 6 74 "E" 48 1 0
"337" 337 5 75 "E" 121 0 0
"338" 338 5 75 "E" 59 2 0
"339" 339 5 75 "E" 127 0 0
"340" 340 5 75 "E" 53 3 1
"341" 341 5 75 "E" 85 1 0
"342" 342 4 76 "E" 24 3 0
"343" 343 4 76 "E" 121 2 0
"344" 344 4 76 "E" 264 0 0
"345" 345 4 76 "E" 152 1 0
"346" 346 6 77 "E" 112 0 0
"347" 347 6 77 "E" 69 2 0
"348" 348 6 77 "E" 120 0 0
"349" 349 6 77 "E" 51 3 1
"350" 350 6 77 "E" 52 3 0
"351" 351 6 77 "E" 64 2 0
"352" 352 3 78 "E" 130 0 0
"353" 353 3 78 "E" 76 1 0
"354" 354 3 78 "E" 87 1 0
"355" 355 6 79 "E" 209 0 0
"356" 356 6 79 "E" 36 4 0
"357" 357 6 79 "E" 185 1 0
"358" 358 6 79 "E" 145 2 0
"359" 359 6 79 "E" 40 4 0
"360" 360 6 79 "E" 81 3 0
"361" 361 4 80 "E" 324 0 0
"362" 362 4 80 "E" 181 1 0
"363" 363 4 80 "E" 104 2 0
"364" 364 4 80 "E" 100 2 0
"365" 365 4 81 "E" 172 1 0
"366" 366 4 81 "E" 50 3 0
"367" 367 4 81 "E" 125 2 0
"368" 368 4 81 "E" 311 0 0
"369" 369 4 82 "E" 32 3 0
"370" 370 4 82 "E" 122 1 0
"371" 371 4 82 "E" 238 0 0
"372" 372 4 82 "E" 101 1 0
"373" 373 4 83 "E" 85 1 0
"374" 374 4 83 "E" 149 0 0
"375" 375 4 83 "E" 44 3 1
"376" 376 4 83 "E" 92 1 0
"377" 377 4 84 "E" 67 2 0
"378" 378 4 84 "E" 62 2 0
"379" 379 4 84 "E" 253 0 0
"380" 380 4 84 "E" 176 0 0
"381" 381 6 85 "E" 56 0 0
"382" 382 6 85 "E" 56 0 0
"383" 383 6 85 "E" 62 0 0
"384" 384 6 85 "E" 87 0 0
"385" 385 6 85 "E" 75 0 0
"386" 386 6 85 "E" 79 0 0
"387" 387 5 86 "E" 137 1 0
"388" 388 5 86 "E" 125 1 0
"389" 389 5 86 "E" 301 0 0
"390" 390 5 86 "E" 135 1 0
"391" 391 5 86 "E" 117 2 1
"392" 392 3 87 "E" 51 2 0
"393" 393 3 87 "E" 139 0 0
"394" 394 3 87 "E" 171 0 0
"395" 395 5 88 "E" 117 0 0
"396" 396 5 88 "E" 52 3 0
"397" 397 5 88 "E" 129 0 0
"398" 398 5 88 "E" 105 1 1
"399" 399 5 88 "E" 156 0 0
"400" 400 5 89 "E" 38 1 0
"401" 401 5 89 "E" 45 1 0
"402" 402 5 89 "E" 54 1 0
"403" 403 5 89 "E" 107 0 0
"404" 404 5 89 "E" 40 1 0
"405" 405 4 90 "E" 143 1 0
"406" 406 4 90 NA NA NA 0
"407" 407 4 90 "E" 143 1 0
"408" 408 4 90 "E" 104 1 0
"409" 409 6 91 "E" 105 4 0
"410" 410 6 91 "E" 264 2 0
"411" 411 6 91 "E" 224 2 0
"412" 412 6 91 "E" NA NA 0
"413" 413 6 91 "E" 40 5 0
"414" 414 6 91 "E" 355 0 0
"415" 415 6 92 "E" 98 2 0
"416" 416 6 92 "E" 162 0 0
"417" 417 6 92 "E" 133 1 1
"418" 418 6 92 "E" 83 2 0
"419" 419 6 92 "E" 52 4 1
"420" 420 6 92 "E" 27 4 0
"421" 421 4 93 "E" 91 1 0
"422" 422 4 93 "E" 225 0 0
"423" 423 4 93 "E" 62 1 0
"424" 424 4 93 "E" 82 1 0
"425" 425 6 94 "E" 135 2 0
"426" 426 6 94 "E" 160 2 0
"427" 427 6 94 "E" 242 0 0
"428" 428 6 94 "E" 226 0 0
"429" 429 6 94 "E" 100 3 0
"430" 430 6 94 "E" 80 4 1
"431" 431 5 95 "E" 176 1 0
"432" 432 5 95 "E" 207 0 0
"433" 433 5 95 "E" 157 2 0
"434" 434 5 95 "E" 127 4 1
"435" 435 5 95 "E" 213 0 0
"436" 436 6 96 "E" 45 3 1
"437" 437 6 96 "E" 68 2 0
"438" 438 6 96 "E" 185 1 0
"439" 439 6 96 "E" 48 2 0
"440" 440 6 96 "E" 64 2 0
"441" 441 6 96 "E" 269 0 0
"442" 442 6 97 "E" 67 4 0
"443" 443 6 97 "E" 142 1 0
"444" 444 6 97 "E" 222 0 0
"445" 445 6 97 "E" 112 1 0
"446" 446 6 97 "E" 129 1 0
"447" 447 6 97 "E" 104 2 1
"448" 448 4 98 "E" 71 1 0
"449" 449 4 98 "E" 279 0 0
"450" 450 4 98 "E" 71 1 0
"451" 451 4 98 "E" 55 1 0
"452" 452 4 99 "E" 160 1 0
"453" 453 4 99 "E" 268 0 0
"454" 454 4 99 "E" 63 2 0
"455" 455 4 99 "E" 83 2 0
"456" 456 5 100 "E" 78 2 1
"457" 457 5 100 "E" 41 3 0
"458" 458 5 100 "E" 100 1 0
"459" 459 5 100 NA NA NA 0
"460" 460 5 100 "E" 88 1 0
"461" 461 6 101 "E" 102 1 0
"462" 462 6 101 NA NA NA 0
"463" 463 6 101 "E" 44 2 0
"464" 464 6 101 "E" 61 1 0
"465" 465 6 101 "E" 40 3 1
"466" 466 6 101 "E" 70 1 0
"467" 467 6 102 "E" 47 3 1
"468" 468 6 102 "E" 78 1 0
"469" 469 6 102 "E" 65 2 0
"470" 470 6 102 "E" 150 0 0
"471" 471 6 102 "E" 84 1 0
"472" 472 6 102 "E" 125 0 0
"473" 473 4 103 "E" 134 2 0
"474" 474 4 103 "E" NA NA 0
"475" 475 4 103 "E" 29 3 0
"476" 476 4 103 "E" 307 0 0
"477" 477 4 104 "E" 27 3 0
"478" 478 4 104 "E" 91 1 0
"479" 479 4 104 "E" 111 1 0
"480" 480 4 104 "E" 245 0 0
"481" 481 6 105 "E" 80 4 0
"482" 482 6 105 "E" 112 2 0
"483" 483 6 105 "E" 165 0 0
"484" 484 6 105 "E" 150 0 0
"485" 485 6 105 "E" 80 4 1
"486" 486 6 105 "E" 133 1 0
"487" 487 3 106 "E" 205 0 0
"488" 488 3 106 "E" 152 1 0
"489" 489 3 106 "E" 60 2 0
"490" 490 5 107 "E" 121 2 0
"491" 491 5 107 "E" 246 0 0
"492" 492 5 107 "E" 77 3 1
"493" 493 5 107 "E" 87 2 0
"494" 494 5 107 "E" 180 1 0
"495" 495 5 108 "E" 33 3 0
"496" 496 5 108 "E" 290 0 0
"497" 497 5 108 "E" 42 3 0
"498" 498 5 108 "E" 305 0 0
"499" 499 5 108 "E" 166 2 0
"500" 500 4 109 "E" 44 2 0
"501" 501 4 109 "E" 36 2 0
"502" 502 4 109 NA NA NA 0
"503" 503 4 109 "E" 206 1 0
"504" 504 3 110 "E" 142 1 0
"505" 505 3 110 "E" NA NA 0
"506" 506 3 110 "E" 147 1 0
"507" 507 6 111 "E" 198 2 0
"508" 508 6 111 NA NA NA 0
"509" 509 6 111 "E" 59 4 0
"510" 510 6 111 "E" 131 3 0
"511" 511 6 111 "E" 242 1 0
"512" 512 6 111 "E" 74 4 0
"513" 513 6 112 "E" 80 4 0
"514" 514 6 112 "E" 76 4 0
"515" 515 6 112 NA NA NA 0
"516" 516 6 112 "E" 107 3 0
"517" 517 6 112 "E" 172 1 0
"518" 518 6 112 "E" 173 1 0
"519" 519 4 113 "E" 56 1 1
"520" 520 4 113 "E" 101 0 0
"521" 521 4 113 "E" 31 1 0
"522" 522 4 113 "E" 20 2 0
"523" 523 5 114 "E" 113 1 0
"524" 524 5 114 "E" 61 4 1
"525" 525 5 114 "E" 137 1 0
"526" 526 5 114 "E" 94 2 0
"527" 527 5 114 "E" 293 0 0
"528" 528 6 115 "E" 170 1 1
"529" 529 6 115 "E" 204 0 0
"530" 530 6 115 "E" 117 2 0
"531" 531 6 115 "E" 82 3 1
"532" 532 6 115 "E" 75 3 0
"533" 533 6 115 "E" 107 2 0
"534" 534 4 116 "E" 114 0 0
"535" 535 4 116 "E" 57 2 0
"536" 536 4 116 "E" 64 2 1
"537" 537 4 116 "E" 100 0 0
"538" 538 3 117 "E" 42 2 0
"539" 539 3 117 "E" 224 0 0
"540" 540 3 117 "E" 83 1 0
"541" 541 4 118 "E" 234 0 0
"542" 542 4 118 "E" 76 3 1
"543" 543 4 118 "E" 236 0 0
"544" 544 4 118 "E" 106 2 0
"545" 545 3 119 "E" 60 1 0
"546" 546 3 119 "E" 65 1 0
"547" 547 3 119 "E" 135 0 0
"548" 548 4 120 NA NA NA 0
"549" 549 4 120 "E" 80 1 0
"550" 550 4 120 "E" 66 1 0
"551" 551 4 120 "E" 52 1 0
"552" 552 4 121 "E" 145 1 0
"553" 553 4 121 "E" 83 2 0
"554" 554 4 121 "E" 361 0 0
"555" 555 4 121 "E" 109 1 0
"556" 556 6 122 NA NA NA 0
"557" 557 6 122 "E" 260 1 0
"558" 558 6 122 "E" 145 2 0
"559" 559 6 122 "E" 78 4 0
"560" 560 6 122 "E" 33 5 0
"561" 561 6 122 "E" 178 2 0
"562" 562 4 123 "E" 137 1 0
"563" 563 4 123 "E" 168 0 0
"564" 564 4 123 "E" 38 3 0
"565" 565 4 123 "E" 100 2 0
"566" 566 5 124 "E" 150 1 0
"567" 567 5 124 "E" 71 3 1
"568" 568 5 124 "E" 112 2 1
"569" 569 5 124 "E" 213 0 0
"570" 570 5 124 "E" 74 2 0
"571" 571 5 125 "E" 235 1 0
"572" 572 5 125 "E" 335 0 0
"573" 573 5 125 "E" 161 3 0
"574" 574 5 125 "E" 160 3 0
"575" 575 5 125 "E" 228 1 0
"576" 576 6 126 "E" 115 3 0
"577" 577 6 126 "E" 47 5 0
"578" 578 6 126 "E" 227 1 0
"579" 579 6 126 "E" 163 2 0
"580" 580 6 126 "E" 323 0 0
"581" 581 6 126 "E" 126 3 0
"582" 582 4 127 "E" 82 1 0
"583" 583 4 127 "E" 59 1 0
"584" 584 4 127 "E" 64 1 0
"585" 585 4 127 NA NA NA 0
"586" 586 5 128 "E" 134 2 0
"587" 587 5 128 "E" 287 0 0
"588" 588 5 128 "E" 195 1 0
"589" 589 5 128 "E" 89 2 0
"590" 590 5 128 "E" 43 4 0
"591" 591 3 129 "E" 180 1 0
"592" 592 3 129 "E" 35 2 0
"593" 593 3 129 "E" 213 0 0
"594" 594 3 130 "E" 32 2 0
"595" 595 3 130 "E" 112 1 0
"596" 596 3 130 "E" 135 0 0
"597" 597 6 131 "E" 187 1 0
"598" 598 6 131 "E" 224 0 0
"599" 599 6 131 "E" 79 4 0
"600" 600 6 131 "E" 119 3 0
"601" 601 6 131 "E" 215 0 0
"602" 602 6 131 "E" 24 5 0
"603" 603 3 132 "E" 268 0 0
"604" 604 3 132 "E" 123 1 0
"605" 605 3 132 "E" 93 1 0
"606" 606 5 133 "E" 132 2 1
"607" 607 5 133 "E" 145 1 0
"608" 608 5 133 "E" 48 4 0
"609" 609 5 133 "E" 290 0 0
"610" 610 5 133 "E" 145 1 0
"611" 611 6 134 NA NA NA 0
"612" 612 6 134 "E" 30 4 0
"613" 613 6 134 "E" 217 1 0
"614" 614 6 134 "E" 147 2 0
"615" 615 6 134 "E" 52 4 0
"616" 616 6 134 "E" 135 2 0
"617" 617 4 135 "E" 62 2 0
"618" 618 4 135 "E" 314 0 0
"619" 619 4 135 "E" 53 2 0
"620" 620 4 135 "E" 194 1 0
"621" 621 6 136 "E" 155 2 0
"622" 622 6 136 "E" 94 3 0
"623" 623 6 136 "E" 137 2 0
"624" 624 6 136 "E" 224 1 0
"625" 625 6 136 "E" 68 3 0
"626" 626 6 136 "E" 355 0 0
"627" 627 5 137 "E" 72 2 0
"628" 628 5 137 "E" 126 0 0
"629" 629 5 137 "E" 54 3 1
"630" 630 5 137 "E" 89 0 0
"631" 631 5 137 "E" 103 0 0
"632" 632 5 138 "E" 33 3 0
"633" 633 5 138 "E" 137 0 0
"634" 634 5 138 "E" 169 0 0
"635" 635 5 138 "E" 116 1 0
"636" 636 5 138 "E" 55 3 0
"637" 637 4 139 "E" 96 1 0
"638" 638 4 139 "E" 35 2 0
"639" 639 4 139 "E" 219 0 0
"640" 640 4 139 "E" 39 2 0
"641" 641 3 140 "E" 184 0 0
"642" 642 3 140 "E" 64 2 0
"643" 643 3 140 "E" 123 1 0
"644" 644 6 141 "E" 176 0 0
"645" 645 6 141 "E" 172 0 0
"646" 646 6 141 "E" 68 4 0
"647" 647 6 141 "E" 113 2 0
"648" 648 6 141 "E" 55 4 0
"649" 649 6 141 "E" 129 2 0
"650" 650 5 142 "E" 48 4 0
"651" 651 5 142 "E" 89 1 0
"652" 652 5 142 "E" 148 0 0
"653" 653 5 142 "E" 96 1 0
"654" 654 5 142 "E" 191 0 0
"655" 655 4 143 "E" 162 1 0
"656" 656 4 143 "E" 321 0 0
"657" 657 4 143 "E" 31 2 0
"658" 658 4 143 "E" 60 2 0
"659" 659 6 144 "E" 55 3 0
"660" 660 6 144 "E" 72 2 0
"661" 661 6 144 "E" 330 0 0
"662" 662 6 144 "E" 88 2 0
"663" 663 6 144 "E" 73 2 0
"664" 664 6 144 "E" 140 1 0
"665" 665 4 145 "E" 281 0 0
"666" 666 4 145 "E" 139 1 0
"667" 667 4 145 "E" 42 3 0
"668" 668 4 145 "E" 93 2 1
"669" 669 5 146 "E" 117 2 0
"670" 670 5 146 "E" 100 2 0
"671" 671 5 146 "E" 150 1 0
"672" 672 5 146 "E" 274 0 0
"673" 673 5 146 "E" 79 4 1
"674" 674 5 147 "E" 106 0 0
"675" 675 5 147 "E" 135 0 0
"676" 676 5 147 "E" 79 1 0
"677" 677 5 147 "E" 63 2 1
"678" 678 5 147 "E" 47 2 0
"679" 679 4 148 "E" 100 1 0
"680" 680 4 148 "E" 65 3 0
"681" 681 4 148 "E" NA NA 0
"682" 682 4 148 "E" 103 1 0
"683" 683 6 149 "E" 73 4 0
"684" 684 6 149 "E" 101 3 1
"685" 685 6 149 "E" 78 4 1
"686" 686 6 149 "E" 164 1 0
"687" 687 6 149 "E" 146 1 0
"688" 688 6 149 "E" 276 0 0
"689" 689 3 150 "E" 79 0 0
"690" 690 3 150 "E" 77 0 0
"691" 691 3 150 "E" 113 0 0
"692" 692 5 151 "E" 31 4 0
"693" 693 5 151 NA NA NA 0
"694" 694 5 151 "E" 139 1 0
"695" 695 5 151 "E" 95 2 0
"696" 696 5 151 "E" 136 1 0
"697" 697 6 152 "E" 202 0 0
"698" 698 6 152 "E" 57 2 1
"699" 699 6 152 "E" 78 1 0
"700" 700 6 152 "E" 24 4 0
"701" 701 6 152 "E" 115 1 0
"702" 702 6 152 "E" 61 2 0
"703" 703 6 153 "E" 128 2 0
"704" 704 6 153 "E" 196 0 0
"705" 705 6 153 "E" 163 1 0
"706" 706 6 153 "E" 98 4 0
"707" 707 6 153 "E" 140 2 0
"708" 708 6 153 "E" 58 5 0
"709" 709 5 154 "E" 80 2 0
"710" 710 5 154 "E" 223 0 0
"711" 711 5 154 "E" 61 2 0
"712" 712 5 154 "E" 53 2 0
"713" 713 5 154 "E" 157 0 0
"714" 714 4 155 "E" 169 1 0
"715" 715 4 155 "E" 106 2 0
"716" 716 4 155 "E" 83 3 1
"717" 717 4 155 "E" NA NA 0
"718" 718 5 156 "E" 113 0 0
"719" 719 5 156 "E" 63 2 2
"720" 720 5 156 "E" 109 0 0
"721" 721 5 156 "E" 110 0 0
"722" 722 5 156 "E" 49 2 0
"723" 723 3 157 "E" 106 1 0
"724" 724 3 157 "E" 69 1 0
"725" 725 3 157 "E" 313 0 0
"726" 726 4 158 "E" 195 1 0
"727" 727 4 158 "E" 175 1 0
"728" 728 4 158 "E" 331 0 0
"729" 729 4 158 "E" 68 3 0
"730" 730 4 159 "E" 49 1 0
"731" 731 4 159 "E" 51 1 0
"732" 732 4 159 "E" 106 0 0
"733" 733 4 159 "E" 84 0 0
"734" 734 4 160 "E" 175 0 0
"735" 735 4 160 "E" 50 2 0
"736" 736 4 160 "E" 141 1 0
"737" 737 4 160 "E" 67 2 0
"738" 738 3 161 "E" 229 1 0
"739" 739 3 161 "E" 165 2 0
"740" 740 3 161 NA NA NA 0
"741" 741 5 162 "E" 203 1 1
"742" 742 5 162 "E" 112 2 0
"743" 743 5 162 "E" 30 4 0
"744" 744 5 162 "E" 117 2 0
"745" 745 5 162 "E" 227 0 0
"746" 746 3 163 "E" 79 2 0
"747" 747 3 163 "E" 218 0 0
"748" 748 3 163 "E" 256 0 0
"749" 749 3 164 "E" 123 0 0
"750" 750 3 164 "E" 116 0 0
"751" 751 3 164 "E" 91 1 1
"752" 752 6 165 "E" 60 3 0
"753" 753 6 165 "E" 64 3 1
"754" 754 6 165 "E" 163 0 0
"755" 755 6 165 "E" 142 1 0
"756" 756 6 165 "E" 113 2 0
"757" 757 6 165 "E" 51 3 0
"758" 758 5 166 "E" 278 2 1
"759" 759 5 166 "E" 304 0 0
"760" 760 5 166 "E" 56 3 0
"761" 761 5 166 "E" 94 3 0
"762" 762 5 166 "E" 313 0 0
"763" 763 6 167 "E" 103 3 0
"764" 764 6 167 "E" 309 1 0
"765" 765 6 167 "E" 93 3 0
"766" 766 6 167 "E" 50 4 0
"767" 767 6 167 "E" 299 1 0
"768" 768 6 167 NA NA NA 0
"769" 769 4 168 "E" 226 0 0
"770" 770 4 168 "E" 226 0 0
"771" 771 4 168 "E" 52 2 0
"772" 772 4 168 "E" 69 2 0
"773" 773 5 169 "E" 239 0 0
"774" 774 5 169 "E" 88 3 0
"775" 775 5 169 "E" 114 2 0
"776" 776 5 169 "E" 59 4 1
"777" 777 5 169 "E" 185 1 0
"778" 778 5 170 "E" 104 2 0
"779" 779 5 170 "E" NA NA 0
"780" 780 5 170 "E" 84 2 0
"781" 781 5 170 "E" 107 2 0
"782" 782 5 170 "E" 188 1 0
"783" 783 3 171 "E" 60 1 0
"784" 784 3 171 "E" 79 1 0
"785" 785 3 171 "E" 243 0 0
"786" 786 3 172 "E" 54 1 0
"787" 787 3 172 "E" 36 2 1
"788" 788 3 172 "E" 168 0 0
"789" 789 3 173 "E" 35 0 0
"790" 790 3 173 "E" 35 0 0
"791" 791 3 173 "E" 31 0 0
"792" 792 3 174 "E" 107 0 0
"793" 793 3 174 "E" 58 1 1
"794" 794 3 174 "E" 81 0 0
"795" 795 5 175 "E" 137 1 0
"796" 796 5 175 "E" 102 2 0
"797" 797 5 175 "E" 338 0 0
"798" 798 5 175 "E" 43 3 0
"799" 799 5 175 "E" 29 3 0
"800" 800 6 176 "E" 93 2 0
"801" 801 6 176 "E" 54 5 1
"802" 802 6 176 "E" 130 0 0
"803" 803 6 176 "E" 112 1 0
"804" 804 6 176 "E" 155 0 0
"805" 805 6 176 "E" 152 0 0
"806" 806 6 177 "E" 46 5 0
"807" 807 6 177 "E" 281 0 0
"808" 808 6 177 "E" 133 1 0
"809" 809 6 177 "E" 76 3 0
"810" 810 6 177 "E" 115 1 0
"811" 811 6 177 "E" 131 1 0
"812" 812 5 178 "E" 55 2 0
"813" 813 5 178 "E" 76 2 0
"814" 814 5 178 "E" 223 0 0
"815" 815 5 178 "E" 48 2 0
"816" 816 5 178 "E" 126 1 0
"817" 817 3 179 "E" 241 0 0
"818" 818 3 179 "E" 102 1 0
"819" 819 3 179 "E" 75 2 1
"820" 820 5 180 "E" 326 0 0
"821" 821 5 180 "E" 237 1 0
"822" 822 5 180 "E" 96 3 0
"823" 823 5 180 "E" 75 3 0
"824" 824 5 180 "E" 185 2 1
"825" 825 5 181 "E" 190 0 0
"826" 826 5 181 "E" 169 0 0
"827" 827 5 181 "E" 135 1 1
"828" 828 5 181 "E" 27 4 0
"829" 829 5 181 "E" 70 3 0
"830" 830 3 182 "E" 130 0 0
"831" 831 3 182 "E" 90 0 0
"832" 832 3 182 "E" 74 1 0
"833" 833 3 183 "E" 132 0 0
"834" 834 3 183 "E" 49 1 0
"835" 835 3 183 "E" 45 1 0
"836" 836 3 184 "E" 173 0 0
"837" 837 3 184 "E" 14 1 0
"838" 838 3 184 "E" 38 1 0
"839" 839 3 185 "E" 42 2 1
"840" 840 3 185 "E" 110 0 0
"841" 841 3 185 "E" 57 1 0
"842" 842 5 186 "E" 37 4 0
"843" 843 5 186 "E" 118 2 1
"844" 844 5 186 "E" 171 0 0
"845" 845 5 186 "E" 94 2 0
"846" 846 5 186 "E" 150 1 1
"847" 847 4 187 "E" 32 3 0
"848" 848 4 187 "E" 131 0 0
"849" 849 4 187 "E" 105 1 0
"850" 850 4 187 "E" 118 1 1
"851" 851 6 188 "E" 43 4 2
"852" 852 6 188 "E" 56 1 0
"853" 853 6 188 "E" 172 0 0
"854" 854 6 188 "E" 79 1 0
"855" 855 6 188 "E" 119 1 0
"856" 856 6 188 "E" 97 1 0
"857" 857 3 189 "E" 77 2 0
"858" 858 3 189 "E" 182 1 0
"859" 859 3 189 "E" 220 0 0
"860" 860 6 190 "E" 121 3 1
"861" 861 6 190 "E" 67 4 0
"862" 862 6 190 "E" 101 3 0
"863" 863 6 190 "E" 242 0 0
"864" 864 6 190 "E" 147 1 0
"865" 865 6 190 "E" 167 1 0
"866" 866 6 191 "E" 81 2 0
"867" 867 6 191 "E" 239 0 0
"868" 868 6 191 "E" 60 2 0
"869" 869 6 191 "E" 32 4 0
"870" 870 6 191 "E" 142 1 0
"871" 871 6 191 "E" 84 2 0
"872" 872 6 192 "E" 120 1 0
"873" 873 6 192 "E" 31 5 0
"874" 874 6 192 "E" 75 1 0
"875" 875 6 192 "E" 167 0 0
"876" 876 6 192 "E" 74 1 0
"877" 877 6 192 "E" 63 1 0
"878" 878 5 193 "E" 37 3 0
"879" 879 5 193 "E" 62 1 1
"880" 880 5 193 "E" 83 0 0
"881" 881 5 193 "E" 58 2 1
"882" 882 5 193 "E" 75 0 0
"883" 883 6 194 "E" 66 3 0
"884" 884 6 194 "E" 261 2 0
"885" 885 6 194 "E" 92 3 0
"886" 886 6 194 "E" 20 5 0
"887" 887 6 194 NA NA NA 0
"888" 888 6 194 NA NA NA 0
"889" 889 5 195 "E" 26 3 0
"890" 890 5 195 "E" 137 2 0
"891" 891 5 195 "E" 59 3 0
"892" 892 5 195 "E" 227 1 1
"893" 893 5 195 "E" 259 0 0
"894" 894 4 196 "E" 153 0 0
"895" 895 4 196 "E" 38 2 0
"896" 896 4 196 "E" 134 0 0
"897" 897 4 196 "E" 34 2 0
"898" 898 6 197 "E" 188 0 0
"899" 899 6 197 "E" 80 5 1
"900" 900 6 197 "E" 131 3 0
"901" 901 6 197 "E" 203 0 0
"902" 902 6 197 "E" 166 1 0
"903" 903 6 197 "E" 205 0 0
"904" 904 5 198 "E" 328 0 0
"905" 905 5 198 "E" 200 1 0
"906" 906 5 198 "E" 178 1 0
"907" 907 5 198 "E" 134 3 0
"908" 908 5 198 "E" 181 1 0
"909" 909 3 199 "E" 312 0 0
"910" 910 3 199 "E" 271 1 0
"911" 911 3 199 "E" 215 2 0
"912" 912 6 200 "E" 88 3 0
"913" 913 6 200 "E" 42 5 0
"914" 914 6 200 "E" 194 1 0
"915" 915 6 200 "E" 319 0 0
"916" 916 6 200 "E" 152 2 0
"917" 917 6 200 "E" 67 3 0
"918" 918 3 201 "E" 216 0 0
"919" 919 3 201 "E" 73 1 0
"920" 920 3 201 "E" 60 1 0
"921" 921 3 202 "E" 88 2 0
"922" 922 3 202 "E" 235 0 0
"923" 923 3 202 "E" 138 1 0
"924" 924 4 203 "E" 125 2 0
"925" 925 4 203 "E" 324 0 0
"926" 926 4 203 "E" 109 2 0
"927" 927 4 203 "E" 162 1 0
"928" 928 3 204 "E" 115 1 0
"929" 929 3 204 "E" 39 2 0
"930" 930 3 204 NA NA NA 0
"931" 931 4 205 "E" 134 0 0
"932" 932 4 205 "E" 90 1 0
"933" 933 4 205 "E" 101 1 0
"934" 934 4 205 "E" 94 1 0
"935" 935 5 206 "E" 67 2 0
"936" 936 5 206 "E" 44 3 0
"937" 937 5 206 NA NA NA 0
"938" 938 5 206 "E" 190 1 0
"939" 939 5 206 "E" 78 2 0
"940" 940 3 207 "E" 117 1 0
"941" 941 3 207 "E" NA NA 0
"942" 942 3 207 "E" 64 2 0
"943" 943 3 208 "E" 80 0 0
"944" 944 3 208 "E" 61 2 1
"945" 945 3 208 "E" 107 0 0
"946" 946 5 209 "E" 181 0 0
"947" 947 5 209 "E" 68 3 0
"948" 948 5 209 "E" 130 1 0
"949" 949 5 209 "E" 38 3 0
"950" 950 5 209 "E" 155 1 0
"951" 951 3 210 "E" 64 1 0
"952" 952 3 210 "E" 287 0 0
"953" 953 3 210 "E" 45 1 0
"954" 954 4 211 NA NA NA 0
"955" 955 4 211 "E" 43 1 0
"956" 956 4 211 "E" 64 1 0
"957" 957 4 211 "E" 57 1 0
"958" 958 5 212 "E" 46 4 1
"959" 959 5 212 "E" 83 1 0
"960" 960 5 212 "E" 115 1 0
"961" 961 5 212 "E" 225 0 0
"962" 962 5 212 "E" 98 1 0
"963" 963 6 213 "E" 61 2 0
"964" 964 6 213 "E" 254 0 0
"965" 965 6 213 "E" 80 1 0
"966" 966 6 213 "E" 82 1 0
"967" 967 6 213 "E" 130 1 0
"968" 968 6 213 "E" 54 2 0
"969" 969 4 214 NA NA NA 0
"970" 970 4 214 "E" 133 2 0
"971" 971 4 214 "E" 69 3 0
"972" 972 4 214 "E" 190 1 0
"973" 973 6 215 "E" 168 1 0
"974" 974 6 215 "E" 301 0 0
"975" 975 6 215 "E" 67 4 0
"976" 976 6 215 "E" 128 2 0
"977" 977 6 215 "E" 170 1 0
"978" 978 6 215 "E" 86 4 0
"979" 979 6 216 "E" 91 4 1
"980" 980 6 216 "E" 252 0 0
"981" 981 6 216 "E" 191 2 1
"982" 982 6 216 "E" 243 0 0
"983" 983 6 216 "E" 90 4 0
"984" 984 6 216 "E" 111 3 0
"985" 985 6 217 "E" 141 0 0
"986" 986 6 217 "E" 34 5 0
"987" 987 6 217 "E" 166 0 0
"988" 988 6 217 "E" 156 0 0
"989" 989 6 217 "E" 114 3 2
"990" 990 6 217 "E" 125 1 0
"991" 991 4 218 "E" 126 1 0
"992" 992 4 218 "E" 78 2 0
"993" 993 4 218 "E" 52 2 0
"994" 994 4 218 "E" 211 0 0
"995" 995 6 219 "E" 190 1 0
"996" 996 6 219 "E" 348 0 0
"997" 997 6 219 "E" 71 2 0
"998" 998 6 219 "E" 89 2 0
"999" 999 6 219 "E" 179 1 0
"1000" 1000 6 219 "E" 30 4 0
