0 0.0476190476190476 0.005473070223087
0 0 1.3495988648115e-11
0 0.0178571428571429 0.0100017480677641
0 0.0204081632653061 0.002867532424584
0 0 1.6002274723735e-14
0 0.0392156862745098 0.00045151271399173
0 0 3.34257126228085e-28
0 0.0344827586206897 0.00611978388620069
0 0 1.64659514797195e-09
0 0.0476190476190476 0.0275962187101413
0 0.0172413793103448 0.00378493295399015
0 0 6.98245642958415e-06
0 0.0508474576271186 0.00983704878831651
0 0.0181818181818182 0.00176619207196809
0 0.0196078431372549 0.00516105204308547
0 0 0.0232534201476797
0 0.0677966101694915 0.0138384487757822
0 0.0175438596491228 1.20025158066982e-07
0 0.0363636363636364 0.0105630196257196
0 0.0217391304347826 0.000121045393229
0 0.0465116279069767 0.0164861257474365
0 0.0392156862745098 4.85616407675264e-05
0 0 1.05751899835396e-23
0 0.0888888888888889 0.00728600072741121
0 0.0188679245283019 3.03080333814234e-05
0 0.0222222222222222 0.00469854231405324
0 0.0576923076923077 0.0195973443314411
0 0 2.74400732573942e-52
0 0.0847457627118644 0.000198553054007227
0 0 0.000222510886980262
0 0.0212765957446809 2.5225808770623e-09
0 0 4.67814243884857e-06
0 0 4.65752179001198e-30
0 0.0454545454545455 3.77559068349613e-06
0 0 0
0 0.0217391304347826 2.57519919380665e-06
0 0.0612244897959184 0.0207215500247157
0 0.0175438596491228 0.00127796277624395
0 0 0
0 0.0188679245283019 0.00538146886226467
0 0.0392156862745098 0.00813421351835627
0 0.0508474576271186 0.000197958717166115
0 0 0
0 0 2.055194287916e-34
0 0.0363636363636364 0.000678276053342891
0 0.0444444444444444 0.0101734015847325
0 0.0476190476190476 0.00495183482057007
0 0.0185185185185185 0.00188289150042349
0 0 0
0 0 3.7568969014798e-34
0 0 2.26231191337439e-15
0 0 2.17656415378309e-10
0 0 3.43635969985087e-24
0 0.04 0.00699408107225247
0 0.0784313725490196 0.00968492893336537
0 0 8.63213268068729e-50
0 0.0487804878048781 0.00456060508758096
0 0 8.25755378604892e-13
0 0.0434782608695652 0.0266345837562808
0 0 3.02303136005729e-270
0 0 9.15266200880316e-14
0 0 1.80945372780295e-46
0 0.0357142857142857 0.0154416950464779
0 0.0612244897959184 0.00422044711909829
0 0 3.45482352650043e-05
0 0.0169491525423729 7.45607381833119e-08
0 0 4.95057906190026e-05
0 0.0217391304347826 3.77123385317884e-06
0 0 2.20593217113517e-21
0 0.0192307692307692 3.35807675707858e-06
0 0.037037037037037 0.00677546980406684
0 0 3.04742521889912e-08
0 0.0535714285714286 0.000440902988630955
0 0.0217391304347826 0.00158521082388065
0 0.0232558139534884 0.000658402532287622
0 0.0625 0.00385454718542142
0 0.0212765957446809 0.00279724435251151
0 0.0384615384615385 0.0088512309066686
0 0.0434782608695652 0.00399197425688589
0 0.0754716981132075 0.0114996987164666
0 0.0212765957446809 0.00109140931025147
0 0.0181818181818182 0.000820091589821583
0 0 0
0 0.0208333333333333 0.00708900081274284
0 0 1.02427027076522e-14
0 0 1.22805523299936e-15
0 0 1.00006910514296e-29
0 0.0222222222222222 2.18232147317901e-06
0 0 6.00351386660494e-10
0 0.0181818181818182 4.49673514146814e-05
0 0 9.81793876753709e-11
0 0.0196078431372549 0.000245580322829355
0 0.0961538461538462 0.0145788895949927
0 0.0192307692307692 5.80132960319587e-08
0 0.02 0.0193276484095094
0 0.02 0.0120687672743142
0 0.0192307692307692 6.33862957053069e-08
0 0 1.26992884680962e-10
0 0.0384615384615385 0.0111290496801992
0 0 0.000114250668702711
0 0 3.33057590615066e-36
0 0.0434782608695652 0.00201052227447183
0 0.0188679245283019 0.00269618572278259
0 0 4.61842548463719e-15
0 0 3.65157753310206e-36
0 0 0.000753908030958745
0 0 4.12067869467312e-05
0 0.0196078431372549 0.0028191134622098
0 0 2.43455186502054e-09
0 0 9.16256515316386e-05
0 0.0208333333333333 0.0211687507301916
0 0.0212765957446809 0.00338336870214544
0 0.0181818181818182 3.94829328772041e-09
0 0.024390243902439 0.017505458829647
0 0 2.86704038346277e-27
0 0.0363636363636364 0.0110781292969088
0 0.0476190476190476 2.28084625240102e-05
0 0.0576923076923077 0.00693260866055536
0 0 0.00394756828880551
0 0.0169491525423729 0.00167478555816907
0 0.0350877192982456 5.23229825035569e-05
0 0.04 0.000148554093937709
0 0.0212765957446809 0.000554781431744239
0 0.0212765957446809 0.00273223861890237
0 0 8.78908773723675e-136
0 0.0227272727272727 6.19260209781317e-10
0 0 5.04282410514277e-15
0 0.0408163265306122 0.000380710017412736
0 0.0227272727272727 0.00331268361504621
0 0 7.03848786633106e-07
0 0.0526315789473684 0.00653327143125675
0 0 5.5324839175934e-114
0 0.0169491525423729 0.000119329827983936
0 0 3.06980880733124e-65
0 0 4.11880664479262e-11
0 0.0172413793103448 0.0109850213875425
0 0 2.47512822112717e-10
0 0.0444444444444444 0.0187756171856809
0 0.0555555555555556 0.00909243390959395
0 0.0952380952380952 0.0224997878717913
0 0.02 5.38359005401409e-10
0 0.0222222222222222 0.000893450788250707
0 0 1.04625931376117e-17
0 0 2.36514243245305e-259
0 0.0227272727272727 0.00108632532094647
0 0.0185185185185185 0.000341102041848965
0 0.0517241379310345 0.00281886582513765
0 0.0192307692307692 1.73980772613296e-10
0 0 1.12451984126118e-05
0 0 8.62834934150179e-148
0 0.0392156862745098 0.0031609911202637
0 0.0338983050847458 0.00590765070486508
0 0 6.16194361788146e-06
0 0 3.66284247799444e-05
0 0.0701754385964912 0.0052568291819717
0 0.0697674418604651 0.0148606846319326
0 0.0178571428571429 0.00203288034763318
0 0.0377358490566038 0.00529358370178985
0 0.0816326530612245 0.0132942182418912
0 0.0357142857142857 0.000453575361269669
0 0.0185185185185185 3.66519665721321e-05
0 0 2.02509643036159e-10
0 0 4.14670212202481e-32
0 0 1.24547151012123e-121
0 0.0208333333333333 0.00220743646192176
0 0 3.76567636741058e-82
0 0.0416666666666667 0.00119017059077409
0 0.0526315789473684 0.00495298526731598
0 0.0384615384615385 0.00331566654919788
0 0.0576923076923077 0.01593721646517
0 0 1.7452945726491e-05
0 0.0204081632653061 0.0208334845594279
0 0.0566037735849057 0.0152593426684229
0 0 9.88233939395158e-21
0 0 4.52857504778241e-61
0 0 2.58414525260821e-22
0 0.0588235294117647 0.00835134370289993
0 0.02 0.00602301801512712
0 0 3.49333371091543e-31
0 0.0212765957446809 8.27221116687151e-09
0 0.0363636363636364 0.00553225929123349
0 0.06 0.0198012491907727
0 0 3.12147310438481e-07
0 0.0208333333333333 4.09031628318411e-05
0 0 8.22885174033983e-06
0 0.0888888888888889 0.00794842520429616
0 0.0444444444444444 1.63670833518543e-05
0 0.0238095238095238 0.00155925175840191
0 0 0
0 0.0434782608695652 0.00651350971746636
0 0 6.69193447699249e-40
0 0.037037037037037 0.0110492948672108
0 0.0204081632653061 0.00193911938639585
0 0.0508474576271186 0.00515036206677636
0 0.0487804878048781 0.000661554529254202
0 0 1.06858228246506e-29
0 0.0350877192982456 3.40270839630039e-05
0 0 0
0 0.0677966101694915 0.00605516228689013
0 0.0392156862745098 0.000160302569404977
0 0.0392156862745098 0.0184411750635158
0 0.0188679245283019 0.00411598772671071
0 0 8.86478628192224e-12
0 0.0487804878048781 0.00832161448986228
0 0.0217391304347826 0.000233053361140421
0 0.0196078431372549 0.000633997912066283
0 0 2.86680843578944e-310
0 0.0196078431372549 0.00173557818322814
0 0 2.01256547899635e-15
0 0 4.51291504757773e-12
0 0.0227272727272727 0.00437510341539925
0 0 0
0 0.0196078431372549 1.70266846037154e-05
0 0 1.10452751028793e-96
0 0 0
0 0.0227272727272727 0.00385915697628386
0 0 5.05871280172035e-05
0 0.0677966101694915 0.00862791763745869
0 0.037037037037037 0.0139402099800318
0 0.0465116279069767 0.00566554564917685
0 0.0416666666666667 0.00888569133821259
0 0 2.05179904375218e-110
0 0.0192307692307692 4.86544082852936e-09
0 0.0227272727272727 3.10750188068849e-09
0 0.0238095238095238 0.000133527253140377
0 0.0232558139534884 0.000430148693941693
0 0.0172413793103448 3.62590337787653e-05
0 0.0185185185185185 0.00955808633194432
0 0 3.6139911444197e-127
0 0.0212765957446809 3.16372604544148e-05
0 0.0350877192982456 0.00200476390780985
0 0 0
0 0 2.80969338452877e-97
0 0.0576923076923077 0.0109005234884391
0 0.0196078431372549 4.50202741718524e-05
0 0 6.17427372470434e-12
0 0 0.0212765957446809
0 0.0377358490566038 0.000397596547469262
0 0.0444444444444444 0.0175465415691706
0 0.0232558139534884 0.0103352420532289
0 0.04 0.00151210224762928
0 0.0178571428571429 0.00209124880850739
0 0.0196078431372549 0.0028934134513589
0 0 9.03332469528173e-15
0 0.0357142857142857 0.00581488872576528
0 0.0862068965517241 0.0109698937915494
0 0 1.45057933752095e-54
0 0 7.33077394968278e-06
0 0.0181818181818182 6.43862333367144e-09
0 0.0178571428571429 0.000157306963033615
0 0.0652173913043478 0.0446245095045101
0 0.0588235294117647 0.0159735702463128
0 0 9.71830151863588e-12
0 0 4.20944870729716e-97
0 0.0188679245283019 0.000404890019864214
0 0 2.97591798489013e-09
0 0.0227272727272727 0.002918091364282
0 0.0425531914893617 0.0173990161479407
0 0 1.97112626899968e-88
0 0.0465116279069767 0.00353163161066547
0 0.0526315789473684 0.00231809131801247
0 0 1.77179651768542e-11
0 0.0227272727272727 0.000471319628665397
0 0 1.79725263927727e-21
0 0 6.96988212398318e-89
0 0 3.63081331962776e-27
0 0.0178571428571429 0.000390643589194653
0 0.0212765957446809 0.00143797889428371
0 0.0392156862745098 0.00419285622440009
0 0 7.84353232020436e-07
0 0 1.17748710471134e-21
0 0.0178571428571429 0.0175935615785246
0 0 1.27143432363985e-152
0 0.0392156862745098 0.00563685717623946
0 0.024390243902439 7.65439053706985e-07
0 0.0238095238095238 0.00940991512920913
0 0.037037037037037 0.00472461530190616
0 0 1.77254532767459e-14
0 0.0238095238095238 3.91679784007752e-08
0 0.0227272727272727 0.0118391277327457
0 0.0178571428571429 0.00625491724808045
0 0.0408163265306122 6.02607681966837e-05
0 0 1.87834356345505e-11
0 0.0487804878048781 0.010948017858889
0 0.0425531914893617 0.000504355965421799
0 0 2.44227978232165e-54
0 0.0238095238095238 6.29476803113002e-06
0 0.024390243902439 0.025
0 0.0181818181818182 5.55204735638865e-08
0 0.04 0.00351143848287158
0 0.0175438596491228 9.54901003632931e-05
0 0.0232558139534884 0.00390665126559558
0 0 0.0201230983259505
0 0.0384615384615385 0.00399624935400003
0 0 8.40027248630577e-17
0 0 0
0 0.0169491525423729 0.000702075881238373
0 0 2.52001750944259e-08
0 0.0222222222222222 5.94794735583715e-05
0 0.0188679245283019 1.83559396499163e-07
0 0 8.49954680795053e-13
0 0 2.56505084424934e-09
0 0 1.7798403005122e-39
0 0.0204081632653061 0.00130184645376658
0 0.0576923076923077 0.0168450848824962
0 0.0227272727272727 0.000179756608545331
0 0.0212765957446809 0.00850589156062823
0 0.0188679245283019 0.00742928241429078
0 0.0212765957446809 0.000442807477580461
0 0.02 0.000110849698730215
0 0.0192307692307692 0.00250602923666656
0 0.0227272727272727 0.00519368122250491
0 0.0222222222222222 5.76619226282709e-05
0 0 1.87609211952405e-31
0 0 1.38898668384296e-05
0 0.04 9.06708292451476e-05
0 0 1.53565937066927e-34
0 0.0181818181818182 0.000197446680320867
0 0 2.9026054540287e-32
0 0.0175438596491228 0.00389763727444169
0 0.0192307692307692 0.0164336979286544
0 0 1.49245684558981e-88
0 0.0487804878048781 0.0257826342364601
0 0.0188679245283019 3.29103410427076e-06
0 0.0384615384615385 0.0069789892156963
0 0.0869565217391304 0.0183081261094595
0 0 4.26552884535524e-05
0 0.0178571428571429 0.00274189324111982
0 0 5.18810739170504e-05
0 0 1.65995438710268e-19
0 0.0392156862745098 1.26801730321783e-06
0 0.0677966101694915 0.00453299301801078
0 0.0377358490566038 0.00838377427532294
0 0.0181818181818182 0.0103947580436054
0 0.0188679245283019 1.54416575169227e-07
0 0 3.63394070223499e-17
0 0.0408163265306122 0.0100233126286901
0 0 1.97948581227446e-08
0 0.0212765957446809 0.0022101233155609
0 0.0192307692307692 0.00401653332510016
0 0.0204081632653061 0.00586356022929188
0 0.0185185185185185 6.47061731847058e-05
0 0.0222222222222222 0.00124133096975106
0 0.0227272727272727 0.00958795859623253
0 0 1.50379900496752e-05
0 0.0238095238095238 0.0121649398653857
0 0.0208333333333333 0.00402029258153644
0 0.0612244897959184 0.0103521206856107
0 0.0638297872340425 0.00637858128587572
0 0 1.13913084792556e-153
0 0.0357142857142857 0.00570360475197395
0 0 2.1446060686854e-21
0 0.0666666666666667 0.0169215373296287
0 0 6.80331486077494e-06
0 0.0232558139534884 1.26355261110126e-07
0 0 1.14627153521298e-34
0 0.0188679245283019 2.02083533016911e-05
0 0.0178571428571429 0.000310712365524163
0 0.0217391304347826 0.00725453738339604
0 0.0566037735849057 0.000189093366137971
0 0 1.51838608951911e-19
0 0 4.56131238934332e-19
0 0.0357142857142857 0.0167675898690178
0 0.037037037037037 0.00144315731253569
0 0.0232558139534884 3.25959642418057e-05
0 0.024390243902439 0.00905328580007861
0 0 0
0 0 4.97794734750256e-11
0 0.0476190476190476 0.00959937760333556
0 0.0172413793103448 0.010174249166947
0 0.0192307692307692 0.00404266370782495
0 0.0408163265306122 0.00579803828964023
0 0.02 5.96041616092989e-08
0 0.06 0.0291222219614752
0 0 2.73561342220717e-22
0 0 1.17125938700681e-155
0 0.0181818181818182 5.89811752938484e-05
0 0.0175438596491228 1.10440119445948e-05
0 0 1.78659201150093e-123
0 0.0181818181818182 1.84608628399924e-06
0 0.0425531914893617 0.000131847507732906
0 0.0217391304347826 0.000185015473525059
0 0.0192307692307692 0.00260680852621785
0 0.0754716981132075 0.0286217549136318
0 0.0185185185185185 1.7933726715075e-08
0 0.0175438596491228 0.0119255960782915
0 0 6.68171110755124e-09
0 0.0425531914893617 0.00358623606328741
0 0 1.6491740086091e-15
0 0.0178571428571429 0.000571334810624333
0 0 7.67266775670864e-24
0 0.0196078431372549 0.00294196065397594
0 0.0232558139534884 0.00556718022913162
0 0.0208333333333333 4.76775358995962e-06
0 0 1.39173827798345e-06
0 0.0357142857142857 0.00153566240203576
0 0.0192307692307692 0.000294243518089081
0 0.02 0.00385263924403208
0 0.0545454545454545 0.00855661031687798
0 0 2.44103268943403e-230
0 0.0185185185185185 0.000204243472989006
0 0.0377358490566038 0.0033734636812726
0 0.0208333333333333 0.00109643245391857
0 0 3.52844806846793e-25
0 0.0175438596491228 0.00128373288166154
0 0.0416666666666667 0.0115936820486789
0 0.0212765957446809 0.000512290970229623
0 0.0181818181818182 0.000137012550494133
0 0.0169491525423729 1.76716526005293e-06
0 0.102040816326531 0.0136228002315774
0 0.0172413793103448 0.00714307205141516
0 0.0212765957446809 0.0108721520684377
0 0.0217391304347826 0.00218285316156849
0 0.0517241379310345 0.00210248865040807
0 0 1.02619326932344e-28
0 0.0555555555555556 0.00753214742418569
0 0.024390243902439 0.00994797145167111
0 0.0377358490566038 0.0133517008111272
0 0.0188679245283019 0.0114890846395908
0 0.0357142857142857 0.00519179587058611
0 0.0454545454545455 0.00687951626695684
0 0.0238095238095238 0.0106902170932699
0 0.0638297872340425 0.00370458881391573
0 0 1.073145000821e-05
0 0.0212765957446809 0.00898736137500867
0 0 2.6426441473979e-07
0 0.0232558139534884 0.000215632393772172
0 0.0217391304347826 0.010287215667585
0 0 1.28155826954101e-07
0 0.0517241379310345 0.0106131762619309
0 0 2.3532103974411e-17
0 0.0188679245283019 0.00287931993348852
0 0.0535714285714286 0.00264704010743701
0 0.024390243902439 3.6318226150399e-09
0 0 0
0 0 4.02304388900535e-84
0 0.0192307692307692 0.00167927525162282
0 0.0434782608695652 0.00904064286748559
0 0 0.0162505274258558
0 0.0508474576271186 0.004409723849039
0 0 2.45628291010507e-14
0 0.0350877192982456 0.000652164823392116
0 0.0169491525423729 0.00573151104305696
0 0.024390243902439 0.00720531868998992
0 0 0
0 0.037037037037037 0.0159298988110409
0 0.0175438596491228 0.000152502737346158
0 0.0204081632653061 0.0206412469342969
0 0.0508474576271186 0.00353320280318869
0 0 2.68196418228787e-17
0 0 8.73767665692135e-07
0 0.0196078431372549 1.44360974853149e-05
0 0 6.50135405445933e-109
0 0.0169491525423729 0.000490709504482131
0 0.0212765957446809 5.21299000274355e-07
0 0.037037037037037 0.00802183524311977
0 0.0196078431372549 0.000856617817286532
0 0.0227272727272727 0.00443284684657751
0 0.0232558139534884 0.00805620477139301
0 0.06 0.00827572567714376
0 0.0178571428571429 7.99482377305017e-07
0 0 9.22426016113711e-08
0 0.0208333333333333 1.67513586629845e-06
0 0 8.39443364750012e-12
0 0 9.26473042290742e-31
0 0.02 9.96623400111732e-07
0 0.0344827586206897 0.00114881346063723
0 0.0576923076923077 0.0204925471570599
0 0.0175438596491228 4.13062077408543e-08
0 0.0425531914893617 2.70499838392628e-08
0 0.0416666666666667 0.00440027452763982
0 0.0208333333333333 0.00675502789006181
0 0 0
0 0.0181818181818182 0.0025896290406318
0 0 8.3024842255819e-100
0 0.0227272727272727 0.00251963301027269
0 0 7.81634711368514e-100
0 0.0434782608695652 0.00925506353414263
0 0.0185185185185185 1.15756062394686e-06
0 0 5.71638541209953e-290
0 0.037037037037037 0.00432388209429471
0 0.0612244897959184 0.0193594146163199
0 0.037037037037037 0.000587233848560852
0 0.0204081632653061 0.00434888105942286
0 0.0172413793103448 4.04521976721899e-05
0 0.0350877192982456 0.0041235924865705
0 0.0204081632653061 0.000255491746159028
0 0.0847457627118644 0.0112548747338179
0 0.0222222222222222 7.86511387194093e-06
0 0.0188679245283019 0.00032071706482044
0 0.0425531914893617 0.00354294220515217
0 0 2.42530597764428e-07
0 0.0196078431372549 0.00763062033921904
0 0 3.86780497612024e-68
0 0.0350877192982456 0.00118647073158657
0 0 0
0 0 5.84073418051003e-07
0 0 1.76871602513036e-89
0 0.0204081632653061 0.000656191742522282
0 0 9.31458909597235e-06
0 0.0192307692307692 0.00605191130698513
0 0 1.20376876932534e-06
0 0 7.34741809229813e-31
0 0.0344827586206897 0.000881834355064449
0 0.0238095238095238 0.00637707708522114
0 0.037037037037037 1.17337724972361e-07
0 0 0.000120685424229257
0 0.0178571428571429 3.30555006281455e-06
0 0 6.4309959496913e-06
0 0 2.69090491004734e-17
0 0.0204081632653061 0.00782590866430582
0 0 0
0 0.0181818181818182 0.00342904927280096
0 0.0222222222222222 0.00536001620644685
0 0 1.87502982029291e-62
0 0.0222222222222222 0.00774723647501551
0 0 5.62389641295054e-11
0 0.0338983050847458 0.00405516854955815
0 0.0545454545454545 0.00501487843546415
0 0.0232558139534884 8.50827374875091e-10
0 0.0555555555555556 0.00461812814789588
0 0.0444444444444444 0.0214774262833619
0 0 3.7405404684038e-213
0 0 1.33489427507341e-189
0 0.0363636363636364 0.00730963254755671
0 0.0338983050847458 0.00201065962341104
0 0 7.60103672883593e-11
0 0 5.79551147718547e-07
0 0.0555555555555556 0.00663244586739629
0 0.0172413793103448 1.80348458107055e-06
0 0.0222222222222222 0.000465057656868155
0 0.0666666666666667 0.00924749048068993
0 0.0232558139534884 0.0053836788230197
0 0 1.77973464472157e-06
0 0 3.62855380752851e-59
0 0 7.55078008203954e-12
0 0 1.43151866561058e-12
0 0.0508474576271186 0.00783666839435115
0 0.0181818181818182 0.00360003826994916
0 0.0444444444444444 0.000103359814375053
0 0 4.83485244576134e-37
0 0 9.7962763821094e-30
0 0.0172413793103448 0.00800695749203725
0 0 1.32612954694505e-55
0 0.0769230769230769 0.0231347137465234
0 0.0416666666666667 0.0042012493765719
0 0.0508474576271186 0.0197458478391323
0 0.0172413793103448 0.00319399379373701
0 0.0204081632653061 0.00368797490983717
0 0 6.9358986042332e-14
0 0.0227272727272727 5.46375539079492e-05
0 0 2.74701248684152e-05
0 0 0
0 0.0434782608695652 0.00291150829298542
0 0 2.72389263951773e-88
0 0.0212765957446809 0.00997875141835689
0 0.0487804878048781 0.00415612065308966
0 0 6.18848680224718e-42
0 0.0545454545454545 0.00485023742269492
0 0.0232558139534884 0.00756176153861832
0 0.0188679245283019 0.000104630817799396
0 0 3.81801794146714e-19
0 0.0185185185185185 0.00421054675393064
0 0.04 0.00377175856703669
0 0 2.72431199482397e-10
0 0.0487804878048781 0.00208734104700727
0 0 8.12152529566877e-102
0 0.0555555555555556 0.0132266979954921
0 0.0227272727272727 0.0108406230844713
0 0.0208333333333333 0.0015873949241295
0 0.0344827586206897 0.0100758736095159
0 0.0566037735849057 0.00598560543832285
0 0 6.16616125047982e-36
0 0.0517241379310345 0.00266887971701456
0 0.024390243902439 0.0145477696869872
0 0 5.35892225483506e-06
0 0 7.13977973160016e-46
0 0.0666666666666667 0.00630176122504394
0 0.0185185185185185 0.00241990689458494
0 0.0196078431372549 2.13803971857716e-08
0 0.037037037037037 0.00295716222481684
0 0.0227272727272727 5.16856181940491e-08
0 0.024390243902439 0.00136111939606369
0 0.0526315789473684 0.0183163978878698
0 0 3.16955057469509e-22
0 0.0588235294117647 0.00564869373003923
0 0 1.22386541850134e-13
0 0 2.30801427008278e-07
0 0.0196078431372549 0.00282734899351976
0 0.0425531914893617 0.00101359462449692
0 0.0416666666666667 0.000535159267201243
0 0.0178571428571429 0.00309392496928541
0 0 0.000232452897934011
0 0.0181818181818182 3.56748461617179e-06
0 0.0444444444444444 0.00156511474008765
0 0 2.1716718958778e-08
0 0 5.7674605063171e-10
0 0 3.38804412023142e-108
0 0.04 0.00853094527691197
0 0 2.95262353440141e-10
0 0 0
0 0.0208333333333333 0.00439135548044857
0 0 7.61421356119926e-251
0 0.0434782608695652 0.0045478382904466
0 0.024390243902439 0.0122263311027568
0 0.04 0.0155174835167207
0 0.0416666666666667 0.0173853441823152
0 0.0185185185185185 3.6514232700323e-05
0 0.0208333333333333 0.00540037663740144
0 0.0408163265306122 0.0121852022454571
0 0.0377358490566038 0.00930864018561924
0 0.0344827586206897 0.00733203419750367
0 0 1.31234657405223e-74
0 0.0238095238095238 0.00611802955748169
0 0.0677966101694915 0.00552937405119453
0 0.0350877192982456 0.00333395111085882
0 0.0212765957446809 0.010351174651083
0 0.0212765957446809 0.00825941155411231
0 0.0961538461538462 0.0229310077527652
0 0 2.98180953855903e-59
0 0.0222222222222222 1.24484393602131e-07
0 0.0754716981132075 0.0217144678192331
0 0.0181818181818182 6.00707714912745e-05
0 0 0
0 0 2.83938299680571e-12
0 0 3.78675248696964e-21
0 0.0517241379310345 0.000872477033347267
0 0.0434782608695652 2.39850809440437e-05
0 0.0227272727272727 0.000634351394645489
0 0.0517241379310345 0.00392421650563936
0 0.0338983050847458 0.00114156038508117
0 0.0384615384615385 0.019437484846336
0 0.0181818181818182 3.82476494484823e-05
0 0.0222222222222222 0.00379105304747425
0 0 3.78784782371805e-70
0 0.0238095238095238 0.00886407903641762
0 0.0476190476190476 0.0164175940516007
0 0.0384615384615385 0.0099112954093895
0 0 1.03056757152507e-13
0 0.0344827586206897 0.00335947173785328
0 0.0175438596491228 0.000690501122212212
0 0 5.02901538259808e-09
0 0 6.47981737272856e-39
0 0.06 0.00537981302627331
0 0.037037037037037 0.00851168955558751
0 0.0185185185185185 8.89213270568408e-10
0 0.0222222222222222 0.00700763122976422
0 0.024390243902439 0.00418880667102225
0 0.0377358490566038 0.00472306202590342
0 0 1.46469917396765e-06
0 0.0425531914893617 0.00887556430158143
0 0 1.09609930462674e-86
0 0.0465116279069767 0.00499486960406319
0 0.0222222222222222 4.98548801351087e-08
0 0.0227272727272727 0.00451533947298694
0 0.0714285714285714 0.0381237490973297
0 0.0175438596491228 1.22899401401496e-06
0 0.0188679245283019 0.00502999709779135
0 0 3.58185105342418e-07
0 0.0222222222222222 0.0072938034484909
0 0 1.87716535156767e-120
0 0.0465116279069767 0.0038351646889386
0 0 2.52575646717872e-13
0 0.0208333333333333 0.00131322666851619
0 0.0697674418604651 0.00893618284673207
0 0.0392156862745098 0.00961079333667137
0 0.037037037037037 0.00732904293128275
0 0.024390243902439 0.000728447550828751
0 0.037037037037037 0.000200259495352388
0 0.024390243902439 0.00558593531632527
0 0.0454545454545455 0.000892609829620507
0 0.0681818181818182 0.0130134267016533
0 0.0208333333333333 0.00697596007395576
0 0.0444444444444444 0.00501853738467841
0 0 0.000125700104364264
0 0.0476190476190476 0.0047290117709096
0 0.0192307692307692 0.00381864640332709
0 0.0425531914893617 6.71893805629862e-05
0 0.0222222222222222 6.14128187683268e-05
0 0 1.80191302929549e-13
0 0.0169491525423729 0.00205330899940203
0 0.0487804878048781 0.0163022764384659
0 0.0227272727272727 1.69105590398873e-05
0 0 8.5420930992044e-29
0 0 1.98378162255854e-11
0 0 1.52394779461041e-07
0 0 0.0195371756861376
0 0 7.30696997172007e-21
0 0.0566037735849057 0.00727542598255459
0 0 3.91380887273958e-19
0 0 3.40729508562907e-37
0 0.0408163265306122 0.00743529232938411
0 0.0238095238095238 0.00350021637445982
0 0 4.23522830162967e-12
0 0 1.6268319631178e-09
0 0 0
0 0 4.19211481880464e-11
0 0 4.20955006948558e-14
0 0 3.70665093331909e-15
0 0.0232558139534884 0.000125769723422637
0 0.0487804878048781 0.00899501028870674
0 0.0454545454545455 0.014705044832621
0 0.0192307692307692 0.0131865521663002
0 0.0178571428571429 0.00297524496558044
0 0 6.58870339354253e-13
0 0.0175438596491228 2.45962285839912e-05
0 0.0508474576271186 0.00158903745164475
0 0.0454545454545455 0.0243143705500512
0 0.0416666666666667 0.0038566639552437
0 0 1.62092058372856e-13
0 0 4.73490027745729e-11
0 0.0208333333333333 0.00024115431856341
0 0.0666666666666667 0.00894932428006956
0 0.0357142857142857 0.00352546075121152
0 0 7.97256579119143e-11
0 0.0208333333333333 0.000582429253874007
0 0.024390243902439 0.00846331089153476
0 0 0
0 0.0204081632653061 0.00200347285541297
0 0.0185185185185185 0.00504905057313258
0 0.0172413793103448 0.00292465914051925
0 0.0185185185185185 0.000442500856504367
0 0.0208333333333333 0.000699649397884545
0 0 1.22776898716648e-40
0 0.0172413793103448 2.45063679020987e-08
0 0.0238095238095238 0.00329448589999356
0 0 1.04659959278736e-24
0 0 5.89460032951027e-05
0 0 2.06828988234151e-34
0 0.0408163265306122 0.00502845101657588
0 0.0169491525423729 0.000202630756767729
0 0 1.96960856682032e-17
0 0 4.99468690010176e-07
0 0.0344827586206897 0.0166438772429141
0 0.0769230769230769 0.0194701357774237
0 0.0465116279069767 2.0523858404332e-06
0 0.0204081632653061 0.00122670849847827
0 0.02 0.000100271831843969
0 0.0384615384615385 0.000910289957151494
0 0.0535714285714286 7.27087329161687e-08
0 0.0416666666666667 0.00374739190189717
0 0.0476190476190476 0.00176801236713977
0 0.0408163265306122 0.000196246077900529
0 0.0434782608695652 0.00744144819561891
0 0 1.24014049812869e-08
0 0.024390243902439 0.00963825415658235
0 0 2.6123009439921e-15
0 0.0196078431372549 1.02003626680451e-05
0 0.0384615384615385 0.0244279164082526
0 0 1.7369858913668e-11
0 0 1.52642322452783e-14
0 0.0612244897959184 0.0280286902615517
0 0.0227272727272727 0.00100416526514683
0 0.0232558139534884 0.00358201881885899
0 0 0
0 0 1.24671727283777e-13
0 0.0434782608695652 0.00374747313377977
0 0 8.17331951471861e-07
0 0.0416666666666667 0.00016872659797396
0 0.0555555555555556 0.00892947409327397
0 0.0487804878048781 0.00788784144691812
0 0 0
0 0 4.88571036900684e-85
0 0.0416666666666667 0.0190637410715071
0 0.0465116279069767 0.0167579647212255
0 0.0222222222222222 0.00941898268694461
0 0 1.6223903263736e-08
0 0.0612244897959184 0.00601777327306003
0 0.0350877192982456 0.0123315957238675
0 0 0
0 0.0238095238095238 0.0139071804034529
0 0 6.14273538071823e-10
0 0.0392156862745098 0.0146976332106448
0 0.0185185185185185 0.000114239910238395
0 0.0196078431372549 0.000105683017899291
0 0 3.03883580297036e-23
0 0.0204081632653061 1.04682204578918e-08
0 0.0350877192982456 0.00420598377051453
0 0.0588235294117647 0.00510943562173245
0 0.0377358490566038 0.00327607133425699
0 0 2.82463112198521e-05
0 0 1.17007909575422e-30
0 0 3.27465810276575e-104
0 0.0208333333333333 0.000796329477101177
0 0 6.20063544249808e-07
0 0.0384615384615385 0.00952539355150969
0 0.0222222222222222 0.0218230805293579
0 0 1.13524189456484e-07
0 0 5.59637453961215e-05
0 0.0357142857142857 0.00110338080139816
0 0.0350877192982456 0.000334158993758224
0 0.0227272727272727 1.43344511157505e-06
0 0.0555555555555556 0.0123517346303069
0 0 3.19007805463791e-29
0 0 3.90140086878083e-23
0 0.0232558139534884 0.0112081010248572
0 0.0465116279069767 0.0207856534246766
0 0.0408163265306122 0.00355922841344254
0 0.0377358490566038 0.00749315142614076
0 0.0238095238095238 0.000751563390540576
0 0.0188679245283019 0.00535933361985868
0 0.0188679245283019 0.00757407864352941
0 0.0175438596491228 3.28865497182034e-05
0 0 1.94216670003403e-23
0 0.0566037735849057 0.0129797160235076
0 0.0204081632653061 6.40239966297527e-07
0 0.0178571428571429 0.00637226360412888
0 0.0535714285714286 0.00305569230398925
0 0.0384615384615385 0.00990677015542923
0 0.0208333333333333 0.0106382978626651
0 0 4.0742081290283e-20
0 0.0363636363636364 0.000687081163436342
0 0.0208333333333333 0.000373989819926582
0 0 0
0 0 0.0212307364022005
0 0 5.20811430203467e-05
0 0 3.33172449190802e-06
0 0 2.57193912567092e-24
0 0.0181818181818182 9.28906520918645e-05
0 0 0
0 0.0172413793103448 0.00368905933060775
0 0.037037037037037 0.0059666699176239
0 0.0178571428571429 2.25625849844877e-07
0 0.0217391304347826 0.000760276123511777
0 0 1.67430128666913e-12
0 0 7.09381086480053e-19
0 0 1.63220850850043e-48
0 0.0517241379310345 0.00161221216228148
0 0.0476190476190476 0.00977743457828997
0 0.0487804878048781 0.0105291332306451
0 0.0232558139534884 3.89021476805836e-05
0 0.02 1.85984190586507e-09
0 0.0454545454545455 0.0174411191267186
0 0.0517241379310345 0.00027689228598066
0 0.0212765957446809 7.57665050406435e-06
0 0.024390243902439 0.022272572645594
0 0 0
0 0.0196078431372549 8.78641163537563e-05
0 0 9.74449119447204e-28
0 0.0204081632653061 0.00139078956067621
0 0.0677966101694915 0.00498645968799459
0 0.0208333333333333 0.00249973884667727
0 0.0344827586206897 0.000186782190524429
0 0 0
0 0.0232558139534884 0.00598974693655389
0 0 4.85498392050236e-06
0 0.0425531914893617 0.00286795194817043
0 0.0363636363636364 0.002216435551932
0 0.0238095238095238 7.36554208726602e-07
0 0.0727272727272727 0.00111059596164057
0 0.0377358490566038 0.000633355499678604
0 0.0196078431372549 0.000280523439294422
0 0.0408163265306122 0.00769945438770574
0 0.0212765957446809 0.000862446084082143
0 0.0238095238095238 0.0118980595023904
0 0.0377358490566038 0.00272166587406895
0 0.0384615384615385 0.00033186998720589
0 0 2.88511881945243e-08
0 0.0178571428571429 0.00142604224191392
0 0.0408163265306122 0.0154156927634536
0 0 1.2154272217181e-19
0 0.0212765957446809 0.00948309680313024
0 0.0185185185185185 0.00262169172961315
0 0 3.28407111958768e-50
0 0.0740740740740741 0.0158234165860844
0 0.0526315789473684 0.00103644402961716
0 0 9.10873570763917e-74
0 0 3.92797424084701e-12
0 0.0588235294117647 0.0151142416039734
0 0 6.8634443002411e-06
0 0 5.39914834882893e-58
0 0 8.81562433613248e-05
0 0 4.78937815908511e-67
0 0 2.1779716743026e-39
0 0 8.87573930663825e-17
0 0 1.19596594101156e-13
0 0 0
0 0.0196078431372549 0.000202933055712387
0 0.0392156862745098 0.0127516516021607
0 0.0188679245283019 2.44693665096932e-06
0 0.0238095238095238 0.011250442187075
0 0.0188679245283019 1.93709825116576e-06
0 0.0227272727272727 0.0107602238676818
0 0.0508474576271186 0.00013060543520743
0 0.037037037037037 0.0102632522112087
0 0.0238095238095238 0.00679011103394327
0 0 1.62726611824656e-06
0 0.0185185185185185 1.57975254856897e-09
0 0 6.52299199053891e-09
0 0 0
0 0 2.69824653646097e-12
0 0 4.2024037696759e-10
0 0 4.30035270746179e-27
0 0 6.8198470988017e-24
0 0 2.34880084632842e-309
0 0.0454545454545455 0.0098409790449423
0 0.0217391304347826 0.00364797808101582
0 0.0169491525423729 0.00212318828806619
0 0 1.95696238435239e-17
0 0 6.71438714038714e-22
0 0 1.28563071944739e-22
0 0.0222222222222222 2.52570306879782e-05
0 0.0188679245283019 0.000869037647347405
0 0.0425531914893617 6.77690310555078e-05
0 0 7.25558426308926e-42
0 0 4.12343331682715e-36
0 0.0434782608695652 0.00225161528927677
0 0 2.14585177751488e-09
0 0.0185185185185185 0.00442047484967478
0 0.0434782608695652 0.00886372263933744
0 0.02 0.00181513113620623
0 0 9.43602061746865e-07
0 0.0714285714285714 0.00504231576820388
0 0.037037037037037 0.00389366140732631
0 0.0408163265306122 0.000155847022347873
0 0.0217391304347826 0.000456138890081703
0 0.0869565217391304 0.0384137922137473
0 0.0465116279069767 0.00031000529426802
0 0 1.86345624676386e-06
0 0 4.78677371956707e-14
0 0 0
0 0 5.0723367295032e-83
0 0.06 0.00544326499358082
0 0 9.4069463132624e-11
0 0.0185185185185185 0.00429978591666932
0 0.0217391304347826 0.00201566773981535
0 0 4.81927039226221e-09
0 0 1.35722327156105e-05
0 0.0816326530612245 0.0194080848677064
0 0.0188679245283019 0.00529230901039927
0 0 5.87207138499744e-40
0 0.0204081632653061 0.00924852702689617
0 0.02 0.00280552251822778
0 0.024390243902439 2.8495535422727e-08
0 0.0612244897959184 0.0130605979253786
0 0.0185185185185185 0.00955218681232911
0 0 6.72247452810136e-46
0 0 1.61392509942479e-52
0 0.0338983050847458 0.00333768460143968
0 0 7.61689514773892e-13
0 0.0454545454545455 5.95258704709872e-07
0 0.0392156862745098 0.0188208229586383
0 0.0181818181818182 0.000301977620700851
0 0.0169491525423729 2.98678129794278e-07
0 0 2.0161548392278e-61
0 0.0465116279069767 0.00779796631074462
0 0 1.26857128904373e-06
0 0.0185185185185185 2.64615153042645e-05
0 0.0535714285714286 0.00979546306291269
0 0.0344827586206897 0.00369843205428753
0 0 1.80445775813539e-180
0 0.0169491525423729 0.00766903387021888
0 0.0961538461538462 0.00505267055659987
0 0.0232558139534884 1.28881247873078e-08
0 0 0
0 0.0338983050847458 0.000170721425823824
0 0.04 0.0137345310147672
0 0 2.99811863606476e-05
0 0.0454545454545455 0.0198900735609582
0 0.0416666666666667 0.0111228393065697
0 0 5.71689377542468e-07
0 0 0.000316442518395258
0 0.0434782608695652 0.00452491084126649
0 0.024390243902439 0.00130084507806809
0 0.0188679245283019 1.46233334712197e-08
0 0.0517241379310345 0.000407627931834881
0 0 3.41775261793697e-206
0 0.0181818181818182 1.37962574113337e-06
0 0.0377358490566038 0.00498956851921652
0 0.0212765957446809 6.29249617012681e-06
0 0.0227272727272727 3.04786549999903e-06
0 0.0227272727272727 0.00830264142939842
0 0.0212765957446809 0.00023342866637105
0 0 1.28582036933055e-06
0 0.0188679245283019 0.000135660659957117
0 0 2.24804880418881e-17
0 0.0192307692307692 0.00733782376419778
0 0.04 0.00782497552376211
0 0.0487804878048781 0.0311129622262167
0 0.0208333333333333 0.0102919357995759
0 0 5.0403086364647e-129
0 0.0196078431372549 0.00316431813723292
0 0 1.65849690302155e-29
0 0.0175438596491228 0.00616258652885616
0 0 2.28605891810068e-31
0 0 2.12622525321438e-226
0 0 1.6078983007944e-53
0 0.0847457627118644 0.0173263254558568
0 0.0444444444444444 0.0181312816303165
0 0.0227272727272727 0.000353262353720286
0 0 1.52739255374739e-05
0 0.0172413793103448 0.00363981717755153
0 0.0416666666666667 0.00890212648320927
0 0 2.66597605529947e-07
0 0.0178571428571429 0.018181901435311
0 0 9.30993052354167e-13
0 0 1.67067939790355e-18
0 0.0175438596491228 0.00033587523149506
0 0 2.79733002065231e-40
0 0 3.03922578007529e-49
0 0 1.70542563850292e-17
0 0 4.5301988054259e-11
0 0.0416666666666667 0.000546267962407196
0 0.0212765957446809 0.0105438454460346
0 0 1.15381890024521e-79
0 0.0169491525423729 0.000520936408055935
0 0.08 0.00321912297594294
0 0.0784313725490196 0.0112074310037181
0 0.0172413793103448 0.00456441002232333
0 0 0.0134585308938877
0 0.0227272727272727 0.000813756647438387
0 0 0.00105423583691135
0 0 3.11488310297568e-10
0 0.0465116279069767 0.0209349187899516
0 0.0232558139534884 0.000574817574323297
0 0.024390243902439 1.17801047001916e-06
0 0.0222222222222222 0.0152580671795212
0 0.0588235294117647 0.0090973740114615
0 0 1.7801833926713e-05
0 0 7.87349031461885e-52
0 0.0188679245283019 0.00265833938553017
0 0 8.28802317089364e-11
0 0.0363636363636364 0.0297715515558408
0 0.0434782608695652 0.000980202736510686
0 0 4.25363495045563e-162
0 0.04 0.00416462722410675
0 0.0204081632653061 1.0249315583854e-08
0 0 6.02394894504653e-16
0 0.0192307692307692 0.0110710823236705
0 0 8.89133380370972e-05
0 0.0208333333333333 1.58317677898811e-07
0 0 2.95000558841445e-06
0 0.0181818181818182 0.00018493880842421
0 0.0357142857142857 7.48484019553808e-05
0 0 0
0 0.04 0.00754969625992909
0 0 5.44946134687001e-08
0 0.0222222222222222 0.000132155866989228
0 0.0392156862745098 0.0114465427957846
0 0.0384615384615385 0.00860044210851675
0 0.0416666666666667 0.000530693127792571
0 0.0714285714285714 0.015394786174889
0 0.0344827586206897 0.0201423980880553
0 0.06 0.000316960664577596
0 0.0363636363636364 0.000958974362704648
0 0.0384615384615385 0.00690352153058989
0 0.0535714285714286 0.00691079681266845
0 0.024390243902439 0.000640580348026222
0 0.0222222222222222 1.51522030282534e-06
0 0.0222222222222222 0.022607955169114
0 0 2.49185667885007e-06
0 0.0416666666666667 0.00770236583510531
0 0.0217391304347826 0.0018841097904307
0 0.0344827586206897 0.0122181399663049
0 0 1.05740147196008e-10
0 0 1.03671380831412e-06
0 0.0338983050847458 0.00651887186235538
0 0.0204081632653061 1.93585888607529e-05
0 0 4.78785513938136e-72
0 0.0232558139534884 0.00284820798168368
0 0 1.42319983150918e-08
0 0.02 0.00276471418620629
0 0 3.61876864102853e-32
0 0.0172413793103448 8.01248385595076e-07
0 0.0465116279069767 0.0067349289705207
0 0.0714285714285714 0.0167373934850116
0 0 1.18970187703143e-13
0 0.0344827586206897 0.0110133983809808
0 0 2.79909946593602e-21
0 0.0227272727272727 0.00997741523853243
0 0.0188679245283019 0.000582295870380464
0 0.0363636363636364 0.00349314263101387
0 0 1.0278207427783e-05
0 0.0338983050847458 0.0168246819092436
0 0.0465116279069767 0.0234521485948099
0 0 4.2017938472507e-08
0 0 9.34911492608009e-51
0 0.0212765957446809 0.00505154791992216
0 0.0666666666666667 0.0015649961340614
0 0.0384615384615385 0.00577786262298985
0 0.0526315789473684 0.00982932673898855
0 0.0227272727272727 0.0231615655454079
0 0.0175438596491228 1.73947045479031e-10
0 0.0169491525423729 0.00601561568609541
0 0 3.107756062481e-07
0 0.0392156862745098 0.0199844569187475
0 0.0232558139534884 0.000935439988261047
0 0.0338983050847458 0.00303625865930018
0 0.0689655172413793 0.0209970464277344
0 0.0227272727272727 1.12654299314418e-10
0 0.087719298245614 0.00381745120545813
0 0.04 0.00509464127551299
0 0 7.97141097032958e-13
0 0.0192307692307692 0.00445231811885528
0 0 1.30716428114161e-06
0 0.0652173913043478 0.00495554581214053
0 0.0238095238095238 0.0123162573847691
0 0.0363636363636364 4.97064274284761e-05
0 0.0185185185185185 3.96013761235848e-06
0 0.0222222222222222 0.00692455590427737
0 0.0588235294117647 1.6733083837456e-05
0 0 1.09421423615156e-07
0 0.0555555555555556 0.0194322514315977
0 0.0384615384615385 0.00127285772146681
0 0 6.28162188925165e-40
0 0.0204081632653061 6.53274729266739e-05
0 0.0465116279069767 0.0237823265327066
0 0 4.49729163595907e-22
0 0.0196078431372549 0.00169862771924511
0 0.0196078431372549 0.003727581352434
0 0.037037037037037 0.00213198434586811
0 0.0697674418604651 0.00128904430368474
0 0.0238095238095238 0.00299172979524629
0 0 3.44560291774138e-14
0 0.024390243902439 4.5147008204739e-07
0 0.0487804878048781 0.00901186615873354
0 0.0384615384615385 9.69495866744635e-05
0 0.0784313725490196 0.0191275878625008
0 0.0204081632653061 0.00467870509061453
0 0 1.10969097905897e-32
0 0.0357142857142857 0.000919897796950227
0 0.0208333333333333 0.00592626909491385
0 0 2.52527947257033e-97
0 0 0
0 0.0185185185185185 0.00163115693501859
0 0.024390243902439 0.00403668267135768
0 0.0566037735849057 0.00189001279392712
0 0.02 2.59476025649511e-06
0 0 6.73117585129478e-12
0 0 3.59540864967196e-20
0 0.0169491525423729 0.00517930883348868
0 0.0169491525423729 0.00180545482184389
0 0.0344827586206897 0.00362228837840318
0 0.0545454545454545 0.0122580499826857
0 0.0217391304347826 3.13854296990319e-09
0 0.0196078431372549 0.0106074314789865
0 0.0408163265306122 0.00477055188768488
0 0.0338983050847458 0.00386908135123291
0 0.0217391304347826 1.43918706897579e-05
0 0.0555555555555556 0.00403251642053195
0 0.0612244897959184 0.00951969846344366
0 0.037037037037037 0.00673775936027833
0 0.0338983050847458 0.00657013872683563
0 0.0545454545454545 0.000765849866610539
0 0 1.34122299084316e-09
0 0 2.22223943447924e-25
0 0.0232558139534884 0.00266647606964078
0 0.0465116279069767 0.00620526439297952
0 0.0434782608695652 0.00973873689508603
0 0 5.01247341208596e-124
0 0 3.37549312252725e-38
0 0 1.14766676632861e-14
0 0.0363636363636364 0.000706234762008205
0 0 3.41690893578188e-08
0 0 1.06284738271337e-06
0 0.0232558139534884 0.00107749311070976
0 0.0535714285714286 0.0113512556001392
0 0.0350877192982456 0.019591143009615
0 0.0212765957446809 4.04529033091536e-05
0 0.0454545454545455 0.000133514279335505
0 0.0444444444444444 0.00606704833478272
0 0 6.61606572295604e-08
0 0 1.6313314544692e-104
0 0.0175438596491228 3.1442235573602e-07
0 0 1.8176721426788e-101
0 0.0238095238095238 0.000198705437265666
0 0.0188679245283019 0.005021238539755
0 0 2.31768645256529e-12
0 0.0344827586206897 0.00138998846200585
0 0.0212765957446809 0.000141021513245734
0 0.0196078431372549 0.000414563187583058
0 0 2.14401664863132e-08
0 0.04 0.0113337227972803
0 0 1.56434375966179e-36
0 0.0192307692307692 5.51635285214013e-06
0 0.0377358490566038 0.00573850052066414
0 0.037037037037037 0.00526701271501739
0 0.0638297872340425 0.0172155509486731
0 0.0196078431372549 2.59426438331708e-05
0 0.0476190476190476 0.0224051888881091
0 0.0434782608695652 0.00167568925684025
0 0.0232558139534884 0.018117461666279
0 0.037037037037037 4.99037048666586e-05
0 0 3.57715839994173e-51
0 0 2.26340554532876e-196
0 0.0238095238095238 0.00793361577054112
0 0.0377358490566038 9.531776751755e-05
0 0.0612244897959184 0.0135286487770306
0 0.0178571428571429 1.97113508010349e-06
0 0.0178571428571429 2.93613035965068e-05
0 0.0238095238095238 3.53471890463381e-10
0 0.0416666666666667 0.000495383711508857
0 0.0517241379310345 0.000258230766271079
0 0 1.76127970425542e-75
0 0.0408163265306122 0.000538623650680519
0 0.0465116279069767 0.00637186410759276
0 0.0517241379310345 8.45785090942208e-05
0 0 1.0099714038339e-21
0 0 1.44126874341937e-17
0 0.0238095238095238 0.00609757398470956
0 0 1.15382586027217e-11
0 0.0465116279069767 0.000157202388939026
0 0 5.62667880220656e-14
0 0.0476190476190476 0.00663505151938442
0 0.0172413793103448 0.00277078000839737
0 0.0392156862745098 0.00742895630995472
0 0.0508474576271186 0.00890988553413156
0 0.0227272727272727 8.49439433657917e-09
0 0.0377358490566038 0.0119276997821794
0 0 8.54463413168586e-16
0 0 1.87314007665992e-47
0 0 4.46384264722458e-110
0 0.0350877192982456 0.00671292024392633
0 0.0526315789473684 0.0063956182280722
0 0.0392156862745098 0.00185894714895676
0 0 1.49004529315055e-14
0 0.0625 0.01481006742689
0 0.0384615384615385 0.00607123020896135
0 0 1.12956579596561e-171
0 0.0222222222222222 0.00842662635251054
0 0 4.390802933818e-08
0 0.0545454545454545 0.0083278310284709
0 0 2.15931896504706e-162
0 0 2.63163958723922e-05
0 0.0344827586206897 0.000160881146690992
0 0.0181818181818182 0.0053067644430707
0 0.0169491525423729 0.0151454583439215
0 0 1.379894723486e-21
0 0.0384615384615385 0.00594394630001036
0 0 3.70355475774937e-39
0 0 6.19066208281294e-15
0 0.0476190476190476 0.000178889297448262
0 0.0208333333333333 5.06883667102113e-05
0 0 7.05252312281722e-106
0 0 1.42691658649749e-68
0 0.0338983050847458 0.00168762723582459
0 0.0227272727272727 4.30187269352552e-05
0 0 4.85853747460301e-104
0 0 6.91726413015984e-27
0 0 6.43128391489003e-15
0 0.0363636363636364 0.01192675439471
0 0.0227272727272727 0.00116447403929598
0 0 5.34138850751327e-36
0 0.0384615384615385 0.00407342604369817
0 0.0727272727272727 0.0177093044113745
0 0.0350877192982456 0.00892890337589486
0 0.0344827586206897 0.00655584855137453
0 0.0681818181818182 0.0197343640752354
0 0.0666666666666667 0.0278528411890418
0 0.0526315789473684 0.00166585876501791
0 0 2.89160562222571e-06
0 0 1.32331598996822e-11
0 0.02 9.31157765779517e-10
0 0.0212765957446809 0.0011703320602461
0 0.0588235294117647 0.0229448748026837
0 0.0175438596491228 3.71983502969822e-07
0 0 3.59563330572508e-24
0 0.0212765957446809 0.00174034869804989
0 0 5.59307935525261e-13
0 0.0175438596491228 0.000108568868328729
0 0.0212765957446809 0.0037093866991524
0 0.04 0.0119997914968517
0 0.024390243902439 0.00810856911333283
0 0.0185185185185185 0.00259310882670579
0 0.0338983050847458 0.00229918754393567
0 0.0196078431372549 0.000108434694593382
0 0.0188679245283019 0.00435943635726028
0 0.0204081632653061 0.00152302820059982
0 0.0232558139534884 0.00322255433202008
0 0 1.02010138451846e-14
0 0.0588235294117647 0.00265116089555443
0 0.0175438596491228 1.3635135427704e-05
0 0.0363636363636364 0.0054178246148268
0 0.0217391304347826 0.00514667517441388
0 0.0227272727272727 9.66462962834717e-08
0 0.0535714285714286 0.00425568047377327
0 0.0363636363636364 0.0105446068990871
0 0 0
0 0 2.21853165025337e-36
0 0.0408163265306122 0.0157771351293848
0 0.0416666666666667 0.0121493173476302
0 0 3.08525007327318e-07
0 0 6.52297973537952e-49
0 0.0238095238095238 0.000625726195029545
0 0.0408163265306122 0.0141528068606222
0 0 1.15667925622707e-08
0 0.02 0.0171086670728102
0 0.0677966101694915 0.0179924445487265
0 0.0222222222222222 0.000182946960613966
0 0.0204081632653061 2.01578199628614e-05
0 0 5.93448315438113e-116
0 0.0217391304347826 0.000160354568056887
0 0.0208333333333333 0.00312533063820657
0 0.0204081632653061 5.32805081173056e-05
0 0.0350877192982456 2.86781106293367e-05
0 0.02 0.0046798098404378
0 0.0588235294117647 0.00411873748594866
0 0 5.01810314472724e-76
0 0.0178571428571429 0.00212637886415955
0 0.0227272727272727 0.00801391285063627
0 0 2.00341291155652e-93
0 0.0178571428571429 0.00531671162915193
0 0.0357142857142857 0.00248515809771601
0 0.0555555555555556 0.0219037386967496
0 0.0208333333333333 0.0081705359189683
0 0 3.08509775440743e-70
0 0 1.34884325538101e-86
0 0.0212765957446809 0.00184145794414132
0 0.0172413793103448 2.32985923764491e-07
0 0 3.79559400244671e-12
0 0.0217391304347826 0.00450350217551959
0 0.0392156862745098 0.0102197271751039
0 0.0454545454545455 0.00388915536477099
0 0 1.28733463759619e-44
0 0.0192307692307692 0.0196067723729805
0 0.0232558139534884 0.000377513604477236
0 0.0222222222222222 0.0123281794621629
0 0.0588235294117647 0.00462789531336742
0 0 1.92640396871639e-28
0 0.0487804878048781 0.0180749561994188
0 0.037037037037037 2.12877215359378e-07
0 0.0212765957446809 1.36567926500902e-06
0 0.0338983050847458 0.00198714316189766
0 0 1.96146912818341e-192
0 0 3.46722983228811e-121
0 0 4.28665730306277e-31
0 0.0181818181818182 0.00398380464973368
0 0 3.85903203341084e-11
0 0.0208333333333333 4.16498329672791e-08
0 0 5.55662450882128e-15
0 0.0185185185185185 2.45754556214684e-06
0 0.0666666666666667 0.016280147743987
0 0 0
0 0.0217391304347826 4.40085266323165e-05
0 0 1.4725400386152e-72
0 0 7.55646774863336e-06
0 0 2.79130821271578e-306
0 0.0172413793103448 0.00236956562251801
0 0.0185185185185185 0.015022565482072
0 0 1.58982943438318e-13
0 0.0178571428571429 4.60585578197935e-07
0 0.0204081632653061 0.00269865931298604
0 0.0416666666666667 0.000534600871857912
0 0.0338983050847458 0.0084392948670756
0 0.0227272727272727 0.00824659507349526
0 0.0338983050847458 0.00734912129265352
0 0.0217391304347826 0.00421379694555977
0 0.0666666666666667 0.0102080881499746
0 0.0638297872340425 0.0168091058072138
0 0.0847457627118644 0.0110036612201376
0 0 6.68979906460038e-26
0 0 1.38445879567615e-10
0 0.0392156862745098 0.000115522206971875
0 0.0238095238095238 0.00139814852733376
0 0.0535714285714286 0.000175985096332482
0 0.037037037037037 0.00508300732323472
0 0.0212765957446809 0.00154741060327465
0 0.0961538461538462 0.0198326539648074
0 0.0222222222222222 0.00730272777725154
0 0.0238095238095238 0.00485629147913299
0 0.0357142857142857 0.00816797025612527
0 0.0212765957446809 0.00125939017566026
0 0.0357142857142857 0.00047114318236849
0 0 1.65606380155458e-09
0 0.0576923076923077 0.00772746836513428
0 0.0487804878048781 0.0237627032804897
0 0.0377358490566038 0.000246278318280327
0 0 1.75121817612848e-07
0 0.0181818181818182 0.00366308970353971
0 0 6.18163321591402e-10
0 0 9.46032890834677e-10
0 0 5.74393149240788e-07
0 0 4.79333658268564e-13
0 0.0425531914893617 1.35515100201372e-05
0 0 0
0 0 1.57674411433997e-70
0 0 5.23187293946525e-06
0 0.0526315789473684 0.022797746398567
0 0.0638297872340425 0.00213578755979027
0 0 1.4525692806763e-170
0 0.0217391304347826 0.0035438398928422
0 0.0196078431372549 7.68075000405475e-05
0 0.0416666666666667 0.000542511749605762
0 0 1.48038073175987e-07
0 0.02 3.63726549338727e-07
0 0.0526315789473684 0.00187880470232451
0 0.0232558139534884 0.00135111790887347
0 0.0227272727272727 0.00500207166855307
0 0.0625 0.00668547158094215
0 0.0377358490566038 0.00561868042948193
0 0 0.000142152930025332
0 0.0175438596491228 0.00130672485127225
0 0.024390243902439 9.28324543615905e-06
0 0.0196078431372549 0.00117250681900643
0 0 0.0180899171832114
0 0.0652173913043478 0.0121448983353522
0 0.0212765957446809 4.96306707271184e-05
0 0.0208333333333333 0.0102763548340664
0 0.0172413793103448 0.000803782829958707
0 0 2.89606267500506e-77
0 0 2.74731631385326e-96
0 0.024390243902439 7.61484222260914e-09
0 0 4.69863091847196e-27
0 0.0185185185185185 0.00232741521196391
0 0 8.54973122405217e-137
0 0.0188679245283019 1.69333937404971e-05
0 0.0222222222222222 0.00588382332319384
0 0 1.6601812171179e-10
0 0.0344827586206897 0.00072879261296307
0 0.0175438596491228 3.62434342862155e-06
0 0 5.4041067251362e-06
0 0.0222222222222222 0.0101711047271168
0 0 2.22952551228584e-12
0 0.0377358490566038 0.00691833694507264
0 0 2.28412937431234e-37
0 0.0227272727272727 0.00758330831203082
0 0.0232558139534884 0.00247027371705749
0 0.0377358490566038 0.0225564248838534
0 0 2.30877365440357e-09
0 0.0434782608695652 0.00614708893484766
0 0.0357142857142857 0.00135580093913929
0 0.0238095238095238 0.000483567758543419
0 0.0181818181818182 0.00174496514978153
0 0 7.45135970371449e-28
0 0 5.66764149394529e-05
0 0.0238095238095238 0.0156368404321681
0 0.0363636363636364 0.0122948355796414
0 0.0172413793103448 0.000186288739179704
0 0.0344827586206897 3.11502803325426e-05
0 0.0454545454545455 0.0169088348590203
0 0.0196078431372549 0.00459940591283879
0 0.0392156862745098 8.90279102363583e-05
0 0.0175438596491228 0.00380329500646683
0 0.0172413793103448 0.00373557971494857
0 0.0204081632653061 2.3895112158318e-08
0 0 1.28614180884493e-77
0 0.0175438596491228 0.0032744284241619
0 0.0204081632653061 1.33835519908963e-09
0 0.0208333333333333 0.0146012824996938
0 0.0185185185185185 0.00323673593313743
0 0.0731707317073171 0.00736077956730589
0 0 2.78972680662824e-180
0 0 1.01293542178294e-78
0 0.0487804878048781 0.0119041702787177
0 0 2.39983268387523e-08
0 0 1.04003706706099e-05
0 0.0196078431372549 0.00925980657849687
0 0 8.28015504124785e-15
0 0.04 0.0210709937657324
0 0.0178571428571429 2.51201435683637e-09
0 0.0454545454545455 0.00109086899417622
0 0 8.23434297242467e-104
0 0 3.85565599489522e-68
0 0.0217391304347826 0.01099726256677
0 0 4.41307697559551e-09
0 0.0526315789473684 0.00646345660460842
0 0 5.332651949711e-17
0 0.0344827586206897 0.00635482229010413
0 0.0232558139534884 0.000211781569526796
0 0.0222222222222222 1.96327920045463e-05
0 0.0535714285714286 0.0150308309136676
0 0.0350877192982456 0.00489867279461149
0 0.0357142857142857 0.0040788006711149
0 0 1.59815771877256e-17
0 0 7.35313368713807e-61
0 0 2.26276756924934e-297
0 0 1.47213329784702e-34
0 0 8.94531009983734e-07
0 0.0363636363636364 0.00846307444178726
0 0 0
0 0.0408163265306122 0.00471126148816713
0 0.0338983050847458 0.00577776209714417
0 0.0425531914893617 0.000785806929883626
0 0.0178571428571429 0.00674000856109439
0 0 1.43679892518271e-17
0 0.0178571428571429 0.00692683160203663
0 0 2.77508216362769e-59
0 0.0172413793103448 0.00231836212487185
0 0.0178571428571429 0.00296478790981714
0 0.0377358490566038 0.00420540599449098
0 0.02 0.000326898551840687
0 0.0185185185185185 0.00126662898247378
0 0 2.73935256180707e-16
0 0.0869565217391304 0.0336657987656991
0 0 3.53656987995196e-06
0 0.0434782608695652 0.0101009337310064
0 0 5.23291363032063e-51
0 0 9.66409066831863e-175
0 0.0185185185185185 0.00259662395940922
0 0.0727272727272727 0.00588884416670476
0 0 8.32565472787784e-11
0 0 2.22759089114456e-10
0 0.0188679245283019 0.000701261062183843
0 0 1.21897868726192e-62
0 0.0212765957446809 1.04167517884273e-06
0 0.101694915254237 0.0112192383283163
0 0 1.24521359396099e-38
0 0.04 0.00483270475183095
0 0.0754716981132075 0.0101199707045386
0 0 9.91672484409451e-22
0 0.0212765957446809 0.00122600660658849
0 0.0416666666666667 0.000378905019816227
0 0.0363636363636364 0.000244653488959237
0 0 0
0 0.0212765957446809 1.69381041569116e-05
0 0.0454545454545455 0.000159369314221124
0 0.0222222222222222 0.00659650196606364
0 0 1.03869988537897e-18
0 0.0185185185185185 0.000851564290162713
0 0.0188679245283019 0.00303898618236513
0 0.0227272727272727 8.53408495336758e-06
0 0.0476190476190476 0.000160768013745602
0 0.0188679245283019 0.00145282254100374
0 0.0217391304347826 0.00120317369094677
0 0.0232558139534884 0.000128437147743865
0 0 1.42788194511951e-12
0 0 3.64361104160293e-08
0 0.0196078431372549 0.00132849978873172
0 0.0754716981132075 0.00263247121409401
0 0.0545454545454545 0.0078097162772919
0 0 5.8318457483731e-162
0 0.0444444444444444 0.00181449975924452
0 0.024390243902439 0.00219201277326133
0 0.0576923076923077 0.00253744967499196
0 0.0178571428571429 1.51729039794851e-05
0 0.04 0.00447851466574299
0 0 2.61874512295509e-09
0 0 8.61089602221392e-98
0 0.0227272727272727 9.03115002729786e-06
0 0 2.18822158659783e-16
0 0 2.53685123209919e-47
0 0.0238095238095238 1.71382808211304e-06
0 0.0357142857142857 0.000627370820515642
0 0.0196078431372549 0.00516410494074921
0 0.0338983050847458 0.0013281992292586
0 0 2.6184753749169e-78
0 0.0508474576271186 0.00755344289743287
0 0 2.86286303529525e-12
0 0.024390243902439 0.0307436767643886
0 0.0930232558139535 0.0086295905273294
0 0.0227272727272727 0.00344199346996334
0 0 1.12336644562634e-20
0 0.0208333333333333 0.0141415628683899
0 0.0363636363636364 0.00419870915197829
0 0 9.3139744244435e-07
0 0 1.0311609802227e-88
0 0.0384615384615385 0.00495506078534858
0 0.0444444444444444 0.0102968253772728
0 0 9.94833021566194e-40
0 0.0975609756097561 0.0183825833644293
0 0.037037037037037 0.0170723043508946
0 0 3.35141590155759e-08
0 0 3.48458929753744e-36
0 0 1.4570781922516e-19
0 0.02 2.89537504949136e-05
0 0 1.4367301510546e-23
0 0.0169491525423729 7.32594331489945e-05
0 0.0869565217391304 0.00998684328113337
0 0.0444444444444444 0.0296128777702853
0 0.02 5.89498847282958e-05
0 0.0169491525423729 0.0139272005148408
0 0.0175438596491228 0.000410487075498555
0 0.0408163265306122 0.000912746274974716
0 0.0181818181818182 0.000690336813219506
0 0.0175438596491228 0.000184193834448803
0 0 7.03792337391127e-11
0 0.0476190476190476 0.000281192988241369
0 0 3.53284021634643e-56
0 0.0555555555555556 0.00704998062638931
0 0.0172413793103448 0.000328633571689518
0 0.0566037735849057 0.00861555565778009
0 0 5.1327590113418e-193
0 0 0.000372383697979248
0 0.0196078431372549 0.000897806333784854
0 0.0188679245283019 0.00502924320127934
0 0.0384615384615385 0.00256554787005018
0 0.0363636363636364 0.00741746917784955
0 0 9.2648368573166e-89
0 0.0384615384615385 0.00185676060025373
0 0.0212765957446809 0.00295928350479251
0 0 8.1989715540548e-160
0 0.0517241379310345 0.011937918128238
0 0.0350877192982456 0.00397273603329726
0 0 8.98385267446033e-70
0 0.0217391304347826 1.70005491540576e-09
0 0.0434782608695652 0.0244716594977239
0 0.0363636363636364 0.0121717726288831
0 0.0350877192982456 0.000254935397037159
0 0.0454545454545455 0.00654639236473285
0 0.0222222222222222 1.39710481878759e-05
0 0.0487804878048781 6.86106263251016e-08
0 0.0227272727272727 0.00651603609243763
0 0 2.77160892477485e-06
0 0.0666666666666667 0.0022614999585066
0 0.02 0.00212494412926974
0 0.0338983050847458 1.37887225066911e-06
0 0.0357142857142857 0.0068051654654793
0 0.0169491525423729 1.68363757280583e-09
0 0.0508474576271186 0.000304670288072547
0 0 7.96549658391105e-11
0 0 2.63971471440335e-66
0 0.0175438596491228 0.00622168676768611
0 0.0196078431372549 0.00409604527920508
0 0.0384615384615385 1.72454908990905e-09
0 0.0350877192982456 0.00180643014253997
0 0 5.23319966465326e-05
0 0 4.75810496522754e-12
0 0 0
0 0 6.10279630822676e-88
0 0 6.27093994686956e-06
0 0.0344827586206897 0.0107022896917757
0 0 5.55882559935654e-159
0 0.0338983050847458 0.00988079434652184
0 0.0892857142857143 0.00885149132182746
0 0.0178571428571429 5.41458843388283e-08
0 0.0222222222222222 0.00102007159986262
0 0.0169491525423729 7.17592650318102e-08
0 0.0188679245283019 0.00167378534235776
0 0.0192307692307692 3.800428149088e-07
0 0.0172413793103448 0.000443096879445733
0 0.0227272727272727 0.00511574156913621
0 0.0238095238095238 0.00282189122486874
0 0.0238095238095238 6.73692328681314e-09
0 0 0
0 0.0175438596491228 2.24442182848991e-05
0 0.0350877192982456 0.00486283771766315
0 0.0612244897959184 0.0056438104422593
0 0 2.6975335782466e-21
0 0 4.21849922673467e-13
0 0.0638297872340425 0.010241729723111
0 0 1.77692162512279e-22
0 0.0217391304347826 1.4921452279293e-06
0 0.024390243902439 0.000779714732618411
0 0.0416666666666667 3.05320509483249e-05
0 0 8.221042735943e-21
0 0.0196078431372549 0.00596600185689635
0 0.0227272727272727 0.0022725889478038
0 0.0169491525423729 3.05588723776268e-08
0 0.0350877192982456 0.00139985030242889
0 0 2.32703421150871e-10
0 0.0408163265306122 0.0061025270469513
0 0 6.78541654755639e-48
0 0.0181818181818182 0.00147958981236303
0 0.0363636363636364 9.96706731370426e-08
0 0.024390243902439 0.0124467695156871
0 0.0212765957446809 4.04945812138316e-05
0 0 2.97264517633941e-16
0 0.0204081632653061 0.000172994613876273
0 0.0204081632653061 0.000646894486374623
0 0.0350877192982456 0.00625797752509673
0 0.0181818181818182 0.00247102981692061
0 0.0416666666666667 0.00660850544534236
0 0.0181818181818182 0.00376764523830876
0 0.0416666666666667 0.0042342840980046
0 0 2.59727294510656e-05
0 0.024390243902439 0.000933699216585359
0 0.0208333333333333 0.00078065524116313
0 0 4.64446640167032e-08
0 0 2.00519870002966e-119
0 0.02 3.20806564438135e-08
0 0.0196078431372549 0.00202338047988175
0 0.0181818181818182 5.6424143320927e-06
0 0.0344827586206897 0.000297452209025628
0 0.0227272727272727 0.00236420251344795
0 0.0196078431372549 0.00450335833229828
0 0 3.93783890005318e-24
0 0.02 0.000473112189771445
0 0.0172413793103448 0.00573242875134302
0 0.0227272727272727 0.00870256134031416
0 0.0227272727272727 0.00275329378229464
0 0.0238095238095238 0.0231287921944098
0 0.024390243902439 1.6644474463759e-06
0 0.0869565217391304 0.0371264333164165
0 0 1.1649768304054e-05
0 0 0
0 0.0232558139534884 0.000374819336250882
0 0.0222222222222222 2.52199019045674e-07
0 0 7.84551728650488e-37
0 0 0
0 0.0416666666666667 0.00563051135081491
0 0.04 0.00965805148796967
0 0.0192307692307692 4.12651360885711e-05
0 0.0222222222222222 0.000139136105077167
0 0 2.9839328450182e-20
0 0 1.59689883093351e-52
0 0.0517241379310345 0.0144944131678166
0 0.0961538461538462 0.0131450968878143
0 0 1.76396461514616e-21
0 0.04 0.00623811331474563
0 0.0227272727272727 0.00161362647373807
0 0.0196078431372549 0.00638176612502725
0 0.0212765957446809 4.13359371432258e-05
0 0.0217391304347826 0.00515942646573893
0 0.0204081632653061 0.00219047442127917
0 0 1.29249675900669e-180
0 0 3.53434173162174e-06
0 0.0476190476190476 0.019239404000877
0 0.0222222222222222 0.0454545454522132
0 0.0476190476190476 0.0171847649241422
0 0.037037037037037 0.00365999632665048
0 0.0175438596491228 0.00340237025522818
0 0.02 0.00577023845201693
0 0.0181818181818182 0.00784655842668673
0 0.0208333333333333 0.00603493954413924
0 0.0204081632653061 0.000360663697843026
0 0.0392156862745098 0.00719112021097757
0 0.0681818181818182 0.000285024168414267
0 0.037037037037037 0.0118666346120446
0 0 7.0822812615942e-25
0 0.0204081632653061 0.0136850029462778
0 0 0.000848910387524051
0 0 1.94654684598983e-13
0 0 2.73803597107e-25
0 0 1.74572424109331e-60
0 0.0566037735849057 0.00326086922811478
0 0 1.05411307511261e-07
0 0.0208333333333333 0.000161221817110219
0 0 1.52671927474108e-10
0 0.0222222222222222 3.44676095914351e-06
0 0.0238095238095238 0.00507137514365405
0 0 2.56470836321507e-102
0 0.0338983050847458 0.00309599289510896
0 0.0681818181818182 0.00390244960459521
0 0.0208333333333333 7.03246311191377e-07
0 0.0377358490566038 2.38595491410926e-05
0 0.0862068965517241 0.00661673946282181
0 0.0196078431372549 6.51402716494931e-07
0 0.0178571428571429 0.000606013840032881
0 0.0384615384615385 0.000249086782291267
0 0.0350877192982456 0.00616892904795689
0 0.02 0.0130091089039375
0 0.0178571428571429 0.00375589474673987
0 0.0169491525423729 0.00358289756573995
0 0.0555555555555556 0.0105527899456516
0 0.0545454545454545 0.00271017660973441
0 0.06 0.00660531263985201
0 0.0178571428571429 9.48591777478241e-07
0 0.024390243902439 0.00502840810883541
0 0 4.0907917968223e-13
0 0.0232558139534884 1.67402777134587e-05
0 0.0338983050847458 0.00545998277451838
0 0 0
0 0 2.4676932016769e-12
0 0 1.20594281756279e-07
0 0.0652173913043478 0.00232349087468442
0 0.0363636363636364 0.0131918140678321
0 0.0172413793103448 0.00521757312925561
0 0.037037037037037 0.00238082698823014
0 0.0196078431372549 1.05953061093977e-07
0 0.0188679245283019 1.06281354980713e-09
0 0.0227272727272727 3.39170325214596e-07
0 0 3.91185067518845e-19
0 0 7.82556599738918e-07
0 0 3.47033049730797e-41
0 0.0217391304347826 0.000347172995056203
0 0 0
0 0.0196078431372549 0.000404628815779814
0 0.0344827586206897 0.00115635770121587
0 0 2.72405186915002e-18
0 0 6.41964943813688e-07
0 0.0638297872340425 0.0149197598062395
0 0 1.31212414623089e-14
0 0.0363636363636364 0.00549246055944915
0 0 1.58633665588933e-255
0 0.0612244897959184 0.0068212080718354
0 0.0434782608695652 0.00683798971282637
0 0.0188679245283019 0.00243770652230132
0 0.0338983050847458 0.000311634023988128
0 0.0377358490566038 0.00615269985464575
0 0.0181818181818182 0.000878653865817422
0 0 1.56307692944318e-61
0 0 2.40692428190206e-57
0 0.0416666666666667 0.00539395891503065
0 0.0175438596491228 0.00406813040257836
0 0 8.04410968893383e-14
0 0 1.62570555480618e-25
0 0 1.03240264495719e-55
0 0.0217391304347826 0.00357316927182267
0 0.0204081632653061 0.00748769697472494
0 0.0535714285714286 0.0170230776512132
0 0.0212765957446809 0.000196527443320169
0 0.0196078431372549 0.00587577472604574
0 0.0545454545454545 0.00647227031041125
0 0.0425531914893617 0.0227731511573175
0 0.0338983050847458 0.00592681267608452
0 0 9.68152531866261e-10
0 0.0454545454545455 0.0143522774088881
0 0.0416666666666667 0.00677526483020369
0 0.02 0.00421126919407621
0 0 2.51875566953931e-13
0 0.0344827586206897 0.00520223721036105
0 0.0204081632653061 1.76732388892434e-09
0 0.0363636363636364 0.0046859574044906
0 0 3.47836121378824e-06
0 0 1.00485046188677e-16
0 0 5.47815223848811e-13
0 0.0526315789473684 0.000104644621206285
0 0 3.91282719713651e-06
0 0.0188679245283019 1.11420129242303e-06
0 0 2.59243581740928e-17
0 0.0377358490566038 0.000827276822193169
0 0 3.61829525877196e-94
0 0.0175438596491228 1.9124783195762e-08
0 0.0740740740740741 0.0119899804380466
0 0.0487804878048781 0.0106953980887103
0 0.0212765957446809 1.129320383223e-09
0 0 1.7256928441802e-21
0 0.0487804878048781 0.0199358114003837
0 0.0357142857142857 0.00992732947904233
0 0.0444444444444444 0.00451984653565837
0 0 2.01742064606523e-30
0 0 8.12533311659945e-109
0 0.0181818181818182 8.54703580510799e-05
0 0.0714285714285714 0.0130390129949299
0 0.0169491525423729 1.08178087849265e-05
0 0 4.39055111162251e-20
0 0.0444444444444444 0.0106102087857975
0 0.0392156862745098 0.0224684735051839
0 0.0363636363636364 0.00422108702790721
0 0.0535714285714286 0.011665110216056
0 0.0222222222222222 0.00168084783383308
0 0.0357142857142857 0.00471984777862001
0 0 2.68351294170261e-07
0 0 0.025
0 0 4.07346559201176e-18
0 0.0416666666666667 0.00677495646397711
0 0 6.91215693870995e-05
0 0.0731707317073171 0.00284905881043474
0 0 7.84675706655485e-60
0 0.0377358490566038 0.000119154037376427
0 0.0172413793103448 0.00145006628993883
0 0.0232558139534884 0.0113461105306842
0 0.024390243902439 0.000582856317023944
0 0.0566037735849057 0.0146548057986511
0 0.0222222222222222 0.00553684735762146
0 0.0714285714285714 0.0155005985394119
0 0 5.854069601764e-298
0 0.0232558139534884 8.00516434270287e-05
0 0 3.92905116737621e-09
0 0.0208333333333333 0.00946478149073347
0 0.02 0.0106601486832368
0 0 7.27911811380007e-140
0 0 4.33279155441352e-74
0 0.0181818181818182 0.00380195551145935
0 0 1.00671834193281e-17
0 0.0517241379310345 1.12987982687027e-07
0 0 1.95054824570368e-05
0 0.0188679245283019 0.00232243560543902
0 0 3.43614173756968e-66
0 0.0392156862745098 0.00404149775019161
0 0.0238095238095238 4.87310898099629e-05
0 0 1.43690915816483e-19
0 0.0454545454545455 0.00833560453340233
0 0.0178571428571429 8.46446447681016e-05
0 0.0178571428571429 0.00762583412440756
0 0.0612244897959184 0.00360715019251279
0 0 1.76955438160693e-13
0 0 5.54621313322004e-18
0 0.0408163265306122 0.0243348136288265
0 0.0508474576271186 0.00420881204583273
0 0.0681818181818182 0.028287540852093
0 0.0338983050847458 0.00617616881112279
0 0.0526315789473684 0.0036615899566893
0 0 4.65358715548703e-13
0 0 6.16870230868339e-08
0 0 2.09241698234435e-111
0 0.0338983050847458 0.00590883359337879
0 0 5.1752301199807e-19
0 0 1.71856430077577e-23
0 0.0508474576271186 0.00242449993686844
0 0.0169491525423729 0.00164187090844603
0 0.0204081632653061 0.000410310246036421
0 0.0535714285714286 0.00965620563173065
0 0.0588235294117647 0.0263453057990141
0 0.0169491525423729 0.000304876243931242
0 0 3.55840790449577e-51
0 0.0576923076923077 0.0182429580706065
0 0 1.59790446900775e-15
0 0 0.000129293710665579
0 0.0408163265306122 0.00287694360232507
0 0 3.13503764216009e-12
0 0.0555555555555556 0.00511417855139522
0 0 3.06030811925842e-06
0 0.0377358490566038 3.66525399812197e-06
0 0 2.97097553124082e-08
0 0 4.25722059098484e-08
0 0.0227272727272727 0.000119742678453803
0 0 2.19882525016164e-79
0 0.0425531914893617 0.00275171740569871
0 0 5.28090853335853e-42
0 0.024390243902439 2.57128218850365e-08
0 0 6.94757478942642e-11
0 0.0555555555555556 0.0120018523105865
0 0.0222222222222222 0.000128835361266126
0 0.0208333333333333 0.00867045470465616
0 0.0196078431372549 0.00485211957844981
0 0.0192307692307692 0.00472725143063222
0 0.0612244897959184 0.0193819750969849
0 0 3.12421257148055e-09
0 0.0697674418604651 0.00759321690458517
0 0.0666666666666667 0.00545140247559479
0 0.0192307692307692 0.0102155600223034
0 0.024390243902439 0.00553548969396122
0 0 5.53019429762815e-24
0 0 3.593524090953e-06
0 0 1.33399362964721e-11
0 0.0566037735849057 0.0166882681281568
0 0.037037037037037 0.00015433026955027
0 0.0847457627118644 0.00292028518775928
0 0.0238095238095238 0.00594058359304095
0 0 1.04722513277142e-15
0 0 0
0 0 1.04211535819006e-37
0 0 3.72701257349167e-09
0 0 7.93269177926352e-11
0 0 8.88396673896893e-15
0 0.0238095238095238 0.00314497857486091
0 0.0377358490566038 0.00477508300255263
0 0 1.18143786859473e-06
0 0.0217391304347826 1.29252401987073e-05
0 0 9.89158101508166e-25
0 0.0204081632653061 0.00741548735568736
0 0 2.79543046877373e-10
0 0.0625 0.0141737648942717
0 0.0232558139534884 0.00165994645278498
0 0.0363636363636364 0.0115920689648713
0 0.024390243902439 0.00629699623216437
0 0.0392156862745098 1.58546678758553e-05
0 0.0454545454545455 0.00849715867994001
0 0 1.02562289768768e-150
0 0.08 0.00637281085893916
0 0.024390243902439 0.00115258003046823
0 0.0212765957446809 0.00790121524706068
0 0.0517241379310345 0.0210420848348585
0 0.0392156862745098 0.00684979598738937
0 0 1.15452958517204e-07
0 0.0185185185185185 0.00485107618799547
0 0.0181818181818182 0.000707106971654485
0 0 7.93847879189018e-302
0 0 1.19645095560556e-07
0 0.0232558139534884 3.99721315457046e-06
0 0 0
0 0.02 0.000142577081889509
0 0.0222222222222222 7.17106100861916e-05
0 0.0232558139534884 0.0039162669192753
0 0 1.01011482906079e-14
0 0.0535714285714286 0.00431709512301302
0 0 1.28327046661955e-10
0 0 9.56671022177265e-105
0 0.0588235294117647 0.00329384688456406
0 0 2.92064204305568e-06
0 0.0476190476190476 0.022891312455753
0 0 0
0 0 5.70672531988489e-44
0 0.0238095238095238 0.0121951206687818
0 0 1.74062573421141e-12
0 0.0689655172413793 0.00690618699075352
0 0.0566037735849057 0.0147475766509949
0 0.0185185185185185 5.16647564946479e-05
0 0.0222222222222222 0.00676307104176525
0 0.0408163265306122 0.0061967665128881
0 0.0185185185185185 6.26375736231024e-06
0 0 2.10074173361781e-08
0 0.0222222222222222 0.000193198194492056
0 0.0188679245283019 0.000862518634866899
0 0 5.36908992451028e-32
0 0.0227272727272727 0.000154584384230046
0 0.0212765957446809 5.49769701409964e-07
0 0 1.30431513570969e-06
0 0.0175438596491228 0.000809693174809583
0 0.0350877192982456 0.00177251362849151
0 0.0384615384615385 0.0134370384295659
0 0.08 0.00197545310280879
0 0.024390243902439 0.0110722112286434
0 0.02 0.000166580758120607
0 0.0172413793103448 0.000265664956836633
0 0.0338983050847458 0.000219169500489476
0 0 5.23209622449944e-26
0 0 1.35230475444998e-19
0 0.0465116279069767 0.017593379875177
0 0.0508474576271186 0.00278426768491499
0 0.0487804878048781 0.0133017519420975
0 0.0535714285714286 0.00568876973398504
0 0.0238095238095238 2.30157530668642e-05
0 0 0.0185185185197629
0 0.0192307692307692 0.000673874128976479
0 0 2.65631647330009e-05
0 0 1.27379503322397e-82
0 0.0212765957446809 0.0174028592485559
0 0 1.49816309889584e-47
0 0 5.4070877154221e-15
0 0.0408163265306122 0.000874194086527365
0 0.0517241379310345 0.004373847146474
0 0.0454545454545455 1.68467939047836e-05
0 0.0222222222222222 0.0113840384739107
0 0.0377358490566038 0.0231754311486959
0 0 2.63341902366651e-25
0 0.0652173913043478 0.0224325801097929
0 0.0535714285714286 0.00573574046434245
0 0.0697674418604651 0.00426670710763519
0 0.0384615384615385 0.00318875093113262
0 0.0487804878048781 0.0245984551887514
0 0.0181818181818182 7.74418830933555e-05
0 0.0677966101694915 0.00111060943109991
0 0.037037037037037 0.00264898705626891
0 0.0344827586206897 0.0124161755036184
0 0.0425531914893617 0.00118688672557985
0 0.024390243902439 0.00242158340528645
0 0 9.53375494893742e-14
0 0.02 0.000120870829595981
0 0.0175438596491228 0.00186536199127209
0 0.0425531914893617 0.0150996298889494
0 0.037037037037037 0.000209217382261798
0 0 8.31946977836144e-13
0 0.0701754385964912 0.0100361409466395
0 0 1.46442284532296e-11
0 0.0227272727272727 8.86163643160448e-07
0 0.024390243902439 0.000116859900507942
0 0 6.66765812204286e-11
0 0 2.27979536008288e-26
0 0 1.4326584551343e-11
0 0 1.14381308004025e-29
0 0.0188679245283019 0.000402581098583845
0 0 8.50432999070778e-11
0 0.0476190476190476 0.00879343810139332
0 0.0465116279069767 0.00249331653226716
0 0.0545454545454545 0.0100312737989222
0 0.024390243902439 0.000981489284582469
0 0.0217391304347826 2.01949189046481e-06
0 0 1.02790913379926e-38
0 0.0465116279069767 0.00325395995975261
0 0.0714285714285714 0.00787650922685796
0 0.037037037037037 0.00543061764911022
0 0.0212765957446809 1.33970122237233e-06
0 0 1.71443265938618e-145
0 0 4.12864594932303e-11
0 0 2.54659923656571e-16
0 0.0227272727272727 0.000228554106213373
0 0.0196078431372549 9.20650241631252e-05
0 0.0465116279069767 0.00450918488992117
0 0 4.28813286296411e-11
0 0.0222222222222222 0.0116197750047787
0 0 5.28472610341962e-19
0 0 3.83132606973989e-23
0 0.0222222222222222 7.75305380161582e-07
0 0 1.55917046721147e-27
0 0 3.18884066278501e-05
0 0 1.6999469938503e-11
0 0.037037037037037 0.0135543907938722
0 0.0392156862745098 0.00365210819086291
0 0 2.72965648031417e-15
0 0.0208333333333333 0.00365874125928882
0 0.0172413793103448 0.00088225142110775
0 0.0377358490566038 0.000711408967875699
0 0.0232558139534884 0.00170075186712249
0 0 1.67232958113676e-29
0 0.0204081632653061 1.71143367450601e-08
0 0.0169491525423729 0.00376825714730199
0 0.0185185185185185 0.00202396720933875
0 0.0172413793103448 0.00461557145942109
0 0.0208333333333333 0.000344320982372073
0 0 0
0 0.0517241379310345 0.00800039721012375
0 0.0178571428571429 4.72044585134741e-06
0 0.0208333333333333 5.6794390390246e-08
0 0.037037037037037 0.0132482720092779
0 0 6.54390301319959e-09
0 0.0227272727272727 0.00314114709791583
0 0.0232558139534884 4.85245593650894e-05
0 0 5.31067947460835e-06
0 0.0545454545454545 7.98010890439561e-05
0 0 3.55704016887565e-16
0 0.0222222222222222 1.70664224738445e-07
0 0.0465116279069767 0.00171252407805524
0 0.0487804878048781 0.000111158168101972
0 0 1.58517180566319e-12
0 0.0188679245283019 0.000504321583357294
0 0.0508474576271186 0.0173880187423854
0 0.0204081632653061 0.00380974688441608
0 0.0816326530612245 0.0161468042611283
0 0.0217391304347826 2.33357997224103e-06
0 0.0666666666666667 0.0033078358956796
0 0 0.000268371590768745
0 0.0217391304347826 0.00897759414792422
0 0 3.4113351533117e-66
0 0.0487804878048781 0.0223731177746441
0 0.0566037735849057 0.0162483531228871
0 0.0238095238095238 0.0232614478563436
0 0.0363636363636364 0.00477464620724126
0 0.0377358490566038 0.0124166086813643
0 0 6.45990995339968e-131
0 0 1.88514464848732e-237
0 0 3.93665823551622e-44
0 0.0196078431372549 0.0141189138026158
0 0.0465116279069767 0.00574980372552542
0 0 2.1357577117078e-97
0 0.0232558139534884 0.0114624004820846
0 0.0238095238095238 0.0060127651185036
0 0.0338983050847458 0.00756369954470058
0 0.0408163265306122 0.00392370539707437
0 0.024390243902439 0.000159177466728383
0 0.0384615384615385 3.66185083415359e-05
0 0.0178571428571429 0.00290793036885936
0 0.0222222222222222 0.00424370777604002
0 0.0344827586206897 0.0059893018051153
0 0 0
0 0.0204081632653061 2.82819347982386e-09
0 0.0188679245283019 0.00235788716614255
0 0.0545454545454545 0.00152223775709881
0 0 0
0 0.0344827586206897 0.00124770002217046
0 0.0476190476190476 0.0100334667978602
0 0.0175438596491228 0.00411980670942887
0 0.0681818181818182 0.000652327740572952
0 0.0377358490566038 0.00623688668753995
0 0.0175438596491228 9.16323195789395e-05
0 0.0181818181818182 0.000128657252111828
0 0.0555555555555556 0.00242655182911065
0 0.0192307692307692 0.000102188296958459
0 0 1.66962554033901e-12
0 0 1.48543605720655e-255
0 0 1.52706595413234e-13
0 0.0425531914893617 0.00551345848070464
0 0.0192307692307692 0.000160101866672122
0 0.0196078431372549 3.818585667998e-10
0 0.0357142857142857 0.0110637502453402
0 0.0181818181818182 0.00849502294122076
0 0 2.17235572923076e-24
0 0.0172413793103448 0.000118128359814607
0 0 0
0 0.0227272727272727 0.00649709704373873
0 0.024390243902439 2.2552129199079e-06
0 0 3.30940111225147e-07
0 0.0508474576271186 0.00415348824458681
0 0.0338983050847458 0.014156656284505
0 0 6.22439030329519e-19
0 0.0416666666666667 0.0039498715680717
0 0.0612244897959184 0.0170796387945556
0 0.024390243902439 0.00276499727772324
0 0.0222222222222222 0.000822974042222775
0 0 1.30657466753108e-07
0 0 5.04832045940894e-35
0 0.0487804878048781 0.000201597533508488
0 0 4.79255246875449e-50
0 0.0204081632653061 0.00295340940561153
0 0.0181818181818182 0.00280121675768038
0 0.0384615384615385 0.00259343013694073
0 0.0169491525423729 0.00373761759376607
0 0.0487804878048781 0.0146645973941281
0 0 7.05639052475357e-16
0 0 1.29868279101113e-30
0 0.0666666666666667 0.0178149041880733
0 0.0350877192982456 0.00425378360273819
0 0.0238095238095238 5.22658961646278e-07
0 0.0588235294117647 0.0109965226911903
0 0.0188679245283019 0.00527393427223365
0 0 1.23261438236116e-10
0 0.0465116279069767 0.0245305010714392
0 0.024390243902439 0.00580246516312496
0 0.024390243902439 0.000173853730953937
0 0.0222222222222222 7.01390101788191e-07
0 0 6.88389392081088e-07
0 0 1.8879982574694e-15
0 0.0227272727272727 0.00589128156824837
0 0.0196078431372549 1.14817574940175e-09
0 0.0975609756097561 0.00580974649084585
0 0.0408163265306122 0.00637791047327389
0 0.0377358490566038 0.00612161626376691
0 0 1.42250458588383e-10
0 0 1.52800263611475e-08
0 0 2.02077758825151e-06
0 0 6.87521992366225e-13
0 0 7.92328696089643e-20
0 0.0350877192982456 0.00154497391579822
0 0.0181818181818182 0.000297705585413523
0 0.0204081632653061 0.000119324182857725
0 0.0192307692307692 0.00622397832709622
0 0.0188679245283019 0.00265941760901104
0 0.024390243902439 0.0110746105608616
0 0 8.48183672437242e-06
0 0.024390243902439 0.0197398659713487
0 0 1.17205980887165e-07
0 0.0588235294117647 0.00621513155326477
0 0 1.48043068880612e-137
0 0.0204081632653061 0.00245500912695255
0 0.0238095238095238 0.000210949412287284
0 0.0238095238095238 0.000194412728963323
0 0.0416666666666667 0.0116835467150494
0 0.0178571428571429 0.00716525121349959
0 0.0227272727272727 7.37167217667233e-05
0 0.0454545454545455 0.00169333742700076
0 0 4.52210995869685e-109
0 0 2.51396568348579e-06
0 0.0204081632653061 0.0145855419576972
0 0.0526315789473684 0.0182436367140022
0 0.037037037037037 0.00450240764545265
0 0 6.90565808967269e-14
0 0 2.49593411830698e-213
0 0.0909090909090909 0.0191678814062286
0 0 5.52647096994584e-270
0 0 1.29824530874241e-23
0 0 2.90330019492462e-200
0 0 5.91259637444383e-267
0 0.0192307692307692 0.00592071126774463
0 0.0454545454545455 0.00567713988839448
0 0.0434782608695652 0.0150337931278064
0 0 2.67198227967683e-49
0 0.0545454545454545 0.00535863747837859
0 0.0434782608695652 0.00394065995398635
0 0 1.46797490255241e-17
0 0 0
0 0 2.57244953317024e-29
0 0.0227272727272727 1.85634768871094e-09
0 0 0
0 0 3.58087262500111e-14
0 0 3.56828620171397e-50
0 0.0238095238095238 1.72605022242854e-09
0 0 4.26021711795625e-19
0 0.0192307692307692 3.31970000320849e-09
0 0.0425531914893617 2.88860267734086e-06
0 0.0476190476190476 0.0282441323579323
0 0 9.41725128907766e-07
0 0.0454545454545455 0.00661214349892505
0 0.0701754385964912 0.00535382245604098
0 0.02 1.94516115610535e-06
0 0.0425531914893617 0.0229643024345183
0 0.0363636363636364 0.0116339523607542
0 0 0
0 0.0169491525423729 0.000273319096416958
0 0.0232558139534884 0.0126853662864971
0 0.0232558139534884 1.24711441601046e-05
0 0.0208333333333333 0.00542270386486206
0 0.024390243902439 2.32400310294323e-09
0 0.0612244897959184 0.000991012720511726
0 0.0188679245283019 0.00169266547742574
0 0.0181818181818182 3.02135105607409e-05
0 0.0185185185185185 1.29297567947238e-08
0 0 5.36708376740801e-07
0 0.121951219512195 0.0391824114505604
0 0.0408163265306122 0.000719328526797502
0 0.0232558139534884 0.0018743927910203
0 0.0526315789473684 0.00244679816403092
0 0.0454545454545455 0.00566961322443644
0 0.0338983050847458 0.00131023472810428
0 0.0208333333333333 0.00816272178590001
0 0.0188679245283019 0.00157225039822009
0 0 2.91775218444998e-15
0 0.0227272727272727 0.0214480892624151
0 0.0222222222222222 1.53474086435118e-06
0 0.0232558139534884 0.00584115042179206
0 0 1.22739329473774e-15
0 0 1.73716782544691e-15
0 0.0344827586206897 0.00305361752530406
0 0.0208333333333333 7.42797330646111e-05
0 0 3.82722414348506e-09
0 0 9.38463451945031e-21
0 0 2.53362258272163e-11
0 0.0363636363636364 0.00545314475696889
0 0.0517241379310345 0.00169375763219946
0 0.0416666666666667 0.0117632600878463
0 0.0566037735849057 0.00182232488712576
0 0.0638297872340425 0.0194594288263504
0 0.0416666666666667 0.00294942531142959
0 0 1.9708500694355e-09
0 0.0227272727272727 0.000565491223532008
0 0 6.27472832013454e-11
0 0 9.7216827710183e-06
0 0.0175438596491228 0.00222135150917415
0 0.04 0.00475339235853283
0 0.0555555555555556 0.00570155028211661
0 0.02 0.00367744585188414
0 0.0344827586206897 0.00687868062172439
0 0.0384615384615385 0.0051884712604273
0 0 0.0034496558715708
0 0.0476190476190476 0.000763983877235104
0 0.0227272727272727 1.10528668029334e-06
0 0.0217391304347826 0.000125839404408828
0 0.0384615384615385 0.00401374112744218
0 0.0188679245283019 0.000161223954761634
0 0.0204081632653061 0.0106382974344017
0 0.0222222222222222 0.00336609253240374
0 0 5.2785295819872e-19
0 0.0344827586206897 0.00179417109741559
0 0 4.45907703727913e-28
0 0 6.76681723762355e-06
0 0 1.46176922395474e-28
0 0 0
0 0.0392156862745098 0.0100056902824196
0 0 5.32346498560544e-05
0 0.0169491525423729 0.00524846176761351
0 0 0
0 0 2.87343829979932e-05
0 0 4.08824829281541e-31
0 0.0227272727272727 1.82806345215273e-08
0 0.0377358490566038 0.00635769002244285
0 0.0227272727272727 0.00548182653607929
0 0 3.54183689719607e-07
0 0.0204081632653061 1.15568012522466e-05
0 0 7.42978358594092e-07
0 0.037037037037037 0.000344574299310467
0 0.0416666666666667 0.0125502311814984
0 0 6.60952043278484e-29
0 0 0
0 0 4.76783900333631e-21
0 0 3.75379503055313e-23
0 0 6.02344469019112e-16
0 0.0517241379310345 0.00193170955952389
0 0 5.39040739578564e-126
0 0 5.28487220702729e-11
0 0 7.34096688154868e-66
0 0.02 0.0171631225836457
0 0.02 0.0040326116519525
0 0.06 0.00872996367274015
0 0 1.39858802272112e-251
0 0 4.75774943385147e-41
0 0 4.34849489126235e-18
0 0 7.42526211712715e-24
0 0.0487804878048781 0.0256341610391725
0 0.0238095238095238 2.61853957409021e-06
0 0.0192307692307692 3.75761402829264e-10
0 0.0476190476190476 0.0292288032736176
0 0 6.7927265338019e-23
0 0.0196078431372549 3.80808761767804e-09
0 0.04 0.00849197063341307
0 0.0227272727272727 0.00603637008060996
0 0.0357142857142857 0.00989503871638788
0 0 3.03133720190319e-36
0 0.0222222222222222 0.000501311763448213
0 0 1.06569448574628e-101
0 0.06 0.00884094178343445
0 0 2.08183845407046e-22
0 0.0338983050847458 0.00465376961997839
0 0 4.11991198695011e-28
0 0 1.76197048202255e-08
0 0 0
0 0 2.2080717579219e-10
0 0.0377358490566038 0.00473650560205599
0 0 5.70934080212314e-06
0 0.0232558139534884 0.00772861089453811
0 0 0
0 0.0188679245283019 9.0004226227534e-05
0 0 2.61434012708412e-14
0 0 2.53812486156007e-06
0 0.0232558139534884 0.00157537071279481
0 0 0.000172291308547962
0 0.0392156862745098 7.93698207729243e-05
0 0.0208333333333333 0.000148213509436564
0 0.0487804878048781 0.0104228934713352
0 0 6.58879790505788e-93
0 0 1.06398983909595e-12
0 0 2.38393819371194e-84
0 0.0181818181818182 0.00126973281763807
0 0.0232558139534884 1.89243466006746e-07
0 0.0454545454545455 0.0191407149287984
0 0 1.38333736061629e-15
0 0 3.30014072497045e-09
0 0 8.72539019486348e-06
0 0.0232558139534884 3.14736969336199e-05
0 0.0444444444444444 0.00406200652663218
0 0.0175438596491228 0.000514194886735689
0 0.024390243902439 0.00502906957401573
0 0.0172413793103448 0.00295392477038883
0 0 1.83569724991655e-10
0 0 7.39891182607197e-12
0 0.0238095238095238 0.00933613671967815
0 0 4.71654850077822e-08
0 0.037037037037037 0.013209281846967
0 0.0217391304347826 0.0048225801346429
0 0.0434782608695652 0.0301819005227095
0 0.0172413793103448 2.3811121664574e-09
0 0 1.11233338474643e-94
0 0 9.19535408244591e-15
0 0.037037037037037 0.000949110370427633
0 0.0377358490566038 0.00401705108456154
0 0 1.01098605380417e-189
0 0.0625 0.00488799263728734
0 0 1.35907382280654e-12
0 0 3.52418816459714e-05
0 0.0465116279069767 2.9622188146125e-06
0 0.0666666666666667 0.0181468759514231
0 0.0175438596491228 8.96298294798372e-05
0 0.02 0.00010717148756816
0 0.037037037037037 0.00221594793200037
0 0 4.00455176883277e-35
0 0.0535714285714286 0.00264848322907508
0 0.0232558139534884 1.38955270220804e-07
0 0.0535714285714286 0.00865760936157697
0 0.0444444444444444 0.00671205655996101
0 0.0408163265306122 0.00628724738434071
0 0.0196078431372549 0.0002806536657455
0 0.0232558139534884 0.00365325496102929
0 0.02 0.00472132368860158
0 0.0588235294117647 0.0135866765145328
0 0 1.15922112901324e-29
0 0 7.03265357746112e-36
0 0.0196078431372549 0.0110582232102992
0 0.0612244897959184 0.00802978563863628
0 0.0238095238095238 0.00968524636718679
0 0.0238095238095238 0.00606974424388234
0 0 2.73935904755152e-25
0 0.0588235294117647 0.00138170714093301
0 0.0434782608695652 0.0140390656322375
0 0.0416666666666667 0.00523636302736956
0 0.0212765957446809 0.00664141071229998
0 0.0444444444444444 0.00939063841243813
0 0.0192307692307692 0.00272490572964226
0 0 4.61050433531874e-20
0 0.024390243902439 0.00682616903675845
0 0 1.63467114861276e-59
0 0.024390243902439 0.00906130769493556
0 0.0232558139534884 0.00800680135916932
0 0 5.44289948973209e-14
0 0.0232558139534884 0.00853731046708977
0 0.0344827586206897 0.00238820942492687
0 0.0576923076923077 0.00574042407749242
0 0 1.30777972939272e-05
0 0.0175438596491228 0.00233729371008786
0 0 2.17137170064933e-223
0 0.0338983050847458 0.00323716194847556
0 0.0204081632653061 8.91578879631423e-10
0 0.0238095238095238 0.00499958545236799
0 0.0227272727272727 8.00733040245193e-05
0 0 1.53241253464438e-29
0 0.0392156862745098 0.00176545603488449
0 0.0227272727272727 0.0012380209372763
0 0 8.21109279173945e-26
0 0.0454545454545455 0.000182790058591575
0 0.0377358490566038 0.00937433765395077
0 0.0175438596491228 0.00183131381628041
0 0.0588235294117647 0.0106257546211195
0 0 2.83050427118838e-70
0 0 5.84242270661261e-14
0 0 4.53838655761019e-08
0 0.0196078431372549 0.00074807591331822
0 0 1.26976331071901e-60
0 0 2.49894966773075e-05
0 0.037037037037037 0.00029679124466144
0 0 3.8426285574331e-44
0 0.0238095238095238 0.00423187528306869
0 0 1.53814878188443e-21
0 0.0377358490566038 0.000606424179836194
0 0.0384615384615385 0.00552564763902318
0 0.0208333333333333 1.16410293331327e-09
0 0 4.71407007252604e-13
0 0.0196078431372549 0.000499790531031198
0 0.0612244897959184 0.0072686519568
0 0 3.21642833867006e-07
0 0.0212765957446809 0.000668648102686392
0 0.024390243902439 0.00368733450837074
0 0.0357142857142857 0.00835258791683873
0 0 2.31543857788337e-111
0 0.0172413793103448 0.00302389711205111
0 0 7.38522760292479e-23
0 0 2.18097523747534e-15
0 0.0238095238095238 0.00702389389117026
0 0.0185185185185185 0.00212627968953725
0 0 3.20222736958415e-11
0 0.0434782608695652 0.00382643312828167
0 0.0212765957446809 0.00018059045541532
0 0 8.78931320270767e-11
0 0.0178571428571429 0.000554432099672146
0 0 9.50368216437001e-07
0 0.0740740740740741 0.0047870145720894
0 0.06 0.00404730385640666
0 0.0212765957446809 0.00772040814659628
0 0.0487804878048781 0.00272667219103272
0 0.0377358490566038 2.43382208093731e-07
0 0 8.56757963233388e-16
0 0 1.69042747043904e-05
0 0.024390243902439 1.14333001516205e-09
0 0.02 0.0118544282232287
0 0.0217391304347826 0.00773195979137257
0 0.02 3.25398916066397e-09
0 0.0465116279069767 0.00498302931215714
0 0 1.84811031914586e-29
0 0.0212765957446809 0.000722079605887041
0 0.0517241379310345 0.0212710212040661
0 0.0175438596491228 3.38640733759076e-08
0 0.0175438596491228 0.00418059408843996
0 0 2.32092738404814e-12
0 0.0392156862745098 0.000452478377300278
0 0 1.38481461834576e-11
0 0 2.36037309050806e-12
0 0 1.60553985548805e-06
0 0.037037037037037 0.0020589448359312
0 0.0238095238095238 0.0121991885849959
0 0.0238095238095238 0.00193702145410626
0 0.0208333333333333 2.4453755307885e-07
0 0 0
0 0 1.93968745272742e-08
0 0.0232558139534884 0.00932897859597127
0 0.0350877192982456 0.00287081528334429
0 0 1.98275044036351e-05
0 0 1.86878957189589e-15
0 0 3.11535546079556e-06
0 0.0555555555555556 0.00708057504378424
0 0 4.8641659701152e-14
0 0.0425531914893617 0.000222648792481194
0 0.0222222222222222 0.00810386679727963
0 0.0169491525423729 7.92315458304192e-08
