5.77746983460343
6.36112345931682
6.17891345064071
6.02223656005395
6.17820271963842
6.35863133068158
6.35863133068158
6.38385390145272
6.36979225020024
6.27653262325822
6.25763358668547
6.13298383476051
6.06856485477082
6.07671323945735
5.85581667918638
5.99442107263623
5.99442107263623
5.99442107263623
5.96340657678339
5.78774549109588
5.88947435461772
6.26781284840321
5.81079405723697
5.84179627900365
5.96211215447773
5.64219590419313
5.69552703007847
5.7281041252962
5.88074349926836
5.88074349926836
5.91375773319071
5.95667788534934
5.98521027327642
6.290750994004
6.0810898823579
6.15258115699849
5.97149665575464
6.34012111555033
6.26169206962662
6.22361155813164
6.14357063269161
6.13123503250682
6.13123503250682
6.02004185508335
5.88790824526799
5.97444837731493
6.28054972901141
6.05433490739405
5.87207143402737
6.08122216979451
6.4093992109151
6.54527413113119
6.47167254391936
6.98812351299676
6.98812351299676
6.98812351299676
6.56833078779336
6.65931158637301
6.79999124518411
6.70667344490422
6.87896597310863
7.08655470317585
6.94933064226192
7.08543047582198
7.01609334482667
7.09828600200087
7.34173587303142
7.25701967438577
7.13602638788418
6.74130418863411
7.00495350438627
7.27074091891321
7.38118932833217
7.11391850127572
7.62452221559989
7.70328453073444
7.61858621838855
7.03915961494981
7.47952100043539
7.0754023657299
7.39974259966437
6.88328939761346
7.35630023262352
7.70606729013424
8.02434082599191
8.02434082599191
8.02434082599191
8.02434082599191
8.02434082599191
8.20638792801292
7.61479691633812
7.67233772030998
8.23793844725977
8.23793844725977
8.26415819738351
7.67582201726829
7.60526030889922
7.40515495291746
7.54471736510682
6.96352545084476
6.91908508058743
7.25491328703522
7.29122105771349
7.29122105771349
7.59161999611606
7.80310949730362
7.3967183952454
7.24903779600978
6.85529275456998
7.25482819506946
6.89978860940532
6.86759108770356
6.8469289887987
6.7671527822779
6.75680357353175
6.34779567190012
6.54148161716732
6.70093035802924
7.21526673925129
6.74803617929213
6.74803617929213
6.96343705630186
6.96343705630186
6.96343705630186
6.84958252426163
6.78737484128349
7.01258458249465
7.04839450857086
6.84797405768081
6.7735842281871
6.7735842281871
6.58382692018833
6.43078446538563
6.43078446538563
6.53264044046225
6.3128823225119
6.41180276185626
6.83486796890788
6.83486796890788
6.42953853230332
6.90184747941586
6.81602489846076
6.8459667160776
6.75977485281852
7.09273411633687
6.73892174336948
6.72606240779153
6.72606240779153
6.76690866777621
6.60932453055452
7.00397996411454
7.16443222404843
7.16443222404843
7.11158507189858
7.01526764917681
7.18813808428778
7.18813808428778
6.67381613533836
6.40525077357285
6.55764964683383
6.38430738091307
6.58665755884429
6.32648479870611
6.64531667033618
6.667498732638
6.28540532632965
6.35819099525478
6.33771788460159
6.30174439971497
6.35982904806957
6.3991543378961
6.45339784038579
6.35865317746554
6.30076426169216
6.38566825365414
6.32047495940742
6.22693797966175
6.30599935015264
6.56524844627058
6.56524844627058
6.19217643617331
6.25043903888834
6.40856447064578
6.46400256274899
6.46400256274899
6.51493516409642
6.52071227138301
6.27547568790436
6.4084533581702
6.4084533581702
5.96722438222606
6.02460347818828
6.02460347818828
6.05544953622748
6.05544953622748
5.94130841518654
5.85790209767197
6.01761101060944
5.75434762700631
5.94495456534145
5.77675936868545
5.8205112592069
5.81006456905534
6.03767523986787
5.91006044731159
6.22137899621565
5.80919094765989
5.66342003531881
5.78562802327481
5.80918336883896
5.75076533605039
5.79429944018229
5.85423477850552
5.8285811101425
6.1124227408877
6.05134295908539
6.26238456329106
6.10455123363933
6.27803256674748
6.32278479878446
5.90389799511384
5.98397090601067
6.06954923608958
6.01357605237401
6.1218644687796
6.09529476378752
6.13695294281028
6.13695294281028
6.22749885900434
6.09637590669835
6.15740796820592
6.01705076225448
5.69288359602031
5.69288359602031
5.66257269509823
5.414927250151
5.5066978235286
5.46633225304165
5.29005622272237
5.23980704386675
5.22127264801388
5.11537603689352
5.21502305282027
5.23817855322572
5.25859211427342
5.21500000292227
5.21500000292227
5.11304198533863
5.12266295943776
5.12020316787417
5.07587805420342
5.06484720770344
4.95066591571682
5.0018125980072
4.9516586162992
5.0836177591689
5.09309908022553
5.18266931679492
5.15352287642928
5.25501577014416
5.17279370545964
5.19977065776478
5.20153220678566
5.4096772116167
5.0963309125388
5.19509656433837
5.2499744387459
5.30972788913785
5.34299129745677
5.27564350134009
5.33738176165069
5.23346037612159
5.40943914774742
5.30938212784508
5.30938212784508
5.20069643708766
5.30020612125468
5.29809751815391
5.43629881518741
5.58767636044447
5.65130571607041
5.62628520042431
5.75521962032388
5.93968867610569
5.94236704417594
5.96751046316541
5.82326537046499
5.7002773335359
5.71973835632865
5.7172413143735
5.97206401584255
5.76631604565683
5.707459454346
5.6236708576596
5.63001918398058
5.64187049229318
5.57906163111991
5.6151819015347
5.46164373334572
5.69377757881152
5.56403087751149
5.56308263382465
5.8041037112818
5.83163523193697
5.78202462995828
5.75813509750616
5.81925062863004
6.16933669708785
6.17973885676082
6.35437527307361
6.26756348257497
6.26756348257497
6.52141326674002
6.43684204661451
6.52041429700468
6.41942924395192
6.2540606963498
6.41049494307267
6.55705596094777
7.02975988677462
6.72703761336835
6.90396262014444
7.01476461868126
7.33385208100958
7.26778957788444
7.33609852097901
7.28393830921565
7.13591266383533
7.13591266383533
7.13591266383533
7.31920623664229
7.31920623664229
7.13352239087636
6.9082223070527
6.72118045424614
6.72118045424614
6.87505269871475
6.90030604780123
6.8337236344368
6.8337236344368
6.36988028005699
6.31765210137472
6.45320336921963
6.80119948229105
6.76131730421914
6.56508686167269
6.64931150905424
6.76883765906487
6.65959986709681
6.61056323512568
7.20854695301976
7.17525350275871
6.85995937668424
6.96235308511088
6.86966473186451
6.20488119469552
6.40285663944651
6.51241339902725
6.48582651080219
6.64819907215627
6.75557994825789
6.75557994825789
6.67022063016601
6.66989399071424
6.59005784785072
6.0866492468372
6.00995805520887
6.11601947341247
6.00112175727996
5.98148891324799
6.12226211775608
6.11779011075987
6.45804317121697
6.21258065859139
6.52095670476991
6.52095670476991
6.52095670476991
6.60396262563942
6.35434215857497
6.17080591639629
6.35571922147701
6.12826089949605
6.32547863100424
6.32547863100424
6.39224715489555
6.46600933084751
6.41910117959384
6.41910117959384
6.39094817478787
6.35194040307099
6.35194040307099
6.18191288083631
6.36090355007452
6.7370505196919
6.84193206330456
6.85381259303817
6.82468677317055
6.98516535531784
6.95013096966706
7.16596902581862
6.74090085595623
7.02356179662342
7.00330322108817
7.25171531855982
7.98732532805328
7.8576554834285
8.01417548950887
8.01417548950887
8.19426245844807
9.12234067973802
9.12234067973802
9.12234067973802
10.4006328970865
10.4006328970865
8.35554147855352
8.54898811936597
7.80075008399201
7.29414304764077
7.28780429846032
7.28780429846032
7.65863717580914
7.05523508756611
7.66641321966499
7.08795283978091
7.10062784326147
7.88870048925552
7.90097197525941
7.90097197525941
8.24120268732319
8.03091976541732
8.28718060198071
8.73989816996172
8.55661377152476
8.53614526425266
8.53614526425266
8.5332483385238
7.85295370567595
9.43504697125527
9.43504697125527
9.36193964893387
9.7371280537488
9.31320192799052
9.44456326346097
8.57787276399967
9.28917167000481
9.19844874491005
9.19844874491005
9.71541152534288
9.71541152534288
10.368665705411
10.368665705411
10.368665705411
10.368665705411
9.07710288023095
9.07710288023095
9.07710288023095
9.07710288023095
9.07710288023095
9.07710288023095
8.46191444062217
8.94141226787051
8.94141226787051
8.94141226787051
8.94141226787051
8.39037807328099
9.1593165084901
10.8546878919206
10.8546878919206
10.8546878919206
10.8546878919206
10.8546878919206
10.8546878919206
10.8546878919206
8.91876393087909
9.43439663136007
9.43439663136007
7.58620009562806
10.3411016184311
9.64263348584812
9.64263348584812
9.29730314370039
10.1088341277837
8.74127205367433
9.88763302754834
9.88763302754834
9.88763302754834
10.7593722825062
10.9666215696334
10.9666215696334
10.9666215696334
10.9666215696334
9.55233716510748
9.98900198164156
9.98900198164156
9.98900198164156
9.98900198164156
9.7948723561638
9.7948723561638
9.7948723561638
10.2739017304602
10.2739017304602
10.0325123084368
9.34146463489687
9.41367520240954
10.331337526901
10.5453812768958
10.2110957147819
10.2770795953135
10.2770795953135
10.2770795953135
10.4882168199775
10.4882168199775
10.4882168199775
10.4882168199775
10.2486538466229
10.2486538466229
9.21037993125521
9.15484056820926
9.14617620116796
8.18050503304612
8.18050503304612
9.31396980487936
9.31396980487936
9.31396980487936
8.6290077120473
8.81759806064397
9.25223139105718
9.25223139105718
9.25223139105718
9.25223139105718
9.25223139105718
11.3775411387634
11.3775411387634
11.3775411387634
11.3775411387634
9.00018281309884
9.38355350606813
9.64323299184899
9.15844516207356
11.1615471619305
11.1615471619305
11.1615471619305
11.1615471619305
10.0057162705386
11.133226808912
8.79685516572167
8.79685516572167
8.79685516572167
9.00448198464674
9.00448198464674
8.90287204507335
10.0913363083327
11.4952039862893
11.4952039862893
11.4952039862893
9.87925427614535
10.1877744577029
8.80260771792123
8.92391498510821
8.59471126396135
9.19529765962652
9.6221549608054
9.6221549608054
10.7865174351816
10.7865174351816
10.7865174351816
10.3692182002392
10.022990992501
9.89686293521086
9.89686293521086
9.34734405379371
10.4514728256641
9.17251942379401
8.88353613510164
9.29717402633949
8.57890446183202
8.92147647525154
10.3985257385101
10.3985257385101
10.5496728139826
10.5496728139826
10.5496728139826
8.96829812928152
8.96829812928152
8.96829812928152
10.1768262239887
10.1768262239887
8.9637483311518
8.34863121723446
8.12090479129379
10.4072972178616
10.4072972178616
10.4072972178616
9.25168330162398
9.25168330162398
9.25168330162398
8.68622636159301
8.68622636159301
10.6187652114545
11.0370952013995
10.9031450592776
10.9031450592776
10.9031450592776
10.9031450592776
10.9031450592776
10.9031450592776
10.9031450592776
9.72303081270782
9.32145450816514
8.93271625130918
8.93271625130918
7.73065154000841
7.60201542443573
8.02215615454772
7.83092744797454
7.83092744797454
7.69690169223902
6.96995723711098
7.61414043324378
6.98933308568863
7.26436071563827
7.71128433859912
7.54633209757775
8.59007342556136
9.0159143155752
8.8790434013574
8.12394903260255
7.32016031568099
7.32016031568099
7.64970276434399
7.28185600444078
6.83925183269219
6.8618200665775
6.80046618433043
6.58594786412013
7.15255124379775
7.122067986578
6.80920804458019
6.77643601390939
7.1791118447721
7.89768047165764
7.48318690914251
7.75741080614505
7.45930367734464
7.80337700103172
8.20987276709084
8.20987276709084
9.49042117329827
9.08299799054862
9.08299799054862
9.08299799054862
9.08299799054862
11.4001810689267
11.4001810689267
10.7280195132794
10.7280195132794
10.0221871744183
10.0472689453426
10.1087495339945
10.1087495339945
10.1087495339945
11.0434488361718
9.91989496808798
10.39023266055
10.39023266055
10.39023266055
10.4164066542461
9.9732138132287
9.75183945568821
9.91510642307215
10.3241301920787
11.5201576421776
11.5201576421776
11.5201576421776
11.5201576421776
11.5201576421776
11.2779832129168
10.777384829449
9.80302386057454
10.7174845579302
11.3172647392286
11.3172647392286
11.3172647392286
11.3172647392286
11.3172647392286
11.3172647392286
10.2321949120542
10.2321949120542
8.65507959713088
8.255293844471
8.77147883513862
9.54757205088178
8.39588160579078
10.1742435591821
10.1742435591821
10.1742435591821
10.1742435591821
10.1742435591821
10.1742435591821
10.2538112884045
10.2538112884045
10.1500897380651
8.8757334903001
9.47764292815394
9.47764292815394
9.47764292815394
8.81979562644269
9.33834025698268
9.33834025698268
9.33834025698268
9.33834025698268
9.33834025698268
10.0342133283931
10.0342133283931
10.4099320455933
10.4099320455933
10.4099320455933
13.1160554863954
13.1160554863954
13.1160554863954
13.1160554863954
13.1160554863954
13.1160554863954
8.85188358986575
10.4190617192301
10.4337352068726
10.4337352068726
11.3949951725098
11.3949951725098
11.3949951725098
10.2281086733551
10.2281086733551
10.2281086733551
10.2281086733551
10.2281086733551
11.7675021693614
11.7675021693614
11.7675021693614
11.7675021693614
11.7675021693614
9.40730107364262
8.34860639219769
8.53890555201984
10.3063527073913
10.3063527073913
10.2074728049999
9.81667577792578
9.81667577792578
9.81667577792578
8.73374822619646
8.73374822619646
8.70072924460733
9.12830458591638
9.12830458591638
9.12830458591638
9.12830458591638
9.12830458591638
9.60701192571675
10.129391501349
10.129391501349
10.129391501349
10.129391501349
9.86201129231611
9.86201129231611
9.86201129231611
9.20507804546233
9.26124974967821
8.69610431729748
9.13921614458715
8.15763627582704
9.04866555706093
8.6363538393649
8.6363538393649
8.6363538393649
8.6363538393649
8.02866971654203
9.91101972574712
9.91101972574712
10.394226601655
10.394226601655
10.394226601655
10.327660014171
10.2057316788083
11.2095729026576
11.4511193503511
10.052162056596
10.052162056596
10.1598621824232
9.49312793340635
8.3964123411964
8.3964123411964
9.83110926803302
9.83110926803302
11.5163214398792
10.6492514338313
10.8429439250956
10.8429439250956
10.1762125187193
11.26887635088
11.26887635088
11.26887635088
11.788408941874
11.788408941874
11.788408941874
11.788408941874
11.788408941874
11.788408941874
11.788408941874
10.1750921620443
10.4415715528567
8.99915374058596
9.84524829073834
9.84524829073834
9.84524829073834
10.6784963783339
10.6784963783339
10.6784963783339
11.6246639755073
10.8980706987138
10.8980706987138
9.99644592584372
12.176354278703
12.176354278703
12.176354278703
12.176354278703
12.176354278703
12.176354278703
10.2333566764697
10.7209157266237
10.7209157266237
10.7209157266237
10.7209157266237
10.7209157266237
11.8743798866473
11.8743798866473
11.8571511628789
11.8571511628789
11.8571511628789
11.6667576603533
11.6667576603533
11.6667576603533
11.6667576603533
11.6667576603533
11.6667576603533
11.6667576603533
11.6667576603533
11.6667576603533
11.6667576603533
11.6667576603533
11.6667576603533
11.6667576603533
11.6667576603533
11.6597147520163
9.42989623993793
8.65040385521072
8.43515754914323
8.07026822389166
7.94376847195793
8.01143318715981
8.1829899376629
8.90728720530327
8.70628439143776
8.77971696914039
8.77985893341005
8.66409405546393
10.1932658307569
10.4677344844329
10.4677344844329
10.4640468726383
10.4640468726383
10.4640468726383
11.2428152545041
11.2428152545041
11.2428152545041
11.2428152545041
11.2428152545041
11.2428152545041
11.2428152545041
11.2428152545041
11.2428152545041
11.2428152545041
11.2428152545041
11.2428152545041
11.2428152545041
10.4182439269556
10.4182439269556
10.5173943315171
11.9837495480663
11.9837495480663
11.9837495480663
11.9837495480663
11.9837495480663
11.9837495480663
11.9837495480663
11.9837495480663
11.9837495480663
10.4430621600314
NA
NA
NA
NA
NA
NA
NA
NA
NA
NA
NA
NA
NA
NA
NA
NA
NA
NA
NA
NA
NA
NA
NA
NA
NA
NA
NA
NA
NA
NA
NA
NA
NA
NA
NA
NA
NA
NA
NA
NA
NA
NA
NA
NA
NA
NA
NA
NA
NA
NA
NA
NA
NA
NA
NA
NA
NA
NA
NA
NA
NA
NA
NA
NA
NA
NA
NA
NA
NA
NA
NA
NA
NA
NA
NA
NA
NA
NA
NA
NA
NA
NA
NA
NA
NA
NA
NA
NA
NA
NA
NA
NA
NA
NA
NA
NA
NA
NA
NA
NA
NA
NA
NA
NA
