10 0.005 1e-04
10.0304966415997 0.00416772313860472 0.000108041614999618
10.0115782336421 0.00432693758144286 0.000139990183879022
9.99429471773882 0.00413517770822271 0.000136340660302049
10.1354809744021 0.00703760558226523 0.000135237340728873
10.2863018936781 0.00637130263695971 0.000146678097598062
10.2863018936781 0.00637130263695971 0.000146678097598062
10.4513581589034 0.00504570416670172 0.000148620251728756
10.5093832006256 0.00543043061132029 0.000141226253616097
10.415018492128 0.00624409289993828 0.000145748347752744
10.3794009527921 0.00442248271259996 0.000149386397114456
10.260038914512 0.00548573146536988 0.00015062135541713
10.2180043030738 0.00639509569095103 0.00015097583211597
10.1092326166536 0.00870186623498766 0.000153212026866772
10.0756358842044 0.00964588539854683 0.000164170349217307
10.0784284832469 0.00983555858468136 0.000165381817078361
10.0784284832469 0.00983555858468136 0.000165381817078361
10.0784284832469 0.00983555858468136 0.000165381817078361
10.0812093551781 0.0103351674318242 0.000162805729682475
10.2085318575083 0.0100418675029001 0.00016798159240433
10.0733036758044 0.0102920850449293 0.000148211783885019
10.0176461230615 0.00925804377069067 0.000149459711714602
9.87467022058024 0.00800915399795435 0.000154224744171738
9.87095634694354 0.00765486767230023 0.00015865091270251
10.0462852535592 0.00968562366441373 0.000160365359215766
9.87585235448623 0.00910490793980624 0.000168841874783856
9.85166355702377 0.00896837902192943 0.000171828311488846
9.94316091805031 0.0084402510278571 0.000182179262202495
9.9735781992676 0.00794056818860434 0.000178031847305262
9.9735781992676 0.00794056818860434 0.000178031847305262
10.0111072646355 0.00650119231340143 0.000176553387089979
10.0015456406205 0.00708686158264826 0.00015926930013758
10.0876991262723 0.00655488355826844 0.000150768764157367
10.2059814454121 0.00609044965550072 0.000153727447743645
10.0221423412318 0.00606518278405835 0.00013942063143831
10.0022901771062 0.00623262204844547 0.000138979418906976
10.188574668492 0.0053248901664191 0.000134525711598526
10.1408116597467 0.00752986872862903 0.000134017303797627
10.233436775011 0.00687713433125605 0.000135028848022484
10.1546725819326 0.00694782365450707 0.000137581529868005
10.0941958706949 0.00766814756929401 0.000135391784414056
9.96502093272622 0.00732411383120671 0.000132593069802083
9.96502093272622 0.00732411383120671 0.000132593069802083
9.86961831214082 0.0061881622286765 0.000141990719381102
10.0210189513967 0.00575518666375912 0.000151702497503044
10.0594055217462 0.00719906559976567 0.000150680497022188
10.1289578138865 0.00669771994100733 0.000142270670230156
10.166518643323 0.00671933254598593 0.00015763694142535
10.1032363975041 0.00698583241939431 0.000168206357522546
10.0913230410052 0.00643184174950262 0.000162796456269256
10.4642431088646 0.00667501345140006 0.000149255550185387
10.6060941886932 0.00591710705688395 0.000143864293636868
10.6062434294099 0.00697215047922201 0.000140825907982613
10.6342630069511 0.00655166826131461 0.000144118636108743
10.6342630069511 0.00655166826131461 0.000144118636108743
10.6342630069511 0.00655166826131461 0.000144118636108743
10.7292245652299 0.00689179937008907 0.000125539333441437
10.5725517010294 0.00671620985907788 0.000119100631118407
10.5055040571031 0.00647598224991812 0.000116868527776694
10.5585083871508 0.00544229089538545 0.000106599401993813
10.6519446310235 0.00628751834848187 0.000106740962589314
10.6654136521648 0.00525447492440721 0.000112675338455156
10.7334552184449 0.00524144227931121 0.000108302576057011
10.7666416693266 0.00476756434800325 0.000102864706249064
10.8675240294069 0.00469200721046823 0.00012219001808207
10.9819047882807 0.00552670293261478 0.000122434605022921
10.9953146721947 0.00644451865465426 0.00010326054935062
11.0002418184085 0.00517835341173609 0.000104663961363977
11.0798706551663 0.00618933271677812 0.000104818844811847
11.0352626437298 0.00546077450250956 0.000106858739454947
10.9899654868818 0.00565623136413837 0.000101463364590198
10.8798799667821 0.00582390958860629 9.96499975776352e-05
11.0549982059542 0.00423157131093606 0.000102955237950697
11.2432596667423 0.00629826339531099 9.56162031225843e-05
11.3407951606321 0.00653964853930047 0.000105710208236469
11.2952360257873 0.0066586523113618 8.90194196477377e-05
11.3260500401649 0.00844761358140969 7.3431539415664e-05
11.1943562882894 0.00920868800898151 7.22259710647757e-05
11.1784703945281 0.00825254669010026 7.93935711970713e-05
11.1533495937161 0.00861680210465498 0.000102688142317969
11.1328229157102 0.0102320253454961 0.000101398268994259
11.0993737775301 0.00989846304156355 9.49820818856101e-05
11.1200450037026 0.0089283389365569 0.000106162892651684
11.1777784020096 0.00812534528777512 0.000111790649895854
11.138825793027 0.00737025247887486 0.000103039701960433
11.138825793027 0.00737025247887486 0.000103039701960433
11.138825793027 0.00737025247887486 0.000103039701960433
11.138825793027 0.00737025247887486 0.000103039701960433
11.138825793027 0.00737025247887486 0.000103039701960433
11.2823478889514 0.00690234166545921 0.000113415188836713
11.3024306635846 0.00534102278737295 0.000124630444029502
11.3524942625467 0.00508665545407803 0.000111024046083103
11.4187032200181 0.00506498539580692 0.000111376650749261
11.4187032200181 0.00506498539580692 0.000111376650749261
11.4367914805733 0.00566067544037198 0.000108347037250006
11.5680109106451 0.00648288401597873 0.000104608463809882
11.4555975524224 0.00559994703681906 0.000112130750596457
11.3954566119408 0.0050540567969646 0.000103470353102
11.2571179413289 0.00544874559737696 0.000126591245884047
11.0794688042444 0.00419977454760332 0.000116066393098511
10.8508478527711 0.00278046072832538 0.000127464451043607
11.0649484542986 0.00267196708845337 0.000123581336824109
11.0956687797756 0.00232208431123848 0.000123462941655789
11.0956687797756 0.00232208431123848 0.000123462941655789
11.0528472347999 0.00291854921002602 0.000116481043097463
11.1417065011734 0.00314893613533811 0.000104217923578142
11.1865198212071 0.00211292199208134 0.000116996417228669
11.0136403558208 0.00165254651221693 0.000122595691286819
11.0487808359954 0.00183501242742345 0.000127642715360878
11.0119366784258 0.00289934886363346 0.000126189455576903
10.8805928164154 0.00293327242975961 0.000130539194999614
10.9122481642541 0.00303919375583382 0.000156357080895885
10.9409212564538 0.00406786066327558 0.000138480213648847
10.9315023005291 0.00119476034072209 0.000143023252940474
10.8857563873497 0.00135956903653461 0.000127844723362268
10.7260950565452 0.00203584162801235 0.000119388064481895
10.808604544442 0.0019262350272391 0.000109217130941836
10.6623812190111 0.00124545874575179 0.000112546697997799
10.8548552677379 0.000493516373169433 0.000126272633147789
10.9115204382048 3.96742189173131e-06 0.00012745399958675
10.9115204382048 3.96742189173131e-06 0.00012745399958675
10.7681291254189 6.29253965192967e-05 0.000120229940571951
10.7681291254189 6.29253965192967e-05 0.000120229940571951
10.7681291254189 6.29253965192967e-05 0.000120229940571951
10.7160184787689 0.00100362661619311 0.000130554327410896
10.7436745143281 0.00207994598770151 0.000136347607086213
10.8292040830372 0.0026008443297673 0.000133080853347708
10.8415953558635 0.00344295900987618 0.000131044065461302
10.7824820547938 0.0039082506234691 0.000128734039288242
10.6795736690925 0.0027375443363698 0.000143662744657713
10.6795736690925 0.0027375443363698 0.000143662744657713
10.6911393278323 0.00194465729061184 0.000155330956824268
10.5495036215728 0.000601522300880706 0.000151234713400146
10.5495036215728 0.000601522300880706 0.000151234713400146
10.5089739316063 0.00104070639474071 0.000150214533676387
10.6065482743447 0.00228943684485547 0.000159225697895555
10.6291099829155 0.00138535541538659 0.000158951074506576
10.649927588263 0.00219944390981291 0.000149983687446285
10.649927588263 0.00219944390981291 0.000149983687446285
10.7706325829901 0.00208660044753264 0.00015669539558878
10.8683807164819 0.00247740383531161 0.00015365093351163
10.9903590385599 0.00303367309335693 0.000159189110175257
10.9319116100313 0.00186841258010296 0.000159131267200812
10.9032073387754 0.00165707239643808 0.000155124361495951
10.9845935536217 0.000990024529760773 0.000166657329929658
11.0276118946841 0.0004184038980047 0.000169543733633687
10.9377539698566 0.000992662227321271 0.000168427964806544
10.9377539698566 0.000992662227321271 0.000168427964806544
10.9806639566434 0.00212287185553342 0.000169684316380208
10.8228549947602 0.00179877550759592 0.000162548324238182
10.777663562405 0.00124448610780914 0.000137443561226649
10.7395149728217 0.00171311880510258 0.000138203405174933
10.7395149728217 0.00171311880510258 0.000138203405174933
10.9481132182387 0.00308701326132782 0.000141714317497899
10.8812536819345 0.00320455252012272 0.000146413280991671
10.8295155107364 0.00314363711182443 0.000148674799469291
10.8295155107364 0.00314363711182443 0.000148674799469291
10.6382489265384 0.00302117221965641 0.000143975899896411
10.4736925278774 0.00543010059271101 0.000161216718501077
10.6073142341086 0.00618198686756532 0.000159837962118319
10.6302591892508 0.00575190512788344 0.000166906816790072
10.7431317384339 0.00624468178084597 0.00016466618263359
10.6122710392841 0.00674882305273437 0.000152352077520856
10.6904285557484 0.00706546305441575 0.000146748581924285
10.616536289712 0.00635685222222085 0.000145911762139711
10.5878991680003 0.00685661256651897 0.000168116404287669
10.4523357333867 0.00772904325794089 0.000150543385102364
10.5998886174956 0.00833923853817997 0.00016483437955686
10.5458687875648 0.00861329109692267 0.000162521608234907
10.5772775382482 0.00818500369665663 0.000171964548261158
10.6181019324076 0.00911747308545906 0.000163657038172341
10.6418221736709 0.00764658712589319 0.000171671288597626
10.5202358439854 0.0080884959197903 0.000146055274118698
10.3280007918757 0.00999772787945658 0.00012937958280228
10.3262206357459 0.00898116052907325 0.000123641528574703
10.2764372598322 0.00913042969018201 0.000127421823285942
10.2686975930792 0.0104414836662329 0.000142875138251748
10.2827287261279 0.00986976736728643 0.000141815578566243
10.3349633378408 0.0114938768347321 0.000136071553584424
10.3349633378408 0.0114938768347321 0.000136071553584424
10.2908297162578 0.0106654718812255 0.00014026163614088
10.2988158286794 0.00985952455259354 0.000148077748963337
10.2363128654067 0.00988665601575844 0.000130465722340548
10.2704934898729 0.0109213537650595 0.000112693557553665
10.2704934898729 0.0109213537650595 0.000112693557553665
10.3068280400988 0.0100923980307625 0.000114614779184771
10.2530605203998 0.00901709127942395 0.00013223618544863
10.2572713877303 0.00908456552496195 0.000143421046834068
10.2749177481893 0.00874544966222038 0.000157668978441168
10.2749177481893 0.00874544966222038 0.000157668978441168
10.2178948988686 0.00942242775730605 0.000169129405923699
10.1512461175909 0.00879912912121754 0.000161907309622428
10.1512461175909 0.00879912912121754 0.000161907309622428
10.0769274007935 0.00776600570229242 0.000172005102540802
10.0769274007935 0.00776600570229242 0.000172005102540802
10.0607033953923 0.00819306524297066 0.000179640810280233
10.3312863849843 0.00870345285190035 0.000184627933527752
10.1012474883802 0.00806587736160013 0.000175544443691974
10.0436648382296 0.00844127051632076 0.000160960044274666
9.90585112472713 0.00880306658124742 0.000171744506463657
9.91206124899678 0.00891588518550917 0.000174495069821434
9.96747991607091 0.00824279289029008 0.00017192125607486
10.1126687762991 0.00705808065373378 0.000168257646602164
10.0933617579937 0.00677084054667881 0.000177429566802103
10.195410257284 0.00869078298659256 0.000176540542464243
10.3411875105685 0.0083933325070972 0.000176151716591105
10.3002364569801 0.00844168653305673 0.000186876461956656
10.3532647952098 0.00914839381994639 0.000202659604468785
10.3629962576623 0.010188800196068 0.000195912890491215
10.4723164495039 0.0112856352049408 0.000196963893541873
10.2426410133775 0.0124304351140265 0.000189273936033168
10.1806293729575 0.0129521329357817 0.000175525895053505
10.1177656104873 0.0137963551783289 0.000173167767942436
10.1597019602847 0.0151231942397599 0.000170956864434566
10.2752167863203 0.0163676701360116 0.000152114585869278
10.2033190110649 0.016139637702548 0.000159007914590187
10.1979789461608 0.0163833814246927 0.000157057359873052
10.2148688586394 0.0158717332885124 0.000146185919178486
10.5052568007876 0.0171003231475732 0.0001444543750867
10.5307210682126 0.0171790535926217 0.000154156994642212
10.4459614419747 0.0194464010203417 0.000173581865793733
10.4799384265926 0.0203804214710699 0.000163990625438327
10.5151934118245 0.0210167454952676 0.000165114643492063
10.516606615597 0.0195487160575394 0.000168289634923258
10.4753190243392 0.0202690626801471 0.000168823217433212
10.5157399531604 0.0205673488293076 0.000161975212004991
10.4875977032314 0.0190478015763262 0.00015828741562077
10.4875977032314 0.0190478015763262 0.00015828741562077
10.4800712020662 0.0189262012192701 0.000154235555831935
10.3798154167458 0.0195500832092583 0.000152601441989277
10.4593849885634 0.0196131007941389 0.000162367367999727
10.3934734185296 0.0200855876801203 0.000171462738162274
10.139724251195 0.0195683732332946 0.00018036975083963
10.139724251195 0.0195683732332946 0.00018036975083963
10.0466662312576 0.0196411418528516 0.00018249174122691
10.053824547102 0.0189326766183051 0.000198744699755832
10.0506132078608 0.0190547055632931 0.000200191768001275
10.0128891574778 0.018503199803687 0.000200068138175522
9.80412318914911 0.0181558651790613 0.000213727304622189
9.9386895377254 0.0179840833642492 0.000230324632352958
10.0819683227527 0.0183348838096002 0.000234564201858793
10.1678440526661 0.0169530960234111 0.000242576340838333
10.1191283005339 0.0154917289933076 0.00023404855348017
10.1512421118211 0.0155587729017009 0.000239224334055233
10.2446750151786 0.0140976616823729 0.000243380043469522
10.1980578668471 0.0141050483579673 0.000245399188973662
10.1980578668471 0.0141050483579673 0.000245399188973662
10.200190326166 0.0144447915023357 0.000251909281025319
10.2189316215539 0.0141939454971982 0.000253237155386189
10.2597692513391 0.0140149889900459 0.00025062547481449
10.2393682522818 0.0132104954540679 0.000255464040178542
10.4838469844815 0.0137568266418092 0.000265980474595131
10.5097490882918 0.0152950323213951 0.000273977390554061
10.3987414692786 0.0130327380592716 0.000268542103585438
10.5172222354136 0.0140981353162107 0.000277116569908472
10.6824234476155 0.0131409572767706 0.000272534922161827
10.8064674326467 0.013639045893652 0.000268032978099531
10.8060043762668 0.0126837644951576 0.000268041296033646
10.7560855733989 0.0123982498007637 0.00026247045033397
10.9450528509275 0.0134537443202137 0.000257719345100113
10.8632867457202 0.0123178262633758 0.000264363212809819
10.9771297593885 0.0113793330325503 0.000267804886985672
10.8573640603518 0.0105340062160507 0.000272506358242104
10.8319947251617 0.0100381398676435 0.000249508487935426
10.7663020994909 0.0105480643705674 0.00027976889267697
10.8185400135402 0.00928426920607884 0.000271365041373285
10.8466436286648 0.0113260777087069 0.000256980278934071
10.8003045132401 0.0113766874333318 0.000251832442383345
10.8357913507235 0.0107000442314668 0.000253183010684334
10.9698948348218 0.0113626856723288 0.000261362873418559
11.0799854534487 0.0100519586794963 0.000255172067852574
10.8751953257358 0.00876882315287452 0.000264805637618992
10.951903373252 0.00771079044093059 0.000258615017745348
10.7996286580204 0.00816648042625035 0.000262667568091658
10.7996286580204 0.00816648042625035 0.000262667568091658
10.7258889530757 0.00888347075848731 0.0002677792902867
10.7355516887444 0.0102617532080611 0.000249631079646641
10.6804934764791 0.0098336434003256 0.000256580516774083
10.652788083338 0.0104008921200123 0.000238484542212868
10.6312253989631 0.0105566671764587 0.000224477232149062
10.5894805788371 0.00856713786070811 0.000225109519210565
10.7466614099623 0.00971143388677201 0.000220992089564989
10.7655198501421 0.0115274034760517 0.000215752325390656
10.6441302730527 0.0105039988204669 0.000193319107962489
10.5917774478044 0.0102125507784167 0.000191640279023111
10.5514507382713 0.00939130866732928 0.000189006324745574
10.5764741442206 0.00981700512762974 0.000206470221446018
10.4280080062243 0.010275983211572 0.000210716868244238
10.5769370619058 0.0111949148661263 0.000208507365360003
10.6243284672176 0.0113660018685371 0.000206247275139599
10.7758833116227 0.0113704054235381 0.000202588801789173
10.7847204641604 0.0119374593255325 0.000214155318847038
10.6216628502332 0.0125961559637463 0.000211749368253513
10.5342132217937 0.013918424946262 0.000208477102970807
10.6391773320742 0.0148608319139178 0.000210913202258022
10.6364905327874 0.0151711426856233 0.00021656999323339
10.7551629550247 0.0150626064013328 0.000220960086817294
10.6903393899573 0.0163374111511779 0.000221938212228934
10.6454240753843 0.0166006937618811 0.000221907994924327
10.675368918322 0.0169885679028817 0.000208735718327458
10.7436916458042 0.0170755445148414 0.000215216820876322
10.8079056041913 0.0165223302551894 0.00021350493313473
10.8000547854328 0.0165816292840441 0.000203816166241255
10.8930881483501 0.01624494487998 0.000198712631043053
10.8896987930327 0.0163567900338283 0.00020708022705877
11.1082762872117 0.0171724775113241 0.000211679636437316
11.1135088608241 0.0159815171248312 0.000210643303008995
11.2201258447458 0.0166177275480745 0.000190211184799098
11.2547145901604 0.0171693299609996 0.000184270964329722
11.2169303267936 0.0148474454734204 0.000179510498778501
11.2263264069212 0.01539775690062 0.00018067784284057
11.2263264069212 0.01539775690062 0.00018067784284057
11.3936130667757 0.0152084967480265 0.000173157932174889
11.3909304572335 0.0138984838766949 0.000184716220488809
11.3423958683094 0.0131592468178937 0.000172069255847712
11.3878802472052 0.0121015317450028 0.000188107975701168
11.4101709841832 0.0111642181867857 0.000192164084665337
11.4037803282852 0.0114396844079438 0.000186827307532129
11.6866549967633 0.0122034915740249 0.000182578667266506
11.7321771964466 0.0116741297881924 0.000165945620771082
11.9010495316866 0.0137630118325668 0.00017796832803248
11.9603809088139 0.0127852044259047 0.000169739708141924
11.9319868500895 0.0122498305348493 0.000161817548491064
12.0378594525358 0.01220464762039 0.000156440755358814
11.9836373224081 0.0115001121830979 0.000155738924833621
12.0827793292622 0.0113686570001601 0.000158685454092701
12.1437953962928 0.0129720521313224 0.000159123657159328
12.2425344726552 0.0134349950683954 0.000162775182530668
12.2425344726552 0.0134349950683954 0.000162775182530668
12.2425344726552 0.0134349950683954 0.000162775182530668
12.2217794909698 0.0143243930906084 0.000157603492891978
12.2217794909698 0.0143243930906084 0.000157603492891978
12.2073110381621 0.0138751413154126 0.000159723020909229
12.1041345776597 0.0142238117699746 0.000168271762204013
12.0320649636422 0.0141749732378954 0.000174097660067011
12.0320649636422 0.0141749732378954 0.000174097660067011
12.0358181804845 0.0139597492962839 0.0001707367811397
12.0609442503722 0.0166257074599324 0.000166418527769836
12.3023144199621 0.0156688565921127 0.00017441533018838
12.3023144199621 0.0156688565921127 0.00017441533018838
12.2464464478482 0.0150125993672584 0.000188249381663125
12.1305964587651 0.0160565606660067 0.000191447803154296
11.9954740863945 0.0168247965818901 0.000180915838289167
12.0983973637122 0.0146921807104928 0.000171255854830069
12.1102350078823 0.013866134247977 0.000174225882029745
12.0055165461053 0.0141171763809989 0.000180499650846873
12.0364595662181 0.0155250078797663 0.000170746208310321
11.9602015170339 0.0145064575835206 0.000172576212036848
11.8058339705716 0.0153879437326281 0.000174973807881767
11.712597316687 0.0152601199844573 0.000173467887895746
11.8476251519673 0.0144896870425142 0.000159590937729782
11.8234204535554 0.0137790437776006 0.00015681895661731
11.8647082972516 0.0151610937654631 0.000168238227323056
11.7993165890537 0.0157185049976339 0.000161801962349116
11.8555106995538 0.0136119408414279 0.000168913089593291
11.8527333656623 0.0160137582886332 0.000195647345612862
11.7549532281735 0.0148752184047982 0.000187334818996073
11.7695488684713 0.0153357057363362 0.000183776018754482
11.6360421809606 0.0164837441047257 0.0001803643079625
11.6914166586827 0.0161420000879189 0.000174016446211162
11.5328612910381 0.0171993468138224 0.000166133212118246
11.5328612910381 0.0171993468138224 0.000166133212118246
11.4848586687708 0.0170296649191406 0.000164103079314216
11.5387858670331 0.0161271708802587 0.000172384750800634
11.6510494903915 0.0167721088813627 0.000170900213563447
11.706773790562 0.0176654540837795 0.000191504068738563
11.5022343807303 0.0174633070111424 0.000198517991343732
11.5033144687499 0.0162691342321603 0.000195610769023936
11.6049181942134 0.016302462134378 0.00020543471804602
11.5195292293735 0.014892883679146 0.000202725251246155
11.581790932154 0.0148950934015233 0.000199246741857257
11.7368443737176 0.0140295332823133 0.000196291158249218
11.6876416200375 0.013228123393588 0.000190170250826698
11.774195364403 0.012492389378922 0.000198243745281634
11.8000189007532 0.0114283477294781 0.000186855762159824
11.8000189007532 0.0114283477294781 0.000186855762159824
11.8000189007532 0.0114283477294781 0.000186855762159824
11.807085546779 0.0102813846567798 0.000179650036066228
11.8073983225031 0.01235707734877 0.00019251650904025
11.9025071871405 0.0137570716995251 0.000199978469017838
11.9853610731933 0.0112884064163696 0.000198691684125196
11.9721544160507 0.00992260156651991 0.000210811721067356
11.8208419459971 0.0088707262534246 0.000201070331592986
11.8208419459971 0.0088707262534246 0.000201070331592986
11.9172291135801 0.00800826356121321 0.000199766443427669
11.8457254804448 0.00760523394045219 0.000196264618955768
11.8437061622374 0.00665419771834878 0.000201524997965887
11.8437061622374 0.00665419771834878 0.000201524997965887
11.9187015429286 0.00677543623330577 0.000203084972237131
11.9103983667996 0.00723089777687214 0.000205393656226827
11.9103983667996 0.00723089777687214 0.000205393656226827
11.927384012497 0.00810648347041786 0.000211039004474445
11.8850224894447 0.0087773346200615 0.000200197237617582
11.9353326326359 0.0112382563241504 0.000179544801135919
12.1546342118715 0.013342108526175 0.000172984913293168
12.224533609851 0.0136259870508195 0.000173417622336964
12.2749512962293 0.0125852210405586 0.000175641442806658
12.1990141820336 0.0117262945285861 0.000166538707683589
12.3062616550544 0.0121495181344932 0.000170854617859719
12.3972073447589 0.0118370557967027 0.000167213367461662
12.4721046994921 0.0117273162123307 0.000180307560879481
12.2474975728509 0.012663110205494 0.000169262705493691
12.3152546877685 0.0151521764404797 0.000166453301382848
12.3020448070843 0.0154909746904396 0.000159651535550458
12.2559283373256 0.0151954143030343 0.000140092799614108
12.2254817467799 0.0153067646781385 0.00013612060210342
12.2732303619171 0.0158409576038278 0.000138506464808112
12.2732303619171 0.0158409576038278 0.000138506464808112
12.3072179307687 0.0168421485953204 0.000132277514372839
12.3520411450713 0.0173733580794743 0.000121767194357724
12.3520411450713 0.0173733580794743 0.000121767194357724
12.3520411450713 0.0173733580794743 0.000121767194357724
12.2636806294643 0.018046574482968 0.000102454379983385
12.2636806294643 0.018046574482968 0.000102454379983385
12.173561517093 0.0183075811743342 8.55265825657963e-05
12.017505824144 0.0170675282519603 7.85149610628948e-05
11.9913458429889 0.0154289168692366 6.25257294228207e-05
12.0118867260884 0.0149965731367673 6.38121023864958e-05
12.0062930429904 0.0156810873141773 5.77081978321075e-05
12.0062930429904 0.0156810873141773 5.77081978321075e-05
11.9988291330899 0.0172552170027942 6.25255433398985e-05
11.929763413823 0.0195393032510812 4.97122406558261e-05
11.8900527592569 0.0205168491970666 5.93358335841413e-05
11.8474950883306 0.0195848874515543 6.14574519642601e-05
11.827911976779 0.020323690167339 6.50320297533214e-05
11.9033959439927 0.0188848705038816 8.03658514536212e-05
12.2043342318075 0.0193967302188332 6.54354243075286e-05
12.2043342318075 0.0193967302188332 6.54354243075286e-05
12.2167574794706 0.0188055005400817 7.13342039864722e-05
12.1748439647428 0.0186955206175772 6.18579548669444e-05
12.1715155482826 0.017539734505895 7.32788910041426e-05
12.2099464526929 0.0172426130353697 7.71247923706969e-05
12.0722468190497 0.0164414852214867 7.47550069387614e-05
12.153870747266 0.0174724241983539 8.10515662260143e-05
12.153870747266 0.0174724241983539 8.10515662260143e-05
12.1475211415697 0.0173588906062117 7.51460291690777e-05
12.2208840896767 0.0174417141091994 7.25444591174269e-05
12.3526405661277 0.0170740926993071 8.43266728146562e-05
12.3526405661277 0.0170740926993071 8.43266728146562e-05
12.2837806329766 0.0180759915582831 8.67466383254313e-05
12.2935567811374 0.0177813394266191 0.000101562134814397
12.2766099496893 0.0196340495302167 8.77791984906616e-05
12.1274730718347 0.0197744814143356 8.36829361256627e-05
12.1938801384124 0.0197214774470124 7.64216100671677e-05
12.1734340929756 0.0194078494313785 8.63114104480309e-05
12.0551749227291 0.0192709372107014 9.25165949484797e-05
12.0551749227291 0.0192709372107014 9.25165949484797e-05
12.008116196785 0.0192178948114043 9.23491344218733e-05
12.008116196785 0.0192178948114043 9.23491344218733e-05
11.9412512854153 0.01829523661878 0.000101295142944613
11.9412512854153 0.01829523661878 0.000101295142944613
11.9412512854153 0.01829523661878 0.000101295142944613
11.9412512854153 0.01829523661878 0.000101295142944613
11.9612083011263 0.0196130766562149 0.000106712994077659
11.9612083011263 0.0196130766562149 0.000106712994077659
11.9612083011263 0.0196130766562149 0.000106712994077659
11.9612083011263 0.0196130766562149 0.000106712994077659
11.9612083011263 0.0196130766562149 0.000106712994077659
11.9612083011263 0.0196130766562149 0.000106712994077659
11.8472661670395 0.0190935208699628 0.000103625986896683
11.8516116863073 0.0201387867189167 0.000108177215282923
11.8516116863073 0.0201387867189167 0.000108177215282923
11.8516116863073 0.0201387867189167 0.000108177215282923
11.8516116863073 0.0201387867189167 0.000108177215282923
11.8757675690311 0.0215231688107364 9.08317009596467e-05
11.9220925232258 0.0216241773066103 9.23906066879626e-05
12.0670071952381 0.0220493929275683 9.24908076333135e-05
12.0670071952381 0.0220493929275683 9.24908076333135e-05
12.0670071952381 0.0220493929275683 9.24908076333135e-05
12.0670071952381 0.0220493929275683 9.24908076333135e-05
12.0670071952381 0.0220493929275683 9.24908076333135e-05
12.0670071952381 0.0220493929275683 9.24908076333135e-05
12.0670071952381 0.0220493929275683 9.24908076333135e-05
12.1547358672071 0.0207212134620994 8.74126336778914e-05
12.27260670257 0.022196513639653 7.57574450499392e-05
12.27260670257 0.022196513639653 7.57574450499392e-05
12.2496359056128 0.0211344407966703 7.61375819783007e-05
12.3078990154418 0.0218875690596443 0.000102417909068755
12.262490232405 0.0207156059876531 0.000101447540234696
12.262490232405 0.0207156059876531 0.000101447540234696
12.285020278193 0.020064369120118 9.24633942605367e-05
12.2083647519443 0.0194828754834854 9.35626688981691e-05
12.2254178283246 0.0187111966113201 9.91604319373964e-05
12.128925123466 0.0182080633509947 0.000104949813791389
12.128925123466 0.0182080633509947 0.000104949813791389
12.128925123466 0.0182080633509947 0.000104949813791389
12.2009553441247 0.0183343313741957 9.4950406838847e-05
12.2462902330768 0.0175602581672645 9.47287454206513e-05
12.2462902330768 0.0175602581672645 9.47287454206513e-05
12.2462902330768 0.0175602581672645 9.47287454206513e-05
12.2462902330768 0.0175602581672645 9.47287454206513e-05
12.0559543789992 0.0183839860693846 0.00010898484761143
12.0634286447549 0.0171295316929971 9.97958646660319e-05
12.0634286447549 0.0171295316929971 9.97958646660319e-05
12.0634286447549 0.0171295316929971 9.97958646660319e-05
12.0634286447549 0.0171295316929971 9.97958646660319e-05
12.0288417247136 0.0171940097476571 9.79373121192591e-05
12.0288417247136 0.0171940097476571 9.79373121192591e-05
12.0288417247136 0.0171940097476571 9.79373121192591e-05
12.1175915391327 0.0188348290338535 0.000100311849428735
12.1175915391327 0.0188348290338535 0.000100311849428735
12.1752108064469 0.0198321514320336 0.000108193513369794
11.974321310537 0.0200100586362804 0.000112783924326735
12.0031522011486 0.0193817177627199 0.000101941055212705
12.1015766478521 0.0197278713496928 0.000103942374253449
12.0908650247505 0.0190187760517231 0.000100297842741889
12.2865559180109 0.0189343269303403 0.00010079088414771
12.2975744618384 0.0189443851639083 0.000107775230630944
12.2975744618384 0.0189443851639083 0.000107775230630944
12.2975744618384 0.0189443851639083 0.000107775230630944
12.4921791547715 0.0188104431326993 0.00010900280697746
12.4921791547715 0.0188104431326993 0.00010900280697746
12.4921791547715 0.0188104431326993 0.00010900280697746
12.4921791547715 0.0188104431326993 0.00010900280697746
12.5282180012849 0.0193959397949815 0.000107256063311967
12.5282180012849 0.0193959397949815 0.000107256063311967
12.5539632929239 0.018851512803805 0.000119778150637834
12.6183156543345 0.0192247531724129 0.000117130607094866
12.5878981640434 0.0185265276104582 0.000115178089726465
12.6219047814676 0.01877390638743 0.000127263292274586
12.6219047814676 0.01877390638743 0.000127263292274586
12.6292869913417 0.0197270473110291 0.000116032445684606
12.6292869913417 0.0197270473110291 0.000116032445684606
12.6292869913417 0.0197270473110291 0.000116032445684606
12.7924341176582 0.0192503466497818 0.00012141257003292
12.7692619349087 0.0195003581185683 0.000120024054438555
12.5960396324119 0.01867578169544 0.000115766798960204
12.5960396324119 0.01867578169544 0.000115766798960204
12.5960396324119 0.01867578169544 0.000115766798960204
12.5960396324119 0.01867578169544 0.000115766798960204
12.5960396324119 0.01867578169544 0.000115766798960204
12.5928281688632 0.0187384600569949 0.00010410370897331
12.5928281688632 0.0187384600569949 0.00010410370897331
12.5928281688632 0.0187384600569949 0.00010410370897331
12.5928281688632 0.0187384600569949 0.00010410370897331
12.8107528408681 0.0185402781073969 8.05981126524223e-05
12.6381803213458 0.0195621303922534 7.83202364485453e-05
12.5101670001898 0.0199184156844995 8.22343378934165e-05
12.681090405218 0.0189358359815071 8.42541413775944e-05
12.6667838334831 0.0191700009353387 9.69363692831991e-05
12.6667838334831 0.0191700009353387 9.69363692831991e-05
12.6667838334831 0.0191700009353387 9.69363692831991e-05
12.6667838334831 0.0191700009353387 9.69363692831991e-05
12.7102815187114 0.0206263212980687 8.61102626391883e-05
12.6280072559205 0.0196864213063583 9.74670832781161e-05
12.571356195866 0.0200957933987897 7.32449719626978e-05
12.571356195866 0.0200957933987897 7.32449719626978e-05
12.571356195866 0.0200957933987897 7.32449719626978e-05
12.6216883000747 0.0209752965713517 7.22892141936524e-05
12.6216883000747 0.0209752965713517 7.22892141936524e-05
12.5356581789791 0.0201084280114047 7.38857333745812e-05
12.6168007853779 0.020775692048819 8.60660890074314e-05
12.6574078860542 0.0199988586563551 9.17221297502945e-05
12.6574078860542 0.0199988586563551 9.17221297502945e-05
12.6574078860542 0.0199988586563551 9.17221297502945e-05
12.6556651003201 0.0202739942078539 8.39404745907438e-05
12.6549447105439 0.0203403055211864 8.20835673107314e-05
12.6282684599287 0.0202879856221604 7.19340033892737e-05
12.6342084663552 0.0212491147164603 7.31818422856014e-05
12.6993805086533 0.0208589734274153 7.30409159067306e-05
12.7911878022515 0.0198108196801091 7.6236516894921e-05
12.8927490358514 0.0207981380683544 8.22730856794646e-05
12.8927490358514 0.0207981380683544 8.22730856794646e-05
12.7598524260148 0.0209253773219134 9.54229032073019e-05
12.7598524260148 0.0209253773219134 9.54229032073019e-05
12.7598524260148 0.0209253773219134 9.54229032073019e-05
12.7740815168661 0.0225949614478048 8.39180842456383e-05
12.9377640907934 0.0227839763826211 9.43524724490654e-05
13.0150108499024 0.0212526639938578 0.00010227753284104
13.0150108499024 0.0212526639938578 0.00010227753284104
13.1706237311622 0.0223657674334951 9.96282955199567e-05
13.1640112844164 0.0211269521659323 8.85767733194422e-05
13.1722186959907 0.0210143120117743 8.68875420493621e-05
13.128813461738 0.0210914205535699 8.35664390623329e-05
13.151780437029 0.0216302940563516 8.4021516389502e-05
13.0761208812242 0.0219067747056141 7.49703560986777e-05
13.0533385261645 0.0228326121906372 7.74956086670108e-05
13.1445610459163 0.0223338249884032 9.11321107609017e-05
13.1445610459163 0.0223338249884032 9.11321107609017e-05
13.1322876580666 0.0214063025924545 9.16064658999899e-05
13.1322876580666 0.0214063025924545 9.16064658999899e-05
13.1322876580666 0.0214063025924545 9.16064658999899e-05
13.1534741909475 0.0222761059530058 8.83868434268905e-05
13.1534741909475 0.0222761059530058 8.83868434268905e-05
13.1534741909475 0.0222761059530058 8.83868434268905e-05
13.1914403371987 0.0221801190781908 9.24644410869623e-05
13.1914403371987 0.0221801190781908 9.24644410869623e-05
13.3381399244608 0.0225422816073724 9.85793272318084e-05
13.2879997167136 0.0218043528757976 9.05715939926376e-05
13.3563832073113 0.0206481168205038 0.000101380334655214
13.2747374136346 0.0210536324236637 0.000100714009499906
13.2747374136346 0.0210536324236637 0.000100714009499906
13.2747374136346 0.0210536324236637 0.000100714009499906
13.4119961873661 0.0208224229136942 9.87895345995616e-05
13.4119961873661 0.0208224229136942 9.87895345995616e-05
13.4119961873661 0.0208224229136942 9.87895345995616e-05
13.257905240836 0.0200797518999327 9.35143725235072e-05
13.257905240836 0.0200797518999327 9.35143725235072e-05
13.0485658432008 0.0201077556351608 9.29324586539984e-05
13.0582333766465 0.0208365123710723 0.000101941047538386
13.0879493967738 0.0205242190028387 0.000101851123255743
13.0879493967738 0.0205242190028387 0.000101851123255743
13.0879493967738 0.0205242190028387 0.000101851123255743
13.0879493967738 0.0205242190028387 0.000101851123255743
13.0879493967738 0.0205242190028387 0.000101851123255743
13.0879493967738 0.0205242190028387 0.000101851123255743
13.0879493967738 0.0205242190028387 0.000101851123255743
13.1596773009884 0.0197189480556224 0.000100886378047869
13.1018256633884 0.0202659748137845 9.73909209453373e-05
13.1788090340012 0.0223766044357112 7.14311583901728e-05
13.1788090340012 0.0223766044357112 7.14311583901728e-05
13.2954627070185 0.0222902990595407 7.15737252868556e-05
13.3018750754457 0.0213263001436902 5.72619285571925e-05
13.360658686349 0.0205489644765211 6.85991399969741e-05
13.3599026584728 0.0199370492268068 6.91881821403324e-05
13.3599026584728 0.0199370492268068 6.91881821403324e-05
13.4740781355772 0.0193103966308375 5.75620006510269e-05
13.4122206285324 0.0191337417515103 5.88276741299123e-05
13.4153272705794 0.0191921545854977 5.32267991129788e-05
13.3653482003202 0.0202241711270807 4.31159880689152e-05
13.2933742426238 0.019560161857008 4.84992088208492e-05
13.171766961488 0.0215900494476796 5.77566491043066e-05
13.2481529963936 0.0200459323801082 5.67625865677717e-05
13.2569222920254 0.0215408420945249 7.1007735257607e-05
13.3209585381935 0.0208051930877845 8.3256156802587e-05
13.2823743992086 0.0205883080389129 9.52030414722456e-05
13.2749442770619 0.0201733622666238 7.62156799799989e-05
13.35212181033 0.019907814088395 6.13360063314722e-05
13.35212181033 0.019907814088395 6.13360063314722e-05
13.2258990540309 0.0188644992813965 6.11836074148314e-05
13.4560638568089 0.019445755358369 4.77738047577203e-05
13.3684242506918 0.0197845904494522 3.31561262729213e-05
13.4387734375261 0.0198409620627847 3.73462190683968e-05
13.5143766889929 0.0184962126467895 3.17775403223745e-05
13.3505035560799 0.0178622096941384 2.4704750604702e-05
13.2852280714953 0.0180423134568748 4.607196726641e-05
13.2124303794047 0.0171806461010507 4.33031082443894e-05
13.3466743041595 0.0162103059686765 3.39279317299802e-05
13.3656137580301 0.0155905869197794 3.53840886575854e-05
13.1780215693504 0.0156741487273161 4.42578327575948e-05
13.3932553952607 0.0164897284600672 6.41233640149371e-05
13.2690856458605 0.0177864777835457 5.53736177009859e-05
13.1403897266445 0.017060166924501 6.32014959071662e-05
13.208901966185 0.0160544826269987 5.40187455661888e-05
13.1325463516778 0.0160909265864373 6.67702235697195e-05
13.0598507190915 0.0172291930480921 6.55389383448473e-05
13.0598507190915 0.0172291930480921 6.55389383448473e-05
13.0411373666606 0.0181904132928031 8.34411253609861e-05
12.8742233170277 0.0180938332007472 7.65148500948828e-05
12.8742233170277 0.0180938332007472 7.65148500948828e-05
12.8742233170277 0.0180938332007472 7.65148500948828e-05
12.8742233170277 0.0180938332007472 7.65148500948828e-05
12.7360594224505 0.0175692438150935 9.60319167645041e-05
12.7360594224505 0.0175692438150935 9.60319167645041e-05
12.693493801788 0.0190257944791867 0.000104926260336411
12.693493801788 0.0190257944791867 0.000104926260336411
12.7377515658887 0.0174388329348763 9.8501670674274e-05
12.6695582254763 0.0179416513184409 8.89529987949253e-05
12.7108667916378 0.0179247141403269 9.42165114014334e-05
12.7108667916378 0.0179247141403269 9.42165114014334e-05
12.7108667916378 0.0179247141403269 9.42165114014334e-05
12.8557824701423 0.0209114698837141 9.39396862368326e-05
12.7838123810543 0.0224085661316635 8.5185172918779e-05
12.924488037237 0.0222489583692902 8.53306353052976e-05
12.924488037237 0.0222489583692902 8.53306353052976e-05
12.924488037237 0.0222489583692902 8.53306353052976e-05
12.9398591619023 0.0224809552898778 9.11646586176456e-05
12.8281453099142 0.0222182581260275 0.000104269616867061
12.6932135126455 0.0233518799988659 0.00010556929920808
12.6687159025724 0.0237816488298326 0.000104584571549176
12.6461700554053 0.0250093751936828 9.72790862970422e-05
12.5524093965057 0.0277504335771549 9.23198036616355e-05
12.5524093965057 0.0277504335771549 9.23198036616355e-05
12.5524093965057 0.0277504335771549 9.23198036616355e-05
12.5524093965057 0.0277504335771549 9.23198036616355e-05
12.5524093965057 0.0277504335771549 9.23198036616355e-05
12.5807152283029 0.0281896027211189 8.66331192176042e-05
12.3452825131394 0.0254196461584483 9.88059283913314e-05
12.237151283081 0.0250772227314666 9.12287391861716e-05
12.1279556643392 0.026577521788294 9.41308569855165e-05
12.1550442466885 0.0279840428550541 8.78541890012111e-05
12.1550442466885 0.0279840428550541 8.78541890012111e-05
12.1550442466885 0.0279840428550541 8.78541890012111e-05
12.1550442466885 0.0279840428550541 8.78541890012111e-05
12.1550442466885 0.0279840428550541 8.78541890012111e-05
12.1550442466885 0.0279840428550541 8.78541890012111e-05
12.1481732733587 0.0284381331748976 9.86847580788438e-05
12.1481732733587 0.0284381331748976 9.86847580788438e-05
12.1761027022887 0.0300306374827573 8.46093794421986e-05
11.9572730890764 0.0309089512136466 8.93897633537547e-05
12.1707418791747 0.0324151211781849 8.6898420198801e-05
12.275273006266 0.0339469073271843 7.90170049340987e-05
12.3983650592061 0.0332631463430877 7.22361121565912e-05
12.5452130595686 0.0326443107437553 7.23191827626404e-05
12.5452130595686 0.0326443107437553 7.23191827626404e-05
12.5452130595686 0.0326443107437553 7.23191827626404e-05
12.5452130595686 0.0326443107437553 7.23191827626404e-05
12.5452130595686 0.0326443107437553 7.23191827626404e-05
12.5452130595686 0.0326443107437553 7.23191827626404e-05
12.6527745726746 0.0338847242042923 7.66589111773178e-05
12.6527745726746 0.0338847242042923 7.66589111773178e-05
12.4397165080705 0.033591129174041 7.38131776794425e-05
12.1163643964849 0.0342495600994155 8.61231673571573e-05
12.232778343251 0.0345360692483846 7.3522467082741e-05
12.232778343251 0.0345360692483846 7.3522467082741e-05
12.232778343251 0.0345360692483846 7.3522467082741e-05
12.3180154331722 0.035235445094189 8.67004172595011e-05
12.2711427896661 0.0350925820389445 9.32781653381063e-05
12.2711427896661 0.0350925820389445 9.32781653381063e-05
12.2711427896661 0.0350925820389445 9.32781653381063e-05
12.2711427896661 0.0350925820389445 9.32781653381063e-05
12.2711427896661 0.0350925820389445 9.32781653381063e-05
12.2884373127378 0.0355379853331242 9.31294691721322e-05
12.2884373127378 0.0355379853331242 9.31294691721322e-05
12.3466313015533 0.0358261710239011 8.15865779668745e-05
12.3466313015533 0.0358261710239011 8.15865779668745e-05
12.3466313015533 0.0358261710239011 8.15865779668745e-05
12.4794240359735 0.0381587642032778 7.89400065449056e-05
12.4794240359735 0.0381587642032778 7.89400065449056e-05
12.4794240359735 0.0381587642032778 7.89400065449056e-05
12.4794240359735 0.0381587642032778 7.89400065449056e-05
12.4794240359735 0.0381587642032778 7.89400065449056e-05
12.4794240359735 0.0381587642032778 7.89400065449056e-05
12.5361927726007 0.0386469872444496 7.57393223714137e-05
12.5809133139519 0.0382800467313628 8.73947244246169e-05
12.5108981295578 0.0381156420564472 8.61974733811354e-05
12.5108981295578 0.0381156420564472 8.61974733811354e-05
12.4908451498546 0.0390262871237323 8.05045130283257e-05
12.4908451498546 0.0390262871237323 8.05045130283257e-05
12.4908451498546 0.0390262871237323 8.05045130283257e-05
12.4335641350777 0.0394395676641082 7.64377823740188e-05
12.4335641350777 0.0394395676641082 7.64377823740188e-05
12.4335641350777 0.0394395676641082 7.64377823740188e-05
12.4335641350777 0.0394395676641082 7.64377823740188e-05
12.4335641350777 0.0394395676641082 7.64377823740188e-05
12.4616674458378 0.0398288563346505 7.78583089121956e-05
12.4616674458378 0.0398288563346505 7.78583089121956e-05
12.4616674458378 0.0398288563346505 7.78583089121956e-05
12.4616674458378 0.0398288563346505 7.78583089121956e-05
12.4616674458378 0.0398288563346505 7.78583089121956e-05
12.3240193612068 0.0385386664525279 8.19132544722212e-05
12.2081525670637 0.0391226699059095 9.7906085657447e-05
12.3093397273025 0.0396926272231313 9.36028613668972e-05
12.4000744402299 0.038488891989441 7.79493446892995e-05
12.4000744402299 0.038488891989441 7.79493446892995e-05
12.3367786716111 0.0382677233975302 8.68983756237157e-05
12.3358635891182 0.0385593605344518 9.03083655498666e-05
12.3358635891182 0.0385593605344518 9.03083655498666e-05
12.3358635891182 0.0385593605344518 9.03083655498666e-05
12.3039144237675 0.0374324823926323 9.95102517181825e-05
12.3039144237675 0.0374324823926323 9.95102517181825e-05
12.468343174291 0.0365357945860686 0.000103795463021937
12.417304537318 0.035007234457365 9.81679737753511e-05
12.417304537318 0.035007234457365 9.81679737753511e-05
12.417304537318 0.035007234457365 9.81679737753511e-05
12.417304537318 0.035007234457365 9.81679737753511e-05
12.417304537318 0.035007234457365 9.81679737753511e-05
12.3067829064955 0.0337382223896902 9.34582370736149e-05
12.2430193195936 0.033393185342902 9.25536245569339e-05
12.2430193195936 0.033393185342902 9.25536245569339e-05
12.2430193195936 0.033393185342902 9.25536245569339e-05
12.2430193195936 0.033393185342902 9.25536245569339e-05
12.1870866996893 0.0339232322414461 9.39787646255783e-05
12.1870866996893 0.0339232322414461 9.39787646255783e-05
12.1870866996893 0.0339232322414461 9.39787646255783e-05
12.2169754210998 0.0354917550714774 9.08435628199789e-05
12.157048566205 0.0343866738410367 8.98637525243351e-05
12.1503379075298 0.0354685119473806 6.80937487760364e-05
12.1574415856385 0.0353856568871238 6.65280820406135e-05
12.1441901384192 0.0350784165373445 6.30296756878256e-05
12.0493300439584 0.0353897557545956 7.15564697733787e-05
12.1504696934979 0.0347923028820747 6.36593165620059e-05
12.1504696934979 0.0347923028820747 6.36593165620059e-05
12.1504696934979 0.0347923028820747 6.36593165620059e-05
12.1504696934979 0.0347923028820747 6.36593165620059e-05
12.1703273261186 0.0336991947071234 8.07099802725092e-05
12.3799609945754 0.0336889467608699 9.71240455753476e-05
12.3799609945754 0.0336889467608699 9.71240455753476e-05
12.4080027694862 0.0331241077078705 9.07814411814572e-05
12.4080027694862 0.0331241077078705 9.07814411814572e-05
12.4080027694862 0.0331241077078705 9.07814411814572e-05
12.4149491245294 0.0336742347979668 7.74998243587934e-05
12.553114986562 0.0327408392843442 8.62475532232737e-05
12.5314197532724 0.0324942746088323 8.10072731468423e-05
12.6419760670311 0.0324557657911063 8.15613144057534e-05
12.5457369793326 0.0345514301198108 8.63098662540516e-05
12.5457369793326 0.0345514301198108 8.63098662540516e-05
12.4024828638291 0.0336074891726576 9.44290284523068e-05
12.2487555772135 0.0324548354813838 8.9575641690307e-05
12.2477078260207 0.032308639574782 0.000103347734470447
12.2477078260207 0.032308639574782 0.000103347734470447
12.390471517826 0.0325941296002257 9.55702925400728e-05
12.390471517826 0.0325941296002257 9.55702925400728e-05
12.3757089201319 0.0306998502441942 8.34856526557201e-05
12.3374233036451 0.0301941195793535 8.16122493877941e-05
12.2998967850277 0.0301566875352207 8.44765918338332e-05
12.2998967850277 0.0301566875352207 8.44765918338332e-05
12.343710141147 0.0290535913417118 8.10858571191726e-05
12.4744589458126 0.0283303147475962 9.18151362513319e-05
12.4744589458126 0.0283303147475962 9.18151362513319e-05
12.4744589458126 0.0283303147475962 9.18151362513319e-05
12.4597669972757 0.0270443370358749 9.30805758551121e-05
12.4597669972757 0.0270443370358749 9.30805758551121e-05
12.4597669972757 0.0270443370358749 9.30805758551121e-05
12.4597669972757 0.0270443370358749 9.30805758551121e-05
12.4597669972757 0.0270443370358749 9.30805758551121e-05
12.4597669972757 0.0270443370358749 9.30805758551121e-05
12.4597669972757 0.0270443370358749 9.30805758551121e-05
12.3237314336862 0.0259307767578677 9.4946827922529e-05
12.2959302548943 0.0242130024191485 9.02547841921211e-05
12.2677912750026 0.0227593261780913 8.57961622036259e-05
12.3902939237833 0.0231374356783284 8.71532894088727e-05
12.3902939237833 0.0231374356783284 8.71532894088727e-05
12.3902939237833 0.0231374356783284 8.71532894088727e-05
12.5202713119473 0.0217161420932349 8.71285537280705e-05
12.5202713119473 0.0217161420932349 8.71285537280705e-05
12.5202713119473 0.0217161420932349 8.71285537280705e-05
12.6001468379275 0.0208230545367657 9.68132491308373e-05
12.7494812675977 0.0219714020073439 9.60951328123066e-05
12.7494812675977 0.0219714020073439 9.60951328123066e-05
12.8682302633278 0.0211298601712225 9.3065571947698e-05
12.8026297219708 0.0216337512755707 9.63579855327591e-05
12.8026297219708 0.0216337512755707 9.63579855327591e-05
12.8026297219708 0.0216337512755707 9.63579855327591e-05
12.8026297219708 0.0216337512755707 9.63579855327591e-05
12.8026297219708 0.0216337512755707 9.63579855327591e-05
12.8026297219708 0.0216337512755707 9.63579855327591e-05
12.7514776083642 0.0212677379312752 8.54877230817845e-05
12.9347742016123 0.0234610028142348 8.78466251393423e-05
12.9347742016123 0.0234610028142348 8.78466251393423e-05
12.9347742016123 0.0234610028142348 8.78466251393423e-05
12.9347742016123 0.0234610028142348 8.78466251393423e-05
12.9347742016123 0.0234610028142348 8.78466251393423e-05
12.969621864857 0.0235702647178107 9.04021843584568e-05
12.969621864857 0.0235702647178107 9.04021843584568e-05
12.9659687956363 0.0235930218190847 9.17780307315102e-05
12.9659687956363 0.0235930218190847 9.17780307315102e-05
12.9659687956363 0.0235930218190847 9.17780307315102e-05
12.9340760023775 0.0232147397684653 9.14025619489614e-05
12.9340760023775 0.0232147397684653 9.14025619489614e-05
12.9340760023775 0.0232147397684653 9.14025619489614e-05
12.9340760023775 0.0232147397684653 9.14025619489614e-05
12.9340760023775 0.0232147397684653 9.14025619489614e-05
12.9340760023775 0.0232147397684653 9.14025619489614e-05
12.9340760023775 0.0232147397684653 9.14025619489614e-05
12.9340760023775 0.0232147397684653 9.14025619489614e-05
12.9340760023775 0.0232147397684653 9.14025619489614e-05
12.9340760023775 0.0232147397684653 9.14025619489614e-05
12.9340760023775 0.0232147397684653 9.14025619489614e-05
12.9340760023775 0.0232147397684653 9.14025619489614e-05
12.9340760023775 0.0232147397684653 9.14025619489614e-05
12.9340760023775 0.0232147397684653 9.14025619489614e-05
12.6559725340479 0.0243381508644444 9.39263473088328e-05
12.6589481959039 0.0230643492854688 0.000109433025077717
12.5653766076492 0.0222900690534552 0.000116862472867577
12.4077032348044 0.0244107757356786 0.000122192548197135
12.405996457241 0.0246210971204035 0.000125597281296164
12.5081259182956 0.0248909140615188 0.000127043729749891
12.5036631011821 0.0261736400893439 0.000125087107120308
12.3761102690967 0.026313904496177 0.00012137521774198
12.1581049484036 0.0257981614377017 0.000110497618736528
12.1150440175092 0.0246321245648915 0.00010691367851389
12.1679351274068 0.0253064131752715 0.000100928064776781
12.3018809163948 0.023838127053618 0.000103895935127139
12.2833717183436 0.0234103479734453 0.000102158940801151
12.2632310456836 0.024219607032506 9.56604847586822e-05
12.2405787823727 0.0236320830372813 9.82376445196921e-05
12.2405787823727 0.0236320830372813 9.82376445196921e-05
12.2024890301979 0.0241045104996578 9.53861015989892e-05
12.2024890301979 0.0241045104996578 9.53861015989892e-05
12.2024890301979 0.0241045104996578 9.53861015989892e-05
12.2432779078128 0.0234882489708332 8.65727045935746e-05
12.2432779078128 0.0234882489708332 8.65727045935746e-05
12.2432779078128 0.0234882489708332 8.65727045935746e-05
12.2432779078128 0.0234882489708332 8.65727045935746e-05
12.2432779078128 0.0234882489708332 8.65727045935746e-05
12.2432779078128 0.0234882489708332 8.65727045935746e-05
12.2432779078128 0.0234882489708332 8.65727045935746e-05
12.2432779078128 0.0234882489708332 8.65727045935746e-05
12.2432779078128 0.0234882489708332 8.65727045935746e-05
12.2432779078128 0.0234882489708332 8.65727045935746e-05
12.2432779078128 0.0234882489708332 8.65727045935746e-05
12.2432779078128 0.0234882489708332 8.65727045935746e-05
12.2432779078128 0.0234882489708332 8.65727045935746e-05
12.2616785776336 0.0227650480775491 9.92808655150489e-05
12.2616785776336 0.0227650480775491 9.92808655150489e-05
12.1008365539196 0.0230463790632486 9.98371245043008e-05
12.1273991589648 0.0239341328584915 9.48772984255421e-05
12.1273991589648 0.0239341328584915 9.48772984255421e-05
12.1273991589648 0.0239341328584915 9.48772984255421e-05
12.1273991589648 0.0239341328584915 9.48772984255421e-05
12.1273991589648 0.0239341328584915 9.48772984255421e-05
12.1273991589648 0.0239341328584915 9.48772984255421e-05
12.1273991589648 0.0239341328584915 9.48772984255421e-05
12.1273991589648 0.0239341328584915 9.48772984255421e-05
12.1273991589648 0.0239341328584915 9.48772984255421e-05
12.2922995109713 0.0247138043010261 9.96427234514175e-05
NA NA NA
NA NA NA
NA NA NA
NA NA NA
NA NA NA
NA NA NA
NA NA NA
NA NA NA
NA NA NA
NA NA NA
NA NA NA
NA NA NA
NA NA NA
NA NA NA
NA NA NA
NA NA NA
NA NA NA
NA NA NA
NA NA NA
NA NA NA
NA NA NA
NA NA NA
NA NA NA
NA NA NA
NA NA NA
NA NA NA
NA NA NA
NA NA NA
NA NA NA
NA NA NA
NA NA NA
NA NA NA
NA NA NA
NA NA NA
NA NA NA
NA NA NA
NA NA NA
NA NA NA
NA NA NA
NA NA NA
NA NA NA
NA NA NA
NA NA NA
NA NA NA
NA NA NA
NA NA NA
NA NA NA
NA NA NA
NA NA NA
NA NA NA
NA NA NA
NA NA NA
NA NA NA
NA NA NA
NA NA NA
NA NA NA
NA NA NA
NA NA NA
NA NA NA
NA NA NA
NA NA NA
NA NA NA
NA NA NA
NA NA NA
NA NA NA
NA NA NA
NA NA NA
NA NA NA
NA NA NA
NA NA NA
NA NA NA
NA NA NA
NA NA NA
NA NA NA
NA NA NA
NA NA NA
NA NA NA
NA NA NA
NA NA NA
NA NA NA
NA NA NA
NA NA NA
NA NA NA
NA NA NA
NA NA NA
NA NA NA
NA NA NA
NA NA NA
NA NA NA
NA NA NA
NA NA NA
NA NA NA
NA NA NA
NA NA NA
NA NA NA
NA NA NA
NA NA NA
NA NA NA
NA NA NA
NA NA NA
NA NA NA
NA NA NA
NA NA NA
NA NA NA
