52.7367735229351 0.121308277642932
52.7892100880581 0.121151452462535
52.8282290544002 0.12190282999306
52.8156921320144 0.121976008996456
52.8156921320144 0.121976008996456
52.8156921320144 0.121976008996456
52.8156921320144 0.121976008996456
52.7937313903537 0.122167269764608
52.7215986066373 0.121583268687734
52.7507450529273 0.121792503262196
52.7598834776566 0.122214756945913
52.7598834776566 0.122214756945913
52.7153585792177 0.122464736997682
52.7088657185921 0.122086775216254
52.7505623670428 0.121504109920555
52.7848375929751 0.12085554683216
52.7255052608681 0.120336030475199
52.7255052608681 0.120336030475199
52.7063766292909 0.121464066099927
52.7063766292909 0.121464066099927
52.7036604942777 0.121373820056636
52.7036604942777 0.121373820056636
52.7036604942777 0.121373820056636
52.8144152174742 0.121171954015537
52.7181732859788 0.121287687916543
52.7867142098981 0.121721740821535
52.7313215639332 0.120791577063485
52.7609284494214 0.120678360470997
52.7609284494214 0.120678360470997
52.7609284494214 0.120678360470997
52.7769905159701 0.120401692541259
52.7681927100885 0.120176820346672
52.7824414880431 0.12060583829055
52.7824414880431 0.12060583829055
52.7824414880431 0.12060583829055
52.7824414880431 0.12060583829055
52.7940724849601 0.120942537990501
52.7940724849601 0.120942537990501
52.7940724849601 0.120942537990501
52.7940724849601 0.120942537990501
52.7940724849601 0.120942537990501
52.8652070104339 0.120737078742055
52.9509055961054 0.120753427054303
52.9694957318676 0.120793351915202
53.0948750666549 0.12057654768985
53.0322938986758 0.120558858602187
52.9318471770576 0.119651654606047
53.0196073364411 0.119673774617378
53.062343990591 0.120451817432152
53.062343990591 0.120451817432152
53.0718492523437 0.120706945754354
53.0419376467455 0.121337398183594
53.0419376467455 0.121337398183594
53.0153087159458 0.121641523060948
53.0020244512756 0.122100015815921
53.1543030131547 0.122332439270671
53.0905379995352 0.122158901511242
53.0981502606811 0.121909107352336
53.0981502606811 0.121909107352336
53.0981502606811 0.121909107352336
53.1520002820106 0.121085036300443
53.1520002820106 0.121085036300443
53.1900198147327 0.121056592761783
53.1900198147327 0.121056592761783
53.1900198147327 0.121056592761783
53.1900198147327 0.121056592761783
53.1900198147327 0.121056592761783
53.1900198147327 0.121056592761783
53.1900198147327 0.121056592761783
53.1900198147327 0.121056592761783
53.1900198147327 0.121056592761783
53.1900198147327 0.121056592761783
53.2268150768332 0.121581860023267
53.3137445271353 0.12259583481721
53.2325489724814 0.12190607916078
53.2557764921215 0.121647085925467
53.2389092396128 0.120481291764967
53.2389092396128 0.120481291764967
53.2389092396128 0.120481291764967
53.2389092396128 0.120481291764967
53.2389092396128 0.120481291764967
53.2389092396128 0.120481291764967
53.2389092396128 0.120481291764967
53.2389092396128 0.120481291764967
53.2389092396128 0.120481291764967
53.2389092396128 0.120481291764967
53.2200850301742 0.120043855940443
53.2200850301742 0.120043855940443
53.247175548416 0.120570091249642
53.1888371562062 0.120575437718041
53.201300703631 0.121259356166062
53.201300703631 0.121259356166062
53.2032407877124 0.121408915118868
53.2032407877124 0.121408915118868
53.2594707062979 0.121135134355587
53.2594707062979 0.121135134355587
53.3301386429898 0.121260248351077
53.4091318375738 0.121559509085131
53.454658245744 0.121267328022416
53.3643938075308 0.121444663403359
53.3643938075308 0.121444663403359
53.3643938075308 0.121444663403359
53.3643938075308 0.121444663403359
53.3643938075308 0.121444663403359
53.3643938075308 0.121444663403359
53.3643938075308 0.121444663403359
53.3643938075308 0.121444663403359
53.3643938075308 0.121444663403359
53.3643938075308 0.121444663403359
53.3643938075308 0.121444663403359
53.3643938075308 0.121444663403359
53.3643938075308 0.121444663403359
53.3643938075308 0.121444663403359
53.3643938075308 0.121444663403359
53.3643938075308 0.121444663403359
53.3643938075308 0.121444663403359
53.3643938075308 0.121444663403359
53.3643938075308 0.121444663403359
53.3643938075308 0.121444663403359
53.3643938075308 0.121444663403359
53.3643938075308 0.121444663403359
53.3643938075308 0.121444663403359
53.3643938075308 0.121444663403359
53.3643938075308 0.121444663403359
53.3643938075308 0.121444663403359
53.3643938075308 0.121444663403359
53.3643938075308 0.121444663403359
53.3643938075308 0.121444663403359
53.3643938075308 0.121444663403359
53.3643938075308 0.121444663403359
53.3643938075308 0.121444663403359
53.3643938075308 0.121444663403359
53.3643938075308 0.121444663403359
53.3643938075308 0.121444663403359
53.3643938075308 0.121444663403359
53.3643938075308 0.121444663403359
53.3676420464375 0.121483688989274
53.3676420464375 0.121483688989274
53.3676420464375 0.121483688989274
53.3676420464375 0.121483688989274
53.3676420464375 0.121483688989274
53.3676420464375 0.121483688989274
53.3676420464375 0.121483688989274
53.3676420464375 0.121483688989274
53.4436434666444 0.121016753482533
53.5546443036498 0.120844064863161
53.5546443036498 0.120844064863161
53.5546443036498 0.120844064863161
53.6545581403493 0.120984356697541
53.615906192113 0.121482564416306
53.615906192113 0.121482564416306
53.615906192113 0.121482564416306
53.5550278758605 0.120308998333307
53.5391302834936 0.11961391164225
53.5614993010568 0.119104047359226
53.51499882866 0.11885771026452
53.5026567483448 0.118455949250982
53.5026567483448 0.118455949250982
53.5026567483448 0.118455949250982
53.5026567483448 0.118455949250982
53.5026567483448 0.118455949250982
53.5026567483448 0.118455949250982
53.4909427570994 0.118724857763222
53.4846828306134 0.119985248718352
53.4876065259808 0.119998770193791
53.4311685701091 0.119355665861723
53.4311685701091 0.119355665861723
53.4311685701091 0.119355665861723
53.4174583481974 0.119563206185824
53.4174583481974 0.119563206185824
53.3335350922413 0.119563096243268
53.3349718903921 0.120060994319109
53.2963094946484 0.120275214254616
53.3940769857203 0.120059040595238
53.3940769857203 0.120059040595238
53.397176024578 0.120093727911575
53.397176024578 0.120093727911575
53.397176024578 0.120093727911575
53.397176024578 0.120093727911575
NA NA
NA NA
NA NA
NA NA
NA NA
NA NA
NA NA
NA NA
NA NA
NA NA
NA NA
NA NA
NA NA
NA NA
NA NA
NA NA
NA NA
NA NA
NA NA
NA NA
NA NA
NA NA
NA NA
NA NA
NA NA
NA NA
NA NA
NA NA
NA NA
NA NA
NA NA
NA NA
NA NA
NA NA
NA NA
NA NA
NA NA
NA NA
NA NA
NA NA
NA NA
NA NA
NA NA
NA NA
NA NA
NA NA
NA NA
NA NA
NA NA
NA NA
NA NA
NA NA
NA NA
NA NA
NA NA
NA NA
NA NA
NA NA
NA NA
NA NA
NA NA
NA NA
NA NA
NA NA
NA NA
NA NA
NA NA
NA NA
NA NA
NA NA
NA NA
NA NA
NA NA
NA NA
NA NA
NA NA
NA NA
NA NA
NA NA
NA NA
NA NA
NA NA
NA NA
NA NA
NA NA
NA NA
NA NA
NA NA
NA NA
NA NA
NA NA
NA NA
NA NA
NA NA
NA NA
NA NA
NA NA
NA NA
NA NA
NA NA
NA NA
NA NA
NA NA
NA NA
NA NA
NA NA
NA NA
NA NA
NA NA
NA NA
NA NA
NA NA
NA NA
NA NA
NA NA
NA NA
NA NA
NA NA
NA NA
NA NA
NA NA
NA NA
NA NA
NA NA
NA NA
NA NA
NA NA
NA NA
NA NA
NA NA
NA NA
NA NA
NA NA
NA NA
NA NA
NA NA
NA NA
NA NA
NA NA
NA NA
NA NA
NA NA
NA NA
NA NA
NA NA
NA NA
NA NA
NA NA
NA NA
NA NA
NA NA
NA NA
NA NA
NA NA
NA NA
NA NA
NA NA
NA NA
NA NA
NA NA
NA NA
NA NA
NA NA
NA NA
NA NA
NA NA
NA NA
NA NA
NA NA
NA NA
NA NA
NA NA
NA NA
NA NA
NA NA
NA NA
NA NA
NA NA
NA NA
NA NA
NA NA
NA NA
NA NA
NA NA
NA NA
NA NA
NA NA
NA NA
NA NA
NA NA
NA NA
NA NA
NA NA
NA NA
NA NA
NA NA
NA NA
NA NA
NA NA
NA NA
NA NA
NA NA
NA NA
NA NA
NA NA
NA NA
NA NA
NA NA
NA NA
NA NA
NA NA
NA NA
NA NA
NA NA
NA NA
NA NA
NA NA
NA NA
NA NA
NA NA
NA NA
NA NA
NA NA
NA NA
NA NA
NA NA
NA NA
NA NA
NA NA
NA NA
NA NA
NA NA
NA NA
NA NA
NA NA
NA NA
NA NA
NA NA
NA NA
NA NA
NA NA
NA NA
NA NA
NA NA
NA NA
NA NA
NA NA
NA NA
NA NA
NA NA
NA NA
NA NA
NA NA
NA NA
NA NA
NA NA
NA NA
NA NA
NA NA
NA NA
NA NA
NA NA
NA NA
NA NA
NA NA
NA NA
NA NA
NA NA
NA NA
NA NA
NA NA
NA NA
NA NA
NA NA
NA NA
NA NA
NA NA
NA NA
NA NA
NA NA
NA NA
NA NA
NA NA
NA NA
NA NA
NA NA
NA NA
NA NA
NA NA
NA NA
NA NA
NA NA
NA NA
NA NA
NA NA
NA NA
NA NA
NA NA
NA NA
NA NA
NA NA
NA NA
NA NA
NA NA
NA NA
NA NA
NA NA
NA NA
NA NA
NA NA
NA NA
NA NA
NA NA
NA NA
NA NA
NA NA
NA NA
NA NA
NA NA
NA NA
NA NA
NA NA
NA NA
NA NA
NA NA
NA NA
NA NA
NA NA
NA NA
NA NA
NA NA
NA NA
NA NA
NA NA
NA NA
NA NA
NA NA
NA NA
NA NA
NA NA
NA NA
NA NA
NA NA
NA NA
NA NA
NA NA
NA NA
NA NA
NA NA
NA NA
NA NA
NA NA
NA NA
NA NA
NA NA
NA NA
NA NA
NA NA
NA NA
NA NA
NA NA
NA NA
NA NA
NA NA
NA NA
NA NA
NA NA
NA NA
NA NA
NA NA
NA NA
NA NA
NA NA
NA NA
NA NA
NA NA
NA NA
NA NA
NA NA
NA NA
NA NA
NA NA
NA NA
NA NA
NA NA
NA NA
NA NA
NA NA
NA NA
NA NA
NA NA
NA NA
NA NA
NA NA
NA NA
NA NA
NA NA
NA NA
NA NA
NA NA
NA NA
NA NA
NA NA
NA NA
NA NA
NA NA
NA NA
NA NA
NA NA
NA NA
NA NA
NA NA
NA NA
NA NA
NA NA
NA NA
NA NA
NA NA
NA NA
NA NA
NA NA
NA NA
NA NA
NA NA
NA NA
NA NA
NA NA
NA NA
NA NA
NA NA
NA NA
NA NA
NA NA
NA NA
NA NA
NA NA
NA NA
NA NA
NA NA
NA NA
NA NA
NA NA
NA NA
NA NA
NA NA
NA NA
NA NA
NA NA
NA NA
NA NA
NA NA
NA NA
NA NA
NA NA
NA NA
NA NA
NA NA
NA NA
NA NA
NA NA
NA NA
NA NA
NA NA
NA NA
NA NA
NA NA
NA NA
NA NA
NA NA
NA NA
NA NA
NA NA
NA NA
NA NA
NA NA
NA NA
NA NA
NA NA
NA NA
NA NA
NA NA
NA NA
NA NA
NA NA
NA NA
NA NA
NA NA
NA NA
NA NA
NA NA
NA NA
NA NA
NA NA
NA NA
NA NA
NA NA
NA NA
NA NA
NA NA
NA NA
NA NA
NA NA
NA NA
NA NA
NA NA
NA NA
NA NA
NA NA
NA NA
NA NA
NA NA
NA NA
NA NA
NA NA
NA NA
NA NA
NA NA
NA NA
NA NA
NA NA
NA NA
NA NA
NA NA
NA NA
NA NA
NA NA
NA NA
NA NA
NA NA
NA NA
NA NA
NA NA
NA NA
NA NA
NA NA
NA NA
NA NA
NA NA
NA NA
NA NA
NA NA
NA NA
NA NA
NA NA
NA NA
NA NA
NA NA
NA NA
NA NA
NA NA
NA NA
NA NA
NA NA
NA NA
NA NA
NA NA
NA NA
NA NA
NA NA
NA NA
NA NA
NA NA
NA NA
NA NA
NA NA
NA NA
NA NA
NA NA
NA NA
NA NA
NA NA
NA NA
NA NA
NA NA
NA NA
NA NA
NA NA
NA NA
NA NA
NA NA
NA NA
NA NA
NA NA
NA NA
NA NA
NA NA
NA NA
NA NA
NA NA
NA NA
NA NA
NA NA
NA NA
NA NA
NA NA
NA NA
NA NA
NA NA
NA NA
NA NA
NA NA
NA NA
NA NA
NA NA
NA NA
NA NA
NA NA
NA NA
NA NA
NA NA
NA NA
NA NA
NA NA
NA NA
NA NA
NA NA
NA NA
NA NA
NA NA
NA NA
NA NA
NA NA
NA NA
NA NA
NA NA
NA NA
NA NA
NA NA
NA NA
NA NA
NA NA
NA NA
NA NA
NA NA
NA NA
NA NA
NA NA
NA NA
NA NA
NA NA
NA NA
NA NA
NA NA
NA NA
NA NA
NA NA
NA NA
NA NA
NA NA
NA NA
NA NA
NA NA
NA NA
NA NA
NA NA
NA NA
NA NA
NA NA
NA NA
NA NA
NA NA
NA NA
NA NA
NA NA
NA NA
NA NA
NA NA
NA NA
NA NA
NA NA
NA NA
NA NA
NA NA
NA NA
NA NA
NA NA
NA NA
NA NA
NA NA
NA NA
NA NA
NA NA
NA NA
NA NA
NA NA
NA NA
NA NA
NA NA
NA NA
NA NA
NA NA
NA NA
NA NA
NA NA
NA NA
NA NA
NA NA
NA NA
NA NA
NA NA
NA NA
NA NA
NA NA
NA NA
NA NA
NA NA
NA NA
NA NA
NA NA
NA NA
NA NA
NA NA
NA NA
NA NA
NA NA
NA NA
NA NA
NA NA
NA NA
NA NA
NA NA
NA NA
NA NA
NA NA
NA NA
NA NA
NA NA
NA NA
NA NA
NA NA
NA NA
NA NA
NA NA
NA NA
NA NA
NA NA
NA NA
NA NA
NA NA
NA NA
NA NA
NA NA
NA NA
NA NA
NA NA
NA NA
NA NA
NA NA
NA NA
NA NA
NA NA
NA NA
NA NA
NA NA
NA NA
NA NA
NA NA
NA NA
NA NA
NA NA
NA NA
NA NA
NA NA
NA NA
NA NA
NA NA
NA NA
NA NA
NA NA
NA NA
NA NA
NA NA
NA NA
NA NA
NA NA
NA NA
NA NA
NA NA
NA NA
NA NA
NA NA
NA NA
NA NA
NA NA
NA NA
NA NA
NA NA
NA NA
NA NA
NA NA
NA NA
NA NA
NA NA
NA NA
NA NA
NA NA
NA NA
NA NA
NA NA
NA NA
NA NA
NA NA
NA NA
NA NA
NA NA
NA NA
NA NA
NA NA
NA NA
NA NA
NA NA
NA NA
NA NA
NA NA
NA NA
NA NA
NA NA
NA NA
NA NA
NA NA
NA NA
NA NA
