6.92354920971096
7.13875257180699
6.71287574837014
6.81804410015238
6.74499110678099
6.74499110678099
6.78405580271959
6.82708419725229
6.95115338111474
6.88055950094562
6.72400790395485
7.06734721369715
7.04831185178751
7.04581496502466
7.18056891285103
7.13412517223113
7.17769714243629
6.80102075302877
6.66158573281014
6.8181402516539
6.73849139770642
6.80238346792605
6.94098043888185
7.0074258929853
7.10866639221061
7.10866639221061
7.04815547912685
7.35113831251541
6.93671555555166
6.93143096068458
6.78086224788979
6.77302724173024
6.76837667931119
6.59069217800798
6.41805321883151
6.43078088459876
6.35459935415929
6.19317915096567
6.21582335859696
6.376506362398
6.376506362398
6.23130878096227
6.43992050650948
6.22398173422893
6.48969580272121
6.56433709628757
6.69537968570208
6.81155688465668
6.7486638196075
6.47618187792497
6.46723749391869
6.53760624558557
6.51701143206293
6.58472965296129
6.4903877190628
6.47133897169054
6.55197982444225
6.52942170300911
6.4830686374978
6.42772033862675
6.41376801082794
6.4765540999635
6.4000817796536
6.40280974540536
6.42073515483319
6.57951340084106
6.45319384902398
6.4629613665013
6.4629613665013
6.4627628462236
6.44943453043777
6.29653768574346
6.29653768574346
6.31215963617827
6.44865492953236
6.41818560790801
6.1158481149891
6.18842360691112
6.12406297849064
6.1573521865354
6.22673818365808
6.38254429418348
6.44917038346219
6.43902488043905
6.56487192057673
6.38417320014345
6.56481206498696
6.65858175222649
6.86940517664541
6.86940517664541
7.02176944060186
6.86808824404717
6.66358156518679
6.69942609511804
6.95569805039365
6.99482619303962
6.88196016072047
6.85288882668354
7.01864357201863
7.03048491430757
7.37102425085362
7.40422609496273
7.40422609496273
7.46490693149897
7.29304686338907
7.07329245770214
7.14660798997556
7.19789083256071
6.98019090794165
7.20267691922614
7.08773080755471
6.91706219725073
6.93867769064427
6.96696999224165
6.8733211210613
6.73892476154812
6.96971399363317
6.96971399363317
6.95627040612755
7.13625232187861
7.13625232187861
6.84610019195207
6.57144740540753
6.57144740540753
6.69988042184395
6.5909748006309
6.84428579575686
6.72734797328725
6.86981245075309
7.14638037409593
6.8818081088105
7.06276393083351
7.1862277818329
6.8829896945058
6.86031563483726
7.01142893316997
7.21373248360986
6.90674767916766
6.92107969539375
6.64263084478296
6.66673249615925
6.59523624203351
6.23638610763644
6.24708463010293
6.24708463010293
6.24708463010293
6.27786192953737
6.27661385732825
6.04992328293152
6.0658691679624
6.17600608152953
6.01823384709253
6.00290678202576
6.01967584978936
6.17669360904429
6.50304652564967
6.34593097513898
6.4340004185963
6.47222263351259
6.62207106443461
6.62207106443461
6.58786325530076
6.58786325530076
6.2799129770604
5.98880396858536
6.34076739416844
6.40193713946729
6.4565805098888
6.45744280495329
6.74284498482162
6.86552504075057
7.12908771229318
7.27848572268577
7.27848572268577
7.11163284393596
6.79496874281119
6.57849094181155
6.57849094181155
6.16500519672941
6.10652687323465
6.30230599587474
6.1336860243165
5.9664782421912
5.77817285300513
5.81004674292911
5.81199196772319
5.74975895682284
5.93750307836147
5.96421422944301
6.17073514897828
6.27225287392024
6.43678754446191
6.24283289903307
6.26274492761947
6.31005453307568
6.26841871524938
6.37004747717301
6.2029901876885
6.23316958518135
6.21260403022235
6.44142176910522
6.34787666120405
6.31254905206132
6.69715780036748
6.901656876366
7.02400345310354
6.64088720839885
6.48907327253159
6.74122884490446
6.70726685870036
6.59475646283378
6.51516710028382
6.43748794839989
6.69221586874271
6.65216166463816
6.87739023204393
6.99768417453231
6.83024640941046
6.84819210309985
6.82439272981445
6.82439272981445
6.90638847084414
6.88049751098715
6.72604690434312
6.78411298307593
6.63114287703627
6.7474217063972
6.55850301129894
6.44588284610909
6.485929912145
6.53126924773104
6.43488366319233
6.63561463060269
7.0650537577344
7.0432588484723
7.0432588484723
6.95128029656093
6.75055210998701
6.90837979288106
6.87350405914181
7.03669769876074
6.97220606012843
7.13056570178735
7.14070146404018
6.74235276865292
6.74235276865292
6.91745868482046
6.72282353631972
6.73037067025272
6.65726370504703
6.54485222697074
6.51601063110223
6.55609054039557
6.44168679917702
6.65870397009838
6.73840407705076
6.79741978355821
6.83009120719305
7.0582190164456
6.84869071520864
6.8103478033444
7.0450991960695
7.16110242781676
6.97467054433141
6.77889696809913
6.4028318236649
6.67202115300317
6.86729614395609
7.04004364210636
6.66418034544051
6.53465547026463
6.30459188278994
6.33005699148239
6.32479176437109
6.61019728521552
6.8165697082776
7.23592921771655
7.23592921771655
7.43406609759555
7.36052934336174
7.43746056488454
7.79206487257822
8.02051656762976
7.76481405675892
7.85114728264971
7.70481525733424
7.75177565992989
8.07016190925346
8.21506561589841
7.86910597716603
7.30683044799241
7.30118655030026
7.727768200525
7.55126775946385
7.5086192338647
7.82189370415825
7.69508009805362
7.47613420327048
6.99645576917655
6.56360363779532
6.83944402850395
6.69125263278801
6.70094849310983
6.65014671542461
7.14247604233942
7.14247604233942
7.23854594723791
6.99688961042519
6.74983036033948
6.53053864631051
6.49649334429757
6.58242953085876
6.53472083251938
6.7695268414377
6.72533109767564
6.78798062441612
6.57421208030966
6.67373303719963
6.52811224923865
6.47511433898264
6.50028496007679
6.55844923801843
7.04265913014774
7.08765527894848
7.2412881387359
7.2412881387359
7.42870938502445
7.47628891926706
7.44553255752321
7.44254957101882
7.44254957101882
7.4009804673901
7.580241764901
7.38445392208502
7.21919021311563
6.57770187399809
6.81931334852661
6.86499081101314
7.0702355499749
7.36700079109378
7.31413017679211
7.31413017679211
7.54940751699448
7.53384335193919
7.75628382143257
7.35850774441413
7.27063589905726
7.67439418578606
7.46066054926834
7.21909180908644
7.44486658816623
7.05196048309738
6.82000847019027
6.84932888768882
6.84496109631529
7.05651764606326
7.28576720361249
7.13544869880083
6.83898675041175
6.95089228929949
7.03847831550225
6.83814859413731
7.06102784258239
6.60537067804873
6.65594975200774
6.37047091493755
6.36336830125113
6.53932084042757
6.5031169909002
6.43163287041452
6.38809447519485
6.12812193910633
6.1472506346096
6.12630475308929
6.25280323170835
6.2997512963048
6.68790513495258
6.37762311093707
6.0443169074743
5.81254174870277
5.89688824854432
6.04187738318715
6.09415919580937
5.8758489816055
6.00595773003234
5.86344181339467
5.87804963066094
6.01561013242358
5.93169739689081
6.08176642453401
6.05142951701139
6.05857857999762
5.66117497118095
5.67813086245933
5.64520890535485
5.43916078816905
5.51171816436093
5.59813936449365
5.49483001394476
5.62411281251767
5.47427164840311
5.35942648340181
5.19464780351307
5.22045200334325
5.318813652189
5.40567130659248
5.35835112751617
5.28189673086941
5.15170198878098
5.07600979716542
5.11352577606412
5.08039592310796
5.05695912555972
5.06851744453752
5.00765434043158
5.01631706674692
4.84610097985575
4.89316953318082
4.84447637468228
4.75487359221922
4.87332763173908
4.79145793219186
4.78753208963903
4.71581454879215
4.58657321202108
4.57722289179453
4.46600597141257
4.4211806864374
4.44140237567274
4.44746973104908
4.41568972202194
4.32604210814569
4.32355627470964
4.19302036460071
4.26466713762605
4.13999306810788
4.2177526672531
4.2177526672531
4.17251010797978
4.09764854617479
4.11475214886262
4.17412760058197
NA
NA
NA
NA
NA
NA
NA
NA
NA
NA
NA
NA
NA
NA
NA
NA
NA
NA
NA
NA
NA
NA
NA
NA
NA
NA
NA
NA
NA
NA
NA
NA
NA
NA
NA
NA
NA
NA
NA
NA
NA
NA
NA
NA
NA
NA
NA
NA
NA
NA
NA
NA
NA
NA
NA
NA
NA
NA
NA
NA
NA
NA
NA
NA
NA
NA
NA
NA
NA
NA
NA
NA
NA
NA
NA
NA
NA
NA
NA
NA
NA
NA
NA
NA
NA
NA
NA
NA
NA
NA
NA
NA
NA
NA
NA
NA
NA
NA
NA
NA
NA
NA
NA
NA
NA
NA
NA
NA
NA
NA
NA
NA
NA
NA
NA
NA
NA
NA
NA
NA
NA
NA
NA
NA
NA
NA
NA
NA
NA
NA
NA
NA
NA
NA
NA
NA
NA
NA
NA
NA
NA
NA
NA
NA
NA
NA
NA
NA
NA
NA
NA
NA
NA
NA
NA
NA
NA
NA
NA
NA
NA
NA
NA
NA
NA
NA
NA
NA
NA
NA
NA
NA
NA
NA
NA
NA
NA
NA
NA
NA
NA
NA
NA
NA
NA
NA
NA
NA
NA
NA
NA
NA
NA
NA
NA
NA
NA
NA
NA
NA
NA
NA
NA
NA
NA
NA
NA
NA
NA
NA
NA
NA
NA
NA
NA
NA
NA
NA
NA
NA
NA
NA
NA
NA
NA
NA
NA
NA
NA
NA
NA
NA
NA
NA
NA
NA
NA
NA
NA
NA
NA
NA
NA
NA
NA
NA
NA
NA
NA
NA
NA
NA
NA
NA
NA
NA
NA
NA
NA
NA
NA
NA
NA
NA
NA
NA
NA
NA
NA
NA
NA
NA
NA
NA
NA
NA
NA
NA
NA
NA
NA
NA
NA
NA
NA
NA
NA
NA
NA
NA
NA
NA
NA
NA
NA
NA
NA
NA
NA
NA
NA
NA
NA
NA
NA
NA
NA
NA
NA
NA
NA
NA
NA
NA
NA
NA
NA
NA
NA
NA
NA
NA
NA
NA
NA
NA
NA
NA
NA
NA
NA
NA
NA
NA
NA
NA
NA
NA
NA
NA
NA
NA
NA
NA
NA
NA
NA
NA
NA
NA
NA
NA
NA
NA
NA
NA
NA
NA
NA
NA
NA
NA
NA
NA
NA
NA
NA
NA
NA
NA
NA
NA
NA
NA
NA
NA
NA
NA
NA
NA
NA
NA
NA
NA
NA
NA
NA
NA
NA
NA
NA
NA
NA
NA
NA
NA
NA
NA
NA
NA
NA
NA
NA
NA
NA
NA
NA
NA
NA
NA
NA
NA
NA
NA
NA
NA
NA
NA
NA
NA
NA
NA
NA
NA
NA
NA
NA
NA
NA
NA
NA
NA
NA
NA
NA
NA
NA
NA
NA
NA
NA
NA
NA
NA
NA
NA
NA
NA
NA
NA
NA
NA
NA
NA
NA
NA
NA
NA
NA
NA
NA
NA
NA
NA
NA
NA
NA
NA
NA
NA
NA
NA
NA
NA
NA
NA
NA
NA
NA
NA
NA
NA
NA
NA
NA
NA
NA
NA
NA
NA
NA
NA
NA
NA
NA
NA
NA
NA
NA
NA
NA
NA
NA
NA
NA
NA
NA
NA
NA
NA
NA
NA
NA
NA
NA
NA
NA
NA
NA
NA
NA
NA
NA
NA
NA
NA
NA
NA
NA
NA
NA
NA
NA
NA
NA
NA
NA
NA
NA
NA
NA
NA
NA
NA
NA
NA
NA
NA
NA
NA
NA
NA
NA
NA
NA
NA
NA
NA
NA
