12 0.005 8e-04
11.9797387845865 0.00454295348250361 0.000804868363485197
11.9472885830054 0.00396153023160183 0.000802259948060955
11.9372648641544 0.000690431589220151 0.000794658939489353
11.9496160517165 0.000974176800350772 0.000785491479496485
11.9496160517165 0.000974176800350772 0.000785491479496485
11.9182063242682 0.00202613317394717 0.000784174243790185
11.8789917795224 0.00335999756652052 0.00079772479778181
11.9091677148004 0.00390022987991729 0.000784435296996535
11.948219016434 0.00484120984387808 0.000791026194523231
11.830664452509 0.00484955996799935 0.000801352521956245
11.9596290827219 0.00448286939022867 0.000801934084952698
12.1133198058317 0.0041792814867069 0.00080894233931646
12.2431475252573 0.00407253064061324 0.000813177637197425
12.1704672285091 0.00352543828818651 0.000814927644422855
12.2670785857397 0.00307512071352178 0.000820509190907533
12.2282791823579 0.00223606228687994 0.000845661118928897
12.1344496319092 0.00261669529860764 0.000857434294810436
12.0946698910674 0.00321670889492527 0.0008657665738797
12.1608282400963 0.00416733241796644 0.000859063073132
12.1404655805363 0.00389402815276024 0.000870669412517868
12.2344269763063 0.00482431748409811 0.000865268229907432
12.2777987035654 0.00439294739194956 0.00086325555863739
12.2057864564802 0.00182012562676416 0.000841103821360239
12.1577895907131 0.00162483741002154 0.000832574862196747
12.1577895907131 0.00162483741002154 0.000832574862196747
12.1414420176795 0.00280428854743735 0.000815906138274097
12.2510266142577 0.00207199781069111 0.000815237239642039
12.000617368977 0.00298615949513757 0.000828676251838092
11.9844931607571 0.00163487541569912 0.000820499633226942
11.8993926433774 0.00196974320563043 0.000823573676810441
11.791375710435 0.0016061560297158 0.000813923871030163
11.7366354513558 0.00215518492021946 0.00080886116070188
11.5837494679065 0.00243874029640947 0.000807309488247957
11.4462154847195 0.00146915657019795 0.000807963308501926
11.4094847210798 0.00178151452375348 0.000808748944033034
11.4705561041807 0.00145337034178316 0.000801000625992934
11.4094124004982 0.000929386155499602 0.000774252314803773
11.4382075175242 0.000669423964106979 0.000766125755943987
11.5385853531295 5.10820157445714e-05 0.000766792260933077
11.5385853531295 5.10820157445714e-05 0.000766792260933077
11.5559444879825 0.0014897852957959 0.000753468764306522
11.5863163579366 0.0021217500697235 0.000754291067328945
11.5167816112903 0.0019784541786455 0.000767419560704916
11.4643787442562 0.00244543644265202 0.000782909168306027
11.7289624300117 0.00205710014959689 0.000794143895050011
11.8688367908597 0.00143442678461538 0.00079785348300558
11.77664941345 0.00133588151967713 0.000789793750358524
11.7327684714705 0.000403798549804643 0.000796998885671988
11.5674324116134 0.000522989692750701 0.000805130513900289
11.5376072611803 0.00113908855533924 0.000799019616523756
11.6347305750685 0.00152546039213387 0.00080253699638754
11.624799043483 0.00222824319046024 0.000801201119862583
11.6371669272604 0.00145771401778126 0.000811520394266378
11.5002231604254 0.00152054859173922 0.000798073431941157
11.5841745877676 0.00224489624555857 0.000799117375432536
11.6314617442101 0.00299728438836598 0.000784642200074732
11.6371581932025 0.00631636871465174 0.000793243916324029
11.5332393839063 0.00610012211221688 0.000798869523403898
11.5078832131647 0.00445184015231012 0.000788024016947043
11.4792047486398 0.00426636925806001 0.000791194933722157
11.4512149401327 0.00393380567225033 0.000802825756540024
11.5857945014568 0.0037261505263388 0.000800751867754077
11.5203966927856 0.00214627085153556 0.000792055240986858
11.5532877171699 0.00317933289340961 0.000771014868440421
11.580396986843 0.00315482835342822 0.000767587488426891
11.5828973813475 0.00274858630802735 0.000770246270970653
11.6226465742358 0.00312690839766444 0.000777336634466291
11.6226465742358 0.00312690839766444 0.000777336634466291
11.5769913758437 0.00186923616173629 0.000786195658618699
11.5207660379624 0.00224038220379767 0.000782261099601104
11.4506177325688 0.00199553005028044 0.00077415104711001
11.4506177325688 0.00199553005028044 0.00077415104711001
11.4388032657043 0.00231816629281733 0.000779858974484157
11.5064915577737 0.00189814985663966 0.000768737296575464
11.4195992195833 0.00273418037623274 0.000776012444556178
11.269483767524 0.00278554842037038 0.000754745690253056
11.266725166504 0.00341843497821442 0.000760126464166819
11.2571160884629 0.00482274570103196 0.000742524959241917
11.4121143467622 0.00593053684240715 0.000730174823618895
11.4621317969844 0.00590177330680665 0.000731503266790786
11.5651632530296 0.00775065330968485 0.00072959467528496
11.6478157764348 0.00862892011283287 0.000728619554258527
11.6304045716869 0.00910473957656612 0.000722137543656354
11.7097104166831 0.00996297984077183 0.000721511157085647
11.6399093671031 0.006857974391501 0.000721461003313604
11.7003401991378 0.00636713249860498 0.000733545300027428
11.9354435883319 0.00683960514325382 0.00074076144675942
12.0408755850102 0.00732008530031051 0.000735292024780079
12.0408755850102 0.00732008530031051 0.000735292024780079
12.044060148245 0.00897392863120127 0.000751433633383348
11.9959603395929 0.00745216597285519 0.000754420196142625
11.8427111304763 0.00696805961911105 0.000767064000088248
11.8748964197641 0.00734439298493446 0.000767104417691329
11.9090076376437 0.00894296685285758 0.000767260434657047
11.9243136745178 0.0101961188047744 0.000765303483233699
11.8774361067432 0.00962169928820606 0.000770369143706988
11.9384413016034 0.0101844130291588 0.000779933762218006
12.0254202802262 0.0108975628092592 0.00077928899690762
12.0613572331976 0.0104490827222697 0.00078104498184138
12.3599095227211 0.0100294171235418 0.000782034407041386
12.3485089364903 0.0120268957768253 0.000779051129476486
12.3485089364903 0.0120268957768253 0.000779051129476486
12.5202150821755 0.0129469483519822 0.000768789543607536
12.5825322808348 0.0136593589790708 0.000789055870220304
12.4876563099006 0.0150464451287632 0.000783031451583147
12.5772380704577 0.0143322151088757 0.000791903585590534
12.5347421487771 0.0149823111574897 0.000780554018098244
12.445223581601 0.0145345168725003 0.000788509471962297
12.4733475880167 0.0154404700984866 0.000775481061809495
12.5412358130824 0.0157878459498516 0.000782204964729009
12.4861614656103 0.0156198106076836 0.000792715876539476
12.6345242485699 0.015345919174734 0.000803637415162657
12.7390019317101 0.0168983305146695 0.000792770054300558
12.6018521944138 0.017161144412222 0.000791094420638986
12.6780136099074 0.0165700317607885 0.000803067940421046
12.7519876507191 0.0178707679679845 0.000798217337587824
12.7519876507191 0.0178707679679845 0.000798217337587824
12.9597385441883 0.0184778380908058 0.000794271614021473
12.8925058443745 0.0181115840502123 0.000781883312070268
12.8925058443745 0.0181115840502123 0.000781883312070268
12.8993312229327 0.0200561894068849 0.00078355170196148
12.8245606652432 0.0211289447419062 0.00079503124535408
12.8245606652432 0.0211289447419062 0.00079503124535408
12.8993982290851 0.0211805683696366 0.000788473799089307
12.6775519219481 0.0204513952636478 0.000796432038194926
12.6190665745722 0.0206066807369572 0.000775317045387697
12.6491369991266 0.0202232190067991 0.000788358386926444
12.6433256449946 0.0198438566675554 0.000776470094868734
12.6956247623877 0.0203916159029422 0.000764048878743629
12.4937853068899 0.019596634892833 0.000770786194527538
12.4420606200207 0.0194149772241068 0.000758981864281615
12.5391970179577 0.019971201143408 0.000753851298424725
12.3542150748738 0.0198708419707508 0.000765114160687709
12.2066424349695 0.0198322528486323 0.000755466575336707
12.4199959334351 0.0200722830659876 0.000756915620682614
12.4493947443694 0.0213099600298685 0.000744397385200994
12.3164499317811 0.0217663574767413 0.000751687564373452
12.3457559181512 0.0223896249675648 0.000751609451936918
12.1268722304784 0.022782089392258 0.000762817096540157
12.0615224895213 0.0219849297111508 0.000761676555510164
12.1206150484755 0.0212969562441359 0.000777613746439204
12.167190861435 0.0214394659877105 0.000807800715427236
12.2458254622095 0.0225943027619784 0.000803551340708155
12.2458254622095 0.0225943027619784 0.000803551340708155
12.2458254622095 0.0225943027619784 0.000803551340708155
12.1743235934321 0.0222881426139508 0.000797425087112072
12.1360199802408 0.0220251699373808 0.000807193038776615
12.1428927829182 0.023477537235867 0.000809792427112279
12.3518080732591 0.0236459133430478 0.000807076392982058
12.4490110460941 0.0249614693011466 0.000800090630310782
12.2496486572524 0.0248238908081694 0.000810136850761691
12.2414224010538 0.0256869578834429 0.000795395312365784
12.1465964825913 0.0265215329327644 0.000788996584276982
12.1379389786143 0.0272291294207162 0.000775812412797206
12.1076295326958 0.0258130250407919 0.000754627190671386
12.0630910909098 0.0261930117321808 0.000760434384207735
12.1408149724874 0.0263890834478759 0.000760225510254007
12.1456286827179 0.0267142343816357 0.000754707403545225
12.1183301762419 0.0263296147746246 0.000740747028963021
12.1183301762419 0.0263296147746246 0.000740747028963021
12.0635393989406 0.0271341277306511 0.000741170104411551
12.0635393989406 0.0271341277306511 0.000741170104411551
12.1596644741877 0.0295851860358318 0.000755126148380985
12.2138868729663 0.0291689875043478 0.000777252304274029
12.2515941255247 0.0283476056548131 0.000758876320441056
12.3991565497641 0.0285313722723111 0.000751896946548534
12.2196337046457 0.0280450969098118 0.00075258216743584
12.2166977356764 0.0269832537931144 0.000753185984759258
12.2999509545285 0.0240304538369876 0.00074942929498787
12.3867445907338 0.0246064046947958 0.000739065171565565
12.4519333655176 0.0229708359577161 0.000727590474507867
12.5561517480178 0.0243953289031333 0.000720872932572535
12.5561517480178 0.0243953289031333 0.000720872932572535
12.6878287089973 0.0254286545348675 0.000732253973588579
12.5662313868031 0.0273719011388785 0.000733500698418792
12.4051644292104 0.0268824030977196 0.000752859755572341
12.4051644292104 0.0268824030977196 0.000752859755572341
12.4694836089093 0.0299222952026956 0.000767341987287688
12.5499769067802 0.0293584021898873 0.00076835381915297
12.6328449930972 0.0282710390653452 0.000765415575065003
12.7635255098597 0.0295059226967714 0.000780764853706209
12.7193278246887 0.0303000562096484 0.000782559920000394
12.675930637507 0.0307500689899381 0.000801215884305695
12.7498712394978 0.0297945293010916 0.00079833177181569
12.6953204236921 0.0296338179513403 0.000798439443970324
12.5949450064051 0.0292308602522424 0.000803355255399275
12.7110519714759 0.0285786454041341 0.000798093283500559
12.763186463622 0.0275691395525701 0.000796347042430205
12.7118853315269 0.0257779403998987 0.000791606044892782
12.6633550186609 0.0260267711346775 0.000783131870726555
12.7217978051307 0.0257500154078224 0.000774282492917463
12.9426920274631 0.0272629461429194 0.000778397099479288
12.9472633483028 0.0275661877805497 0.000776762682220913
13.0930399778977 0.0280367209171738 0.00076938478555564
13.0141061357903 0.0278593337562466 0.000770525041312622
13.0932831754622 0.026233629074407 0.000775927198872432
12.9553796480436 0.0266811941784801 0.000785870785464501
12.8046599663454 0.0266577543902934 0.000785624100344692
12.5120932692596 0.026992685934079 0.000784366928835308
12.5350694814936 0.0256137178946159 0.000767180370402196
12.5459544696803 0.0270148230410007 0.00076925734682317
12.4555156809994 0.0268533441556154 0.000773007004494421
12.5529796634776 0.0252937172212192 0.000755200206051352
12.5772394963789 0.0239408298894314 0.000759886667161395
12.8249161682043 0.0248392934538328 0.000748504417112224
12.7936509918959 0.0247145317094584 0.000767425481299723
12.7114090746307 0.0256629945316854 0.000765684248008946
12.6550022461813 0.0243440786054487 0.00076050995215786
12.6296970385531 0.0255016437806497 0.0007522548406241
12.6783964570719 0.0261999519892659 0.000757361356174963
12.7155630676043 0.0267204791617112 0.00076156528666629
12.8077023341316 0.0265643640466214 0.000768564786706324
12.7584729099608 0.0257654333291916 0.000760445162244641
12.8928777888331 0.025415825334428 0.000764877974307771
12.8795137441915 0.0240894719453442 0.000756627344475509
12.8198566477504 0.0232220224412287 0.000754524019684659
12.7592169242706 0.0227477382709383 0.000767937360617097
12.6601248020229 0.0235038639122416 0.000761675021947506
12.7127379771163 0.0214033478056761 0.000774302678484687
12.7127379771163 0.0214033478056761 0.000774302678484687
12.7062027350742 0.0210167904390252 0.000774021502817755
12.6547753818416 0.0203151820911726 0.00077519541188868
12.5693637007971 0.0207512692569836 0.000788757884464764
12.5406797638156 0.0204510647464392 0.000787428042692234
12.6616859823919 0.0209749928793937 0.000789422549631871
12.6184482281807 0.0196415878940281 0.000784676524785381
12.6134057396247 0.0205321425236789 0.000792871080275813
12.5656153080687 0.0212222403800487 0.000798458553764995
12.6268206246872 0.0207635829084473 0.000798376359447718
12.7110916125632 0.0203154588647688 0.000803740799099362
12.5077655780536 0.0196798293636669 0.000806384066309296
12.6883461551887 0.0194594919324399 0.000794512221654485
12.8231550253576 0.0186701716520297 0.000783156164636008
12.7331586923153 0.0180520911895459 0.000782988678916166
12.7331586923153 0.0180520911895459 0.000782988678916166
12.710128160644 0.0183347046934437 0.000787263083020945
12.7008729334069 0.0192195658685947 0.000792942436206166
12.6205221736496 0.018766742001088 0.000784413029669135
12.6664297894004 0.0188279299665403 0.000789665906122718
12.5293888048459 0.0176077143528228 0.000780051505631569
12.5719056756744 0.0176211593110262 0.000783176791413679
12.3374464605419 0.0176610529520539 0.000771662798711991
12.4492858298062 0.0178592988605804 0.000771984494275981
12.4059466270798 0.0193643221479822 0.000783034668742834
12.4059466270798 0.0193643221479822 0.000783034668742834
12.6081163271401 0.0198056182909794 0.000779536247608444
12.6242987650779 0.0201760478961146 0.000792018584780684
12.6500643635624 0.0197537281326916 0.000790405217723009
12.6667619599514 0.0195683003030937 0.000800925647185588
12.6058483934556 0.0208686874244884 0.000794461078771185
12.6510247959067 0.019853616996378 0.000803979962765412
12.7145757570742 0.0196881510372507 0.000805436375116742
12.6321091514371 0.0197082830135917 0.000804314770167547
12.6237215829487 0.0204032088618968 0.000791436818218107
12.6556080114503 0.0200354177985674 0.000787732582016575
12.6475220129612 0.0207786535881654 0.00078210078755769
12.5659074370312 0.0210523434099087 0.000771845855946011
12.7065395707577 0.0199079294700429 0.000774995480784884
12.5965799027646 0.0209278335722791 0.000775878827880746
12.6454609142948 0.0215580462439537 0.000770397342751063
12.6830165959782 0.0213112767561836 0.000755624495045741
12.8594510967977 0.0212039810490862 0.000759162389842967
12.9690863003144 0.0230490945252384 0.000759821376201894
12.8056563170503 0.0211879799369153 0.000777181527846807
12.8203235646527 0.0206833334581132 0.000804116732010672
12.8223430075791 0.0194288428217507 0.000802631845888419
13.1178638289893 0.0186021794634351 0.0007929673755849
13.0150162130816 0.0182277635954683 0.000790338575046908
13.0757303660017 0.0194183366016727 0.000802905839914834
13.0205732242506 0.0195553304350014 0.000807180162884213
13.0190670600227 0.0201214317647992 0.000823454847176911
12.9902111877288 0.0202203478970084 0.000821273196070551
12.8349943305507 0.0200392041818505 0.000815757561211094
12.930839779596 0.0207130601713478 0.000792349003502473
12.898848804622 0.0195122080660206 0.000786053454442164
12.909434468412 0.0188510362654777 0.000775307748071214
12.909434468412 0.0188510362654777 0.000775307748071214
12.903257909524 0.018111278344871 0.000764434656537526
13.0726131664744 0.0197421720914492 0.000765186436299337
13.0805174132362 0.0197656941408431 0.000752798429033778
13.1454090454716 0.0207643304173357 0.000737232546620753
13.2430810595333 0.0206321637736137 0.000725783178559615
13.0578371114217 0.0224470385181244 0.000729101820619968
13.0772198524525 0.0222170707958126 0.000724754642801976
13.062504182146 0.022195032652449 0.000726211197466619
12.891518237823 0.0213039702460083 0.00071490647450304
13.0000237174621 0.0210082023673683 0.000714629485808611
13.0371048752371 0.0215756505689711 0.000714486799522642
13.0838653539869 0.0224719666884715 0.000720301373875594
12.9986787619583 0.0245183201346401 0.000734523234881348
13.0760173836366 0.0234361965817381 0.000738315833782201
13.1261924484451 0.0224809367800918 0.000729432587752004
13.1042302475818 0.0233891113025771 0.000737341968500533
13.2055448453019 0.0239597610407189 0.00073231369985208
13.4586020265148 0.023773833426744 0.000720903050926221
13.4812074090208 0.0229567143407177 0.000732108104152732
13.6168756517278 0.021967505862338 0.000743063429083552
13.5904235525522 0.0228008629151264 0.000762698587948816
13.7606222789364 0.0234475517906025 0.000779191885382436
13.8556982144419 0.0226417304135541 0.000765017357274579
13.8477238538438 0.0231278233678261 0.00076539067606606
13.8895531226554 0.0245021731331566 0.00076030333231609
13.7725425519893 0.0253783776415059 0.000757564345188263
13.8351406609932 0.0243575350437603 0.000742049432704048
13.8351406609932 0.0243575350437603 0.000742049432704048
13.782324084325 0.0240766181037888 0.000738018471257727
13.926200755451 0.0248789148364611 0.00074497563127818
13.8506503933016 0.0251083507546773 0.000758245233886472
13.9286597889985 0.0261270557520336 0.000765132073840414
13.8904197095687 0.0266153801003561 0.000755203154324149
13.8302844802313 0.0267696696658963 0.000757269843574627
13.6675812446806 0.0272525332203194 0.000753598702066956
13.5211122610997 0.0267727752403601 0.00075016270906251
13.7070964008377 0.0266653250881024 0.000746386757730685
13.7323960976123 0.02726969732174 0.000739719952471391
13.780478362408 0.0286365649576996 0.000738445652223202
13.9494060911446 0.0283046452438769 0.000737822601050042
13.9453159491726 0.0293085389100048 0.000739048619514118
13.8048146600574 0.0285483008723952 0.000747888776490973
13.9638411413801 0.0269118089002565 0.000754186063533823
13.9516618788518 0.0261418779635757 0.00075783679291922
13.8204417997474 0.0264127142275872 0.000736828067125609
13.6649113872086 0.024397000482087 0.000739690893230763
13.602641478736 0.0236496729999576 0.000743462283055791
13.602641478736 0.0236496729999576 0.000743462283055791
13.6548129323432 0.0230897437473303 0.000738049804279016
13.547868272463 0.0241661769134522 0.000732215779422292
13.594350894199 0.0241085404845082 0.000727986463376446
13.6204050820276 0.022530116858116 0.00074050623656683
13.6204050820276 0.022530116858116 0.00074050623656683
13.587466101511 0.0235147590770721 0.00073791415023739
13.6318234900349 0.0240282873303628 0.00072862662716036
13.7211537358031 0.0224170077828452 0.000738535633362446
13.766656916407 0.0231347502419622 0.000745537443817654
13.7136827516881 0.0252418876167799 0.000754298345450026
13.8392874502751 0.0238676562403901 0.000757261831669452
13.9162284776557 0.0238210427220994 0.000753714071612702
13.8462031624282 0.0248570616881861 0.000736041871432016
13.7820172536003 0.0242207879630833 0.000733659340980523
13.8436521829021 0.0253768796092627 0.000726767082091797
13.8436521829021 0.0253768796092627 0.000726767082091797
13.819373348438 0.0256786270164033 0.000715110324439012
13.7633159195296 0.0257755805284475 0.000719930733055343
13.860569478136 0.0237264556535658 0.000721375899851919
13.8649684837524 0.0246225982552945 0.000724548674013887
13.9640674474015 0.0235033511006027 0.000732387657627771
13.9794336306788 0.0230004973775304 0.00072491324670481
13.9964941335801 0.0214461943886852 0.0007396171689492
14.0060550384698 0.0216053663487099 0.000747203287140819
13.9041245206545 0.0221237599592565 0.000746612155536642
13.9434622843044 0.0220647609443311 0.000754201573877552
13.8831312039871 0.0210013327228011 0.00077106405841329
13.7445827099468 0.0208800226792897 0.000778329429234807
13.6546181461654 0.0209260559485798 0.000777901399150729
13.5431365254681 0.0200457482883598 0.000771343494447208
13.5326799053251 0.0188778786232096 0.00077335512620428
13.4610727548161 0.0190334517117736 0.000775065270939869
13.4895728089438 0.0187698646977752 0.000796952242307797
13.4393719663931 0.0187599068688153 0.00078421087010554
13.4552384022896 0.0179659686103334 0.000784049205231805
13.6982567737324 0.0179861304905384 0.000794240514186957
13.8737866986254 0.0180946851572491 0.000787470030389292
13.9575170639981 0.0192433828612757 0.000791375315364673
14.0411751298127 0.0194897603278313 0.000791442627428045
14.0544142171408 0.02072488806295 0.000794168010549596
14.0937842773069 0.0218154333968665 0.00079211164837905
14.2110667478837 0.0198780873158699 0.000789074305646167
14.1759250836712 0.0216072628258744 0.000786521658038775
14.1641144965233 0.0215113611995497 0.000787425512539263
14.2932768162952 0.0208874306524015 0.000793451677213287
14.236039783911 0.0210727883678481 0.000813318066907177
14.2928966407153 0.0208154977542466 0.000811469802481807
14.242736099213 0.0207243017399312 0.000813598863684851
14.2475676867664 0.0200420599024633 0.000812054529332945
14.2982347733057 0.0193071106888749 0.000816817752437335
14.2793095112653 0.0187106088461801 0.000791532061854932
14.1810253709438 0.0196293645902184 0.000805112017574062
13.973622953962 0.0207876985830131 0.000826043833325151
13.88338659238 0.0202183908237003 0.000850937336690872
13.933328287034 0.0206899806888366 0.000839083745703416
13.8904330077178 0.0191180456582202 0.000845083104564259
13.8099835095999 0.0191971693665953 0.000844326946070723
13.8436179005224 0.0194494821909484 0.000850665258902962
13.7580727698923 0.020277644456083 0.000841686572195047
13.8045769561293 0.020942097990583 0.000847256365292153
13.8284537782488 0.0209319463955718 0.000841906036990747
13.8517908324442 0.0178763894387413 0.000848911918562684
13.9488607588172 0.0177246884650955 0.000847988235310187
13.8127238350796 0.0176598738492379 0.000840125610201863
13.6624269152476 0.0179909270650057 0.000851446450869185
13.551641203963 0.0186449853959706 0.000850023548929897
13.665526641535 0.0194659572191595 0.000873693909216108
13.6995850010253 0.0184968453604617 0.000883126071557653
13.6996857830475 0.0180054952276953 0.000887995313541992
13.7681124163374 0.0184338609240503 0.000904396489677352
13.7843721196003 0.0174178852038182 0.000901070175852847
14.0108083990509 0.0171616737132224 0.000891996538769892
13.9676666085933 0.0181343543707759 0.000893469965274401
14.0509755924758 0.0178931337325469 0.00088645149556449
14.2095913832168 0.0188890047142306 0.00088795796118519
14.3405118108098 0.0215270572440478 0.000883487611926349
14.3899657039976 0.0213333643162081 0.000902456345401164
14.5105359358706 0.0214016263776346 0.000890536762056543
14.5049122149213 0.0187406139674253 0.000899078838634347
14.2635076579388 0.0182916803396633 0.000896929544045002
14.1271985594699 0.0197676003244171 0.000898890782267198
14.2115123961629 0.0199216228694348 0.000903121012686778
14.1342139751297 0.0213231777418351 0.000917108412773167
14.0327487302811 0.0230455362342695 0.000915250237500877
13.9600915419526 0.0230405523691733 0.000910547176347115
14.1020178496738 0.0243472834549779 0.000897360768400508
14.2648306021076 0.0256702879845344 0.000896495316960475
14.2632723599159 0.025093414595013 0.000894170914839903
14.2155652423959 0.0252592827435852 0.000904486865572396
14.2068835699585 0.026739995017559 0.000894661681175301
14.3238310024985 0.0273299336289965 0.000900154761114941
14.4534920212432 0.0261908225106727 0.000900740147670024
14.4820234050093 0.0262709133023486 0.000910340002580981
14.4303805366947 0.0259869881435732 0.000919644969100328
14.3880094770496 0.0254289729072983 0.000915041256723374
14.5348319508858 0.0248839384777316 0.00092316804294848
14.651095114314 0.0229565435835289 0.000938495005788802
14.6836190969584 0.0236836253727959 0.000952378776975125
14.6267853648655 0.0235469084709381 0.000964844856726723
14.8192882915084 0.0242954725582938 0.000958098379897761
14.8737988638504 0.025094791715594 0.000973157702190466
14.7078104153041 0.0260092522166128 0.000980235984660984
14.6068469076201 0.0262755054275082 0.000976035419256356
14.5143824429943 0.0274609443969788 0.000969701439632744
14.4581451531871 0.0290680976223546 0.00096123815946924
14.4815629040079 0.0310859234064882 0.000962558629561022
14.5683667556762 0.0305643136579764 0.000961562977092558
14.5074523264564 0.0320627698168889 0.000971984830682895
14.6597044427829 0.0329908784571436 0.000955076776582261
14.9655997206204 0.034787356749391 0.000961800941191459
14.9030962597425 0.0343630758489973 0.000945667522599824
14.9030962597425 0.0343630758489973 0.000945667522599824
14.9515257426926 0.0339150099074135 0.00096349480480216
14.9175960097493 0.0335904731962906 0.000974282057526845
14.8684503136899 0.0343096042386851 0.000975039568706449
14.8395141236787 0.0339421140898297 0.000963061601055885
NA NA NA
NA NA NA
NA NA NA
NA NA NA
NA NA NA
NA NA NA
NA NA NA
NA NA NA
NA NA NA
NA NA NA
NA NA NA
NA NA NA
NA NA NA
NA NA NA
NA NA NA
NA NA NA
NA NA NA
NA NA NA
NA NA NA
NA NA NA
NA NA NA
NA NA NA
NA NA NA
NA NA NA
NA NA NA
NA NA NA
NA NA NA
NA NA NA
NA NA NA
NA NA NA
NA NA NA
NA NA NA
NA NA NA
NA NA NA
NA NA NA
NA NA NA
NA NA NA
NA NA NA
NA NA NA
NA NA NA
NA NA NA
NA NA NA
NA NA NA
NA NA NA
NA NA NA
NA NA NA
NA NA NA
NA NA NA
NA NA NA
NA NA NA
NA NA NA
NA NA NA
NA NA NA
NA NA NA
NA NA NA
NA NA NA
NA NA NA
NA NA NA
NA NA NA
NA NA NA
NA NA NA
NA NA NA
NA NA NA
NA NA NA
NA NA NA
NA NA NA
NA NA NA
NA NA NA
NA NA NA
NA NA NA
NA NA NA
NA NA NA
NA NA NA
NA NA NA
NA NA NA
NA NA NA
NA NA NA
NA NA NA
NA NA NA
NA NA NA
NA NA NA
NA NA NA
NA NA NA
NA NA NA
NA NA NA
NA NA NA
NA NA NA
NA NA NA
NA NA NA
NA NA NA
NA NA NA
NA NA NA
NA NA NA
NA NA NA
NA NA NA
NA NA NA
NA NA NA
NA NA NA
NA NA NA
NA NA NA
NA NA NA
NA NA NA
NA NA NA
NA NA NA
NA NA NA
NA NA NA
NA NA NA
NA NA NA
NA NA NA
NA NA NA
NA NA NA
NA NA NA
NA NA NA
NA NA NA
NA NA NA
NA NA NA
NA NA NA
NA NA NA
NA NA NA
NA NA NA
NA NA NA
NA NA NA
NA NA NA
NA NA NA
NA NA NA
NA NA NA
NA NA NA
NA NA NA
NA NA NA
NA NA NA
NA NA NA
NA NA NA
NA NA NA
NA NA NA
NA NA NA
NA NA NA
NA NA NA
NA NA NA
NA NA NA
NA NA NA
NA NA NA
NA NA NA
NA NA NA
NA NA NA
NA NA NA
NA NA NA
NA NA NA
NA NA NA
NA NA NA
NA NA NA
NA NA NA
NA NA NA
NA NA NA
NA NA NA
NA NA NA
NA NA NA
NA NA NA
NA NA NA
NA NA NA
NA NA NA
NA NA NA
NA NA NA
NA NA NA
NA NA NA
NA NA NA
NA NA NA
NA NA NA
NA NA NA
NA NA NA
NA NA NA
NA NA NA
NA NA NA
NA NA NA
NA NA NA
NA NA NA
NA NA NA
NA NA NA
NA NA NA
NA NA NA
NA NA NA
NA NA NA
NA NA NA
NA NA NA
NA NA NA
NA NA NA
NA NA NA
NA NA NA
NA NA NA
NA NA NA
NA NA NA
NA NA NA
NA NA NA
NA NA NA
NA NA NA
NA NA NA
NA NA NA
NA NA NA
NA NA NA
NA NA NA
NA NA NA
NA NA NA
NA NA NA
NA NA NA
NA NA NA
NA NA NA
NA NA NA
NA NA NA
NA NA NA
NA NA NA
NA NA NA
NA NA NA
NA NA NA
NA NA NA
NA NA NA
NA NA NA
NA NA NA
NA NA NA
NA NA NA
NA NA NA
NA NA NA
NA NA NA
NA NA NA
NA NA NA
NA NA NA
NA NA NA
NA NA NA
NA NA NA
NA NA NA
NA NA NA
NA NA NA
NA NA NA
NA NA NA
NA NA NA
NA NA NA
NA NA NA
NA NA NA
NA NA NA
NA NA NA
NA NA NA
NA NA NA
NA NA NA
NA NA NA
NA NA NA
NA NA NA
NA NA NA
NA NA NA
NA NA NA
NA NA NA
NA NA NA
NA NA NA
NA NA NA
NA NA NA
NA NA NA
NA NA NA
NA NA NA
NA NA NA
NA NA NA
NA NA NA
NA NA NA
NA NA NA
NA NA NA
NA NA NA
NA NA NA
NA NA NA
NA NA NA
NA NA NA
NA NA NA
NA NA NA
NA NA NA
NA NA NA
NA NA NA
NA NA NA
NA NA NA
NA NA NA
NA NA NA
NA NA NA
NA NA NA
NA NA NA
NA NA NA
NA NA NA
NA NA NA
NA NA NA
NA NA NA
NA NA NA
NA NA NA
NA NA NA
NA NA NA
NA NA NA
NA NA NA
NA NA NA
NA NA NA
NA NA NA
NA NA NA
NA NA NA
NA NA NA
NA NA NA
NA NA NA
NA NA NA
NA NA NA
NA NA NA
NA NA NA
NA NA NA
NA NA NA
NA NA NA
NA NA NA
NA NA NA
NA NA NA
NA NA NA
NA NA NA
NA NA NA
NA NA NA
NA NA NA
NA NA NA
NA NA NA
NA NA NA
NA NA NA
NA NA NA
NA NA NA
NA NA NA
NA NA NA
NA NA NA
NA NA NA
NA NA NA
NA NA NA
NA NA NA
NA NA NA
NA NA NA
NA NA NA
NA NA NA
NA NA NA
NA NA NA
NA NA NA
NA NA NA
NA NA NA
NA NA NA
NA NA NA
NA NA NA
NA NA NA
NA NA NA
NA NA NA
NA NA NA
NA NA NA
NA NA NA
NA NA NA
NA NA NA
NA NA NA
NA NA NA
NA NA NA
NA NA NA
NA NA NA
NA NA NA
NA NA NA
NA NA NA
NA NA NA
NA NA NA
NA NA NA
NA NA NA
NA NA NA
NA NA NA
NA NA NA
NA NA NA
NA NA NA
NA NA NA
NA NA NA
NA NA NA
NA NA NA
NA NA NA
NA NA NA
NA NA NA
NA NA NA
NA NA NA
NA NA NA
NA NA NA
NA NA NA
NA NA NA
NA NA NA
NA NA NA
NA NA NA
NA NA NA
NA NA NA
NA NA NA
NA NA NA
NA NA NA
NA NA NA
NA NA NA
NA NA NA
NA NA NA
NA NA NA
NA NA NA
NA NA NA
NA NA NA
NA NA NA
NA NA NA
NA NA NA
NA NA NA
NA NA NA
NA NA NA
NA NA NA
NA NA NA
NA NA NA
NA NA NA
NA NA NA
NA NA NA
NA NA NA
NA NA NA
NA NA NA
NA NA NA
NA NA NA
NA NA NA
NA NA NA
NA NA NA
NA NA NA
NA NA NA
NA NA NA
NA NA NA
NA NA NA
NA NA NA
NA NA NA
NA NA NA
NA NA NA
NA NA NA
NA NA NA
NA NA NA
NA NA NA
NA NA NA
NA NA NA
NA NA NA
NA NA NA
NA NA NA
NA NA NA
NA NA NA
NA NA NA
NA NA NA
NA NA NA
NA NA NA
NA NA NA
NA NA NA
NA NA NA
NA NA NA
NA NA NA
NA NA NA
NA NA NA
NA NA NA
NA NA NA
NA NA NA
NA NA NA
NA NA NA
NA NA NA
NA NA NA
NA NA NA
NA NA NA
NA NA NA
NA NA NA
NA NA NA
NA NA NA
NA NA NA
NA NA NA
NA NA NA
NA NA NA
NA NA NA
NA NA NA
NA NA NA
NA NA NA
NA NA NA
NA NA NA
NA NA NA
NA NA NA
NA NA NA
NA NA NA
NA NA NA
NA NA NA
NA NA NA
NA NA NA
NA NA NA
NA NA NA
NA NA NA
NA NA NA
NA NA NA
NA NA NA
NA NA NA
NA NA NA
NA NA NA
NA NA NA
NA NA NA
NA NA NA
NA NA NA
NA NA NA
NA NA NA
NA NA NA
NA NA NA
NA NA NA
NA NA NA
NA NA NA
NA NA NA
NA NA NA
NA NA NA
NA NA NA
NA NA NA
NA NA NA
NA NA NA
NA NA NA
NA NA NA
NA NA NA
NA NA NA
NA NA NA
NA NA NA
NA NA NA
NA NA NA
NA NA NA
NA NA NA
NA NA NA
NA NA NA
NA NA NA
NA NA NA
NA NA NA
NA NA NA
NA NA NA
NA NA NA
NA NA NA
NA NA NA
NA NA NA
NA NA NA
NA NA NA
NA NA NA
NA NA NA
NA NA NA
NA NA NA
NA NA NA
NA NA NA
NA NA NA
NA NA NA
NA NA NA
NA NA NA
NA NA NA
NA NA NA
NA NA NA
NA NA NA
NA NA NA
NA NA NA
NA NA NA
NA NA NA
NA NA NA
NA NA NA
NA NA NA
NA NA NA
NA NA NA
NA NA NA
NA NA NA
NA NA NA
NA NA NA
NA NA NA
NA NA NA
NA NA NA
NA NA NA
NA NA NA
NA NA NA
NA NA NA
NA NA NA
NA NA NA
