0.448
0.42
0.001
0.002
0.005
0.001
0.461
0.354
0.436
0.001
0.348
0.437
0.122
0.239
0.621
0.007
0.395
0.508
0.428
0.003
0.39
0.001
0.001
0.433
0.001
0.341
0.372
0.001
0.001
0.229
0.652
0.61
0.257
0.003
0.484
0.169
0.001
0.001
0.297
0.246
0.348
0.391
0.002
0.479
0.327
0.01
0.356
0.001
0.596
0.28
0.001
0.001
0.001
0.451
0.537
0.224
0.473
0.002
0.417
0.231
0.214
0.001
0.404
0.328
0.192
0.003
0.001
0.457
0.22
0.001
0.455
0.593
0.682
0.003
0.302
0.637
0.141
0.075
0.512
0.001
0.001
0.525
0.654
0.503
0.518
0.144
0.006
0.504
0.065
0.005
0.528
0.368
0.312
0.432
0.688
0.006
0.218
0.618
0.001
0.401
0.406
0.581
0.489
0.09
0.392
0.181
0.001
0.395
0.094
0.213
0.001
0.631
0.391
0.469
0.001
0.451
0.054
0.234
0.149
0.465
0.082
0.625
0.333
0.263
0.001
0.172
0.453
0.001
0.473
0.519
0.641
0.619
0.637
0.379
0.003
0.316
0.113
0.629
0.201
0.637
0.644
0.101
0.371
0.002
0.641
0.296
0.526
0.121
0.348
0.521
0.003
0.251
0.528
0.448
0.001
0.591
0.001
0.507
0.002
0.566
0.262
0.519
0.131
0.271
0.275
0.134
0.563
0.082
0.446
0.003
0.393
0.461
0.204
0.416
0.288
0.507
0.486
0.001
0.637
0.47
0.303
0.471
0.002
0.367
0.003
0.255
0.481
0.003
0.201
0.205
0.291
0.447
0.576
0.002
0.084
0.248
0.469
0.567
0.205
0.571
0.259
0.489
0.003
0.001
0.219
0.006
0.349
0.001
0.001
0.406
0.491
0.484
0.002
0.561
0.637
0.13
0.494
0.581
0.7
0.411
0.386
0.001
0.39
0.35
0.221
0.519
0.309
0.004
0.154
0.256
0.457
0.513
0.191
0.485
0.075
0.525
0.001
0.002
0.001
0.646
0.208
0.001
0.245
0.557
0.002
0.588
0.001
0.645
0.231
0.567
0.005
0.001
0.395
0.004
0.001
0.29
0.275
0.003
0.356
0.001
0.001
0.141
0.28
0.001
0.661
0.002
0.159
0.523
0.119
0.542
0.452
0.001
0.251
0.37
0.418
0.42
0.151
0.303
0.253
0.572
0.078
0.105
0.216
0.089
0.003
0.001
0.004
0.209
0.736
0.233
0.498
0.002
0.001
0.405
0.541
0.299
0.398
0.381
0.31
0.006
0.001
0.258
0.429
0.523
0.464
0.001
0.052
0.398
0.274
0.364
0.407
0.563
0.097
0.483
0.335
0.458
0.44
0.49
0.599
0.553
0.278
0.58
0.461
0.547
0.524
0.001
0.645
0.006
0.188
0.387
0.411
0.001
0.053
0.236
0.002
0.302
0.001
0.376
0.35
0.166
0.205
0.005
0.524
0.453
0.135
0.001
0.453
0.23
0.615
0.242
0.002
0.383
0.001
0.461
0.563
0.528
0.468
0.525
0.373
0.002
0.466
0.002
0.001
0.533
0.002
0.192
0.001
0.659
0.156
0.343
0.001
0.388
0.437
0.001
0.001
0.327
0.778
0.001
0.546
0.605
0.172
0.453
0.46
0.318
0.15
0.231
0.001
0.576
0.002
0.191
0.004
0.002
0.001
0.637
0.446
0.628
0.503
0.298
0.568
0.463
0.376
0.004
0.001
0.002
0.466
0.488
0.011
0.37
0.001
0.001
0.422
0.551
0.614
0.288
0.538
0.305
0.49
0.495
0.002
0.001
0.627
0.505
0.436
0.674
0.399
0.572
0.001
0.105
0.4
0.003
0.334
0.262
0.004
0.261
0.005
0.004
0.633
0.239
0.187
0.133
0.422
0.499
0.004
0.56
0.001
0.4
0.001
0.473
0.106
0.234
0.088
0.002
0.6
0.002
0.399
0.001
0.549
0.459
0.002
0.635
0.028
0.002
0.626
0.455
0.663
0.323
0.668
0.15
0.129
0.439
0.484
0.121
0.41
0.536
0.26
0.705
0.343
0.068
0.509
0.001
0.054
0.52
0.001
0.304
0.639
0.001
0.46
0.201
0.483
0.218
0.116
0.342
0.497
0.269
0.261
0.412
0.01
0.041
0.432
0.139
0.071
0.381
0.379
0.35
0.314
0.571
0.324
0.454
0.376
0.523
0.482
0.446
0.001
0.295
0.001
0.023
0.37
0.051
0.001
0.681
0.004
0.792
0.353
0.314
0.554
0.532
0.538
0.412
0.611
0.04
0.029
0.239
0.673
0.615
0.282
0.002
0.73
0.479
0.604
0.365
0.477
0.003
0.227
0.022
0.384
0.422
0.141
0.474
0.357
0.001
0.61
0.373
0.368
0.299
0.715
0.514
0.494
0.154
0.001
0.001
0.001
0.38
0.408
0.331
0.587
0.142
0.525
0.348
0.315
0.554
0.472
0.471
0.599
0.091
0.455
0.233
0.48
0.15
0.002
0.323
0.661
0.074
0.404
0.193
0.579
0.128
0.322
0.619
0.395
0.002
0.517
0.001
0.574
0.392
0.368
0.361
0.604
0.002
0.328
0.003
0.332
0.154
0.104
0.563
0.412
0.458
0.228
0.001
0.001
0.363
0.723
0.208
0.274
0.341
0.263
0.411
0.579
0.001
0.003
0.006
0.187
0.24
0.003
0.471
0.423
0.272
0.008
0.001
0.002
0.032
0.191
0.662
0.191
0.001
0.616
0.001
0.556
0.582
0.191
0.002
0.439
0.661
0.509
0.043
0.575
0.461
0.443
0.317
0.003
0.001
0.001
0.339
0.193
0.002
0.382
0.002
0.588
0.03
0.272
0.001
0.431
0.45
0.445
0.002
0.001
0.049
0.469
0.385
0.003
0.002
0.002
0.268
0.001
0.14
0.001
0.14
0.412
0.129
0.433
0.455
0.149
0.235
0.679
0.158
0.272
0.315
0.131
0.154
0.004
0.001
0.415
0.546
0.458
0.006
0.256
0.534
0.581
0.187
0.564
0.082
0.006
0.486
0.047
0.068
0.154
0.001
0.597
0.482
0.482
0.001
0.679
0.377
0.14
0.155
0.657
0.588
0.427
0.497
0.257
0.533
0.361
0.001
0.491
0.003
0.21
0.001
0.122
0.231
0.611
0.432
0.003
0.675
0.159
0.367
0.001
0.332
0.16
0.002
0.001
0.459
0.533
0.004
0.555
0.003
0.081
0.002
0.32
0.144
0.198
0.499
0.01
0.207
0.542
0.331
0.505
0.591
0.001
0.002
0.23
0.656
0.543
0.124
0.307
0.642
0.4
0.286
0.197
0.613
0.344
0.367
0.009
0.142
0.135
0.455
0.003
0.14
0.47
0.002
0.038
0.598
0.633
0.006
0.64
0.451
0.732
0.465
0.366
0.444
0.471
0.001
0.449
0.407
0.458
0.388
0.003
0.554
0.002
0.559
0.662
0.286
0.467
0.486
0.477
0.483
0.33
0.229
0.272
0.387
0.416
0.281
0.644
0.224
0.224
0.566
0.36
0.002
0.458
0.421
0.612
0.53
0.002
0.266
0.155
0.002
0.536
0.182
0.001
0.001
0.65
0.302
0.002
0.583
0.378
0.559
0.001
0.239
0.682
0.361
0.442
0.44
0.001
0.316
0.597
0.346
0.001
0.001
0.703
0.001
0.361
0.566
0.137
0.478
0.465
0.001
0.689
0.633
0.347
0.003
0.001
0.383
0.375
0.209
0.415
0.2
0.598
0.548
0.599
0.694
0.357
0.305
0.002
0.324
0.61
0.003
0.296
0.675
0.004
0.541
0.359
0.001
0.091
0.588
0.33
0.113
0.327
0.601
0.041
0.238
0.308
0.342
0.391
0.002
0.001
0.34
0.497
0.488
0.004
0.335
0.702
0.002
0.63
0.27
0.458
0.002
0.112
0.513
0.499
0.559
0.713
0.252
0.001
0.193
0.36
0.434
0.545
0.184
0.001
0.504
0.555
0.654
0.687
0.572
0.001
0.345
0.558
0.289
0.001
0.4
0.478
0.422
0.125
0.407
0.155
0.537
0.258
0.579
0.329
0.249
0.675
0.413
0.523
0.729
0.002
0.165
0.26
0.459
0.001
0.001
0.001
0.391
0.654
0.499
0.421
0.644
0.001
0.001
0.426
0.587
0.636
0.279
0.631
0.001
0.627
0.503
0.001
0.16
0.238
0.335
0.628
0.003
0.109
0.286
0.002
0.265
0.686
0.444
0.255
0.002
0.614
0.001
0.332
0.581
0.364
0.003
0.66
0.004
0.199
0.244
0.001
0.64
0.179
0.096
0.201
0.411
0.409
0.588
0.514
0.075
0.001
0.284
0.395
0.606
0.384
0.522
0.375
0.178
0.528
0.488
0.002
0.001
0.038
0.218
0.517
0.657
0.432
0.001
0.501
0.192
0.001
0.226
0.237
0.002
0.326
0.001
0.517
0.651
0.238
0.486
0.526
0.003
0.452
0.393
0.548
0.492
0.003
0.249
0.524
0.622
0.577
0.022
0.723
0.48
0.005
0.583
0.125
0.135
0.267
0.42
0.001
0.125
0.173
0.507
0.687
0.596
0.431
0.366
0.328
0.387
0.082
0.001
0.001
0.489
0.341
0.48
0.002
0.34
0.338
0.47
0.001
0.006
0.351
0.001
0.38
0.573
0.519
0.596
0.578
0.624
0.11
0.003
0.737
0.216
0.428
0.005
0.001
0.601
0.001
0.438
0.296
0.001
0.458
0.003
0.169
0.592
0.005
0.001
0.001
0.303
0.504
0.139
0.001
0.072
0.147
0.001
0.166
0.005
0.21
0.276
0.753
0.56
0.353
0.06
0.001
0.52
0.002
0.108
0.001
0.564
0.514
0.001
0.612
0.001
0.58
0.398
0.224
0.477
0.401
0.284
0.002
0.243
0.166
0.619
0.247
0.36
0.383
0.566
0.575
0.366
0.727
0.291
0.418
0.641
0.001
0.555
0.6
0.209
0.231
0.496
0.002
0.61
0.45
0.423
0.001
0.471
0.002
0.002
0.478
0.236
0.269
0.001
0.621
0.542
0.27
0.505
0.402
0.001
0.68
0.614
0.36
0.605
0.001
0.659
0.204
0.626
0.512
0.001
0.002
0.363
0.411
0.386
0.36
0.456
0.001
0.736
0.052
0.387
0.086
0.341
0.575
0.522
0.001
0.612
0.399
0.001
0.315
0.416
0.64
0.603
0.001
0.454
0.361
0.6
0.002
0.001
0.666
0.658
0.146
0.292
0.357
0.001
0.472
0.069
0.766
0.566
0.001
0.003
0.7
0.236
0.188
0.263
0.056
0.722
0.002
0.685
0.342
0.492
0.674
0.324
0.591
0.078
0.292
0.001
0.296
0.001
0.636
0.683
0.005
0.01
0.001
0.559
0.192
0.413
0.001
0.566
0.001
0.522
0.356
0.195
0.19
0.341
0.172
0.518
0.001
0.226
0.042
0.51
0.354
0.713
0.006
0.001
0.003
0.339
0.202
0.209
0.115
0.323
0.264
0.343
0.627
0.18
0.425
0.001
0.002
0.716
0.756
0.473
0.001
0.001
0.179
0.547
0.502
0.302
0.172
0.16
0.475
0.435
0.267
0.222
0.548
0.545
0.001
0.002
0.306
0.443
0.281
0.493
0.109
0.415
0.215
0.646
0.001
0.482
0.461
0.482
0.555
0.001
0.368
0.003
0.449
0.49
0.367
0.531
0.01
0.619
0.259
0.002
0.375
0.008
0.488
0.066
0.243
0.001
0.619
0.532
0.565
0.467
0.303
0.064
0.001
0.527
0.243
0.002
0.499
0.401
0.53
0.001
0.272
0.366
0.001
0.436
0.112
0.197
0.001
0.003
0.445
0.012
0.559
0.536
0.001
0.002
0.476
0.413
0.24
0.319
0.531
0.393
0.233
0.433
0.002
0.001
0.002
0.601
0.327
0.435
0.499
0.098
0.565
0.005
0.002
0.565
0.029
0.332
0.001
0.563
0.303
0.687
0.563
0.426
0.71
0.263
0.638
0.464
0.661
0.001
0.576
0.364
0.001
0.536
0.012
0.67
0.003
0.535
0.001
0.544
0.001
0.001
0.046
0.312
0.162
0.001
0.418
0.447
0.001
0.454
0.001
0.684
0.353
0.48
0.484
0.531
0.047
0.341
0.671
0.64
0.331
0.421
0.001
0.004
0.004
0.588
0.407
0.571
0.001
0.25
0.267
0.429
0.289
0.33
0.002
0.007
0.296
0.43
0.264
0.35
0.656
0.31
0.001
0.001
0.265
0.507
0.002
0.244
0.517
0.57
0.211
0.329
0.463
0.545
0.001
0.412
0.366
0.285
0.172
0.003
0.359
0.577
0.441
0.584
0.542
0.002
0.075
0.003
0.499
0.285
0.131
0.001
0.576
0.493
0.428
0.002
0.213
0.286
0.001
0.258
0.52
0.001
0.001
0.001
0.473
0.696
0.515
0.666
0.401
0.356
0.652
0.282
0.006
0.049
0.497
0.003
0.07
0.001
0.001
0.47
0.001
0.121
0.114
0.362
0.001
0.001
0.237
0.521
0.47
0.455
0.387
0.43
0.271
0.001
0.001
0.402
0.433
0.001
0.001
0.286
0.485
0.548
0.006
0.342
0.553
0.246
0.293
0.355
0.001
0.194
0.001
0.356
0.428
0.579
0.093
0.001
0.002
0.471
0.001
0.066
0.64
0.457
0.603
0.39
0.113
0.141
0.003
0.001
0.255
0.581
0.468
0.002
0.094
0.608
0.361
0.192
0.276
0.002
0.228
0.533
0.003
0.065
0.343
0.193
0.219
0.612
0.296
0.387
0.232
0.09
0.345
0.001
0.341
0.001
0.408
0.006
0.477
0.435
0.001
0.44
0.121
0.26
0.568
0.001
0.277
0.005
0.003
0.243
0.272
0.001
0.004
0.507
0.007
0.247
0.307
0.633
0.546
0.462
0.192
0.164
0.641
0.001
0.348
0.001
0.016
0.483
0.278
0.002
0.549
0.001
0.363
0.652
0.001
0.155
0.208
0.458
0.002
0.001
0.261
0.656
0.107
0.367
0.001
0.08
0.071
0.422
0.525
0.172
0.305
0.565
0.296
0.027
0.522
0.001
0.756
0.002
0.092
0.479
0.736
0.388
0.629
0.001
0.001
0.038
0.46
0.002
0.003
0.163
0.504
0.002
0.397
0.118
0.395
0.252
0.188
0.518
0.406
0.538
0.002
0.006
0.548
0.569
0.002
0.395
0.165
0.001
0.157
0.147
0.001
0.046
0.001
0.002
0.003
0.33
0.001
0.506
0.553
0.364
0.56
0.296
0.331
0.303
0.292
0.099
0.348
0.194
0.367
0.595
0.001
0.548
0.38
0.449
0.657
0.57
0.648
0.002
0.508
0.4
0.602
0.346
0.322
0.171
0.026
0.663
0.001
0.279
0.002
0.56
0.331
0.001
0.656
0.544
0.435
0.684
0.357
0.001
0.373
0.397
0.588
0.031
0.301
0.555
0.223
0.533
0.522
0.001
0.152
0.517
0.269
0.144
0.152
0.005
0.228
0.371
0.194
0.684
0.533
0.471
0.132
0.173
0.504
0.641
0.005
0.467
0.002
0.431
0.575
0.001
0.001
0.09
0.491
0.003
0.288
0.702
0.257
0.001
0.312
0.606
0.32
0.23
0.259
0.001
0.422
0.459
0.508
0.5
0.089
0.524
0.145
0.001
0.655
0.36
0.609
0.267
0.325
0.514
0.432
0.326
0.425
0.455
0.003
0.547
0.403
0.447
0.002
0.4
0.003
0.005
0.299
0.077
0.242
0.26
0.449
0.001
0.401
0.286
0.334
0.536
0.001
0.083
0.18
0.478
0.359
0.625
0.392
0.004
0.461
0.394
0.066
0.48
0.407
0.373
0.004
0.231
0.38
0.505
0.004
0.001
0.308
0.509
0.001
0.315
0.779
0.518
0.14
0.39
0.63
0.372
0.306
0.006
0.291
0.002
0.31
0.005
0.221
0.45
0.002
0.18
0.002
0.564
0.007
0.518
0.3
0.277
0.002
0.007
0.06
0.228
0.393
0.451
0.005
0.416
0.588
0.004
0.43
0.212
0.575
0.002
0.456
0.592
0.456
0.253
0.001
0.57
0.49
0.005
0.095
0.031
0.125
0.008
0.536
0.001
0.325
0.548
0.414
0.048
0.001
0.202
0.392
0.158
0.001
0.001
0.233
0.194
0.046
0.154
0.64
0.005
0.614
0.569
0.303
0.325
0.602
0.293
0.394
0.456
0.001
0.474
0.526
0.569
0.381
0.411
0.42
0.002
0.193
0.465
0.205
0.469
0.47
0.002
0.235
0.286
0.007
0.661
0.055
0.001
0.606
0.627
0.52
0.408
0.352
0.39
0.457
0.38
0.006
0.304
0.381
0.214
0.193
0.522
0.477
0.379
0.001
0.143
0.579
0.486
0.003
0.077
0.498
0.001
0.001
0.595
0.341
0.192
0.448
0.262
0.513
0.559
0.436
0.166
0.549
0.553
0.003
0.123
0.523
0.274
0.676
0.004
0.201
0.199
0.003
0.002
0.001
0.15
0.379
0.002
0.138
0.592
0.676
0.033
0.49
0.549
0.207
0.289
0.002
0.532
0.465
0.048
0.447
0.437
0.545
0.007
0.468
0.188
0.448
0.533
0.001
0.561
0.123
0.527
0.001
0.008
0.001
0.401
0.729
0.614
0.267
0.374
0.686
0.509
0.197
0.001
0.186
0.502
0.241
0.002
0.35
0.26
0.088
0.435
0.579
0.347
0.01
0.66
0.001
0.355
0.396
0.571
0.003
0.003
0.27
0.189
0.642
0.001
0.256
0.002
0.009
0.051
0.003
0.454
0.19
0.512
0.25
0.004
0.001
0.485
0.001
0.517
0.311
0.002
0.494
0.001
0.001
0.001
0.561
0.341
0.661
0.621
0.665
0.559
0.544
0.303
0.531
0.573
0.113
0.452
0.508
0.455
0.001
0.547
0.225
0.001
0.329
0.001
0.219
0.581
0.005
0.001
0.374
0.374
0.427
0.441
0.195
0.334
0.393
0.048
0.711
0.567
0.132
0.003
0.263
0.12
0.295
0.159
0.068
0.597
0.528
0.376
0.001
0.001
0.003
0.45
0.539
0.673
0.458
0.202
0.26
0.477
0.573
0.001
0.434
0.003
0.545
0.545
0.653
0.349
0.303
0.001
0.002
0.454
0.39
0.472
0.001
0.565
0.406
0.56
0.437
0.446
0.184
0.519
0.002
0.453
0.008
0.42
0.375
0.001
0.157
0.411
0.689
0.419
0.445
0.011
0.002
0.376
0.004
0.695
0.559
0.473
0.321
0.422
0.091
0.635
0.531
0.061
0.261
0.519
0.549
0.659
0.001
0.107
0.509
0.407
0.502
0.424
0.128
0.199
0.427
0.503
0.085
0.457
0.002
0.024
0.241
0.257
0.002
0.198
0.392
0.497
0.002
0.243
0.628
0.155
0.003
0.001
0.488
0.338
0.552
0.001
0.002
0.521
0.002
0.516
0.539
0.62
0.074
0.292
0.002
0.299
0.559
0.409
0.297
0.14
0.223
0.001
0.002
0.002
0.118
0.001
0.44
0.427
0.482
0.004
0.234
0.394
0.311
0.431
0.002
0.483
0.194
0.138
0.278
0.158
0.001
0.596
0.003
0.397
0.214
0.022
0.647
0.11
0.514
0.003
0.091
0.174
0.634
0.633
0.001
0.685
0.368
0.097
0.425
0.569
0.467
0.702
0.001
0.004
0.001
0.061
0.452
0.545
0.392
0.38
0.004
0.432
0.171
0.006
0.281
0.092
0.426
0.068
0.001
0.001
0.002
0.585
0.366
0.317
0.481
0.228
0.595
0.261
0.54
0.604
0.304
0.234
0.308
0.62
0.424
0.54
0.338
0.001
0.003
0.001
0.585
0.658
0.596
0.001
0.002
0.362
0.143
0.248
0.466
0.528
0.001
0.142
0.001
0.211
0.496
0.003
0.279
0.407
0.003
0.067
0.417
0.63
0.337
0.005
0.392
0.625
0.52
0.614
0.041
0.506
0.003
0.685
0.245
0.264
0.682
0.513
0.001
0.316
0.638
0.698
0.5
0.381
0.437
0.133
0.082
0.324
0.001
0.653
0.214
0.24
0.704
0.704
0.438
0.507
0.528
0.004
0.274
0.194
0.524
0.636
0.394
0.605
0.439
0.642
0.542
0.002
0.113
0.338
0.651
0.145
0.001
0.004
0.001
0.312
0.294
0.003
0.54
0.391
0.001
0.418
0.646
0.002
0.457
0.235
0.595
0.341
0.546
0.159
0.09
0.265
0.001
0.195
0.247
0.272
0.132
0.001
0.009
0.19
0.58
0.001
0.649
0.003
0.263
0.529
0.451
0.002
0.004
0.457
0.322
0.636
0.564
0.393
0.612
0.002
0.123
0.712
0.235
0.069
0.464
0.001
0.534
0.239
0.331
0.209
0.156
0.095
0.001
0.246
0.503
0.33
0.424
0.002
0.373
0.001
0.092
0.649
0.093
0.165
0.256
0.008
0.245
0.199
0.62
0.365
0.103
0.328
0.001
0.707
0.563
0.01
0.003
0.18
0.002
0.349
0.493
0.24
0.002
0.002
0.293
0.647
0.159
0.426
0.183
0.063
0.598
0.451
0.001
0.333
0.695
0.312
0.001
0.292
0.499
0.607
0.459
0.564
0.709
0.001
0.631
0.531
0.001
0.238
0.001
0.553
0.536
0.414
0.643
0.625
0.414
0.46
0.282
0.42
0.001
0.098
0.493
0.573
0.012
0.558
0.283
0.187
0.164
0.651
0.577
0.001
0.001
0.114
0.001
0.754
0.466
0.003
0.386
0.494
0.002
0.581
0.585
0.381
0.001
0.66
0.625
0.689
0.287
0.001
0.332
0.001
0.565
0.584
0.367
0.601
0.461
0.002
0.17
0.001
0.446
0.002
0.001
0.67
0.531
0.513
0.679
0.446
0.021
0.001
0.001
0.538
0.462
0.142
0.067
0.386
0.3
0.382
0.476
0.118
0.596
0.457
0.529
0.315
0.651
0.001
0.419
0.378
0.397
0.368
0.303
0.001
0.19
0.316
0.204
0.001
0.735
0.063
0.001
0.166
0.49
0.002
0.476
0.635
0.619
0.112
0.338
0.001
0.076
0.001
0.29
0.256
0.076
0.683
0.591
0.001
0.1
0.163
0.177
0.359
0.001
0.582
0.001
0.287
0.004
0.51
0.347
0.001
0.002
0.002
0.411
0.483
0.508
0.001
0.002
0.459
0.491
0.237
0.24
0.52
0.289
0.335
0.56
0.169
0.006
0.334
0.002
0.123
0.569
0.001
0.004
0.261
0.339
0.39
0.529
0.265
0.568
0.605
0.393
0.388
0.002
0.579
0.401
0.38
0.001
0.27
0.478
0.405
0.19
0.445
0.432
0.001
0.003
0.001
0.002
0.604
0.012
0.107
0.369
0.001
0.218
0.516
0.48
0.722
0.384
0.438
0.166
0.647
0.385
0.299
0.578
0.381
0.004
0.133
0.386
0.597
0.543
0.501
0.097
0.201
0.605
0.581
0.007
0.649
0.56
0.463
0.354
0.484
0.309
0.714
0.527
0.207
0.511
0.256
0.323
0.287
0.409
0.002
0.129
0.001
0.457
0.261
0.739
0.405
0.108
0.643
0.535
0.054
0.503
0.576
0.427
0.003
0.18
0.569
0.002
0.137
0.005
0.201
0.601
0.001
0.001
0.488
0.44
0.001
0.299
0.003
0.59
0.091
0.567
0.244
0.475
0.133
0.304
0.002
0.555
0.49
0.137
0.303
0.487
0.533
0.549
0.46
0.006
0.164
0.058
0.35
0.754
0.477
0.416
0.386
0.004
0.531
0.002
0.505
0.001
0.43
0.636
0.003
0.391
0.251
0.001
0.401
0.424
0.003
0.517
0.648
0.526
0.008
0.001
0.001
0.412
0.33
0.486
0.32
0.001
0.238
0.312
0.39
0.507
0.108
0.171
0.436
0.617
0.16
0.155
0.005
0.003
0.565
0.674
0.055
0.479
0.003
0.441
0.175
0.605
0.493
0.004
0.43
0.307
0.27
0.274
0.571
0.256
0.078
0.408
0.003
0.385
0.001
0.002
0.48
0.498
0.498
0.001
0.511
0.001
0.014
0.001
0.363
0.268
0.489
0.001
0.104
0.589
0.369
0.083
0.208
0.604
0.325
0.001
0.001
0.001
0.271
0.221
0.565
0.472
0.432
0.251
0.24
0.663
0.248
0.429
0.003
0.303
0.658
0.525
0.537
0.243
0.443
0.001
0.314
0.61
0.606
0.001
0.546
0.475
0.27
0.61
0.003
0.468
0.344
0.328
0.001
0.078
0.436
0.162
0.318
0.002
0.58
0.004
0.001
0.108
0.001
0.103
0.289
0.48
0.001
0.041
0.175
0.296
0.001
0.152
0.08
0.096
0.002
0.237
0.6
0.539
0.584
0.005
0.082
0.005
0.117
0.455
0.592
0.403
0.347
0.481
0.411
0.001
0.001
0.002
0.608
0.001
0.052
0.609
0.041
0.238
0.246
0.573
0.642
0.603
0.108
0.202
0.531
0.621
0.418
0.137
0.423
0.077
0.002
0.311
0.18
0.487
0.624
0.001
0.34
0.31
0.002
0.46
0.348
0.198
0.572
0.139
0.074
0.004
0.592
0.437
0.571
0.001
0.491
0.528
0.511
0.582
0.317
0.528
0.529
0.593
0.385
0.392
0.001
0.553
0.306
0.656
0.697
0.557
0.267
0.329
0.001
0.001
0.551
0.713
0.224
0.429
0.351
0.32
0.001
0.356
0.214
0.447
0.001
0.265
0.355
0.682
0.007
0.21
0.394
0.201
0.359
0.562
0.009
0.192
0.429
0.001
0.55
0.195
0.475
0.001
0.001
0.275
0.383
0.413
0.593
0.312
0.588
0.31
0.513
0.092
0.409
0.001
0.572
0.305
0.001
0.004
0.002
0.146
0.001
0.261
0.647
0.122
0.318
0.001
0.598
0.186
0.086
0.434
0.613
0.38
0.532
0.424
0.249
0.465
0.403
0.66
0.493
0.624
0.005
0.001
0.385
0.233
0.416
0.292
0.001
0.505
0.646
0.394
0.335
0.311
0.238
0.308
0.386
0.491
0.686
0.001
0.406
0.453
0.271
0.194
0.466
0.296
0.001
0.125
0.311
0.117
0.423
0.494
0.194
0.53
0.632
0.7
0.437
0.294
0.42
0.002
0.001
0.001
0.593
0.424
0.24
0.105
0.308
0.001
0.527
0.349
0.004
0.002
0.001
0.371
0.588
0.195
0.553
0.529
0.223
0.334
0.208
0.373
0.224
0.001
0.347
0.431
0.509
0.367
0.624
0.001
0.437
0.242
0.538
0.576
0.149
0.274
0.057
0.339
0.507
0.153
0.243
0.209
0.47
0.001
0.352
0.172
0.671
0.328
0.003
0.001
0.226
0.001
0.093
0.268
0.002
0.076
0.299
0.001
0.583
0.335
0.765
0.157
0.32
0.501
0.514
0.372
0.001
0.411
0.342
0.192
0.26
0.418
0.002
0.313
0.451
0.395
0.075
0.001
0.162
0.467
0.001
0.003
0.348
0.001
0.645
0.342
0.267
0.494
0.347
0.576
0.001
0.18
0.524
0.001
0.001
0.046
0.001
0.464
0.465
0.411
0.412
0.13
0.261
0.527
0.489
0.585
0.213
0.524
0.001
0.678
0.255
0.659
0.005
0.126
0.317
0.358
0.348
0.118
0.439
0.003
0.459
0.54
0.542
0.451
0.001
0.001
0.009
0.037
0.001
0.095
0.419
0.227
0.002
0.506
0.58
0.093
0.004
0.001
0.034
0.54
0.025
0.001
0.535
0.336
0.303
0.412
0.197
0.283
0.26
0.001
0.556
0.001
0.42
0.205
0.517
0.123
0.626
0.551
0.434
0.294
0.003
0.38
0.315
0.001
0.617
0.243
0.401
0.003
0.001
0.228
0.314
0.474
0.719
0.004
0.629
0.002
0.212
0.551
0.685
0.005
0.271
0.289
0.133
0.469
0.386
0.001
0.001
0.257
0.348
0.205
0.004
0.001
0.61
0.159
0.072
0.392
0.536
0.001
0.184
0.005
0.354
0.484
0.078
0.526
0.364
0.451
0.004
0.309
0.477
0.001
0.081
0.294
0.59
0.399
0.001
0.075
0.455
0.362
0.562
0.004
0.084
0.142
0.493
0.04
0.156
0.485
0.003
0.592
0.318
0.004
0.165
0.363
0.003
0.11
0.293
0.623
0.001
0.686
0.54
0.551
0.004
0.51
0.214
0.17
0.001
0.532
0.408
0.577
0.297
0.499
0.241
0.19
0.151
0.001
0.483
0.57
0.099
0.58
0.218
0.268
0.138
0.004
0.388
0.003
0.001
0.002
0.31
0.553
0.435
0.325
0.088
0.507
0.15
0.625
0.138
0.61
0.444
0.332
0.003
0.001
0.735
0.156
0.002
0.002
0.004
0.126
0.564
0.573
0.001
0.001
0.532
0.341
0.287
0.082
0.001
0.298
0.269
0.313
0.001
0.665
0.493
0.147
0.167
0.445
0.338
0.681
0.224
0.325
0.461
0.245
0.262
0.001
0.279
0.001
0.475
0.352
0.273
0.503
0.275
0.415
0.638
0.416
0.107
0.001
0.123
0.507
0.421
0.31
0.704
0.003
0.689
0.131
0.117
0.004
0.319
0.161
0.002
0.001
0.003
0.508
0.209
0.002
0.003
0.221
0.634
0.264
0.003
0.643
0.154
0.224
0.615
0.592
0.375
0.308
0.002
0.397
0.631
0.598
0.224
0.001
0.001
0.497
0.554
0.22
0.004
0.397
0.629
0.562
0.003
0.371
0.046
0.483
0.569
0.549
0.14
0.207
0.43
0.376
0.203
0.002
0.456
0.568
0.206
0.642
0.404
0.268
0.002
0.307
0.057
0.001
0.65
0.002
0.209
0.444
0.302
0.21
0.308
0.591
0.271
0.341
0.406
0.603
0.343
0.277
0.515
0.001
0.49
0.197
0.578
0.294
0.357
0.001
0.002
0.159
0.44
0.181
0.544
0.181
0.001
0.146
0.558
0.625
0.469
0.058
0.348
0.437
0.001
0.529
0.541
0.483
0.359
0.001
0.001
0.112
0.477
0.001
0.001
0.001
0.001
0.5
0.506
0.006
0.138
0.672
0.46
0.002
0.658
0.004
0.462
0.001
0.164
0.634
0.121
0.002
0.001
0.236
0.644
0.607
0.003
0.223
0.485
0.001
0.326
0.498
0.102
0.078
0.478
0.335
0.519
0.613
0.626
0.203
0.246
0.716
0.002
0.417
0.301
0.532
0.63
0.683
0.543
0.523
0.001
0.256
0.335
0.439
0.453
0.563
0.001
0.156
0.461
0.102
0.383
0.074
0.429
0.001
0.545
0.105
0.285
0.17
0.418
0.367
0.434
0.148
0.001
0.516
0.365
0.586
0.422
0.202
0.264
0.45
0.129
0.34
0.153
0.001
0.158
0.552
0.343
0.001
0.332
0.638
0.343
0.004
0.538
0.408
0.454
0.001
0.374
0.467
0.552
0.46
0.46
0.418
0.067
0.546
0.459
0.001
0.002
0.325
0.316
0.134
0.345
0.176
0.455
0.552
0.002
0.718
0.003
0.526
0.079
0.001
0.506
0.001
0.206
0.001
0.449
0.003
0.009
0.517
0.534
0.327
0.191
0.564
0.144
0.369
0.664
0.396
0.399
0.002
0.003
0.537
0.47
0.001
0.212
0.003
0.288
0.114
0.531
0.002
0.085
0.499
0.439
0.311
0.005
0.647
0.001
0.765
0.037
0.001
0.694
0.465
0.002
0.651
0.001
0.001
0.339
0.003
0.636
0.15
0.003
0.474
0.4
0.388
0.455
0.486
0.003
0.377
0.562
0.736
0.001
0.002
0.592
0.456
0.48
0.001
0.001
0.46
0.001
0.417
0.001
0.49
0.613
0.438
0.58
0.484
0.479
0.313
0.699
0.497
0.002
0.536
0.001
0.001
0.535
0.001
0.001
0.525
0.478
0.657
0.366
0.001
0.427
0.551
0.65
0.398
0.329
0.001
0.007
0.492
0.175
0.381
0.002
0.664
0.627
0.077
0.001
0.556
0.325
0.424
0.424
0.003
0.086
0.427
0.154
0.316
0.1
0.001
0.001
0.617
0.525
0.001
0.002
0.002
0.001
0.115
0.515
0.318
0.498
0.41
0.361
0.004
0.66
0.343
0.001
0.101
0.361
0.614
0.001
0.441
0.129
0.549
0.538
0.442
0.002
0.474
0.241
0.535
0.647
0.419
0.609
0.076
0.668
0.001
0.01
0.001
0.431
0.18
0.453
0.535
0.098
0.405
0.001
0.292
0.568
0.501
0.567
0.002
0.003
0.27
0.425
0.554
0.413
0.552
0.381
0.001
0.356
0.279
0.536
0.521
0.482
0.134
0.541
0.071
0.51
0.342
0.001
0.124
0.392
0.001
0.001
0.454
0.734
0.004
0.2
0.561
0.004
0.605
0.416
0.551
0.383
0.497
0.206
0.453
0.219
0.444
0.002
0.489
0.645
0.213
0.004
0.696
0.077
0.386
0.31
0.544
0.32
0.001
0.612
0.248
0.627
0.476
0.094
0.424
0.001
0.004
0.147
0.33
0.33
0.482
0.454
0.275
0.717
0.474
0.541
0.002
0.378
0.109
0.383
0.001
0.255
0.125
0.001
0.441
0.627
0.002
0.599
0.359
0.604
0.647
0.088
0.492
0.001
0.347
0.249
0.548
0.409
0.447
0.692
0.147
0.593
0.62
0.631
0.002
0.001
0.519
0.006
0.395
0.02
0.185
0.647
0.002
0.644
0.57
0.359
0.593
0.089
0.406
0.459
0.174
0.575
0.255
0.294
0.595
0.549
0.378
0.378
0.663
0.541
0.001
0.001
0.204
0.249
0.341
0.002
0.334
0.538
0.189
0.411
0.199
0.159
0.444
0.67
0.376
0.388
0.409
0.608
0.669
0.612
0.548
0.369
0.344
0.561
0.004
0.001
0.5
0.42
0.001
0.51
0.481
0.215
0.004
0.001
0.274
0.201
0.542
0.699
0.438
0.145
0.002
0.627
0.099
0.526
0.2
0.294
0.494
0.39
0.52
0.323
0.074
0.322
0.624
0.402
0.292
0.001
0.001
0.432
0.001
0.653
0.071
0.697
0.627
0.004
0.452
0.58
0.282
0.163
0.433
0.414
0.43
0.327
0.001
0.248
0.468
0.554
0.609
0.281
0.552
0.001
0.001
0.352
0.331
0.436
0.322
0.002
0.002
0.476
0.552
0.009
0.308
0.001
0.437
0.675
0.354
0.313
0.3
0.499
0.196
0.001
0.6
0.231
0.024
0.001
0.651
0.288
0.386
0.569
0.334
0.568
0.169
0.603
0.001
0.231
0.224
0.529
0.455
0.21
0.499
0.542
0.504
0.005
0.655
0.312
0.259
0.418
0.45
0.587
0.071
0.58
0.004
0.633
0.001
0.228
0.005
0.461
0.001
0.572
0.12
0.645
0.001
0.002
0.057
0.648
0.278
0.489
0.141
0.19
0.545
0.001
0.729
0.274
0.094
0.003
0.003
0.613
0.507
0.555
0.491
0.485
0.367
0.002
0.559
0.612
0.356
0.001
0.257
0.152
0.432
0.303
0.001
0.303
0.421
0.001
0.523
0.281
0.592
0.644
0.095
0.001
0.313
0.002
0.481
0.509
0.522
0.001
0.454
0.414
0.375
0.034
0.001
0.349
0.644
0.001
0.356
0.407
0.372
0.405
0.589
0.002
0.001
0.453
0.255
0.6
0.297
0.001
0.003
0.001
0.001
0.269
0.472
0.487
0.003
0.529
0.252
0.572
0.416
0.229
0.182
0.447
0.497
0.372
0.443
0.211
0.256
0.218
0.002
0.001
0.418
0.491
0.002
0.002
0.647
0.411
0.579
0.463
0.64
0.642
0.365
0.004
0.725
0.157
0.241
0.316
0.007
0.001
0.355
0.319
0.576
0.474
0.33
0.214
0.387
0.319
0.001
0.276
0.693
0.198
0.002
0.375
0.389
0.234
0.017
0.393
0.481
0.475
0.001
0.49
0.223
0.006
0.645
0.06
0.304
0.439
0.004
0.12
0.003
0.57
0.454
0.159
0.143
0.58
0.001
0.644
0.059
0.166
0.34
0.194
0.302
0.481
0.17
0.273
0.641
0.24
0.004
0.265
0.098
0.496
0.004
0.002
0.515
0.543
0.324
0.546
0.273
0.493
0.003
0.538
0.001
0.648
0.001
0.432
0.499
0.003
0.104
0.645
0.681
0.633
0.001
0.132
0.205
0.001
0.49
0.456
0.441
0.412
0.361
0.474
0.23
0.463
0.483
0.218
0.495
0.002
0.192
0.386
0.596
0.002
0.455
0.262
0.416
0.563
0.524
0.002
0.001
0.395
0.287
0.096
0.001
0.003
0.001
0.473
0.288
0.576
0.627
0.6
0.007
0.585
0.594
0.173
0.146
0.297
0.001
0.001
0.537
0.463
0.001
0.468
0.397
0.462
0.352
0.607
0.548
0.518
0.581
0.41
0.519
0.357
0.18
0.001
0.085
0.466
0.162
0.047
0.357
0.003
0.001
0.253
0.069
0.001
0.684
0.001
0.368
0.68
0.003
0.416
0.001
0.277
0.399
0.283
0.43
0.004
0.002
0.113
0.288
0.003
0.575
0.006
0.644
0.298
0.654
0.409
0.554
0.629
0.151
0.469
0.001
0.691
0.515
0.184
0.558
0.541
0.454
0.257
0.38
0.528
0.54
0.652
0.001
0.297
0.001
0.231
0.493
0.001
0.551
0.666
0.577
0.083
0.001
0.244
0.429
0.386
0.475
0.217
0.294
0.22
0.409
0.251
0.259
0.423
0.258
0.456
0.484
0.439
0.004
0.001
0.667
0.298
0.61
0.675
0.008
0.295
0.001
0.002
0.306
0.184
0.001
0.307
0.351
0.005
0.004
0.462
0.002
0.346
0.421
0.001
0.589
0.236
0.001
0.184
0.421
0.443
0.198
0.226
0.001
0.026
0.106
0.003
0.369
0.002
0.002
0.336
0.25
0.077
0.404
0.452
0.562
0.421
0.687
0.621
0.353
0.339
0.001
0.357
0.355
0.001
0.316
0.489
0.41
0.054
0.191
0.708
0.003
0.001
0.166
0.037
0.352
0.638
0.001
0.569
0.123
0.597
0.397
0.053
0.513
0.032
0.116
0.492
0.391
0.001
0.006
0.604
0.032
0.431
0.309
0.637
0.407
0.004
0.002
0.002
0.676
0.002
0.135
0.455
0.001
0.667
0.299
0.55
0.565
0.001
0.003
0.001
0.001
0.002
0.42
0.199
0.001
0.329
0.132
0.429
0.518
0.2
0.485
0.16
0.439
0.339
0.001
0.003
0.001
0.002
0.257
0.052
0.641
0.636
0.533
0.31
0.688
0.307
0.519
0.001
0.26
0.581
0.001
0.001
0.307
0.002
0.165
0.372
0.337
0.402
0.286
0.62
0.286
0.001
0.731
0.053
0.545
0.414
0.318
0.489
0.301
0.046
0.004
0.188
0.274
0.65
0.473
0.364
0.637
0.413
0.681
0.466
0.004
0.001
0.149
0.104
0.222
0.363
0.391
0.005
0.596
0.091
0.004
0.001
0.03
0.001
0.425
0.001
0.002
0.264
0.423
0.703
0.005
0.275
0.283
0.001
0.519
0.468
0.005
0.229
0.376
0.001
0.462
0.631
0.316
0.244
0.001
0.002
0.133
0.002
0.005
0.332
0.006
0.39
0.157
0.185
0.025
0.225
0.001
0.464
0.399
0.359
0.682
0.434
0.417
0.002
0.304
0.001
0.225
0.004
0.179
0.518
0.418
0.643
0.229
0.004
0.381
0.001
0.495
0.303
0.505
0.106
0.46
0.223
0.001
0.297
0.001
0.058
0.001
0.111
0.445
0.21
0.286
0.369
0.205
0.57
0.256
0.001
0.522
0.562
0.252
0.63
0.602
0.27
0.558
0.554
0.266
0.296
0.462
0.004
0.427
0.376
0.001
0.541
0.376
0.287
0.448
0.492
0.333
0.088
0.008
0.001
0.001
0.14
0.481
0.17
0.002
0.015
0.566
0.002
0.494
0.469
0.496
0.405
0.002
0.001
0.175
0.396
0.118
0.002
0.007
0.407
0.165
0.399
0.574
0.592
0.589
0.001
0.002
0.701
0.006
0.365
0.22
0.449
0.56
0.001
0.399
0.39
0.202
0.04
0.439
0.58
0.266
0.081
0.002
0.001
0.001
0.464
0.007
0.346
0.117
0.001
0.21
0.439
0.001
0.001
0.535
0.527
0.546
0.001
0.469
0.365
0.455
0.001
0.167
0.645
0.126
0.007
0.304
0.155
0.19
0.001
0.441
0.002
0.37
0.521
0.002
0.471
0.001
0.497
0.604
0.263
0.431
0.089
0.431
0.003
0.476
0.227
0.244
0.336
0.001
0.523
0.568
0.003
0.326
0.005
0.264
0.341
0.648
0.024
0.001
0.006
0.233
0.004
0.14
0.485
0.103
0.001
0.454
0.354
0.368
0.001
0.206
0.303
0.739
0.172
0.139
0.702
0.282
0.699
0.172
0.537
0.001
0.085
0.001
0.605
0.385
0.425
0.393
0.008
0.217
0.001
0.427
0.145
0.443
0.139
0.004
0.344
0.665
0.291
0.595
0.001
0.578
0.242
0.003
0.368
0.004
0.359
0.472
0.588
0.226
0.436
0.446
0.172
0.277
0.635
0.003
0.004
0.071
0.001
0.424
0.334
0.002
0.508
0.435
0.166
0.001
0.001
0.131
0.695
0.002
0.443
0.638
0.329
0.7
0.195
0.19
0.403
0.5
0.373
0.356
0.001
0.001
0.269
0.478
0.685
0.253
0.524
0.488
0.052
0.611
0.706
0.335
0.33
0.329
0.442
0.003
0.489
0.343
0.196
0.417
0.09
0.31
0.297
0.5
0.344
0.625
0.548
0.325
0.71
0.4
0.533
0.487
0.284
0.697
0.606
0.494
0.552
0.389
0.134
0.283
0.513
0.224
0.001
0.002
0.001
0.001
0.097
0.545
0.518
0.002
0.617
0.133
0.383
0.394
0.421
0.549
0.002
0.557
0.001
0.039
0.543
0.406
0.002
0.173
0.473
0.213
0.332
0.222
0.219
0.464
0.455
0.155
0.403
0.001
0.297
0.51
0.003
0.409
0.004
0.198
0.551
0.513
0.322
0.374
0.537
0.266
0.262
0.005
0.599
0.63
0.351
0.555
0.107
0.244
0.39
0.244
0.371
0.001
0.16
0.001
0.122
0.001
0.002
0.347
0.001
0.414
0.303
0.595
0.001
0.42
0.041
0.363
0.424
0.39
0.293
0.002
0.615
0.302
0.015
0.1
0.421
0.237
0.409
0.001
0.544
0.55
0.226
0.493
0.472
0.43
0.134
0.51
0.529
0.002
0.562
0.535
0.607
0.001
0.004
0.595
0.593
0.445
0.157
0.452
0.49
0.517
0.488
0.001
0.51
0.003
0.096
0.038
0.083
0.173
0.61
0.479
0.001
0.339
0.377
0.001
0.633
0.379
0.674
0.286
0.265
0.436
0.001
0.002
0.343
0.275
0.4
0.363
0.435
0.338
0.434
0.354
0.347
0.195
0.464
0.097
0.386
0.432
0.6
0.582
0.473
0.001
0.541
0.366
0.001
0.519
0.584
0.601
0.631
0.001
0.319
0.305
0.492
0.001
0.001
0.001
0.46
0.487
0.56
0.315
0.37
0.211
0.002
0.445
0.006
0.486
0.534
0.55
0.427
0.275
0.253
0.002
0.001
0.001
0.394
0.158
0.281
0.427
0.3
0.13
0.001
0.178
0.578
0.006
0.697
0.299
0.219
0.001
0.174
0.546
0.028
0.05
0.608
0.62
0.134
0.137
0.096
0.088
0.002
0.547
0.001
0.165
0.14
0.61
0.001
0.528
0.619
0.002
0.334
0.43
0.001
0.675
0.001
0.201
0.102
0.481
0.22
0.001
0.001
0.483
0.639
0.002
0.699
0.001
0.456
0.494
0.435
0.613
0.677
0.087
0.45
0.454
0.558
0.136
0.495
0.405
0.001
0.635
0.089
0.411
0.003
0.351
0.127
0.077
0.412
0.331
0.001
0.001
0.271
0.473
0.66
0.595
0.395
0.129
0.316
0.274
0.089
0.003
0.214
0.512
0.001
0.09
0.151
0.49
0.536
0.002
0.394
0.333
0.001
0.7
0.002
0.539
0.572
0.002
0.538
0.629
0.601
0.599
0.461
0.057
0.552
0.649
0.448
0.608
0.244
0.377
0.268
0.001
0.696
0.621
0.326
0.126
0.599
0.001
0.585
0.356
0.352
0.226
0.001
0.524
0.002
0.189
0.001
0.543
0.659
0.019
0.454
0.426
0.001
0.002
0.002
0.693
0.002
0.597
0.223
0.68
0.001
0.455
0.443
0.089
0.273
0.508
0.438
0.357
0.608
0.008
0.457
0.518
0.085
0.232
0.246
0.143
0.288
0.497
0.001
0.553
0.001
0.572
0.458
0.326
0.004
0.627
0.354
0.537
0.137
0.42
0.557
0.534
0.028
0.007
0.293
0.387
0.396
0.585
0.706
0.26
0.601
0.388
0.319
0.599
0.001
0.412
0.506
0.002
0.179
0.546
0.401
0.001
0.485
0.001
0.001
0.447
0.438
0.697
0.461
0.001
0.575
0.274
0.003
0.659
0.003
0.533
0.027
0.456
0.003
0.394
0.287
0.293
0.167
0.448
0.003
0.317
0.401
0.576
0.358
0.003
0.001
0.337
0.001
0.393
0.677
0.001
0.001
0.003
0.001
0.003
0.256
0.236
0.003
0.628
0.191
0.675
0.554
0.215
0.324
0.616
0.3
0.476
0.286
0.002
0.001
0.004
0.296
0.461
0.41
0.152
0.508
0.222
0.636
0.453
0.322
0.404
0.163
0.001
0.185
0.007
0.193
0.646
0.463
0.524
0.165
0.627
0.616
0.481
0.278
0.365
0.428
0.53
0.576
0.673
0.506
0.418
0.556
0.001
0.259
0.05
0.002
0.3
0.188
0.604
0.552
0.654
0.002
0.699
0.214
0.346
0.274
0.526
0.591
0.002
0.619
0.001
0.318
0.001
0.541
0.574
0.579
0.235
0.635
0.404
0.589
0.032
0.002
0.311
0.573
0.09
0.314
0.484
0.396
0.549
0.183
0.108
0.362
0.033
0.587
0.612
0.606
0.45
0.555
0.001
0.353
0.459
0.523
0.336
0.45
0.001
0.002
0.078
0.531
0.703
0.54
0.338
0.128
0.343
0.001
0.001
0.564
0.644
0.295
0.414
0.004
0.698
0.047
0.176
0.004
0.276
0.305
0.359
0.002
0.088
0.284
0.546
0.625
0.376
0.008
0.543
0.284
0.571
0.532
0.515
0.005
0.514
0.001
0.229
0.523
0.551
0.6
0.387
0.602
0.216
0.349
0.205
0.075
0.486
0.482
0.472
0.413
0.368
0.708
0.001
0.379
0.331
0.51
0.001
0.366
0.001
0.303
0.001
0.002
0.592
0.001
0.538
0.617
0.158
0.38
0.412
0.127
0.462
0.527
0.601
0.001
0.449
0.001
0.428
0.557
0.356
0.001
0.542
0.421
0.001
0.001
0.55
0.097
0.074
0.461
0.558
0.603
0.036
0.649
0.328
0.532
0.202
0.514
0.152
0.153
0.002
0.001
0.001
0.233
0.15
0.518
0.628
0.003
0.204
0.001
0.359
0.217
0.003
0.006
0.001
0.283
0.684
0.179
0.154
0.001
0.186
0.396
0.455
0.557
0.001
0.476
0.001
0.515
0.525
0.178
0.492
0.409
0.001
0.301
0.001
0.173
0.001
0.257
0.153
0.387
0.503
0.496
0.519
0.005
0.246
0.53
0.006
0.002
0.317
0.006
0.182
0.001
0.001
0.282
0.489
0.553
0.241
0.001
0.001
0.008
0.534
0.595
0.237
0.117
0.422
0.005
0.371
0.138
0.22
0.601
0.403
0.001
0.466
0.357
0.056
0.001
0.131
0.456
0.093
0.001
0.56
0.263
0.432
0.479
0.001
0.726
0.512
0.38
0.646
0.191
0.46
0.409
0.479
0.001
0.737
0.001
0.302
0.526
0.758
0.393
0.252
0.002
0.417
0.536
0.004
0.416
0.53
0.562
0.53
0.081
0.001
0.087
0.447
0.367
0.457
0.298
0.203
0.434
0.003
0.561
0.001
0.262
0.663
0.566
0.524
0.006
0.057
0.54
0.032
0.003
0.292
0.658
0.428
0.003
0.381
0.487
0.304
0.004
0.194
0.298
0.206
0.293
0.484
0.425
0.621
0.361
0.64
0.387
0.001
0.087
0.55
0.001
0.001
0.461
0.48
0.005
0.006
0.679
0.003
0.579
0.537
0.366
0.594
0.372
0.455
0.438
0.54
0.507
0.32
0.368
0.594
0.684
0.563
0.549
0.105
0.41
0.598
0.572
0.071
0.46
0.176
0.125
0.005
0.419
0.626
0.001
0.217
0.004
0.128
0.189
0.547
0.152
0.586
0.188
0.54
0.699
0.252
0.002
0.105
0.008
0.394
0.002
0.001
0.509
0.236
0.251
0.358
0.008
0.001
0.001
0.466
0.001
0.001
0.276
0.322
0.487
0.556
0.165
0.19
0.478
0.358
0.272
0.27
0.012
0.001
0.487
0.004
0.003
0.275
0.004
0.399
0.17
0.495
0.001
0.715
0.363
0.555
0.604
0.566
0.001
0.008
0.637
0.137
0.569
0.005
0.557
0.002
0.632
0.06
0.486
0.63
0.001
0.288
0.002
0.579
0.449
0.673
0.506
0.002
0.691
0.037
0.61
0.271
0.231
0.001
0.104
0.427
0.001
0.398
0.001
0.515
0.406
0.528
0.001
0.158
0.001
0.728
0.69
0.001
0.243
0.452
0.44
0.202
0.185
0.456
0.001
0.523
0.082
0.323
0.28
0.528
0.478
0.294
0.196
0.415
0.29
0.493
0.002
0.002
0.591
0.471
0.121
0.003
0.512
0.182
0.522
0.369
0.219
0.15
0.297
0.53
0.385
0.41
0.338
0.412
0.569
0.264
0.002
0.531
0.354
0.448
0.001
0.447
0.001
0.429
0.002
0.692
0.003
0.363
0.34
0.157
0.654
0.005
0.045
0.637
0.001
0.003
0.428
0.001
0.461
0.003
0.524
0.006
0.634
0.464
0.228
0.683
0.485
0.265
0.006
0.462
0.001
0.001
0.452
0.375
0.635
0.524
0.002
0.001
0.001
0.539
0.301
0.001
0.389
0.354
0.001
0.303
0.198
0.001
0.19
0.102
0.329
0.709
0.086
0.515
0.499
0.394
0.429
0.004
0.335
0.001
0.651
0.474
0.154
0.226
0.412
0.625
0.093
0.001
0.49
0.524
0.245
0.001
0.128
0.546
0.276
0.277
0.581
0.525
0.456
0.477
0.289
0.406
0.476
0.423
0.005
0.351
0.001
0.002
0.001
0.385
0.006
0.518
0.507
0.001
0.143
0.148
0.417
0.593
0.003
0.529
0.11
0.322
0.157
0.094
0.506
0.001
0.148
0.311
0.19
0.099
0.434
0.497
0.001
0.489
0.324
0.001
0.681
0.507
0.609
0.038
0.464
0.291
0.284
0.398
0.5
0.257
0.003
0.032
0.484
0.571
0.093
0.643
0.001
0.418
0.418
0.004
0.702
0.002
0.001
0.003
0.001
0.499
0.001
0.139
0.566
0.524
0.289
0.533
0.003
0.499
0.006
0.556
0.325
0.379
0.301
0.605
0.002
0.374
0.004
0.631
0.524
0.361
0.469
0.492
0.001
0.459
0.031
0.006
0.444
0.287
0.14
0.003
0.005
0.719
0.001
0.692
0.566
0.402
0.001
0.547
0.005
0.376
0.055
0.349
0.335
0.001
0.13
0.44
0.258
0.001
0.156
0.001
0.006
0.001
0.411
0.302
0.001
0.538
0.001
0.7
0.001
0.202
0.009
0.72
0.076
0.585
0.41
0.15
0.507
0.601
0.088
0.468
0.494
0.25
0.402
0.334
0.547
0.129
0.601
0.511
0.494
0.571
0.412
0.198
0.669
0.43
0.506
0.008
0.29
0.005
0.513
0.323
0.001
0.001
0.349
0.341
0.272
0.625
0.57
0.003
0.34
0.528
0.682
0.315
0.002
0.671
0.504
0.206
0.501
0.001
0.628
0.109
0.416
0.004
0.115
0.27
0.001
0.005
0.04
0.263
0.209
0.002
0.439
0.128
0.001
0.002
0.358
0.517
0.012
0.055
0.049
0.331
0.108
0.097
0.069
0.009
0.277
0.694
0.481
0.658
0.023
0.372
0.37
0.206
0.532
0.447
0.334
0.13
0.27
0.485
0.29
0.27
0.001
0.485
0.605
0.467
0.245
0.549
0.374
0.471
0.663
0.237
0.65
0.48
0.541
0.57
0.449
0.624
0.001
0.549
0.001
0.542
0.004
0.244
0.001
0.756
0.009
0.26
0.403
0.574
0.518
0.579
0.682
0.367
0.353
0.379
0.397
0.672
0.531
0.002
0.399
0.705
0.002
0.105
0.159
0.008
0.275
0.323
0.659
0.515
0.498
0.141
0.583
0.038
0.398
0.582
0.001
0.285
0.34
0.214
0.428
0.341
0.586
0.236
0.531
0.565
0.001
0.398
0.275
0.533
0.646
0.01
0.008
0.362
0.002
0.268
0.497
0.608
0.624
0.346
0.001
0.001
0.515
0.378
0.27
0.602
0.001
0.386
0.308
0.408
0.594
0.031
0.692
0.41
0.362
0.647
0.146
0.138
0.612
0.001
0.778
0.288
0.002
0.002
0.001
0.001
0.001
0.276
0.002
0.038
0.505
0.651
0.001
0.461
0.001
0.382
0.421
0.167
0.001
0.205
0.139
0.22
0.507
0.586
0.088
0.385
0.243
0.406
0.003
0.454
0.218
0.036
0.52
0.001
0.578
0.001
0.001
0.549
0.524
0.371
0.007
0.439
0.453
0.001
0.622
0.054
0.003
0.483
0.069
0.501
0.364
0.473
0.437
0.562
0.571
0.592
0.424
0.161
0.339
0.232
0.263
0.569
0.003
0.343
0.68
0.03
0.003
0.122
0.308
0.162
0.008
0.001
0.597
0.673
0.001
0.002
0.008
0.426
0.163
0.358
0.084
0.002
0.478
0.265
0.01
0.227
0.381
0.002
0.001
0.003
0.001
0.426
0.003
0.324
0.564
0.002
0.003
0.599
0.002
0.528
0.561
0.281
0.314
0.067
0.343
0.118
0.494
0.627
0.505
0.434
0.104
0.005
0.417
0.441
0.001
0.257
0.646
0.405
0.665
0.546
0.568
0.297
0.56
0.309
0.642
0.455
0.006
0.007
0.446
0.319
0.158
0.315
0.294
0.001
0.002
0.325
0.007
0.464
0.001
0.704
0.059
0.494
0.622
0.001
0.166
0.145
0.376
0.46
0.002
0.271
0.598
0.395
0.489
0.705
0.272
0.357
0.21
0.001
0.109
0.485
0.463
0.157
0.293
0.003
0.001
0.613
0.003
0.001
0.697
0.002
0.002
0.08
0.464
0.001
0.005
0.475
0.4
0.396
0.002
0.475
0.36
0.641
0.084
0.241
0.682
0.63
0.524
0.335
0.349
0.392
0.352
0.001
0.513
0.368
0.327
0.473
0.609
0.252
0.432
0.002
0.003
0.691
0.008
0.453
0.559
0.442
0.414
0.437
0.239
0.308
0.321
0.241
0.474
0.515
0.001
0.001
0.436
0.634
0.263
0.002
0.285
0.552
0.002
0.21
0.001
0.634
0.43
0.001
0.001
0.656
0.385
0.361
0.14
0.002
0.557
0.278
0.164
0.185
0.001
0.122
0.004
0.001
0.001
0.002
0.012
0.577
0.004
0.576
0.383
0.525
0.075
0.005
0.19
0.261
0.004
0.208
0.722
0.355
0.332
0.273
0.385
0.435
0.315
0.585
0.57
0.131
0.371
0.687
0.489
0.004
0.317
0.216
0.375
0.424
0.035
0.236
0.565
0.003
0.419
0.349
0.331
0.641
0.411
0.002
0.179
0.185
0.002
0.582
0.181
0.285
0.003
0.663
0.001
0.291
0.533
0.662
0.685
0.448
0.339
0.257
0.002
0.005
0.175
0.301
0.001
0.001
0.233
0.004
0.328
0.656
0.554
0.001
0.666
0.171
0.261
0.451
0.466
0.001
0.258
0.354
0.021
0.509
0.533
0.564
0.107
0.184
0.435
0.333
0.396
0.248
0.393
0.331
0.535
0.601
0.474
0.001
0.187
0.23
0.294
0.122
0.228
0.532
0.546
0.001
0.001
0.533
0.622
0.19
0.526
0.371
0.001
0.168
0.151
0.365
0.26
0.002
0.561
0.385
0.001
0.001
0.59
0.676
0.003
0.673
0.317
0.404
0.447
0.525
0.422
0.22
0.56
0.396
0.33
0.574
0.511
0.433
0.646
0.001
0.511
0.279
0.371
0.249
0.05
0.541
0.432
0.002
0.003
0.472
0.559
0.406
0.006
0.028
0.578
0.479
0.001
0.287
0.003
0.417
0.001
0.001
0.001
0.001
0.189
0.129
0.673
0.001
0.36
0.006
0.031
0.5
0.326
0.002
0.735
0.44
0.304
0.472
0.001
0.486
0.422
0.622
0.001
0.525
0.479
0.001
0.002
0.656
0.356
0.589
0.002
0.633
0.321
0.392
0.676
0.092
0.221
0.505
0.332
0.111
0.237
0.558
0.344
0.002
0.13
0.272
0.001
0.627
0.5
0.442
0.002
0.293
0.589
0.062
0.463
0.187
0.545
0.17
0.566
0.541
0.267
0.462
0.001
0.202
0.206
0.313
0.534
0.321
0.657
0.001
0.187
0.05
0.001
0.001
0.379
0.001
0.442
0.268
0.002
0.161
0.349
0.39
0.058
0.461
0.335
0.544
0.001
0.393
0.632
0.219
0.027
0.432
0.246
0.296
0.001
0.001
0.335
0.461
0.195
0.003
0.508
0.151
0.001
0.132
0.003
0.428
0.49
0.412
0.414
0.402
0.602
0.004
0.551
0.579
0.571
0.649
0.071
0.345
0.403
0.697
0.136
0.652
0.425
0.183
0.002
0.428
0.415
0.326
0.002
0.004
0.199
0.12
0.712
0.555
0.001
0.536
0.376
0.001
0.003
0.473
0.001
0.226
0.002
0.346
0.131
0.234
0.336
0.001
0.004
0.398
0.261
0.341
0.003
0.242
0.46
0.001
0.359
0.567
0.12
0.002
0.293
0.31
0.246
0.595
0.144
0.002
0.562
0.469
0.598
0.306
0.001
0.002
0.076
0.409
0.172
0.628
0.464
0.029
0.329
0.001
0.006
0.328
0.429
0.637
0.004
0.08
0.233
0.22
0.35
0.006
0.348
0.191
0.001
0.001
0.135
0.001
0.213
0.318
0.11
0.525
0.489
0.001
0.309
0.13
0.008
0.481
0.461
0.225
0.004
0.38
0.239
0.53
0.601
0.417
0.087
0.001
0.038
0.102
0.001
0.526
0.428
0.391
0.538
0.083
0.271
0.01
0.278
0.092
0.415
0.434
0.062
0.628
0.589
0.247
0.585
0.531
0.314
0.458
0.002
0.376
0.263
0.251
0.615
0.625
0.362
0.22
0.162
0.56
0.001
0.516
0.004
0.326
0.411
0.002
0.001
0.003
0.701
0.415
0.153
0.388
0.204
0.002
0.008
0.298
0.528
0.136
0.002
0.002
0.415
0.012
0.497
0.521
0.32
0.307
0.399
0.002
0.211
0.001
0.001
0.182
0.165
0.228
0.091
0.392
0.151
0.001
0.001
0.002
0.644
0.381
0.475
0.196
0.001
0.255
0.503
0.38
0.666
0.605
0.356
0.655
0.002
0.164
0.621
0.414
0.339
0.672
0.485
0.152
0.49
0.482
0.177
0.003
0.355
0.563
0.001
0.237
0.197
0.006
0.29
0.002
0.454
0.06
0.343
0.106
0.499
0.326
0.001
0.004
0.001
0.002
0.266
0.001
0.509
0.47
0.323
0.656
0.443
0.714
0.345
0.085
0.626
0.21
0.135
0.496
0.207
0.093
0.335
0.467
0.487
0.492
0.429
0.406
0.07
0.001
0.415
0.213
0.66
0.002
0.001
0.422
0.29
0.585
0.181
0.469
0.138
0.142
0.109
0.438
0.547
0.273
0.545
0.628
0.151
0.001
0.001
0.001
0.167
0.614
0.001
0.002
0.066
0.356
0.19
0.445
0.329
0.001
0.474
0.441
0.274
0.677
0.297
0.529
0.322
0.001
0.233
0.351
0.003
0.505
0.001
0.251
0.483
0.12
0.005
0.184
0.563
0.212
0.001
0.551
0.489
0.416
0.518
0.365
0.594
0.418
0.466
0.498
0.339
0.335
0.002
0.391
0.452
0.394
0.489
0.427
0.401
0.594
0.288
0.674
0.375
0.001
0.425
0.481
0.634
0.001
0.521
0.467
0.001
0.001
0.001
0.548
0.29
0.102
0.445
0.479
0.374
0.339
0.002
0.001
0.315
0.001
0.591
0.002
0.141
0.075
0.181
0.541
0.001
0.006
0.001
0.585
0.618
0.002
0.361
0.429
0.418
0.432
0.412
0.422
0.254
0.043
0.001
0.001
0.277
0.514
0.264
0.003
0.586
0.384
0.545
0.562
0.599
0.001
0.003
0.174
0.203
0.122
0.454
0.161
0.365
0.201
0.001
0.169
0.468
0.54
0.577
0.145
0.577
0.378
0.002
0.283
0.302
0.039
0.115
0.674
0.533
0.001
0.472
0.002
0.217
0.5
0.16
0.001
0.251
0.384
0.607
0.001
0.648
0.005
0.619
0.35
0.051
0.279
0.312
0.001
0.197
0.692
0.449
0.002
0.745
0.289
0.331
0.486
0.464
0.27
0.691
0.324
0.328
0.555
0.554
0.531
0.067
0.379
0.519
0.715
0.002
0.006
0.393
0.037
0.001
0.314
0.472
0.07
0.254
0.131
0.036
0.546
0.002
0.002
0.274
0.424
0.685
0.231
0.003
0.45
0.423
0.004
0.465
0.503
0.477
0.001
0.008
0.274
0.574
0.357
0.512
0.43
0.035
0.298
0.089
0.289
0.622
0.002
0.001
0.146
0.442
0.13
0.001
0.617
0.34
0.373
0.241
0.666
0.196
0.297
0.549
0.117
0.295
0.191
0.381
0.185
0.411
0.002
0.183
0.002
0.24
0.497
0.159
0.598
0.396
0.488
0.416
0.552
0.551
0.004
0.586
0.133
0.353
0.485
0.573
0.161
0.001
0.364
0.453
0.001
0.079
0.335
0.009
0.003
0.391
0.001
0.206
0.494
0.684
0.404
0.001
0.355
0.745
0.051
0.568
0.006
0.309
0.243
0.332
0.261
0.551
0.002
0.001
0.004
0.477
0.468
0.005
0.006
0.007
0.554
0.311
0.003
0.664
0.001
0.494
0.558
0.443
0.372
0.598
0.006
0.549
0.559
0.54
0.3
0.09
0.52
0.36
0.001
0.006
0.413
0.001
0.471
0.414
0.32
0.646
0.63
0.142
0.001
0.414
0.694
0.575
0.366
0.488
0.662
0.003
0.003
0.576
0.45
0.525
0.324
0.398
0.582
0.352
0.077
0.365
0.001
0.595
0.196
0.001
0.721
0.023
0.644
0.427
0.498
0.622
0.282
0.164
0.446
0.298
0.003
0.121
0.163
0.001
0.058
0.587
0.604
0.001
0.528
0.494
0.549
0.665
0.543
0.496
0.549
0.545
0.485
0.541
0.453
0.15
0.401
0.5
0.166
0.329
0.28
0.398
0.451
0.387
0.654
0.003
0.177
0.667
0.289
0.001
0.174
0.589
0.001
0.001
0.001
0.353
0.004
0.003
0.312
0.001
0.321
0.001
0.233
0.513
0.398
0.34
0.574
0.525
0.266
0.048
0.005
0.649
0.668
0.498
0.384
0.424
0.48
0.002
0.001
0.488
0.465
0.635
0.132
0.001
0.442
0.001
0.419
0.168
0.002
0.002
0.463
0.247
0.149
0.253
0.437
0.621
0.047
0.692
0.002
0.532
0.536
0.001
0.001
0.502
0.297
0.001
0.004
0.319
0.032
0.231
0.413
0.165
0.284
0.473
0.56
0.574
0.001
0.001
0.474
0.534
0.712
0.253
0.313
0.361
0.001
0.164
0.201
0.003
0.454
0.208
0.115
0.41
0.001
0.561
0.237
0.164
0.72
0.559
0.088
0.587
0.527
0.001
0.325
0.389
0.557
0.401
0.612
0.427
0.327
0.001
0.122
0.34
0.001
0.537
0.004
0.469
0.587
0.593
0.671
0.001
0.259
0.266
0.528
0.456
0.001
0.169
0.71
0.187
0.001
0.511
0.503
0.465
0.001
0.536
0.001
0.635
0.596
0.002
0.36
0.002
0.426
0.752
0.228
0.516
0.421
0.504
0.452
0.152
0.583
0.213
0.002
0.331
0.001
0.184
0.584
0.246
0.39
0.452
0.066
0.037
0.362
0.116
0.23
0.363
0.4
0.576
0.001
0.157
0.601
0.284
0.176
0.644
0.282
0.003
0.001
0.003
0.731
0.001
0.14
0.694
0.002
0.003
0.003
0.503
0.394
0.509
0.323
0.329
0.002
0.278
0.108
0.003
0.004
0.447
0.001
0.57
0.515
0.005
0.001
0.05
0.523
0.043
0.058
0.457
0.004
0.335
0.555
0.65
0.001
0.46
0.411
0.001
0.225
0.636
0.493
0.659
0.333
0.257
0.367
0.484
0.694
0.539
0.225
0.072
0.408
0.489
0.572
0.747
0.002
0.326
0.236
0.371
0.455
0.361
0.324
0.005
0.359
0.146
0.309
0.212
0.49
0.25
0.05
0.019
0.001
0.376
0.561
0.564
0.706
0.532
0.151
0.258
0.526
0.476
0.247
0.002
0.413
0.461
0.525
0.168
0.563
0.473
0.488
0.529
0.405
0.001
0.501
0.001
0.668
0.187
0.002
0.632
0.345
0.246
0.26
0.298
0.001
0.245
0.001
0.332
0.463
0.024
0.432
0.414
0.348
0.546
0.422
0.001
0.002
0.317
0.001
0.166
0.489
0.21
0.44
0.585
0.647
0.208
0.581
0.025
0.44
0.37
0.144
0.346
0.181
0.001
0.002
0.499
0.159
0.446
0.563
0.003
0.003
0.001
0.002
0.473
0.287
0.579
0.584
0.406
0.497
0.497
0.325
0.007
0.426
0.206
0.622
0.001
0.001
0.24
0.162
0.261
0.262
0.184
0.288
0.001
0.532
0.137
0.368
0.322
0.321
0.612
0.001
0.436
0.122
0.002
0.001
0.313
0.378
0.662
0.605
0.338
0.274
0.401
0.473
0.089
0.456
0.546
0.579
0.555
0.35
0.328
0.624
0.002
0.202
0.355
0.496
0.003
0.344
0.567
0.079
0.37
0.604
0.281
0.158
0.417
0.256
0.15
0.381
0.412
0.552
0.003
0.567
0.329
0.086
0.387
0.268
0.475
0.471
0.583
0.531
0.001
0.019
0.466
0.001
0.031
0.332
0.311
0.43
0.703
0.543
0.003
0.001
0.001
0.383
0.434
0.003
0.309
0.531
0.654
0.448
0.379
0.029
0.193
0.133
0.277
0.329
0.448
0.001
0.436
0.683
0.001
0.481
0.001
0.558
0.391
0.53
0.659
0.145
0.005
0.276
0.001
0.124
0.001
0.191
0.377
0.002
0.201
0.488
0.336
0.27
0.174
0.349
0.599
0.027
0.482
0.261
0.422
0.001
0.001
0.682
0.625
0.611
0.358
0.318
0.337
0.054
0.477
0.397
0.595
0.234
0.306
0.336
0.002
0.007
0.674
0.486
0.377
0.399
0.725
0.002
0.568
0.102
0.225
0.244
0.171
0.218
0.329
0.371
0.436
0.439
0.223
0.643
0.655
0.658
0.395
0.633
0.167
0.485
0.002
0.481
0.554
0.001
0.377
0.5
0.001
0.2
0.215
0.416
0.432
0.001
0.571
0.148
0.558
0.536
0.004
0.001
0.063
0.197
0.569
0.443
0.168
0.43
0.242
0.001
0.001
0.464
0.269
0.137
0.335
0.349
0.319
0.012
0.003
0.001
0.007
0.002
0.582
0.001
0.022
0.515
0.025
0.209
0.522
0.068
0.001
0.001
0.001
0.504
0.002
0.02
0.172
0.614
0.604
0.367
0.579
0.505
0.381
0.432
0.596
0.568
0.005
0.489
0.24
0.506
0.006
0.082
0.615
0.55
0.004
0.553
0.224
0.424
0.544
0.498
0.385
0.051
0.49
0.002
0.452
0.375
0.48
0.382
0.61
0.104
0.053
0.464
0.288
0.396
0.294
0.008
0.051
0.609
0.004
0.059
0.531
0.398
0.366
0.67
0.186
0.431
0.61
0.665
0.403
0.001
0.002
0.009
0.283
0.464
0.3
0.004
0.306
0.414
0.644
0.609
0.001
0.289
0.343
0.001
0.001
0.428
0.099
0.478
0.327
0.008
0.535
0.001
0.217
0.438
0.422
0.56
0.126
0.001
0.002
0.392
0.623
0.002
0.211
0.479
0.681
0.002
0.522
0.001
0.645
0.414
0.159
0.479
0.36
0.304
0.554
0.051
0.007
0.248
0.226
0.429
0.387
0.346
0.041
0.001
0.004
0.001
0.617
0.722
0.002
0.457
0.002
0.412
0.208
0.29
0.304
0.002
0.001
0.003
0.002
0.124
0.602
0.001
0.459
0.519
0.25
0.469
0.517
0.003
0.459
0.181
0.529
0.347
0.001
0.102
0.003
0.621
0.459
0.469
0.564
0.014
0.4
0.001
0.312
0.562
0.25
0.512
0.2
0.293
0.127
0.113
0.718
0.159
0.003
0.432
0.393
0.368
0.395
0.001
0.001
0.002
0.001
0.071
0.443
0.642
0.001
0.564
0.001
0.202
0.376
0.278
0.16
0.312
0.347
0.163
0.154
0.35
0.367
0.597
0.425
0.001
0.647
0.517
0.001
0.299
0.489
0.313
0.494
0.302
0.357
0.001
0.47
0.001
0.643
0.001
0.251
0.209
0.001
0.676
0.557
0.448
0.518
0.53
0.409
0.414
0.019
0.431
0.383
0.1
0.285
0.473
0.002
0.554
0.663
0.002
0.737
0.235
0.689
0.001
0.37
0.582
0.002
0.714
0.001
0.001
0.523
0.006
0.359
0.605
0.318
0.688
0.494
0.703
0.589
0.479
0.12
0.114
0.001
0.401
0.176
0.233
0.598
0.345
0.409
0.645
0.626
0.357
0.006
0.002
0.001
0.402
0.574
0.616
0.003
0.329
0.359
0.446
0.004
0.002
0.002
0.527
0.431
0.499
0.484
0.001
0.242
0.002
0.096
0.002
0.264
0.433
0.001
0.003
0.459
0.002
0.722
0.353
0.684
0.604
0.354
0.482
0.239
0.203
0.366
0.509
0.569
0.001
0.332
0.511
0.318
0.53
0.226
0.635
0.56
0.078
0.001
0.003
0.32
0.441
0.022
0.001
0.083
0.229
0.069
0.184
0.463
0.423
0.387
0.216
0.001
0.667
0.417
0.407
0.54
0.55
0.075
0.455
0.571
0.038
0.001
0.088
0.367
0.014
0.002
0.746
0.26
0.644
0.486
0.564
0.163
0.141
0.679
0.001
0.43
0.321
0.003
0.239
0.439
0.001
0.486
0.435
0.664
0.266
0.006
0.074
0.387
0.216
0.386
0.313
0.371
0.623
0.001
0.251
0.331
0.317
0.227
0.533
0.065
0.691
0.001
0.192
0.319
0.365
0.003
0.461
0.122
0.435
0.447
0.412
0.484
0.055
0.083
0.509
0.359
0.151
0.429
0.001
0.345
0.363
0.214
0.231
0.003
0.347
0.402
0.295
0.646
0.404
0.352
0.151
0.222
0.002
0.365
0.002
0.374
0.652
0.274
0.223
0.001
0.519
0.462
0.361
0.248
0.001
0.643
0.005
0.214
0.279
0.264
0.002
0.425
0.254
0.182
0.139
0.272
0.596
0.001
0.001
0.001
0.321
0.179
0.392
0.224
0.34
0.001
0.561
0.001
0.219
0.248
0.003
0.525
0.381
0.516
0.265
0.001
0.528
0.503
0.004
0.001
0.287
0.257
0.67
0.447
0.274
0.301
0.616
0.004
0.002
0.001
0.001
0.001
0.546
0.001
0.347
0.005
0.431
0.589
0.006
0.368
0.001
0.441
0.438
0.657
0.53
0.567
0.473
0.561
0.619
0.445
0.003
0.636
0.663
0.001
0.001
0.492
0.496
0.37
0.001
0.001
0.254
0.001
0.061
0.011
0.001
0.131
0.638
0.353
0.435
0.506
0.285
0.618
0.335
0.001
0.001
0.001
0.456
0.002
0.331
0.45
0.001
0.234
0.004
0.522
0.169
0.429
0.675
0.001
0.001
0.005
0.001
0.517
0.613
0.456
0.001
0.439
0.49
0.641
0.245
0.517
0.492
0.502
0.547
0.093
0.651
0.4
0.001
0.572
0.286
0.289
0.318
0.008
0.002
0.001
0.237
0.141
0.431
0.587
0.001
0.428
0.106
0.401
0.394
0.512
0.564
0.608
0.275
0.178
0.477
0.247
0.474
0.261
0.006
0.508
0.212
0.472
0.001
0.125
0.001
0.321
0.001
0.319
0.044
0.426
0.206
0.001
0.532
0.583
0.003
0.58
0.354
0.38
0.466
0.564
0.491
0.004
0.496
0.313
0.195
0.373
0.001
0.23
0.001
0.012
0.001
0.321
0.001
0.194
0.008
0.528
0.481
0.436
0.336
0.002
0.283
0.402
0.004
0.001
0.001
0.001
0.001
0.001
0.442
0.649
0.003
0.691
0.446
0.382
0.319
0.437
0.133
0.568
0.002
0.621
0.522
0.599
0.402
0.397
0.001
0.534
0.001
0.494
0.546
0.639
0.443
0.703
0.566
0.001
0.199
0.408
0.007
0.344
0.242
0.159
0.451
0.002
0.237
0.132
0.591
0.002
0.001
0.516
0.001
0.646
0.14
0.563
0.003
0.378
0.074
0.489
0.652
0.37
0.626
0.155
0.09
0.43
0.576
0.143
0.001
0.504
0.277
0.048
0.51
0.316
0.416
0.001
0.26
0.341
0.117
0.128
0.498
0.728
0.426
0.092
0.191
0.286
0.543
0.115
0.59
0.423
0.695
0.657
0.484
0.548
0.493
0.452
0.347
0.003
0.001
0.001
0.319
0.004
0.003
0.657
0.001
0.001
0.494
0.355
0.384
0.49
0.36
0.117
0.313
0.529
0.718
0.001
0.003
0.467
0.588
0.386
0.287
0.381
0.538
0.001
0.734
0.167
0.672
0.236
0.683
0.001
0.493
0.001
0.001
0.001
0.372
0.523
0.22
0.16
0.585
0.504
0.636
0.353
0.461
0.001
0.428
0.046
0.002
0.426
0.142
0.581
0.236
0.001
0.385
0.002
0.328
0.546
0.336
0.403
0.331
0.003
0.055
0.366
0.001
0.632
0.613
0.491
0.732
0.512
0.275
0.575
0.001
0.467
0.048
0.472
0.281
0.582
0.149
0.579
0.116
0.433
0.296
0.001
0.324
0.476
0.196
0.009
0.326
0.005
0.337
0.222
0.051
0.081
0.266
0.005
0.001
0.287
0.152
0.247
0.333
0.366
0.461
0.001
0.029
0.288
0.589
0.222
0.248
0.353
0.573
0.62
0.002
0.398
0.08
0.573
0.344
0.545
0.145
0.592
0.398
0.001
0.493
0.532
0.46
0.444
0.108
0.288
0.681
0.053
0.244
0.696
0.573
0.667
0.326
0.002
0.571
0.376
0.001
0.138
0.05
0.28
0.485
0.33
0.567
0.272
0.48
0.125
0.431
0.001
0.422
0.562
0.523
0.494
0.001
0.213
0.002
0.001
0.349
0.001
0.001
0.434
0.516
0.001
0.334
0.001
0.001
0.618
0.511
0.202
0.001
0.457
0.198
0.574
0.314
0.535
0.403
0.537
0.467
0.634
0.394
0.59
0.668
0.69
0.253
0.006
0.136
0.008
0.001
0.004
0.459
0.003
0.341
0.554
0.456
0.335
0.574
0.375
0.011
0.349
0.372
0.426
0.599
0.438
0.001
0.68
0.004
0.685
0.463
0.435
0.374
0.403
0.558
0.002
0.59
0.004
0.444
0.384
0.432
0.003
0.221
0.272
0.554
0.004
0.484
0.065
0.347
0.628
0.001
0.268
0.002
0.31
0.49
0.564
0.216
0.001
0.493
0.439
0.003
0.001
0.486
0.207
0.001
0.153
0.572
0.289
0.683
0.176
0.001
0.001
0.399
0.615
0.629
0.004
0.001
0.607
0.317
0.336
0.573
0.561
0.048
0.129
0.001
0.001
0.314
0.101
0.415
0.203
0.496
0.248
0.547
0.001
0.623
0.002
0.411
0.001
0.604
0.213
0.334
0.21
0.552
0.065
0.62
0.001
0.501
0.621
0.001
0.213
0.081
0.572
0.195
0.185
0.532
0.155
0.35
0.453
0.668
0.565
0.483
0.385
0.005
0.169
0.369
0.394
0.002
0.399
0.001
0.367
0.383
0.253
0.503
0.121
0.367
0.532
0.001
0.004
0.451
0.64
0.494
0.28
0.001
0.129
0.048
0.065
0.591
0.59
0.001
0.145
0.448
0.553
0.462
0.002
0.491
0.041
0.238
0.533
0.471
0.563
0.005
0.39
0.717
0.444
0.601
0.003
0.431
0.208
0.108
0.005
0.036
0.362
0.248
0.504
0.589
0.007
0.002
0.268
0.612
0.513
0.185
0.005
0.557
0.553
0.737
0.264
0.001
0.407
0.357
0.007
0.004
0.442
0.095
0.025
0.245
0.545
0.465
0.119
0.261
0.239
0.418
0.006
0.049
0.419
0.001
0.623
0.52
0.512
0.552
0.001
0.422
0.278
0.121
0.345
0.004
0.005
0.384
0.258
0.293
0.576
0.17
0.002
0.37
0.504
0.001
0.343
0.429
0.169
0.304
0.455
0.557
0.646
0.37
0.002
0.003
0.272
0.633
0.39
0.258
0.263
0.431
0.005
0.252
0.509
0.335
0.4
0.001
0.467
0.201
0.178
0.304
0.009
0.264
0.271
0.239
0.445
0.468
0.517
0.001
0.356
0.392
0.565
0.001
0.651
0.327
0.387
0.001
0.308
0.034
0.537
0.447
0.002
0.001
0.001
0.065
0.214
0.248
0.072
0.321
0.325
0.003
0.001
0.477
0.523
0.466
0.477
0.247
0.599
0.095
0.001
0.355
0.001
0.488
0.002
0.141
0.39
0.516
0.336
0.548
0.01
0.605
0.588
0.637
0.115
0.609
0.426
0.338
0.5
0.192
0.001
0.502
0.003
0.477
0.584
0.36
0.27
0.324
0.304
0.675
0.428
0.001
0.001
0.27
0.273
0.423
0.571
0.267
0.374
0.001
0.004
0.266
0.001
0.648
0.004
0.001
0.127
0.002
0.37
0.522
0.516
0.356
0.173
0.001
0.581
0.473
0.001
0.088
0.483
0.46
0.216
0.001
0.217
0.521
0.63
0.416
0.42
0.283
0.337
0.191
0.198
0.003
0.466
0.075
0.021
0.607
0.001
0.001
0.318
0.007
0.332
0.001
0.299
0.24
0.604
0.001
0.67
0.003
0.678
0.681
0.501
0.001
0.001
0.543
0.333
0.151
0.131
0.271
0.007
0.378
0.142
0.023
0.001
0.341
0.221
0.326
0.559
0.37
0.528
0.337
0.447
0.565
0.518
0.644
0.006
0.417
0.291
0.001
0.497
0.519
0.617
0.467
0.57
0.001
0.641
0.57
0.452
0.001
0.001
0.007
0.619
0.527
0.457
0.168
0.001
0.001
0.001
0.281
0.497
0.131
0.002
0.001
0.295
0.59
0.483
0.522
0.515
0.282
0.596
0.003
0.589
0.038
0.398
0.003
0.108
0.638
0.115
0.008
0.332
0.7
0.502
0.469
0.001
0.306
0.138
0.113
0.475
0.138
0.095
0.211
0.586
0.003
0.423
0.001
0.645
0.001
0.42
0.114
0.642
0.497
0.527
0.405
0.296
0.534
0.317
0.001
0.516
0.407
0.408
0.329
0.136
0.528
0.601
0.62
0.419
0.003
0.001
0.383
0.002
0.412
0.495
0.459
0.001
0.472
0.001
0.28
0.001
0.543
0.457
0.001
0.001
0.445
0.001
0.001
0.317
0.279
0.001
0.001
0.087
0.004
0.352
0.445
0.314
0.446
0.224
0.001
0.581
0.01
0.685
0.548
0.165
0.25
0.176
0.001
0.001
0.001
0.634
0.31
0.001
0.24
0.523
0.001
0.236
0.486
0.006
0.005
0.194
0.473
0.16
0.114
0.117
0.123
0.534
0.216
0.002
0.222
0.004
0.721
0.229
0.001
0.001
0.591
0.485
0.002
0.001
0.001
0.518
0.359
0.005
0.535
0.543
0.537
0.566
0.002
0.361
0.001
0.014
0.001
0.303
0.177
0.639
0.001
0.538
0.22
0.403
0.289
0.035
0.134
0.008
0.57
0.001
0.416
0.526
0.196
0.026
0.001
0.592
0.518
0.188
0.446
0.004
0.001
0.251
0.46
0.349
0.348
0.503
0.494
0.002
0.403
0.007
0.4
0.083
0.492
0.337
0.69
0.497
0.68
0.444
0.006
0.447
0.442
0.002
0.008
0.331
0.356
0.319
0.421
0.474
0.181
0.463
0.339
0.493
0.495
0.596
0.12
0.35
0.551
0.431
0.538
0.615
0.27
0.075
0.166
0.001
0.594
0.689
0.679
0.299
0.344
0.097
0.583
0.404
0.001
0.006
0.388
0.402
0.001
0.001
0.585
0.002
0.386
0.043
0.305
0.464
0.548
0.674
0.112
0.444
0.432
0.25
0.266
0.399
0.176
0.093
0.61
0.692
0.415
0.006
0.387
0.086
0.002
0.428
0.009
0.622
0.498
0.465
0.008
0.223
0.001
0.194
0.28
0.32
0.179
0.499
0.427
0.001
0.133
0.217
0.35
0.579
0.099
0.565
0.375
0.001
0.55
0.014
0.631
0.663
0.326
0.003
0.212
0.465
0.002
0.471
0.607
0.587
0.442
0.001
0.554
0.65
0.403
0.071
0.003
0.472
0.001
0.655
0.109
0.488
0.001
0.368
0.517
0.513
0.233
0.003
0.001
0.138
0.676
0.439
0.393
0.653
0.175
0.237
0.545
0.386
0.615
0.349
0.217
0.001
0.661
0.64
0.325
0.652
0.055
0.001
0.001
0.003
0.001
0.271
0.558
0.002
0.615
0.237
0.001
0.287
0.45
0.218
0.433
0.399
0.004
0.226
0.614
0.693
0.287
0.084
0.002
0.551
0.042
0.649
0.329
0.212
0.271
0.126
0.436
0.449
0.303
0.554
0.002
0.221
0.388
0.437
0.5
0.006
0.002
0.275
0.414
0.374
0.376
0.62
0.669
0.408
0.443
0.298
0.207
0.338
0.692
0.002
0.483
0.001
0.493
0.497
0.085
0.406
0.354
0.279
0.353
0.255
0.097
0.177
0.513
0.592
0.431
0.49
0.426
0.54
0.553
0.001
0.004
0.458
0.001
0.444
0.202
0.555
0.579
0.263
0.001
0.444
0.003
0.482
0.004
0.606
0.126
0.282
0.339
0.527
0.001
0.276
0.16
0.207
0.454
0.4
0.001
0.426
0.272
0.137
0.327
0.632
0.573
0.005
0.47
0.003
0.579
0.006
0.001
0.004
0.543
0.453
0.351
0.023
0.07
0.235
0.325
0.337
0.57
0.272
0.578
0.655
0.003
0.11
0.515
0.001
0.002
0.275
0.221
0.529
0.587
0.341
0.001
0.566
0.514
0.001
0.502
0.129
0.618
0.573
0.215
0.001
0.001
0.686
0.507
0.462
0.251
0.408
0.543
0.754
0.006
0.598
0.307
0.002
0.001
0.282
0.48
0.543
0.064
0.001
0.008
0.219
0.226
0.193
0.419
0.464
0.669
0.001
0.696
0.331
0.251
0.001
0.079
0.445
0.001
0.002
0.468
0.017
0.111
0.382
0.35
0.037
0.281
0.559
0.211
0.709
0.32
0.016
0.085
0.508
0.301
0.001
0.445
0.001
0.457
0.001
0.253
0.678
0.001
0.415
0.001
0.001
0.312
0.207
0.119
0.541
0.338
0.296
0.491
0.584
0.116
0.493
0.005
0.001
0.69
0.01
0.542
0.012
0.581
0.04
0.54
0.728
0.002
0.62
0.581
0.074
0.051
0.343
0.561
0.414
0.401
0.582
0.344
0.262
0.053
0.001
0.021
0.294
0.58
0.008
0.328
0.133
0.001
0.003
0.002
0.542
0.001
0.006
0.473
0.005
0.593
0.009
0.001
0.002
0.001
0.306
0.001
0.413
0.094
0.316
0.576
0.383
0.584
0.002
0.168
0.433
0.384
0.563
0.424
0.002
0.562
0.544
0.423
0.001
0.293
0.449
0.546
0.076
0.376
0.658
0.479
0.323
0.004
0.025
0.529
0.444
0.01
0.001
0.011
0.411
0.634
0.001
0.486
0.426
0.213
0.002
0.001
0.005
0.001
0.518
0.588
0.237
0.3
0.194
0.102
0.002
0.354
0.003
0.467
0.458
0.001
0.105
0.645
0.469
0.371
0.496
0.624
0.26
0.1
0.11
0.373
0.618
0.623
0.001
0.573
0.507
0.293
0.074
0.257
0.549
0.387
0.357
0.002
0.508
0.357
0.491
0.339
0.003
0.654
0.613
0.109
0.287
0.435
0.511
0.347
0.269
0.582
0.001
0.625
0.754
0.475
0.512
0.609
0.37
0.427
0.001
0.48
0.197
0.551
0.389
0.498
0.277
0.636
0.428
0.01
0.001
0.3
0.257
0.524
0.001
0.424
0.41
0.432
0.48
0.745
0.268
0.288
0.001
0.578
0.007
0.235
0.001
0.001
0.001
0.615
0.005
0.033
0.62
0.057
0.001
0.316
0.002
0.256
0.674
0.593
0.439
0.482
0.288
0.669
0.004
0.496
0.13
0.436
0.067
0.438
0.415
0.197
0.052
0.538
0.002
0.001
0.378
0.452
0.001
0.579
0.144
0.292
0.003
0.2
0.001
0.303
0.001
0.581
0.399
0.622
0.001
0.209
0.001
0.383
0.386
0.389
0.482
0.465
0.444
0.001
0.348
0.177
0.421
0.532
0.004
0.014
0.32
0.501
0.001
0.349
0.097
0.531
0.336
0.221
0.586
0.312
0.234
0.272
0.207
0.315
0.004
0.238
0.559
0.001
0.458
0.554
0.158
0.2
0.28
0.381
0.179
0.001
0.339
0.002
0.553
0.338
0.001
0.324
0.311
0.378
0.277
0.486
0.415
0.461
0.001
0.267
0.589
0.381
0.459
0.001
0.002
0.244
0.001
0.6
0.001
0.528
0.387
0.563
0.045
0.005
0.319
0.001
0.003
0.586
0.224
0.599
0.474
0.086
0.001
0.517
0.429
0.28
0.321
0.331
0.294
0.001
0.171
0.322
0.434
0.345
0.549
0.539
0.519
0.179
0.534
0.42
0.002
0.332
0.509
0.604
0.39
0.373
0.398
0.001
0.347
0.375
0.507
0.405
0.191
0.007
0.217
0.478
0.001
0.209
0.192
0.001
0.683
0.001
0.001
0.226
0.247
0.373
0.517
0.659
0.001
0.004
0.317
0.393
0.122
0.186
0.42
0.056
0.551
0.432
0.65
0.106
0.441
0.518
0.165
0.465
0.449
0.001
0.001
0.596
0.526
0.26
0.468
0.228
0.155
0.233
0.278
0.278
0.022
0.559
0.001
0.001
0.449
0.342
0.001
0.054
0.261
0.001
0.455
0.442
0.409
0.681
0.001
