0.004
0.154
0.001
0.001
0.003
0.019
0.071
0.036
0.179
0.199
0.001
0.017
0.057
0.001
0.01
0.146
0.003
0.047
0.095
0.002
0.046
0.001
0.041
0.104
0.006
0.053
0.006
0.047
0.007
0.072
0.102
0.119
0.003
0.079
0.053
0.002
0.16
0.082
0.004
0.001
0.002
0.018
0.004
0.191
0.008
0.092
0.011
0.01
0.082
0.003
0.168
0.043
0.019
0.13
0.001
0.003
0.128
0.001
0.002
0.009
0.001
0.088
0.049
0.002
0.004
0.103
0.104
0.03
0.006
0.108
0.002
0.004
0.067
0.009
0.253
0.064
0.001
0.034
0.003
0.162
0.091
0.087
0.239
0.152
0.017
0.098
0.09
0.221
0.004
0.046
0.023
0.176
0.002
0.001
0.134
0.003
0.229
0.002
0.001
0.023
0.001
0.004
0.176
0.004
0.002
0.001
0.047
0.082
0.017
0.003
0.067
0.055
0.186
0.006
0.003
0.104
0.001
0.085
0.162
0.002
0.305
0.006
0.047
0.001
0.156
0.026
0.013
0.1
0.059
0.22
0.005
0.002
0.026
0.001
0.016
0.009
0.004
0.178
0.103
0.002
0.001
0.001
0.001
0.045
0.068
0.002
0.002
0.157
0.035
0.005
0.001
0.142
0.002
0.005
0.007
0.054
0.002
0.001
0.001
0.161
0.048
0.107
0.003
0.002
0.099
0.001
0.048
0.001
0.005
0.005
0.001
0.055
0.033
0.004
0.006
0.005
0.007
0.102
0.013
0.092
0.116
0.003
0.037
0.002
0.083
0.027
0.034
0.003
0.012
0.093
0.002
0.155
0.013
0.012
0.001
0.046
0.035
0.078
0.08
0.245
0.089
0.011
0.032
0.069
0.058
0.106
0.079
0.004
0.004
0.003
0.001
0.001
0.137
0.003
0.001
0.002
0.033
0.023
0.129
0.004
0.001
0.002
0.011
0.003
0.002
0.125
0.213
0.031
0.001
0.19
0.019
0.001
0.001
0.058
0.017
0.004
0.004
0.001
0.065
0.177
0.002
0.006
0.001
0.007
0.082
0.002
0.01
0.243
0.007
0.058
0.013
0.001
0.008
0.014
0.044
0.075
0.003
0.001
0.041
0.126
0.082
0.003
0.004
0.085
0.002
0.092
0.024
0.029
0.002
0.065
0.109
0.177
0.193
0.002
0.091
0.001
0.002
0.041
0.052
0.002
0.001
0.002
0.001
0.003
0.031
0.312
0.011
0.013
0.074
0.004
0.047
0.001
0.201
0.03
0.085
0.095
0.001
0.004
0.071
0.09
0.051
0.124
0.003
0.002
0.001
0.001
0.03
0.002
0.102
0.029
0.025
0.001
0.022
0.001
0.001
0.048
0.013
0.015
0.076
0.023
0.033
0.092
0.165
0.003
0.134
0.001
0.001
0.021
0.173
0.001
0.005
0.002
0.028
0.149
0.014
0.081
0.001
0.002
0.023
0.002
0.103
0.239
0.001
0.122
0.077
0.003
0.01
0.064
0.178
0.007
0.169
0.001
0.093
0.226
0.004
0.058
0.02
0.187
0.037
0.005
0.116
0.034
0.001
0.002
0.047
0.003
0.179
0.001
0.001
0.002
0.003
0.105
0.041
0.001
0.022
0.011
0.006
0.152
0.001
0.089
0.003
0.001
0.06
0.017
0.102
0.002
0.092
0.051
0.027
0.001
0.002
0.03
0.039
0.073
0.072
0.009
0.006
0.171
0.001
0.067
0.064
0.126
0.184
0.012
0.13
0.097
0.001
0.001
0.238
0.043
0.039
0.001
0.025
0.206
0.074
0.01
0.003
0.081
0.001
0.036
0.002
0.001
0.007
0.093
0.021
0.13
0.194
0.004
0.03
0.083
0.001
0.002
0.161
0.017
0.023
0.105
0.007
0.162
0.001
0.005
0.001
0.005
0.113
0.003
0.029
0.012
0.024
0.001
0.001
0.001
0.017
0.002
0.041
0.001
0.199
0.001
0.002
0.105
0.244
0.002
0.005
0.115
0.007
0.086
0.001
0.05
0.052
0.01
0.001
0.001
0.107
0.051
0.001
0.021
0.001
0.029
0.081
0.114
0.003
0.003
0.002
0.209
0.013
0.044
0.201
0.001
0.093
0.002
0.044
0.001
0.109
0.013
0.063
0.003
0.065
0.092
0.088
0.002
0.138
0.002
0.01
0.095
0.018
0.001
0.005
0.139
0.076
0.106
0.001
0.033
0.059
0.177
0.004
0.168
0.008
0.118
0.204
0.003
0.006
0.004
0.001
0.101
0.124
0.014
0.215
0.002
0.002
0.127
0.002
0.064
0.045
0.194
0.158
0.004
0.176
0.001
0.055
0.002
0.001
0.044
0.061
0.059
0.001
0.005
0.001
0.002
0.011
0.001
0.001
0.297
0.125
0.088
0.003
0.008
0.051
0.001
0.15
0.01
0.004
0.002
0.004
0.034
0.212
0.2
0.004
0.229
0.063
0.001
0.003
0.122
0.131
0.001
0.001
0.005
0.001
0.242
0.113
0.001
0.022
0.133
0.006
0.001
0.029
0.001
0.001
0.055
0.05
0.07
0.002
0.029
0.094
0.099
0.001
0.006
0.07
0.073
0.001
0.005
0.009
0.001
0.001
0.133
0.004
0.075
0.018
0.016
0.001
0.059
0.001
0.072
0.002
0.002
0.001
0.034
0.205
0.065
0.015
0.027
0.212
0.013
0.001
0.1
0.101
0.165
0.033
0.002
0.003
0.053
0.06
0.124
0.026
0.082
0.048
0.001
0.034
0.003
0.083
0.136
0.001
0.107
0.091
0.005
0.01
0.008
0.106
0.003
0.121
0.085
0.206
0.001
0.002
0.001
0.002
0.13
0.002
0.037
0.076
0.087
0.093
0.269
0.059
0.004
0.022
0.061
0.044
0.002
0.02
0.125
0.002
0.002
0.01
0.022
0.001
0.005
0.063
0.054
0.039
0.001
0.064
0.028
0.002
0.002
0.061
0.002
0.003
0.134
0.048
0.128
0.16
0.099
0.047
0.001
0.026
0.011
0.144
0.003
0.113
0.001
0.036
0.002
0.003
0.123
0.001
0.096
0.038
0.076
0.047
0.053
0.037
0.001
0.126
0.03
0.004
0.147
0.002
0.002
0.002
0.002
0.085
0.074
0.001
0.006
0.084
0.001
0.069
0.09
0.026
0.038
0.005
0.001
0.061
0.106
0.014
0.002
0.215
0.016
0.006
0.001
0.003
0.06
0.002
0.092
0.249
0.034
0.008
0.142
0.012
0.063
0.001
0.075
0.06
0.005
0.001
0.085
0.027
0.366
0.005
0.005
0.001
0.057
0.027
0.045
0.073
0.004
0.001
0.199
0.189
0.005
0.002
0.001
0.042
0.001
0.218
0.001
0.145
0.078
0.003
0.027
0.022
0.051
0.216
0.001
0.001
0.003
0.128
0.008
0.001
0.106
0.021
0.001
0.091
0.001
0.006
0.01
0.131
0.027
0.003
0.046
0.001
0.104
0.039
0.003
0.008
0.034
0.011
0.191
0.06
0.034
0.008
0.092
0.083
0.003
0.023
0.107
0.075
0.001
0.006
0.069
0.007
0.002
0.001
0.003
0.006
0.18
0.001
0.198
0.032
0.009
0.092
0.111
0.034
0.043
0.038
0.046
0.214
0.001
0.001
0.209
0.092
0.065
0.066
0.006
0.078
0.001
0.009
0.025
0.151
0.171
0.001
0.003
0.096
0.097
0.001
0.264
0.001
0.013
0.044
0.002
0.041
0.001
0.111
0.158
0.138
0.06
0.132
0.046
0.004
0.001
0.188
0.002
0.247
0.256
0.001
0.008
0.022
0.222
0.002
0.073
0.104
0.004
0.053
0.003
0.044
0.001
0.002
0.174
0.005
0.001
0.212
0.105
0.023
0.014
0.148
0.033
0.065
0.058
0.002
0.109
0.015
0.027
0.001
0.038
0.085
0.162
0.052
0.004
0.036
0.01
0.006
0.004
0.001
0.002
0.045
0.121
0.001
0.001
0.002
0.001
0.168
0.001
0.061
0.24
0.054
0.049
0.061
0.248
0.099
0.001
0.001
0.005
0.006
0.003
0.097
0.014
0.001
0.002
0.003
0.238
0.144
0.084
0.057
0.008
0.087
0.075
0.006
0.028
0.078
0.053
0.046
0.001
0.046
0.036
0.067
0.035
0.005
0.001
0.001
0.138
0.053
0.055
0.003
0.111
0.001
0.052
0.064
0.001
0.063
0.043
0.001
0.077
0.04
0.1
0.209
0.003
0.067
0.171
0.006
0.086
0.168
0.005
0.001
0.001
0.001
0.102
0.185
0.003
0.006
0.001
0.005
0.037
0.196
0.124
0.288
0.001
0.001
0.084
0.033
0.227
0.002
0.002
0.057
0.07
0.004
0.002
0.005
0.026
0.004
0.047
0.101
0.01
0.047
0.196
0.001
0.053
0.081
0.019
0.014
0.057
0.004
0.002
0.043
0.001
0.169
0.001
0.146
0.08
0.115
0.031
0.132
0.009
0.008
0.108
0.075
0.095
0.028
0.002
0.001
0.001
0.003
0.16
0.122
0.195
0.01
0.03
0.003
0.012
0.002
0.062
0.06
0.001
0.021
0.001
0.108
0.001
0.001
0.008
0.069
0.072
0.202
0.004
0.003
0.076
0.001
0.005
0.002
0.001
0.034
0.003
0.062
0.001
0.107
0.039
0.03
0.12
0.002
0.074
0.002
0.205
0.129
0.004
0.205
0.081
0.001
0.107
0.019
0.004
0.11
0.024
0.01
0.053
0.002
0.001
0.006
0.038
0.063
0.002
0.002
0.002
0.001
0.005
0.034
0.229
0.001
0.006
0.079
0.121
0.14
0.093
0.009
0.096
0.024
0.218
0.09
0.002
0.002
0.001
0.003
0.237
0.002
0.001
0.169
0.001
0.019
0.169
0.001
0.057
0.006
0.004
0.011
0.001
0.003
0.001
0.087
0.116
0.199
0.002
0.002
0.006
0.009
0.212
0.106
0.185
0.126
0.09
0.197
0.02
0.002
0.108
0.001
0.001
0.005
0.002
0.172
0.008
0.184
0.105
0.044
0.08
0.04
0.007
0.088
0.001
0.039
0.035
0.011
0.001
0.001
0.001
0.006
0.005
0.06
0.211
0.069
0.014
0.169
0.029
0.001
0.221
0.001
0.281
0.005
0.112
0.003
0.001
0.003
0.003
0.003
0.022
0.029
0.001
0.223
0.037
0.141
0.001
0.089
0.012
0.129
0.115
0.001
0.182
0.156
0.253
0.002
0.114
0.108
0.003
0.003
0.001
0.147
0.006
0.003
0.281
0.001
0.082
0.094
0.023
0.294
0.14
0.037
0.002
0.003
0.02
0.009
0.012
0.001
0.003
0.002
0.002
0.003
0.018
0.17
0.171
0.005
0.024
0.097
0.001
0.067
0.001
0.219
0.003
0.14
0.023
0.002
0.024
0.079
0.197
0.075
0.174
0.003
0.084
0.106
0.05
0.094
0.017
0.113
0.04
0.08
0.083
0.01
0.001
0.004
0.127
0.002
0.002
0.012
0.001
0.001
0.056
0.002
0.001
0.001
0.009
0.099
0.001
0.054
0.005
0.009
0.421
0.001
0.003
0.065
0.028
0.208
0.009
0.204
0.216
0.005
0.002
0.065
0.266
0.048
0.001
0.002
0.141
0.002
0.1
0.193
0.002
0.036
0.084
0.004
0.005
0.002
0.002
0.046
0.153
0.215
0.002
0.006
0.013
0.006
0.001
0.138
0.194
0.118
0.075
0.009
0.091
0.098
0.041
0.114
0.168
0.028
0.223
0.006
0.001
0.041
0.002
0.006
0.001
0.004
0.051
0.001
0.002
0.025
0.056
0.144
0.074
0.001
0.008
0.001
0.009
0.049
0.069
0.031
0.001
0.332
0.013
0.037
0.041
0.074
0.001
0.017
0.002
0.003
0.13
0.141
0.005
0.04
0.017
0.001
0.086
0.005
0.121
0.003
0.004
0.01
0.005
0.002
0.083
0.037
0.143
0.001
0.004
0.001
0.006
0.001
0.055
0.058
0.013
0.036
0.009
0.206
0.122
0.241
0.015
0.036
0.001
0.061
0.141
0.003
0.097
0.038
0.084
0.005
0.001
0.004
0.003
0.114
0.004
0.051
0.003
0.057
0.082
0.089
0.001
0.003
0.013
0.045
0.003
0.003
0.005
0.003
0.004
0.003
0.006
0.004
0.001
0.112
0.002
0.118
0.022
0.143
0.014
0.003
0.001
0.001
0.186
0.001
0.009
0.004
0.001
0.001
0.011
0.064
0.01
0.079
0.016
0.002
0.001
0.229
0.001
0.083
0.001
0.007
0.006
0.003
0.001
0.182
0.001
0.011
0.064
0.048
0.001
0.001
0.016
0.002
0.037
0.033
0.01
0.039
0.066
0.12
0.008
0.001
0.063
0.196
0.011
0.174
0.003
0.002
0.084
0.028
0.115
0.001
0.002
0.007
0.019
0.052
0.057
0.133
0.069
0.001
0.034
0.052
0.002
0.01
0.001
0.001
0.131
0.002
0.106
0.023
0.093
0.004
0.052
0.116
0.035
0.003
0.004
0.001
0.077
0.014
0.074
0.059
0.015
0.001
0.001
0.101
0.183
0.08
0.01
0.115
0.078
0.004
0.102
0.001
0.001
0.065
0.002
0.159
0.001
0.012
0.002
0.082
0.007
0.001
0.258
0.061
0.014
0.001
0.06
0.017
0.196
0.077
0.002
0.002
0.04
0.192
0.006
0.206
0.093
0.129
0.001
0.002
0.109
0.044
0.005
0.202
0.001
0.003
0.001
0.024
0.016
0.175
0.31
0.083
0.026
0.036
0.001
0.005
0.006
0.127
0.113
0.046
0.309
0.001
0.04
0.062
0.129
0.006
0.063
0.002
0.005
0.001
0.11
0.076
0.102
0.003
0.28
0.014
0.005
0.006
0.006
0.002
0.002
0.003
0.122
0.001
0.001
0.001
0.091
0.115
0.001
0.021
0.061
0.004
0.112
0.012
0.041
0.003
0.002
0.183
0.041
0.006
0.007
0.001
0.003
0.004
0.009
0.017
0.07
0.003
0.204
0.078
0.003
0.14
0.176
0.058
0.05
0.003
0.001
0.002
0.255
0.109
0.198
0.002
0.004
0.09
0.061
0.001
0.005
0.047
0.001
0.015
0.022
0.019
0.001
0.055
0.038
0.073
0.001
0.006
0.058
0.002
0.08
0.001
0.171
0.005
0.001
0.011
0.224
0.001
0.003
0.162
0.042
0.001
0.139
0.114
0.004
0.002
0.073
0.103
0.001
0.148
0.005
0.004
0.012
0.008
0.042
0.181
0.188
0.007
0.07
0.002
0.089
0.069
0.057
0.009
0.003
0.003
0.001
0.009
0.007
0.114
0.001
0.062
0.001
0.162
0.152
0.118
0.003
0.001
0.001
0.089
0.066
0.091
0.008
0.058
0.051
0.002
0.006
0.014
0.076
0.001
0.014
0.008
0.083
0.072
0.034
0.1
0.002
0.002
0.164
0.195
0.001
0.07
0.063
0.054
0.003
0.004
0.001
0.13
0.115
0.082
0.17
0.003
0.001
0.005
0.058
0.105
0.045
0.097
0.051
0.004
0.003
0.154
0.003
0.133
0.147
0.072
0.006
0.002
0.067
0.003
0.03
0.059
0.003
0.002
0.008
0.001
0.016
0.004
0.087
0.062
0.001
0.117
0.061
0.031
0.059
0.003
0.003
0.001
0.001
0.005
0.005
0.001
0.001
0.149
0.113
0.071
0.116
0.002
0.003
0.001
0.24
0.006
0.024
0.005
0.001
0.001
0.048
0.134
0.001
0.053
0.32
0.001
0.024
0.001
0.052
0.091
0.001
0.039
0.102
0.001
0.183
0.005
0.001
0.001
0.088
0.015
0.001
0.004
0.108
0.059
0.108
0.003
0.001
0.001
0.083
0.043
0.037
0.117
0.008
0.07
0.018
0.001
0.006
0.039
0.001
0.001
0.049
0.001
0.037
0.004
0.046
0.063
0.139
0.001
0.008
0.003
0.019
0.071
0.03
0.049
0.073
0.284
0.014
0.041
0.005
0.227
0.004
0.075
0.021
0.075
0.06
0.001
0.001
0.091
0.002
0.067
0.02
0.001
0.098
0.074
0.113
0.1
0.005
0.003
0.248
0.002
0.01
0.014
0.146
0.073
0.001
0.083
0.067
0.052
0.075
0.07
0.001
0.005
0.001
0.004
0.004
0.033
0.016
0.138
0.005
0.001
0.112
0.015
0.086
0.001
0.001
0.014
0.001
0.141
0.003
0.198
0.001
0.004
0.007
0.018
0.142
0.045
0.04
0.096
0.036
0.041
0.002
0.062
0.001
0.083
0.024
0.112
0.003
0.001
0.155
0.001
0.01
0.001
0.175
0.003
0.001
0.001
0.007
0.007
0.003
0.002
0.05
0.052
0.095
0.01
0.011
0.07
0.101
0.09
0.007
0.001
0.112
0.034
0.001
0.128
0.001
0.044
0.058
0.075
0.014
0.106
0.01
0.003
0.085
0.007
0.001
0.032
0.001
0.092
0.005
0.004
0.021
0.007
0.218
0.009
0.23
0.081
0.025
0.029
0.23
0.004
0.2
0.073
0.028
0.13
0.165
0.046
0.003
0.016
0.001
0.002
0.009
0.001
0.001
0.034
0.001
0.085
0.095
0.005
0.077
0.17
0.002
0.063
0.077
0.061
0.012
0.111
0.145
0.049
0.021
0.001
0.007
0.069
0.033
0.153
0.093
0.005
0.108
0.125
0.006
0.005
0.079
0.01
0.241
0.247
0.185
0.001
0.072
0.001
0.001
0.088
0.114
0.002
0.216
0.003
0.005
0.004
0.074
0.001
0.013
0.049
0.091
0.062
0.007
0.034
0.001
0.027
0.049
0.001
0.004
0.001
0.034
0.071
0.017
0.078
0.016
0.001
0.001
0.004
0.078
0.349
0.052
0.003
0.001
0.152
0.023
0.038
0.001
0.003
0.014
0.023
0.001
0.015
0.002
0.038
0.003
0.052
0.036
0.172
0.002
0.018
0.017
0.004
0.07
0.038
0.001
0.112
0.097
0.156
0.027
0.074
0.008
0.002
0.117
0.002
0.024
0.004
0.015
0.1
0.065
0.168
0.001
0.002
0.004
0.009
0.001
0.041
0.039
0.099
0.001
0.095
0.003
0.001
0.008
0.08
0.001
0.004
0.102
0.003
0.059
0.021
0.2
0.001
0.034
0.01
0.023
0.038
0.009
0.046
0.038
0.005
0.001
0.069
0.011
0.06
0.006
0.002
0.005
0.001
0.002
0.001
0.04
0.035
0.037
0.001
0.114
0.094
0.003
0.048
0.005
0.002
0.04
0.164
0.003
0.001
0.155
0.065
0.041
0.001
0.08
0.001
0.002
0.317
0.103
0.004
0.002
0.011
0.127
0.169
0.084
0.001
0.013
0.169
0.002
0.113
0.08
0.217
0.003
0.01
0.004
0.001
0.001
0.276
0.004
0.001
0.129
0.066
0.15
0.008
0.125
0.068
0.112
0.076
0.001
0.081
0.089
0.006
0.064
0.054
0.019
0.008
0.058
0.13
0.001
0.002
0.155
0.001
0.002
0.002
0.005
0.004
0.052
0.016
0.001
0.056
0.003
0.21
0.091
0.061
0.04
0.023
0.002
0.103
0.089
0.158
0.033
0.026
0.036
0.143
0.006
0.078
0.004
0.038
0.007
0.001
0.009
0.174
0.003
0.002
0.004
0.013
0.006
0.001
0.168
0.004
0.157
0.002
0.195
0.004
0.001
0.139
0.01
0.187
0.001
0.078
0.073
0.001
0.003
0.001
0.009
0.004
0.001
0.026
0.014
0.166
0.021
0.011
0.003
0.154
0.024
0.001
0.129
0.02
0.005
0.036
0.126
0.031
0.13
0.089
0.063
0.001
0.005
0.075
0.061
0.012
0.138
0.006
0.066
0.003
0.001
0.035
0.07
0.03
0.133
0.102
0.002
0.003
0.092
0.037
0.14
0.099
0.133
0.087
0.027
0.159
0.001
0.049
0.217
0.003
0.19
0.006
0.327
0.124
0.002
0.028
0.05
0.049
0.038
0.255
0.001
0.008
0.029
0.05
0.001
0.005
0.003
0.158
0.004
0.055
0.001
0.01
0.139
0.121
0.001
0.002
0.046
0.049
0.05
0.101
0.097
0.003
0.001
0.093
0.002
0.004
0.054
0.003
0.065
0.003
0.008
0.003
0.108
0.036
0.103
0.059
0.083
0.001
0.005
0.061
0.219
0.001
0.043
0.179
0.001
0.034
0.31
0.059
0.025
0.001
0.003
0.007
0.189
0.101
0.004
0.206
0.008
0.006
0.002
0.001
0.009
0.001
0.021
0.338
0.089
0.003
0.001
0.004
0.003
0.045
0.001
0.001
0.069
0.001
0.046
0.099
0.002
0.001
0.172
0.001
0.063
0.001
0.002
0.137
0.001
0.215
0.079
0.003
0.006
0.078
0.005
0.092
0.001
0.001
0.102
0.001
0.096
0.001
0.002
0.008
0.056
0.065
0.081
0.124
0.002
0.005
0.06
0.022
0.002
0.011
0.174
0.005
0.006
0.021
0.006
0.023
0.001
0.004
0.007
0.001
0.001
0.08
0.08
0.009
0.003
0.143
0.002
0.074
0.012
0.169
0.01
0.001
0.034
0.054
0.192
0.1
0.003
0.082
0.056
0.002
0.047
0.055
0.094
0.007
0.007
0.001
0.098
0.005
0.001
0.001
0.028
0.011
0.006
0.093
0.128
0.072
0.033
0.272
0.149
0.143
0.042
0.002
0.194
0.001
0.035
0.001
0.016
0.092
0.136
0.216
0.033
0.001
0.094
0.045
0.005
0.118
0.052
0.001
0.149
0.116
0.12
0.004
0.055
0.005
0.004
0.185
0.001
0.003
0.009
0.001
0.004
0.001
0.026
0.001
0.05
0.034
0.051
0.307
0.148
0.019
0.112
0.015
0.151
0.134
0.001
0.089
0.052
0.009
0.042
0.001
0.041
0.072
0.002
0.002
0.01
0.231
0.002
0.002
0.001
0.182
0.007
0.097
0.008
0.001
0.046
0.006
0.15
0.004
0.181
0.036
0.001
0.001
0.008
0.102
0.106
0.021
0.08
0.185
0.029
0.04
0.105
0.01
0.164
0.031
0.134
0.087
0.003
0.002
0.012
0.012
0.041
0.001
0.19
0.287
0.001
0.023
0.007
0.095
0.12
0.051
0.315
0.003
0.101
0.034
0.001
0.158
0.006
0.019
0.076
0.013
0.004
0.023
0.008
0.001
0.001
0.001
0.003
0.006
0.001
0.007
0.001
0.002
0.003
0.146
0.001
0.003
0.173
0.003
0.203
0.049
0.002
0.001
0.001
0.089
0.198
0.107
0.002
0.38
0.207
0.002
0.219
0.004
0.001
0.001
0.001
0.024
0.164
0.004
0.022
0.065
0.003
0.033
0.206
0.001
0.096
0.148
0.039
0.001
0.001
0.001
0.028
0.013
0.014
0.166
0.135
0.001
0.053
0.084
0.005
0.003
0.135
0.003
0.005
0.134
0.107
0.005
0.074
0.004
0.001
0.044
0.002
0.051
0.005
0.182
0.001
0.007
0.008
0.09
0.017
0.001
0.105
0.146
0.137
0.038
0.21
0.004
0.005
0.001
0.014
0.014
0.085
0.065
0.021
0.001
0.001
0.002
0.199
0.002
0.002
0.095
0.091
0.241
0.047
0.003
0.048
0.082
0.003
0.007
0.028
0.009
0.001
0.132
0.001
0.183
0.001
0.155
0.001
0.176
0.11
0.002
0.076
0.001
0.001
0.101
0.026
0.042
0.09
0.193
0.004
0.162
0.004
0.01
0.084
0.001
0.001
0.229
0.084
0.003
0.127
0.002
0.253
0.001
0.011
0.058
0.012
0.008
0.056
0.009
0.146
0.164
0.079
0.001
0.002
0.013
0.001
0.001
0.011
0.084
0.002
0.011
0.038
0.133
0.024
0.129
0.031
0.001
0.238
0.023
0.119
0.001
0.012
0.001
0.17
0.009
0.001
0.089
0.001
0.074
0.03
0.114
0.048
0.007
0.098
0.001
0.001
0.008
0.001
0.087
0.001
0.102
0.084
0.147
0.011
0.061
0.024
0.001
0.066
0.002
0.004
0.072
0.001
0.006
0.003
0.062
0.003
0.244
0.063
0.061
0.002
0.006
0.004
0.014
0.006
0.045
0.001
0.001
0.192
0.001
0.046
0.053
0.022
0.254
0.062
0.001
0.101
0.013
0.02
0.005
0.001
0.002
0.121
0.116
0.009
0.014
0.004
0.006
0.001
0.001
0.008
0.039
0.178
0.004
0.001
0.118
0.002
0.02
0.013
0.131
0.013
0.217
0.002
0.001
0.002
0.109
0.001
0.148
0.055
0.002
0.12
0.002
0.007
0.153
0.098
0.003
0.001
0.092
0.083
0.001
0.001
0.019
0.1
0.154
0.004
0.189
0.028
0.178
0.238
0.001
0.005
0.081
0.153
0.048
0.013
0.005
0.001
0.001
0.21
0.005
0.003
0.005
0.003
0.003
0.246
0.024
0.001
0.171
0.09
0.001
0.017
0.066
0.168
0.004
0.001
0.001
0.002
0.066
0.028
0.005
0.003
0.214
0.069
0.132
0.049
0.042
0.001
0.034
0.001
0.106
0.004
0.001
0.029
0.136
0.001
0.144
0.203
0.07
0.008
0.137
0.002
0.208
0.061
0.002
0.091
0.091
0.001
0.008
0.001
0.004
0.079
0.006
0.024
0.002
0.001
0.033
0.006
0.001
0.001
0.078
0.005
0.016
0.125
0.083
0.272
0.042
0.05
0.005
0.006
0.002
0.008
0.012
0.014
0.156
0.183
0.078
0.001
0.115
0.14
0.106
0.1
0.295
0.197
0.001
0.08
0.002
0.004
0.11
0.001
0.001
0.009
0.075
0.177
0.078
0.039
0.019
0.128
0.004
0.041
0.001
0.063
0.001
0.174
0.242
0.132
0.108
0.114
0.243
0.001
0.196
0.002
0.212
0.013
0.001
0.002
0.001
0.001
0.152
0.029
0.143
0.174
0.021
0.007
0.006
0.017
0.055
0.204
0.002
0.003
0.046
0.066
0.001
0.001
0.315
0.006
0.084
0.015
0.034
0.015
0.125
0.129
0.136
0.01
0.003
0.105
0.06
0.001
0.002
0.109
0.001
0.035
0.015
0.01
0.001
0.118
0.129
0.003
0.035
0.01
0.006
0.001
0.104
0.026
0.156
0.088
0.228
0.006
0.14
0.002
0.043
0.015
0.007
0.06
0.005
0.101
0.069
0.153
0.002
0.062
0.067
0.004
0.074
0.001
0.054
0.029
0.006
0.093
0.006
0.082
0.142
0.005
0.052
0.102
0.021
0.002
0.001
0.003
0.001
0.031
0.001
0.107
0.101
0.003
0.002
0.005
0.006
0.114
0.001
0.112
0.001
0.001
0.002
0.022
0.207
0.145
0.045
0.035
0.074
0.002
0.032
0.006
0.089
0.063
0.001
0.062
0.01
0.052
0.021
0.001
0.008
0.001
0.032
0.042
0.041
0.118
0.012
0.094
0.006
0.001
0.047
0.005
0.154
0.15
0.138
0.075
0.056
0.002
0.004
0.006
0.002
0.152
0.001
0.002
0.001
0.052
0.283
0.005
0.003
0.002
0.028
0.001
0.004
0.07
0.086
0.001
0.167
0.059
0.002
0.061
0.122
0.001
0.003
0.073
0.004
0.001
0.015
0.002
0.178
0.097
0.003
0.005
0.273
0.098
0.01
0.162
0.168
0.029
0.003
0.002
0.208
0.194
0.109
0.002
0.013
0.01
0.006
0.001
0.017
0.012
0.031
0.077
0.098
0.127
0.098
0.003
0.092
0.06
0.006
0.007
0.001
0.003
0.006
0.046
0.056
0.003
0.022
0.071
0.167
0.003
0.001
0.001
0.055
0.141
0.044
0.16
0.053
0.001
0.002
0.131
0.001
0.001
0.001
0.001
0.008
0.027
0.114
0.081
0.134
0.058
0.082
0.1
0.01
0.002
0.001
0.002
0.002
0.001
0.013
0.108
0.168
0.039
0.001
0.001
0.002
0.197
0.015
0.047
0.001
0.001
0.003
0.007
0.001
0.035
0.11
0.21
0.003
0.106
0.003
0.089
0.206
0.088
0.006
0.097
0.339
0.001
0.002
0.002
0.121
0.002
0.152
0.102
0.149
0.123
0.089
0.154
0.002
0.002
0.001
0.001
0.077
0.025
0.002
0.028
0.036
0.078
0.22
0.002
0.242
0.056
0.023
0.005
0.001
0.001
0.009
0.073
0.002
0.18
0.097
0.001
0.017
0.001
0.01
0.004
0.073
0.001
0.013
0.029
0.001
0.004
0.087
0.015
0.01
0.021
0.007
0.117
0.062
0.031
0.018
0.059
0.002
0.025
0.126
0.031
0.001
0.002
0.211
0.003
0.041
0.03
0.002
0.004
0.001
0.087
0.062
0.003
0.132
0.002
0.005
0.003
0.001
0.239
0.065
0.033
0.059
0.004
0.049
0.01
0.004
0.006
0.132
0.107
0.086
0.02
0.058
0.001
0.001
0.001
0.039
0.006
0.108
0.073
0.075
0.072
0.001
0.04
0.09
0.006
0.003
0.147
0.183
0.003
0.005
0.009
0.11
0.003
0.018
0.009
0.067
0.007
0.038
0.001
0.001
0.004
0.005
0.054
0.053
0.156
0.064
0.07
0.046
0.024
0.001
0.007
0.004
0.09
0.047
0.02
0.001
0.003
0.209
0.026
0.01
0.013
0.143
0.076
0.062
0.009
0.002
0.054
0.021
0.15
0.001
0.164
0.003
0.032
0.001
0.001
0.01
0.085
0.001
0.001
0.177
0.001
0.001
0.172
0.002
0.003
0.001
0.133
0.087
0.012
0.001
0.207
0.233
0.001
0.002
0.019
0.002
0.022
0.001
0.001
0.06
0.116
0.001
0.002
0.198
0.049
0.055
0.004
0.005
0.003
0.026
0.072
0.251
0.19
0.002
0.001
0.005
0.2
0.054
0.165
0.005
0.001
0.001
0.067
0.015
0.012
0.111
0.003
0.157
0.135
0.056
0.019
0.155
0.001
0.116
0.082
0.012
0.056
0.002
0.026
0.001
0.001
0.053
0.004
0.011
0.066
0.085
0.17
0.004
0.114
0.001
0.066
0.006
0.09
0.081
0.089
0.003
0.055
0.052
0.001
0.204
0.011
0.001
0.078
0.083
0.055
0.001
0.004
0.006
0.117
0.218
0.014
0.131
0.001
0.098
0.002
0.079
0.002
0.001
0.068
0.194
0.098
0.225
0.009
0.072
0.023
0.005
0.008
0.06
0.001
0.006
0.091
0.003
0.001
0.138
0.165
0.052
0.187
0.004
0.07
0.195
0.005
0.003
0.054
0.015
0.003
0.194
0.003
0.213
0.003
0.017
0.001
0.13
0.004
0.002
0.005
0.002
0.134
0.148
0.058
0.003
0.1
0.146
0.01
0.002
0.001
0.001
0.245
0.062
0.063
0.004
0.241
0.187
0.009
0.063
0.044
0.005
0.001
0.056
0.062
0.069
0.006
0.193
0.001
0.155
0.001
0.001
0.003
0.001
0.146
0.041
0.061
0.001
0.179
0.003
0.082
0.053
0.027
0.014
0.081
0.009
0.012
0.001
0.097
0.002
0.292
0.034
0.002
0.108
0.009
0.002
0.103
0.001
0.001
0.005
0.167
0.002
0.157
0.139
0.006
0.01
0.001
0.025
0.05
0.073
0.008
0.101
0.05
0.009
0.048
0.112
0.15
0.169
0.002
0.001
0.093
0.13
0.018
0.033
0.034
0.188
0.016
0.144
0.074
0.001
0.111
0.001
0.165
0.002
0.034
0.002
0.01
0.072
0.082
0.095
0.139
0.068
0.105
0.006
0.002
0.006
0.003
0.25
0.002
0.019
0.034
0.101
0.024
0.137
0.001
0.002
0.001
0.101
0.005
0.141
0.003
0.036
0.005
0.023
0.001
0.006
0.007
0.209
0.156
0.109
0.065
0.17
0.191
0.001
0.013
0.186
0.022
0.001
0.003
0.002
0.011
0.008
0.006
0.072
0.003
0.007
0.006
0.009
0.001
0.001
0.22
0.168
0.059
0.109
0.105
0.002
0.001
0.004
0.002
0.108
0.006
0.082
0.007
0.068
0.002
0.059
0.098
0.019
0.001
0.001
0.005
0.015
0.04
0.003
0.054
0.001
0.061
0.001
0.172
0.048
0.009
0.008
0.035
0.004
0.001
0.151
0.036
0.144
0.002
0.003
0.013
0.004
0.19
0.054
0.086
0.005
0.002
0.036
0.072
0.043
0.005
0.001
0.114
0.001
0.147
0.057
0.122
0.092
0.001
0.167
0.063
0.01
0.001
0.115
0.014
0.045
0.164
0.003
0.001
0.112
0.001
0.01
0.159
0.135
0.144
0.004
0.006
0.201
0.139
0.147
0.057
0.05
0.076
0.001
0.05
0.003
0.005
0.006
0.106
0.007
0.001
0.001
0.003
0.004
0.239
0.002
0.066
0.002
0.082
0.095
0.007
0.048
0.044
0.189
0.014
0.001
0.002
0.108
0.119
0.205
0.198
0.184
0.106
0.037
0.001
0.05
0.139
0.004
0.005
0.099
0.194
0.049
0.002
0.002
0.027
0.026
0.074
0.001
0.099
0.227
0.059
0.004
0.13
0.003
0.188
0.032
0.001
0.002
0.075
0.002
0.001
0.005
0.002
0.042
0.002
0.001
0.036
0.006
0.083
0.099
0.054
0.006
0.06
0.001
0.001
0.04
0.004
0.003
0.105
0.067
0.077
0.001
0.022
0.033
0.166
0.103
0.115
0.002
0.004
0.082
0.001
0.03
0.007
0.003
0.11
0.045
0.009
0.07
0.063
0.043
0.002
0.15
0.111
0.001
0.003
0.001
0.098
0.002
0.001
0.054
0.074
0.005
0.159
0.114
0.257
0.044
0.003
0.017
0.073
0.003
0.095
0.021
0.062
0.001
0.232
0.06
0.005
0.211
0.058
0.008
0.162
0.159
0.11
0.001
0.218
0.002
0.003
0.001
0.003
0.125
0.014
0.218
0.043
0.086
0.002
0.001
0.007
0.002
0.093
0.002
0.001
0.003
0.002
0.012
0.002
0.081
0.107
0.266
0.005
0.003
0.23
0.011
0.122
0.16
0.006
0.128
0.106
0.002
0.001
0.001
0.001
0.006
0.01
0.003
0.004
0.001
0.096
0.057
0.122
0.061
0.089
0.138
0.041
0.001
0.057
0.021
0.081
0.126
0.005
0.017
0.11
0.001
0.114
0.013
0.037
0.004
0.193
0.093
0.003
0.203
0.129
0.115
0.071
0.005
0.101
0.002
0.069
0.115
0.005
0.002
0.08
0.001
0.073
0.004
0.105
0.004
0.051
0.003
0.204
0.001
0.001
0.002
0.002
0.067
0.004
0.102
0.024
0.003
0.042
0.155
0.098
0.001
0.001
0.198
0.001
0.16
0.003
0.001
0.057
0.123
0.003
0.001
0.116
0.019
0.128
0.002
0.043
0.022
0.003
0.004
0.014
0.003
0.052
0.005
0.005
0.098
0.001
0.007
0.002
0.001
0.065
0.191
0.047
0.012
0.001
0.156
0.001
0.006
0.002
0.004
0.003
0.002
0.025
0.008
0.083
0.001
0.002
0.02
0.052
0.121
0.115
0.204
0.002
0.167
0.053
0.004
0.011
0.008
0.03
0.059
0.064
0.096
0.003
0.229
0.115
0.274
0.001
0.112
0.223
0.001
0.129
0.062
0.1
0.062
0.164
0.039
0.155
0.231
0.091
0.089
0.001
0.001
0.075
0.073
0.002
0.001
0.001
0.004
0.027
0.006
0.133
0.005
0.013
0.022
0.027
0.004
0.002
0.029
0.008
0.076
0.114
0.165
0.082
0.001
0.03
0.016
0.002
0.216
0.003
0.001
0.005
0.233
0.252
0.196
0.01
0.008
0.007
0.112
0.014
0.012
0.079
0.12
0.001
0.011
0.002
0.001
0.01
0.069
0.06
0.004
0.021
0.134
0.104
0.098
0.012
0.038
0.001
0.107
0.103
0.023
0.081
0.003
0.003
0.173
0.006
0.047
0.085
0.01
0.001
0.041
0.001
0.223
0.003
0.161
0.002
0.003
0.07
0.099
0.191
0.067
0.003
0.002
0.195
0.028
0.074
0.005
0.01
0.003
0.021
0.161
0.11
0.201
0.064
0.09
0.071
0.001
0.019
0.098
0.167
0.002
0.001
0.135
0.023
0.002
0.028
0.002
0.142
0.092
0.002
0.003
0.089
0.019
0.002
0.001
0.003
0.015
0.065
0.005
0.059
0.074
0.008
0.003
0.156
0.001
0.008
0.004
0.001
0.04
0.005
0.193
0.004
0.008
0.097
0.152
0.113
0.06
0.17
0.001
0.048
0.003
0.001
0.002
0.005
0.011
0.039
0.001
0.001
0.003
0.079
0.032
0.016
0.001
0.001
0.004
0.167
0.08
0.003
0.001
0.004
0.068
0.001
0.005
0.111
0.266
0.006
0.004
0.003
0.147
0.033
0.003
0.041
0.004
0.002
0.001
0.002
0.02
0.012
0.006
0.006
0.001
0.002
0.054
0.001
0.002
0.309
0.001
0.002
0.005
0.006
0.143
0.019
0.071
0.078
0.01
0.004
0.007
0.001
0.025
0.078
0.002
0.002
0.002
0.006
0.072
0.007
0.117
0.138
0.025
0.001
0.001
0.139
0.001
0.005
0.089
0.066
0.054
0.008
0.006
0.001
0.032
0.066
0.14
0.001
0.071
0.002
0.117
0.004
0.001
0.01
0.197
0.001
0.027
0.008
0.128
0.147
0.004
0.018
0.001
0.097
0.092
0.017
0.03
0.015
0.06
0.128
0.006
0.085
0.004
0.001
0.204
0.029
0.001
0.11
0.055
0.193
0.095
0.011
0.116
0.042
0.005
0.117
0.175
0.002
0.125
0.055
0.038
0.001
0.001
0.001
0.122
0.024
0.001
0.001
0.003
0.017
0.001
0.001
0.001
0.028
0.001
0.054
0.004
0.001
0.106
0.002
0.041
0.026
0.008
0.154
0.038
0.002
0.004
0.11
0.001
0.003
0.001
0.193
0.178
0.003
0.018
0.092
0.003
0.014
0.009
0.001
0.081
0.001
0.16
0.002
0.015
0.007
0.089
0.106
0.001
0.001
0.194
0.11
0.032
0.001
0.02
0.003
0.005
0.001
0.058
0.029
0.006
0.041
0.009
0.038
0.092
0.002
0.113
0.001
0.002
0.151
0.011
0.001
0.001
0.002
0.037
0.005
0.086
0.008
0.004
0.004
0.132
0.062
0.162
0.069
0.217
0.049
0.078
0.001
0.001
0.003
0.002
0.105
0.001
0.104
0.067
0.005
0.002
0.016
0.045
0.007
0.002
0.134
0.011
0.008
0.003
0.001
0.001
0.079
0.005
0.001
0.072
0.001
0.07
0.003
0.005
0.044
0.043
0.029
0.001
0.004
0.002
0.144
0.032
0.002
0.001
0.001
0.004
0.001
0.005
0.02
0.001
0.001
0.024
0.001
0.005
0.002
0.167
0.012
0.104
0.048
0.033
0.001
0.064
0.002
0.006
0.001
0.07
0.177
0.096
0.079
0.001
0.001
0.006
0.022
0.004
0.325
0.009
0.085
0.001
0.027
0.001
0.001
0.228
0.006
0.001
0.011
0.211
0.16
0.039
0.218
0.001
0.001
0.006
0.003
0.001
0.105
0.04
0.001
0.001
0.07
0.001
0.076
0.042
0.084
0.067
0.005
0.002
0.002
0.142
0.099
0.008
0.006
0.086
0.106
0.004
0.157
0.143
0.004
0.008
0.046
0.089
0.062
0.25
0.001
0.109
0.004
0.002
0.199
0.009
0.027
0.079
0.001
0.056
0.063
0.001
0.007
0.076
0.091
0.087
0.002
0.063
0.002
0.021
0.003
0.007
0.006
0.075
0.001
0.03
0.001
0.056
0.002
0.007
0.009
0.005
0.025
0.007
0.079
0.035
0.052
0.006
0.121
0.024
0.244
0.001
0.036
0.003
0.003
0.02
0.173
0.002
0.001
0.004
0.074
0.209
0.004
0.079
0.003
0.123
0.115
0.018
0.163
0.014
0.158
0.09
0.006
0.049
0.002
0.006
0.001
0.002
0.001
0.087
0.003
0.031
0.217
0.026
0.001
0.076
0.009
0.001
0.06
0.001
0.003
0.001
0.041
0.008
0.245
0.005
0.22
0.007
0.002
0.04
0.073
0.006
0.003
0.005
0.162
0.015
0.005
0.094
0.003
0.054
0.132
0.11
0.101
0.001
0.088
0.003
0.002
0.047
0.082
0.005
0.15
0.062
0.002
0.001
0.001
0.146
0.162
0.003
0.137
0.176
0.103
0.305
0.001
0.135
0.042
0.001
0.001
0.001
0.003
0.02
0.001
0.002
0.004
0.004
0.003
0.001
0.003
0.024
0.003
0.214
0.014
0.048
0.158
0.152
0.175
0.007
0.037
0.001
0.107
0.01
0.004
0.011
0.015
0.003
0.176
0.006
0.026
0.001
0.144
0.049
0.058
0.095
0.066
0.001
0.009
0.11
0.08
0.003
0.005
0.001
0.052
0.003
0.031
0.216
0.102
0.062
0.24
0.071
0.005
0.117
0.001
0.026
0.009
0.134
0.003
0.098
0.001
0.086
0.001
0.034
0.164
0.002
0.009
0.002
0.049
0.174
0.001
0.003
0.088
0.038
0.004
0.007
0.001
0.004
0.001
0.13
0.007
0.209
0.041
0.019
0.015
0.089
0.167
0.001
0.051
0.197
0.045
0.002
0.131
0.158
0.004
0.053
0.06
0.047
0.001
0.012
0.042
0.001
0.003
0.03
0.106
0.125
0.074
0.006
0.162
0.001
0.029
0.065
0.004
0.057
0.007
0.124
0.005
0.004
0.004
0.173
0.001
0.004
0.002
0.111
0.02
0.02
0.001
0.091
0.003
0.073
0.067
0.003
0.001
0.01
0.025
0.002
0.056
0.03
0.006
0.002
0.001
0.054
0.059
0.086
0.001
0.002
0.051
0.053
0.003
0.296
0.003
0.008
0.001
0.184
0.044
0.001
0.048
0.023
0.063
0.004
0.002
0.019
0.001
0.064
0.001
0.051
0.001
0.002
0.113
0.003
0.007
0.156
0.042
0.002
0.005
0.105
0.001
0.001
0.001
0.13
0.034
0.001
0.001
0.013
0.005
0.001
0.001
0.052
0.115
0.198
0.116
0.076
0.058
0.002
0.047
0.003
0.1
0.096
0.004
0.001
0.168
0.003
0.071
0.035
0.064
0.03
0.002
0.204
0.037
0.005
0.041
0.001
0.057
0.001
0.043
0.128
0.003
0.061
0.001
0.002
0.001
0.17
0.106
0.137
0.003
0.079
0.128
0.08
0.28
0.001
0.023
0.026
0.003
0.001
0.091
0.052
0.044
0.001
0.005
0.003
0.004
0.002
0.027
0.001
0.001
0.038
0.144
0.049
0.136
0.001
0.026
0.006
0.002
0.001
0.001
0.001
0.001
0.001
0.068
0.21
0.047
0.057
0.116
0.003
0.001
0.001
0.002
0.001
0.04
0.001
0.008
0.115
0.005
0.004
0.001
0.04
0.013
0.007
0.025
0.004
0.108
0.001
0.038
0.003
0.009
0.06
0.015
0.054
0.003
0.209
0.008
0.111
0.001
0.113
0.105
0.001
0.007
0.002
0.045
0.006
0.152
0.227
0.012
0.004
0.035
0.053
0.001
0.108
0.001
0.001
0.065
0.019
0.182
0.032
0.001
0.002
0.15
0.074
0.233
0.109
0.116
0.004
0.052
0.069
0.001
0.072
0.004
0.048
0.092
0.001
0.032
0.004
0.005
0.001
0.005
0.108
0.04
0.003
0.009
0.085
0.003
0.003
0.182
0.004
0.001
0.096
0.194
0.104
0.004
0.143
0.072
0.064
0.009
0.01
0.004
0.006
0.077
0.042
0.006
0.118
0.124
0.142
0.001
0.01
0.097
0.11
0.167
0.184
0.128
0.043
0.2
0.144
0.052
0.004
0.059
0.006
0.001
0.052
0.009
0.03
0.096
0.094
0.256
0.085
0.143
0.093
0.037
0.006
0.059
0.066
0.043
0.11
0.004
0.002
0.11
0.02
0.029
0.071
0.001
0.004
0.009
0.002
0.003
0.001
0.002
0.001
0.002
0.001
0.059
0.233
0.081
0.001
0.003
0.024
0.026
0.001
0.001
0.072
0.082
0.007
0.002
0.015
0.057
0.001
0.069
0.001
0.002
0.115
0.024
0.154
0.134
0.004
0.007
0.059
0.119
0.141
0.106
0.053
0.083
0.167
0.056
0.081
0.001
0.07
0.002
0.052
0.016
0.028
0.003
0.001
0.003
0.001
0.001
0.029
0.004
0.001
0.26
0.035
0.001
0.002
0.003
0.002
0.117
0.204
0.081
0.001
0.081
0.088
0.003
0.001
0.001
0.002
0.074
0.001
0.001
0.106
0.053
0.001
0.003
0.125
0.007
0.034
0.075
0.012
0.153
0.011
0.001
0.027
0.086
0.002
0.008
0.078
0.001
0.175
0.001
0.115
0.004
0.065
0.018
0.003
0.053
0.001
0.001
0.002
0.152
0.002
0.094
0.01
0.006
0.002
0.054
0.09
0.066
0.005
0.036
0.022
0.001
0.001
0.139
0.001
0.002
0.155
0.151
0.003
0.007
0.127
0.004
0.004
0.019
0.03
0.065
0.004
0.003
0.187
0.055
0.007
0.004
0.002
0.003
0.006
0.129
0.003
0.1
0.063
0.01
0.027
0.111
0.14
0.044
0.05
0.182
0.001
0.186
0.006
0.077
0.001
0.001
0.057
0.158
0.003
0.082
0.002
0.001
0.005
0.124
0.101
0.123
0.018
0.017
0.076
0.068
0.002
0.013
0.078
0.031
0.001
0.003
0.157
0.155
0.002
0.09
0.041
0.015
0.001
0.01
0.196
0.08
0.05
0.002
0.002
0.203
0.001
0.001
0.149
0.006
0.002
0.058
0.007
0.124
0.125
0.177
0.002
0.181
0.162
0.039
0.086
0.144
0.305
0.1
0.002
0.01
0.084
0.001
0.182
0.001
0.001
0.068
0.001
0.003
0.056
0.136
0.006
0.107
0.001
0.002
0.001
0.004
0.001
0.07
0.111
0.068
0.251
0.038
0.161
0.002
0.055
0.004
0.001
0.001
0.08
0.019
0.044
0.014
0.021
0.05
0.126
0.075
0.083
0.007
0.078
0.036
0.124
0.134
0.001
0.006
0.046
0.002
0.08
0.004
0.005
0.078
0.006
0.031
0.004
0.103
0.114
0.144
0.082
0.019
0.002
0.001
0.146
0.001
0.137
0.004
0.007
0.001
0.028
0.003
0.101
0.079
0.003
0.198
0.105
0.073
0.007
0.081
0.129
0.15
0.228
0.005
0.114
0.099
0.12
0.146
0.008
0.003
0.002
0.067
0.035
0.001
0.064
0.254
0.001
0.093
0.001
0.091
0.282
0.052
0.118
0.001
0.003
0.005
0.15
0.002
0.155
0.216
0.001
0.003
0.074
0.006
0.005
0.033
0.012
0.001
0.031
0.007
0.075
0.354
0.002
0.141
0.325
0.107
0.001
0.057
0.005
0.099
0.026
0.16
0.064
0.015
0.006
0.004
0.191
0.009
0.001
0.018
0.004
0.081
0.037
0.001
0.006
0.001
0.069
0.216
0.006
0.003
0.319
0.006
0.003
0.129
0.024
0.003
0.008
0.08
0.001
0.043
0.033
0.002
0.082
0.131
0.081
0.103
0.104
0.022
0.155
0.057
0.001
0.006
0.001
0.082
0.077
0.057
0.001
0.002
0.002
0.02
0.003
0.001
0.001
0.004
0.041
0.057
0.032
0.027
0.098
0.123
0.004
0.148
0.007
0.004
0.079
0.155
0.007
0.105
0.033
0.103
0.007
0.092
0.002
0.002
0.001
0.001
0.008
0.003
0.278
0.001
0.093
0.001
0.057
0.061
0.003
0.001
0.167
0.002
0.092
0.028
0.16
0.001
0.119
0.006
0.003
0.058
0.056
0.081
0.006
0.002
0.009
0.01
0.116
0.165
0.046
0.001
0.043
0.001
0.003
0.242
0.001
0.07
0.145
0.004
0.002
0.117
0.08
0.038
0.017
0.015
0.003
0.087
0.001
0.004
0.038
0.003
0.005
0.002
0.005
0.002
0.032
0.006
0.071
0.095
0.002
0.004
0.099
0.057
0.008
0.009
0.009
0.022
0.014
0.057
0.004
0.109
0.059
0.003
0.003
0.157
0.004
0.033
0.004
0.001
0.03
0.097
0.065
0.032
0.224
0.13
0.006
0.002
0.004
0.003
0.045
0.001
0.001
0.079
0.003
0.013
0.065
0.053
0.006
0.018
0.04
0.001
0.109
0.004
0.061
0.001
0.05
0.003
0.195
0.116
0.048
0.003
0.06
0.149
0.025
0.027
0.066
0.152
0.135
0.008
0.148
0.124
0.051
0.002
0.001
0.012
0.006
0.001
0.035
0.002
0.001
0.004
0.001
0.002
0.08
0.002
0.023
0.078
0.004
0.11
0.138
0.004
0.034
0.004
0.002
0.253
0.212
0.003
0.022
0.126
0.001
0.07
0.033
0.003
0.002
0.005
0.003
0.005
0.001
0.004
0.06
0.002
0.018
0.136
0.008
0.062
0.001
0.004
0.002
0.006
0.124
0.132
0.08
0.001
0.001
0.023
0.138
0.105
0.051
0.002
0.006
0.001
0.038
0.002
0.182
0.003
0.001
0.063
0.001
0.002
0.158
0.004
0.034
0.235
0.049
0.005
0.024
0.052
0.012
0.001
0.004
0.213
0.004
0.001
0.012
0.163
0.175
0.019
0.001
0.088
0.099
0.071
0.001
0.11
0.071
0.22
0.124
0.001
0.001
0.002
0.001
0.006
0.042
0.11
0.023
0.059
0.001
0.037
0.169
0.013
0.004
0.002
0.001
0.001
0.035
0.042
0.162
0.002
0.001
0.028
0.128
0.002
0.002
0.001
0.113
0.056
0.002
0.003
0.018
0.002
0.001
0.003
0.011
0.051
0.001
0.124
0.003
0.001
0.003
0.04
0.005
0.008
0.083
0.197
0.003
0.044
0.014
0.01
0.002
0.006
0.002
0.142
0.009
0.036
0.349
0.002
0.143
0.083
0.003
0.061
0.223
0.06
0.122
0.002
0.053
0.204
0.062
0.011
0.003
0.079
0.152
0.009
0.001
0.122
0.062
0.002
0.089
0.001
0.156
0.013
0.09
0.015
0.025
0.131
0.01
0.098
0.07
0.001
0.001
0.106
0.007
0.004
0.028
0.005
0.001
0.006
0.001
0.007
0.088
0.079
0.122
0.014
0.177
0.135
0.153
0.001
0.005
0.024
0.008
0.033
0.024
0.003
0.14
0.005
0.01
0.001
0.003
0.061
0.201
0.008
0.088
0.005
0.018
0.001
0.004
0.007
0.085
0.144
0.015
0.088
0.061
0.001
0.002
0.101
0.004
0.003
0.156
0.001
0.099
0.003
0.067
0.009
0.001
0.061
0.026
0.013
0.094
0.004
0.001
0.102
0.002
0.003
0.076
0.056
0.009
0.257
0.001
0.026
0.028
0.003
0.118
0.066
0.001
0.021
0.082
0.085
0.001
0.001
0.001
0.141
0.11
0.019
0.152
0.005
0.047
0.002
0.009
0.002
0.002
0.137
0.008
0.076
0.002
0.001
0.243
0.101
0.176
0.001
0.094
0.126
0.006
0.106
0.032
0.001
0.005
0.128
0.001
0.075
0.086
0.002
0.008
0.003
0.004
0.092
0.087
0.033
0.095
0.309
0.086
0.031
0.091
0.108
0.029
0.126
0.094
0.048
0.065
0.015
0.001
0.004
0.001
0.002
0.002
0.113
0.002
0.004
0.001
0.031
0.001
0.001
0.386
0.002
0.035
0.006
0.011
0.007
0.001
0.076
0.04
0.066
0.099
0.041
0.006
0.023
0.001
0.027
0.075
0.001
0.012
0.087
0.011
0.057
0.153
0.126
0.002
0.006
0.092
0.026
0.001
0.001
0.139
0.001
0.153
0.006
0.143
0.001
0.001
0.046
0.108
0.001
0.153
0.001
0.003
0.001
0.001
0.07
0.003
0.075
0.012
0.067
0.137
0.036
0.004
0.007
0.104
0.042
0.103
0.001
0.001
0.001
0.031
0.094
0.007
0.105
0.002
0.001
0.118
0.004
0.17
0.023
0.001
0.053
0.003
0.118
0.137
0.076
0.055
0.001
0.104
0.016
0.001
0.174
0.001
0.092
0.004
0.003
0.001
0.003
0.005
0.002
0.001
0.001
0.012
0.001
0.001
0.001
0.001
0.127
0.077
0.013
0.231
0.024
0.001
0.029
0.002
0.045
0.047
0.001
0.002
0.004
0.081
0.074
0.073
0.001
0.002
0.003
0.08
0.169
0.036
0.005
0.067
0.06
0.001
0.065
0.033
0.131
0.001
0.015
0.006
0.001
0.029
0.27
0.002
0.068
0.038
0.003
0.126
0.129
0.001
0.004
0.001
0.036
0.029
0.13
0.011
0.004
0.019
0.014
0.005
0.022
0.014
0.002
0.031
0.041
0.043
0.007
0.068
0.001
0.029
0.012
0.11
0.004
0.187
0.002
0.002
0.053
0.001
0.003
0.059
0.012
0.034
0.013
0.146
0.229
0.001
0.054
0.158
0.08
0.009
0.114
0.004
0.001
0.001
0.001
0.053
0.063
0.004
0.002
0.001
0.041
0.005
0.002
0.003
0.06
0.263
0.003
0.003
0.025
0.116
0.001
0.041
0.051
0.002
0.001
0.076
0.009
0.053
0.13
0.003
0.021
0.017
0.195
0.006
0.001
0.16
0.002
0.083
0.029
0.172
0.055
0.093
0.007
0.194
0.148
0.001
0.019
0.001
0.24
0.004
0.022
0.086
0.011
0.065
0.045
0.002
0.172
0.032
0.122
0.003
0.003
0.008
0.048
0.023
0.007
0.004
0.186
0.151
0.001
0.003
0.161
0.003
0.12
0.003
0.04
0.001
0.009
0.001
0.004
0.001
0.167
0.001
0.001
0.001
0.105
0.001
0.002
0.009
0.002
0.002
0.002
0.004
0.129
0.001
0.228
0.001
0.059
0.191
0.101
0.03
0.184
0.005
0.165
0.126
0.005
0.238
0.001
0.007
0.004
0.155
0.092
0.006
0.097
0.026
0.006
0.002
0.001
0.001
0.007
0.056
0.001
0.107
0.001
0.056
0.001
0.024
0.162
0.232
0.015
0.014
0.062
0.189
0.048
0.072
0.004
0.058
0.164
0.046
0.002
0.003
0.004
0.001
0.031
0.096
0.001
0.17
0.144
0.001
0.002
0.087
0.002
0.094
0.003
0.006
0.002
0.045
0.008
0.022
0.069
0.041
0.039
0.067
0.142
0.05
0.005
0.002
0.003
0.073
0.083
0.03
0.202
0.041
0.025
0.15
0.039
0.004
0.029
0.001
0.28
0.001
0.002
0.058
0.001
0.004
0.108
0.09
0.139
0.016
0.02
0.235
0.001
0.073
0.014
0.002
0.092
0.1
0.003
0.004
0.055
0.054
0.004
0.006
0.001
0.001
0.056
0.002
0.001
0.174
0.047
0.004
0.05
0.001
0.008
0.083
0.013
0.052
0.048
0.06
0.005
0.002
0.083
0.156
0.058
0.076
0.185
0.001
0.279
0.002
0.197
0.058
0.003
0.002
0.084
0.001
0.15
0.062
0.002
0.002
0.006
0.027
0.179
0.008
0.078
0.042
0.019
0.125
0.001
0.074
0.003
0.124
0.057
0.001
0.213
0.001
0.027
0.001
0.227
0.006
0.117
0.088
0.003
0.003
0.005
0.105
0.001
0.002
0.003
0.057
0.132
0.183
0.068
0.088
0.09
0.198
0.001
0.083
0.104
0.076
0.006
0.005
0.02
0.001
0.122
0.069
0.001
0.066
0.18
0.001
0.01
0.001
0.169
0.08
0.003
0.002
0.002
0.002
0.239
0.126
0.05
0.076
0.005
0.044
0.001
0.001
0.068
0.168
0.096
0.076
0.002
0.003
0.007
0.01
0.001
0.08
0.006
0.001
0.017
0.037
0.004
0.022
0.001
0.001
0.001
0.002
0.07
0.017
0.091
0.002
0.358
0.015
0.098
0.001
0.027
0.003
0.193
0.002
0.008
0.001
0.036
0.013
0.001
0.086
0.001
0.116
0.004
0.097
0.001
0.312
0.003
0.006
0.031
0.092
0.024
0.002
0.036
0.037
0.001
0.001
0.062
0.037
0.004
0.002
0.088
0.021
0.218
0.048
0.06
0.054
0.005
0.032
0.002
0.002
0.151
0.044
0.114
0.12
0.002
0.006
0.002
0.154
0.012
0.008
0.016
0.01
0.024
0.001
0.002
0.05
0.05
0.034
0.031
0.001
0.001
0.107
0.024
0.103
0.174
0.01
0.002
0.09
0.038
0.006
0.116
0.063
0.001
0.011
0.23
0.195
0.001
0.066
0.007
0.002
0.138
0.128
0.001
0.086
0.181
0.004
0.001
0.058
0.001
0.003
0.075
0.193
0.055
0.003
0.048
0.004
0.008
0.01
0.066
0.001
0.044
0.003
0.264
0.001
0.049
0.157
0.122
0.048
0.004
0.181
0.001
0.001
0.061
0.191
0.002
0.114
0.001
0.001
0.103
0.005
0.144
0.047
0.19
0.006
0.069
0.001
0.115
0.001
0.009
0.028
0.002
0.194
0.041
0.099
0.248
0.172
0.102
0.113
0.005
0.001
0.208
0.166
0.143
0.149
0.108
0.378
0.074
0.061
0.058
0.072
0.005
0.053
0.003
0.072
0.001
0.189
0.029
0.139
0.132
0.028
0.187
0.13
0.078
0.01
0.13
0.001
0.002
0.001
0.177
0.088
0.001
0.144
0.163
0.066
0.005
0.047
0.001
0.001
0.098
0.001
0.163
0.19
0.003
0.01
0.006
0.112
0.099
0.002
0.095
0.004
0.084
0.156
0.003
0.088
0.013
0.094
0.006
0.155
0.055
0.008
0.002
0.125
0.004
0.001
0.044
0.033
0.001
0.007
0.006
0.001
0.002
0.199
0.04
0.171
0.011
0.002
0.001
0.006
0.018
0.003
0.001
0.003
0.001
0.042
0.068
0.029
0.004
0.137
0.01
0.003
0.14
0.002
0.015
0.006
0.1
0.057
0.084
0.206
0.005
0.089
0.12
0.007
0.001
0.051
0.135
0.055
0.001
0.074
0.003
0.112
0.008
0.143
0.005
0.12
0.002
0.003
0.005
0.086
0.008
0.002
0.156
0.025
0.052
0.003
0.001
0.003
0.202
0.184
0.034
0.095
0.036
0.098
0.053
0.001
0.057
0.005
0.035
0.021
0.002
0.001
0.038
0.121
0.001
0.001
0.006
0.004
0.066
0.108
0.063
0.003
0.003
0.001
0.139
0.094
0.003
0.125
0.003
0.283
0.019
0.03
0.048
0.007
0.001
0.099
0.002
0.033
0.058
0.128
0.005
0.001
0.052
0.022
0.005
0.004
0.028
0.074
0.001
0.045
0.154
0.119
0.019
0.139
0.224
0.061
0.005
0.001
0.036
0.121
0.189
0.135
0.002
0.006
0.032
0.094
0.106
0.001
0.009
0.001
0.001
0.003
0.002
0.068
0.001
0.137
0.003
0.005
0.013
0.001
0.058
0.039
0.091
0.145
0.166
0.057
0.005
0.002
0.002
0.019
0.073
0.034
0.001
0.046
0.105
0.067
0.004
0.014
0.018
0.003
0.249
0.26
0.002
0.099
0.013
0.086
0.01
0.091
0.001
0.149
0.117
0.124
0.006
0.031
0.1
0.064
0.002
0.093
0.08
0.088
0.187
0.148
0.001
0.004
0.199
0.008
0.008
0.174
0.003
0.075
0.111
0.168
0.212
0.001
0.124
0.137
0.003
0.035
0.126
0.054
0.009
0.071
0.117
0.096
0.023
0.001
0.014
0.041
0.221
0.193
0.025
0.027
0.126
0.187
0.274
0.001
0.003
0.028
0.124
0.087
0.357
0.001
0.12
0.182
0.003
0.056
0.002
0.001
0.039
0.082
0.151
0.001
0.001
0.005
0.121
0.002
0.001
0.008
0.008
0.051
0.001
0.002
0.001
0.001
0.012
0.065
0.262
0.004
0.001
0.024
0.059
0.039
0.001
0.079
0.08
0.001
0.24
0.156
0.02
0.065
0.062
0.034
0.002
0.001
0.004
0.088
0.008
0.09
0.071
0.003
0.189
0.11
0.041
0.233
0.001
0.001
0.005
0.068
0.06
0.004
0.002
0.039
0.056
0.088
0.001
0.096
0.001
0.152
0.003
0.002
0.001
0.001
0.001
0.002
0.023
0.151
0.106
0.063
0.173
0.001
0.001
0.002
0.001
0.108
0.073
0.002
0.071
0.005
0.114
0.004
0.135
0.009
0.12
0.031
0.033
0.002
0.002
0.035
0.012
0.001
0.058
0.003
0.108
0.048
0.048
0.147
0.099
0.04
0.025
0.001
0.001
0.005
0.093
0.001
0.091
0.088
0.119
0.079
0.071
0.051
0.014
0.186
0.008
0.162
0.011
0.006
0.059
0.003
0.12
0.054
0.063
0.214
0.004
0.011
0.169
0.001
0.002
0.036
0.13
0.21
0.195
0.227
0.236
0.216
0.005
0.023
0.001
0.044
0.008
0.056
0.001
0.1
0.011
0.063
0.001
0.003
0.158
0.025
0.001
0.005
0.127
0.185
0.1
0.182
0.001
0.068
0.002
0.004
0.049
0.002
0.001
0.055
0.184
0.007
0.105
0.001
0.072
0.002
0.126
0.069
0.074
0.171
0.21
0.001
0.113
0.001
0.021
0.001
0.074
0.002
0.088
0.001
0.001
0.041
0.001
0.002
0.001
0.136
0.001
0.001
0.013
0.027
0.152
0.001
0.018
0.001
0.001
0.001
0.104
0.074
0.004
0.149
0.002
0.04
0.025
0.008
0.001
0.002
0.072
0.02
0.004
0.001
0.147
0.079
0.001
0.001
0.001
0.004
0.001
0.005
0.078
0.14
0.022
0.067
0.196
0.047
0.001
0.177
0.017
0.137
0.002
0.227
0.004
0.006
0.036
0.134
0.004
0.01
0.137
0.005
0.079
0.021
0.073
0.004
0.001
0.001
0.077
0.016
0.041
0.119
0.158
0.161
0.002
0.083
0.003
0.001
0.005
0.016
0.004
0.007
0.001
0.004
0.066
0.005
0.002
0.088
0.001
0.146
0.035
0.085
0.117
0.004
0.001
0.194
0.011
0.14
0.117
0.001
0.199
0.007
0.001
0.19
0.06
0.001
0.003
0.052
0.052
0.141
0.023
0.242
0.001
0.03
0.123
0.001
0.001
0.03
0.083
0.004
0.001
0.107
0.194
0.004
0.002
0.003
0.126
0.133
0.008
0.119
0.071
0.075
0.002
0.107
0.034
0.174
0.005
0.113
0.019
0.001
0.001
0.001
0.001
0.02
0.059
0.04
0.047
0.001
0.216
0.006
0.037
0.158
0.148
0.209
0.002
0.199
0.001
0.001
0.004
0.004
0.074
0.029
0.008
0.001
0.003
0.002
0.001
0.003
0.088
0.052
0.035
0.001
0.004
0.151
0.001
0.002
0.05
0.029
0.126
0.199
0.033
0.177
0.087
0.107
0.001
0.075
0.094
0.03
0.059
0.018
0.001
0.052
0.133
0.007
0.002
0.001
0.002
0.118
0.032
0.001
0.159
0.002
0.119
0.098
0.002
0.046
0.001
0.309
0.166
0.111
0.046
0.242
0.002
0.091
0.031
0.002
0.007
0.06
0.049
0.024
0.001
0.002
0.153
0.001
0.011
0.095
0.031
0.001
0.072
0.01
0.002
0.123
0.178
0.065
0.001
0.001
0.019
0.096
0.133
0.01
0.05
0.005
0.011
0.03
0.001
0.001
0.021
0.001
0.056
0.13
0.084
0.001
0.001
0.001
0.03
0.002
0.049
0.004
0.001
0.059
0.001
0.261
0.002
0.007
0.003
0.066
0.006
0.001
0.035
0.118
0.001
0.011
0.158
0.001
0.04
0.23
0.023
0.002
0.045
0.002
0.001
0.073
0.095
0.197
0.116
0.001
0.003
0.001
0.044
0.001
0.181
0.142
0.003
0.001
0.086
0.038
0.001
0.175
0.001
0.066
0.001
0.089
0.021
0.001
0.035
0.048
0.003
0.137
0.08
0.001
0.001
0.059
0.146
0.036
0.004
0.192
0.073
0.008
0.011
0.074
0.193
0.064
0.002
0.071
0.002
0.048
0.015
0.002
0.233
0.004
0.057
0.007
0.118
0.001
0.002
0.003
0.045
0.093
0.008
0.065
0.001
0.001
0.093
0.023
0.002
0.023
0.134
0.056
0.148
0.102
0.001
0.001
0.001
0.153
0.118
0.013
0.005
0.001
0.001
0.002
0.001
0.002
0.008
0.024
0.086
0.001
0.001
0.083
0.001
0.121
0.011
0.027
0.001
0.002
0.001
0.011
0.093
0.001
0.014
0.005
0.032
0.061
0.002
0.002
0.001
0.013
0.096
0.001
0.001
0.174
0.001
0.315
0.145
0.102
0.001
0.111
0.002
0.068
0.169
0.003
0.075
0.075
0.001
0.035
0.001
0.001
0.006
0.027
0.003
0.071
0.075
0.008
0.145
0.269
0.007
0.002
0.042
0.005
0.112
0.016
0.173
0.232
0.007
0.056
0.025
0.001
0.116
0.246
0.003
0.012
0.003
0.002
0.044
0.001
0.003
0.161
0.001
0.005
0.011
0.196
0.056
0.004
0.135
0.133
0.206
0.05
0.13
0.002
0.001
0.023
0.001
0.002
0.001
0.051
0.058
0.004
0.011
0.005
0.004
0.001
0.034
0.003
0.066
0.029
0.001
0.005
0.001
0.001
0.026
0.039
0.006
0.004
0.001
0.117
0.115
0.007
0.002
0.002
0.005
0.144
0.031
0.002
0.008
0.001
0.013
0.102
0.128
0.001
0.189
0.132
0.003
0.001
0.001
0.052
0.065
0.004
0.008
0.001
0.001
0.002
0.003
0.002
0.082
0.247
0.146
0.005
0.072
0.072
0.066
0.048
0.002
0.066
0.103
0.19
0.008
0.003
0.037
0.001
0.093
0.047
0.09
0.215
0.181
0.001
0.041
0.001
0.002
0.064
0.001
0.001
0.166
0.005
0.178
0.014
0.006
0.108
0.112
0.22
0.061
0.029
0.185
0.137
0.064
0.002
0.175
0.004
0.026
0.256
0.003
0.002
0.08
0.014
0.001
0.005
0.003
0.024
0.001
0.001
0.013
0.148
0.1
0.034
0.045
0.152
0.117
0.001
0.003
0.012
0.258
0.049
0.013
0.001
0.004
0.001
0.08
0.004
0.093
0.002
0.004
0.001
0.03
0.2
0.017
0.167
0.197
0.001
0.002
0.042
0.001
0.001
0.003
0.006
0.001
0.214
0.011
0.002
0.016
0.043
0.124
0.004
0.001
0.051
0.002
0.013
0.023
0.097
0.106
0.044
0.055
0.001
0.007
0.036
0.004
0.065
0.074
0.201
0.071
0.111
0.115
0.002
0.001
0.092
0.038
0.001
0.115
0.001
0.127
0.001
0.256
0.049
0.001
0.261
0.023
0.128
0.137
0.006
0.007
0.162
0.013
0.001
0.009
0.088
0.057
0.076
0.03
0.003
0.006
0.002
0.005
0.104
0.15
0.003
0.051
0.029
0.002
0.043
0.021
0.001
0.001
0.08
0.001
0.002
0.001
0.198
0.003
0.053
0.213
0.009
0.051
0.078
0.005
0.038
0.01
0.057
0.017
0.003
0.025
0.051
0.137
0.055
0.015
0.002
0.003
0.009
0.106
0.006
0.122
0.001
0.078
0.003
0.002
0.047
0.001
0.231
0.01
0.013
0.003
0.08
0.037
0.081
0.113
0.044
0.001
0.001
0.017
0.005
0.091
0.004
0.008
0.002
0.035
0.001
0.376
0.002
0.001
0.045
0.126
0.001
0.053
0.003
0.101
0.112
0.037
0.129
0.001
0.016
0.047
0.006
0.001
0.141
0.075
0.173
0.001
0.038
0.002
0.004
0.035
0.033
0.134
0.129
0.004
0.005
0.042
0.084
0.035
0.038
0.001
0.07
0.004
0.014
0.128
0.004
0.033
0.007
0.001
0.004
0.124
0.038
0.001
0.065
0.003
0.048
0.01
0.033
0.004
0.029
0.028
0.119
0.009
0.187
0.001
0.001
0.027
0.054
0.01
0.006
0.001
0.143
0.006
0.001
0.001
0.001
0.049
0.036
0.086
0.001
0.157
0.074
0.106
0.006
0.313
0.001
0.003
0.063
0.039
0.082
0.004
0.001
0.017
0.009
0.089
0.015
0.046
0.078
0.005
0.041
0.072
0.003
0.007
0.001
0.134
0.225
0.124
0.083
0.217
0.212
0.205
0.001
0.001
0.125
0.005
0.014
0.006
0.095
0.005
0.003
0.003
0.083
0.005
0.009
0.003
0.015
0.159
0.078
0.001
0.218
0.007
0.043
0.001
0.001
0.026
0.002
0.244
0.112
0.002
0.003
0.004
0.126
0.062
0.106
0.042
0.269
0.002
0.026
0.228
0.021
0.001
0.001
0.001
0.095
0.009
0.001
0.077
0.001
0.048
0.067
0.093
0.004
0.209
0.001
0.218
0.164
0.054
0.063
0.007
0.175
0.004
0.024
0.001
0.069
0.001
0.004
0.001
0.057
0.038
0.007
0.001
0.006
0.001
0.019
0.122
0.001
0.002
0.001
0.016
0.053
0.161
0.003
0.243
0.106
0.059
0.001
0.102
0.195
0.001
0.002
0.068
0.004
0.167
0.118
0.001
0.002
0.063
0.152
0.053
0.039
0.075
0.002
0.115
0.105
0.004
0.068
0.002
0.024
0.001
0.001
0.002
0.001
0.004
0.002
0.273
0.001
0.058
0.011
0.002
0.035
0.23
0.161
0.072
0.001
0.075
0.007
0.003
0.109
0.095
0.01
0.046
0.018
0.031
0.002
0.144
0.082
0.133
0.027
0.004
0.134
0.05
0.002
0.023
0.002
0.001
0.003
0.01
0.027
0.025
0.13
0.003
0.001
0.045
0.013
0.12
0.147
0.111
0.002
0.002
0.003
0.001
0.022
0.004
0.02
0.06
0.018
0.014
0.002
0.037
0.092
0.108
0.012
0.117
0.001
0.005
0.163
0.047
0.08
0.049
0.137
0.139
0.003
0.074
0.059
0.001
0.099
0.001
0.012
0.146
0.023
0.001
0.081
0.017
0.131
0.004
0.195
0.002
0.136
0.098
0.039
0.036
0.165
0.095
0.002
0.004
0.005
0.005
0.172
0.058
0.044
0.006
0.001
0.1
0.22
0.009
0.001
0.075
0.358
0.007
0.147
0.133
0.001
0.01
0.001
0.212
0.006
0.001
0.068
0.001
0.001
0.234
0.001
0.148
0.147
0.001
0.001
0.004
0.01
0.005
0.001
0.123
0.157
0.004
0.001
0.001
0.001
0.213
0.059
0.075
0.109
0.001
0.002
0.001
0.073
0.002
0.136
0.034
0.232
0.003
0.103
0.028
0.035
0.009
0.03
0.002
0.001
0.126
0.007
0.087
0.165
0.004
0.025
0.018
0.084
0.249
0.001
0.001
0.25
0.04
0.083
0.137
0.001
0.001
0.001
0.002
0.203
0.004
0.001
0.001
0.214
0.002
0.001
0.171
0.004
0.131
0.071
0.063
0.069
0.002
0.005
0.044
0.003
0.139
0.006
0.191
0.025
0.098
0.016
0.001
0.051
0.173
0.001
0.098
0.006
0.062
0.127
0.009
0.003
0.049
0.088
0.007
0.099
0.057
0.036
0.069
0.005
0.008
0.164
0.096
0.001
0.082
0.002
0.093
0.126
0.084
0.171
0.132
0.001
0.003
0.195
0.006
0.033
0.068
0.183
0.047
0.053
0.007
0.002
0.129
0.259
0.002
0.035
0.002
0.189
0.188
0.001
0.063
0.012
0.088
0.037
0.016
0.045
0.001
0.053
0.105
0.003
0.082
0.052
0.029
0.028
0.083
0.002
0.225
0.034
0.002
0.223
0.001
0.001
0.061
0.051
0.003
0.001
0.003
0.001
0.002
0.172
0.066
0.025
0.001
0.096
0.093
0.001
0.051
0.117
0.001
0.002
0.008
0.001
0.07
0.016
0.116
0.001
0.007
0.001
0.001
0.001
0.042
0.32
0.009
0.001
0.066
0.067
0.003
0.001
0.177
0.093
0.001
0.003
0.004
0.01
0.085
0.027
0.11
0.001
0.076
0.004
0.027
0.001
0.004
0.033
0.001
0.003
0.091
0.008
0.001
0.043
0.089
0.002
0.1
0.108
0.001
0.046
0.125
0.045
0.001
0.082
0.002
0.006
0.001
0.001
0.001
0.002
0.065
0.008
0.043
0.142
0.137
0.156
0.004
0.002
0.188
0.001
0.028
0.012
0.005
0.002
0.002
0.018
0.078
0.07
0.001
0.019
0.001
0.057
0.046
0.004
0.064
0.018
0.038
0.02
0.049
0.006
0.139
0.05
0.001
0.097
0.001
0.138
0.004
0.038
0.002
0.014
0.044
0.114
0.116
0.072
0.034
0.119
0.001
0.045
0.055
0.001
0.051
0.034
0.075
0.017
0.066
0.26
0.005
0.036
0.045
0.2
0.031
0.244
0.041
0.005
0.02
0.005
0.09
0.112
0.007
0.146
0.24
0.123
0.01
0.045
0.003
0.19
0.018
0.053
0.121
0.007
0.128
0.369
0.042
0.03
0.034
0.091
0.139
0.02
0.001
0.155
0.113
0.001
0.147
0.001
0.001
0.049
0.093
0.004
0.013
0.16
0.003
0.001
0.001
0.001
0.142
0.089
0.028
0.016
0.039
0.002
0.145
0.001
0.015
0.001
0.022
0.072
0.011
0.002
0.04
0.039
0.026
0.001
0.072
0.006
0.004
0.047
0.11
0.021
0.128
0.029
0.007
0.001
0.042
0.084
0.082
0.001
0.037
0.002
0.01
0.005
0.102
0.173
0.246
0.115
0.11
0.16
0.087
0.005
0.109
0.001
0.055
0.001
0.001
0.001
0.104
0.017
0.002
0.247
0.213
0.002
0.018
0.016
0.07
0.07
0.008
0.146
0.001
0.001
0.003
0.092
0.003
0.04
0.078
0.142
0.061
0.003
0.195
0.015
0.002
0.001
0.003
0.071
0.221
0.038
0.009
0.084
0.007
0.053
0.226
0.001
0.001
0.002
0.001
0.021
0.155
0.002
0.145
0.127
0.008
0.017
0.011
0.081
0.147
0.001
0.09
0.127
0.072
0.001
0.005
0.001
0.004
0.081
0.002
0.02
0.015
0.215
0.053
0.011
0.112
0.001
0.004
0.131
0.01
0.001
0.001
0.081
0.063
0.002
0.005
0.128
0.001
0.001
0.25
0.002
0.007
0.001
0.204
0.252
0.002
0.072
0.145
0.284
0.002
0.006
0.001
0.148
0.001
0.05
0.079
0.005
0.057
0.041
0.001
0.087
0.076
0.156
0.01
0.003
0.002
0.001
0.003
0.008
0.002
0.001
0.049
0.159
0.097
0.003
0.029
0.066
0.007
0.043
0.001
0.095
0.001
0.004
0.001
0.007
0.002
0.028
0.044
0.21
0.002
0.001
0.041
0.001
0.005
0.028
0.002
0.007
0.001
0.224
0.002
0.068
0.038
0.001
0.002
0.031
0.063
0.001
0.002
0.002
0.092
0.113
0.076
0.12
0.091
0.066
0.002
0.191
0.076
0.232
0.01
0.002
0.001
0.028
0.085
0.001
0.001
0.132
0.001
0.105
0.002
0.001
0.07
0.001
0.088
0.007
0.001
0.135
0.167
0.003
0.125
0.004
0.03
0.072
0.285
0.097
0.005
0.212
0.004
0.002
0.009
0.054
0.002
0.001
0.01
0.066
0.077
0.002
0.162
0.005
0.007
0.086
0.227
0.009
0.019
0.001
0.046
0.111
0.041
0.179
0.004
0.053
0.002
0.083
0.019
0.025
0.034
0.088
0.119
0.003
0.231
0.075
0.016
0.005
0.083
0.072
0.17
0.012
0.069
0.034
0.001
0.006
0.001
0.001
0.001
0.06
0.001
0.016
0.002
0.113
0.244
0.165
0.003
0.14
0.012
0.003
0.075
0.074
0.113
0.153
0.003
0.008
0.031
0.008
0.005
0.084
0.077
0.002
0.071
0.106
0.001
0.007
0.001
0.061
0.038
0.003
0.004
0.003
0.086
0.001
0.147
0.013
0.001
0.07
0.014
0.004
0.002
0.039
0.264
0.013
0.001
0.041
0.004
0.001
0.004
0.008
0.054
0.012
0.006
0.002
0.043
0.001
0.001
0.181
0.001
0.128
0.001
0.003
0.1
0.308
0.052
0.17
0.029
0.001
0.003
0.001
0.001
0.004
0.001
0.028
0.107
0.125
0.053
0.002
0.093
0.003
0.002
0.001
0.116
0.227
0.112
0.044
0.005
0.035
0.002
0.001
0.105
0.101
0.005
0.006
0.345
0.002
0.009
0.08
0.003
0.15
0.004
0.098
0.101
0.062
0.045
0.005
0.001
0.001
0.069
0.002
0.016
0.096
0.01
0.001
0.002
0.001
0.007
0.001
0.104
0.066
0.004
0.019
0.041
0.001
0.07
0.002
0.034
0.038
0.001
0.003
0.189
0.047
0.012
0.003
0.005
0.016
0.113
0.003
0.002
0.133
0.079
0.241
0.146
0.002
0.004
0.006
0.001
0.062
0.075
0.002
0.013
0.062
0.034
0.088
0.019
0.051
0.011
0.023
0.003
0.006
0.093
0.003
0.234
0.005
0.009
0.001
0.01
0.002
0.131
0.001
0.001
0.085
0.001
0.002
0.001
0.006
0.001
0.017
0.039
0.01
0.198
0.033
0.001
0.002
0.098
0.004
0.004
0.001
0.114
0.007
0.228
0.081
0.001
0.199
0.001
0.107
0.001
0.129
0.147
0.002
0.046
0.047
0.001
0.009
0.061
0.145
0.143
0.005
0.186
0.001
0.083
0.096
0.001
0.005
0.148
0.113
0.001
0.002
0.093
0.001
0.005
0.001
0.001
0.002
0.023
0.005
0.228
0.052
0.087
0.015
0.049
0.009
0.006
0.124
0.002
0.218
0.008
0.001
0.007
0.029
0.003
0.005
0.01
0.004
0.059
0.005
0.125
0.21
0.141
0.001
0.084
0.001
0.001
0.041
0.015
0.005
0.032
0.001
0.289
0.003
0.001
0.056
0.003
0.128
0.127
0.009
0.152
0.09
0.005
0.003
0.119
0.044
0.007
0.083
0.277
0.125
0.001
0.01
0.001
0.053
0.001
0.062
0.004
0.116
0.004
0.002
0.054
0.001
0.177
0.002
0.271
0.057
0.002
0.001
0.001
0.083
0.049
0.256
0.001
0.003
0.01
0.053
0.179
0.005
0.003
0.002
0.001
0.038
0.001
0.215
0.035
0.001
0.079
0.198
0.052
0.005
0.14
0.047
0.152
0.093
0.006
0.008
0.012
0.004
0.198
0.004
0.058
0.085
0.133
0.145
0.001
0.094
0.086
0.207
0.089
0.009
0.002
0.006
0.005
0.025
0.003
0.001
0.001
0.148
0.074
0.003
0.042
0.012
0.191
0.001
0.103
0.064
0.222
0.119
0.048
0.241
0.088
0.019
0.001
0.001
0.001
0.006
0.088
0.103
0.055
0.105
0.097
0.119
0.001
0.136
0.047
0.198
0.05
0.053
0.019
0.004
0.003
0.001
0.008
0.002
0.036
0.132
0.009
0.001
0.007
0.001
0.071
0.002
0.125
0.089
0.084
0.066
0.044
0.038
0.175
0.147
0.004
0.002
0.035
0.052
0.003
0.136
0.135
0.024
0.004
0.152
0.106
0.094
0.202
0.097
0.09
0.001
0.239
0.014
0.001
0.018
0.072
0.003
0.044
0.002
0.096
0.022
0.003
0.105
0.09
0.036
0.012
0.08
0.003
0.001
0.124
0.101
0.008
0.001
0.001
0.045
0.005
0.013
0.003
0.016
0.001
0.002
0.21
0.133
0.064
0.001
0.006
0.25
0.001
0.045
0.001
0.002
0.162
0.068
0.084
0.008
0.003
0.033
0.001
0.078
0.056
0.001
0.019
0.104
0.008
0.004
0.001
0.001
0.007
0.274
0.011
0.124
0.103
0.013
0.001
0.05
0.003
0.027
0.074
0.175
0.056
0.002
0.187
0.002
0.017
0.001
0.002
0.001
0.189
0.217
0.004
0.015
0.175
0.011
0.007
0.006
0.006
0.16
0.001
0.003
0.003
0.043
0.085
0.011
0.045
0.055
0.165
0.129
0.001
0.007
0.001
0.001
0.045
0.01
0.001
0.075
0.305
0.003
0.011
0.001
0.001
0.124
0.038
0.023
0.006
0.001
0.117
0.001
0.008
0.052
0.008
0.249
0.042
0.041
0.001
0.005
0.003
0.004
0.001
0.045
0.037
0.052
0.04
0.001
0.156
0.015
0.063
0.083
0.035
0.157
0.006
0.001
0.001
0.017
0.115
0.004
0.075
0.001
0.001
0.123
0.123
0.001
0.006
0.201
0.001
0.154
0.062
0.134
0.135
0.153
0.004
0.085
0.018
0.001
0.004
0.003
0.058
0.294
0.058
0.089
0.001
0.004
0.051
0.004
0.003
0.002
0.186
0.029
0.056
0.04
0.005
0.008
0.191
0.203
0.001
0.009
0.032
0.003
0.002
0.11
0.001
0.034
0.005
0.148
0.001
0.001
0.07
0.234
0.174
0.002
0.001
0.066
0.077
0.162
0.001
0.007
0.001
0.001
0.001
0.001
0.244
0.126
0.037
0.06
0.057
0.002
0.001
0.011
0.043
0.049
0.004
0.098
0.002
0.195
0.008
0.008
0.019
0.002
0.262
0.08
0.001
0.022
0.084
0.069
0.251
0.003
0.01
0.154
0.001
0.001
0.1
0.012
0.005
0.071
0.005
0.067
0.021
0.174
0.001
0.005
0.002
0.001
0.006
0.085
0.063
0.003
0.074
0.002
0.15
0.002
0.004
0.169
0.146
0.002
0.001
0.241
0.002
0.012
0.125
0.152
0.002
0.034
0.057
0.075
0.042
0.005
0.001
0.001
0.002
0.075
0.066
0.001
0.001
0.188
0.024
0.001
0.004
0.004
0.001
0.001
0.176
0.157
0.159
0.102
0.001
0.029
0.103
0.012
0.002
0.063
0.001
0.006
0.006
0.053
0.082
0.128
0.001
0.051
0.095
0.017
0.001
0.04
0.008
0.002
0.102
0.183
0.027
0.063
0.004
0.068
0.054
0.149
0.001
0.001
0.001
0.001
0.001
0.219
0.003
0.002
0.018
0.164
0.084
0.121
0.001
0.166
0.099
0.004
0.002
0.153
0.009
0.07
0.003
0.074
0.024
0.098
0.128
0.002
0.005
0.2
0.032
0.008
0.001
0.081
0.003
0.028
0.001
0.002
0.001
0.004
0.212
0.009
0.001
0.049
0.104
0.018
0.022
0.041
0.002
0.001
0.005
0.045
0.001
0.021
0.068
0.067
0.031
0.001
0.012
0.002
0.126
0.003
0.072
0.001
0.03
0.086
0.08
0.219
0.102
0.003
0.054
0.003
0.06
0.007
0.025
0.055
0.054
0.029
0.022
0.139
0.002
0.048
0.105
0.006
0.073
0.029
0.157
0.072
0.147
0.045
0.055
0.001
0.001
0.017
0.001
0.004
0.19
0.002
0.08
0.107
0.043
0.001
0.001
0.114
0.271
0.006
0.001
0.026
0.003
0.023
0.003
0.151
0.064
0.007
0.288
0.006
0.189
0.141
0.04
0.001
0.002
0.001
0.001
0.094
0.103
0.001
0.002
0.113
0.101
0.126
0.045
0.016
0.068
0.014
0.047
0.023
0.048
0.054
0.026
0.056
0.002
0.194
0.055
0.004
0.063
0.124
0.01
0.003
0.005
0.04
0.096
0.017
0.134
0.083
0.001
0.121
0.011
0.001
0.001
0.047
0.048
0.134
0.006
0.002
0.001
0.099
0.008
0.092
0.158
0.181
0.033
0.001
0.035
0.006
0.001
0.008
0.015
0.074
0.178
0.001
0.061
0.005
0.083
0.097
0.087
0.001
0.007
0.156
0.077
0.1
0.199
0.042
0.001
0.031
0.008
0.003
0.175
0.116
0.168
0.055
0.003
0.014
0.096
0.009
0.004
0.139
0.121
0.135
0.002
0.066
0.004
0.081
0.055
0.132
0.002
0.121
0.001
0.044
0.007
0.17
0.004
0.091
0.049
0.025
0.002
0.009
0.003
0.021
0.099
0.075
0.174
0.158
0.174
0.002
0.18
0.001
0.001
0.002
0.021
0.013
0.003
0.081
0.001
0.192
0.002
0.007
0.001
0.114
0.083
0.005
0.001
0.008
0.107
0.051
0.004
0.001
0.177
0.127
0.004
0.193
0.172
0.065
0.077
0.188
0.165
0.008
0.202
0.161
0.13
0.002
0.032
0.001
0.038
0.043
0.001
0.099
0.104
0.102
0.005
0.004
0.002
0.206
0.008
0.006
0.157
0.005
0.068
0.001
0.002
0.001
0.087
0.295
0.044
0.001
0.008
0.007
0.002
0.001
0.004
0.002
0.006
0.001
0.001
0.001
0.264
0.006
0.001
0.002
0.002
0.008
0.127
0.057
0.201
0.082
0.001
0.088
0.15
0.002
0.003
0.001
0.026
0.212
0.2
0.003
0.012
0.058
0.002
0.001
0.001
0.144
0.102
0.003
0.038
0.041
0.002
0.116
0.001
0.002
0.001
0.001
0.003
0.001
0.005
0.001
0.069
0.102
0.017
0.159
0.001
0.207
0.175
0.028
0.088
0.199
0.136
0.171
0.135
0.152
0.003
0.001
0.004
0.152
0.001
0.001
0.034
0.001
0.001
0.001
0.116
0.001
0.007
0.001
0.057
0.096
0.004
0.031
0.017
0.085
0.006
0.08
0.179
0.002
0.211
0.005
0.004
0.001
0.001
0.001
0.044
0.012
0.029
0.067
0.004
0.048
0.001
0.017
0.001
0.001
0.001
0.001
0.118
0.001
0.002
0.002
0.004
0.096
0.089
0.141
0.031
0.015
0.107
0.315
0.002
0.096
0.013
0.017
0.064
0.195
0.007
0.169
0.009
0.003
0.041
0.078
0.008
0.011
0.002
0.154
0.001
0.104
0.181
0.005
0.192
0.075
0.076
0.084
0.024
0.148
0.018
0.002
0.03
0.101
0.005
0.002
0.103
0.038
0.001
0.005
0.001
0.124
0.001
0.013
0.088
0.017
0.001
0.05
0.211
0.001
0.075
0.005
0.01
0.004
0.082
0.011
0.204
0.004
0.038
0.142
0.051
0.005
0.021
0.004
0.007
0.187
0.054
0.004
0.007
0.001
0.1
0.002
0.028
0.001
0.002
0.001
0.082
0.005
0.003
0.001
0.002
0.003
0.006
0.147
0.138
0.073
0.001
0.001
0.03
0.008
0.005
0.127
0.042
0.112
0.098
0.001
0.001
0.034
0.216
0.032
0.001
0.082
0.003
0.001
0.001
0.092
0.003
0.122
0.057
0.086
0.026
0.082
0.081
0.04
0.001
0.035
0.09
0.009
0.004
0.055
0.026
0.004
0.002
0.001
0.11
0.162
0.005
0.071
0.15
0.073
0.065
0.015
0.004
0.145
0.001
0.002
0.001
0.018
0.093
0.034
0.181
0.001
0.007
0.002
0.004
0.19
0.001
0.001
0.02
0.02
0.13
0.09
0.161
0.11
0.121
0.001
0.056
0.001
0.12
0.069
0.003
