0.032
0.141
0.24
0.144
0.003
0.001
0.001
0.121
0.178
0.014
0.132
0.436
0.035
0.001
0.024
0.003
0.009
0.007
0.338
0.002
0.068
0.2
0.134
0.005
0.001
0.001
0.001
0.058
0.027
0.071
0.258
0.231
0.001
0.197
0.001
0.052
0.11
0.195
0.202
0.219
0.01
0.143
0.002
0.008
0.331
0.002
0.052
0.269
0.001
0.103
0.038
0.001
0.002
0.153
0.292
0.031
0.002
0.013
0.157
0.055
0.001
0.099
0.107
0.002
0.032
0.001
0.386
0.003
0.018
0.003
0.314
0.006
0.002
0.001
0.001
0.309
0.001
0.189
0.09
0.001
0.247
0.159
0.001
0.002
0.111
0.001
0.14
0.399
0.203
0.005
0.063
0.002
0.111
0.002
0.001
0.089
0.343
0.004
0.062
0.014
0.129
0.188
0.21
0.127
0.143
0.001
0.042
0.195
0.139
0.002
0.258
0.025
0.028
0.248
0.162
0.36
0.137
0.008
0.148
0.052
0.161
0.268
0.117
0.054
0.001
0.003
0.219
0.247
0.427
0.009
0.085
0.002
0.067
0.216
0.228
0.268
0.125
0.188
0.183
0.064
0.002
0.002
0.23
0.111
0.148
0.038
0.003
0.136
0.001
0.091
0.214
0.087
0.343
0.027
0.229
0.225
0.317
0.001
0.123
0.396
0.379
0.073
0.086
0.014
0.003
0.005
0.004
0.194
0.187
0.254
0.272
0.428
0.325
0.002
0.001
0.066
0.003
0.007
0.231
0.001
0.008
0.173
0.042
0.004
0.001
0.308
0.027
0.254
0.206
0.003
0.067
0.133
0.098
0.049
0.001
0.011
0.007
0.195
0.003
0.299
0.18
0.003
0.001
0.225
0.149
0.042
0.205
0.001
0.316
0.001
0.06
0.001
0.25
0.001
0.052
0.15
0.001
0.29
0.192
0.155
0.082
0.001
0.331
0.162
0.235
0.163
0.167
0.113
0.233
0.4
0.349
0.02
0.008
0.12
0.009
0.011
0.001
0.061
0.001
0.132
0.002
0.001
0.119
0.096
0.171
0.11
0.065
0.111
0.438
0.166
0.165
0.178
0.168
0.189
0.148
0.219
0.006
0.106
0.087
0.001
0.107
0.405
0.002
0.099
0.003
0.003
0.346
0.258
0.002
0.246
0.031
0.16
0.155
0.092
0.024
0.001
0.001
0.001
0.001
0.001
0.075
0.004
0.002
0.001
0.002
0.003
0.138
0.12
0.015
0.09
0.001
0.003
0.003
0.06
0.296
0.005
0.378
0.398
0.002
0.107
0.088
0.083
0.111
0.001
0.053
0.217
0.001
0.001
0.058
0.041
0.22
0.005
0.001
0.18
0.001
0.004
0.002
0.002
0.075
0.242
0.054
0.004
0.002
0.007
0.001
0.33
0.001
0.305
0.37
0.171
0.133
0.332
0.271
0.05
0.001
0.007
0.011
0.218
0.01
0.045
0.002
0.223
0.105
0.149
0.008
0.289
0.001
0.001
0.363
0.002
0.047
0.116
0.001
0.001
0.004
0.189
0.001
0.117
0.003
0.007
0.062
0.072
0.192
0.04
0.002
0.306
0.281
0.062
0.004
0.292
0.001
0.197
0.215
0.001
0.308
0.146
0.248
0.002
0.008
0.071
0.096
0.003
0.038
0.343
0.093
0.185
0.007
0.001
0.062
0.001
0.091
0.105
0.072
0.008
0.093
0.001
0.002
0.164
0.13
0.002
0.008
0.084
0.001
0.003
0.105
0.292
0.159
0.176
0.159
0.162
0.001
0.289
0.003
0.001
0.141
0.299
0.045
0.075
0.001
0.006
0.002
0.074
0.224
0.164
0.068
0.079
0.185
0.006
0.027
0.222
0.009
0.112
0.002
0.001
0.001
0.004
0.001
0.001
0.228
0.003
0.003
0.001
0.001
0.222
0.004
0.061
0.001
0.009
0.001
0.189
0.001
0.011
0.081
0.012
0.128
0.003
0.219
0.152
0.124
0.13
0.007
0.001
0.003
0.151
0.001
0.143
0.305
0.127
0.14
0.07
0.003
0.271
0.002
0.001
0.015
0.215
0.008
0.001
0.006
0.288
0.231
0.002
0.157
0.031
0.318
0.104
0.21
0.06
0.099
0.001
0.08
0.014
0.246
0.153
0.335
0.228
0.152
0.158
0.001
0.094
0.144
0.001
0.001
0.006
0.022
0.05
0.002
0.002
0.165
0.063
0.005
0.005
0.377
0.337
0.058
0.18
0.225
0.152
0.063
0.004
0.001
0.002
0.124
0.157
0.002
0.003
0.002
0.177
0.001
0.306
0.122
0.319
0.003
0.001
0.003
0.006
0.002
0.001
0.032
0.092
0.001
0.001
0.006
0.037
0.319
0.347
0.018
0.006
0.001
0.001
0.331
0.219
0.335
0.002
0.001
0.038
0.001
0.325
0.001
0.003
0.142
0.002
0.391
0.319
0.068
0.07
0.109
0.012
0.001
0.238
0.001
0.254
0.175
0.005
0.286
0.064
0.001
0.002
0.27
0.162
0.024
0.072
0.158
0.001
0.244
0.01
0.305
0.001
0.199
0.004
0.001
0.132
0.129
0.208
0.02
0.001
0.001
0.358
0.07
0.001
0.019
0.001
0.231
0.002
0.116
0.003
0.01
0.239
0.005
0.001
0.004
0.001
0.255
0.062
0.004
0.204
0.298
0.269
0.001
0.169
0.006
0.005
0.001
0.088
0.084
0.07
0.143
0.001
0.002
0.133
0.141
0.085
0.006
0.33
0.032
0.04
0.005
0.006
0.116
0.002
0.132
0.002
0.175
0.13
0.001
0.007
0.001
0.186
0.225
0.001
0.181
0.108
0.005
0.004
0.225
0.001
0.098
0.205
0.003
0.006
0.001
0.27
0.094
0.076
0.14
0.001
0.046
0.081
0.05
0.001
0.097
0.001
0.229
0.128
0.001
0.001
0.199
0.009
0.276
0.001
0.2
0.133
0.205
0.143
0.001
0.259
0.098
0.146
0.008
0.001
0.362
0.135
0.001
0.004
0.046
0.001
0.004
0.077
0.007
0.105
0.049
0.133
0.145
0.109
0.317
0.056
0.266
0.004
0.051
0.001
0.152
0.005
0.118
0.001
0.219
0.001
0.104
0.001
0.023
0.001
0.001
0.001
0.002
0.006
0.001
0.034
0.244
0.195
0.058
0.004
0.25
0.043
0.1
0.005
0.137
0.205
0.009
0.072
0.018
0.124
0.426
0.415
0.003
0.001
0.119
0.091
0.271
0.002
0.139
0.084
0.183
0.12
0.004
0.003
0.147
0.002
0.131
0.005
0.004
0.346
0.149
0.053
0.005
0.003
0.187
0.001
0.135
0.081
0.002
0.139
0.001
0.055
0.236
0.077
0.009
0.003
0.006
0.261
0.119
0.245
0.003
0.001
0.002
0.029
0.101
0.206
0.003
0.216
0.004
0.083
0.001
0.001
0.001
0.001
0.213
0.128
0.255
0.289
0.194
0.39
0.061
0.174
0.196
0.002
0.089
0.001
0.113
0.178
0.002
0.125
0.101
0.352
0.003
0.105
0.286
0.111
0.003
0.336
0.012
0.098
0.268
0.18
0.068
0.162
0.001
0.091
0.002
0.004
0.501
0.042
0.001
0.131
0.186
0.008
0.243
0.005
0.003
0.028
0.004
0.137
0.153
0.002
0.174
0.048
0.005
0.008
0.213
0.002
0.013
0.337
0.004
0.001
0.035
0.003
0.155
0.007
0.14
0.24
0.001
0.224
0.129
0.274
0.021
0.097
0.129
0.23
0.043
0.005
0.013
0.36
0.008
0.103
0.171
0.005
0.271
0.004
0.001
0.108
0.003
0.003
0.003
0.162
0.001
0.002
0.104
0.048
0.115
0.156
0.248
0.132
0.006
0.056
0.04
0.077
0.151
0.002
0.003
0.159
0.001
0.003
0.002
0.175
0.072
0.02
0.001
0.033
0.033
0.207
0.002
0.003
0.189
0.001
0.185
0.002
0.006
0.127
0.323
0.395
0.245
0.095
0.156
0.181
0.078
0.134
0.001
0.037
0.005
0.229
0.47
0.078
0.086
0.067
0.002
0.245
0.002
0.001
0.003
0.006
0.085
0.001
0.003
0.004
0.129
0.005
0.002
0.004
0.001
0.002
0.095
0.002
0.001
0.231
0.058
0.013
0.239
0.001
0.001
0.004
0.052
0.182
0.095
0.309
0.099
0.255
0.069
0.001
0.002
0.058
0.001
0.106
0.08
0.006
0.221
0.19
0.083
0.14
0.006
0.004
0.181
0.103
0.006
0.058
0.043
0.004
0.28
0.215
0.001
0.159
0.049
0.012
0.127
0.004
0.102
0.102
0.122
0.192
0.079
0.008
0.07
0.287
0.004
0.369
0.103
0.002
0.001
0.146
0.263
0.119
0.078
0.005
0.001
0.002
0.219
0.146
0.001
0.001
0.002
0.004
0.003
0.049
0.001
0.346
0.112
0.047
0.279
0.002
0.169
0.118
0.001
0.038
0.086
0.159
0.206
0.009
0.086
0.007
0.002
0.267
0.176
0.038
0.003
0.003
0.001
0.06
0.275
0.05
0.005
0.001
0.002
0.001
0.005
0.175
0.234
0.215
0.041
0.16
0.184
0.362
0.002
0.055
0.354
0.101
0.346
0.183
0.011
0.001
0.002
0.059
0.001
0.133
0.004
0.191
0.195
0.016
0.011
0.001
0.131
0.222
0.005
0.088
0.173
0.073
0.18
0.269
0.059
0.023
0.098
0.021
0.006
0.073
0.18
0.005
0.204
0.271
0.301
0.255
0.281
0.001
0.003
0.055
0.002
0.209
0.079
0.063
0.196
0.002
0.001
0.269
0.159
0.305
0.003
0.048
0.236
0.016
0.013
0.001
0.008
0.001
0.067
0.156
0.137
0.066
0.001
0.004
0.001
0.002
0.002
0.275
0.001
0.038
0.077
0.199
0.267
0.002
0.003
0.222
0.149
0.001
0.081
0.151
0.033
0.211
0.009
0.004
0.268
0.047
0.062
0.005
0.067
0.051
0.003
0.136
0.003
0.002
0.179
0.001
0.001
0.001
0.039
0.129
0.001
0.14
0.001
0.094
0.104
0.037
0.003
0.439
0.111
0.032
0.007
0.262
0.41
0.007
0.004
0.133
0.002
0.003
0.135
0.122
0.076
0.034
0.182
0.038
0.001
0.197
0.101
0.134
0.16
0.156
0.001
0.026
0.222
0.003
0.228
0.175
0.127
0.004
0.051
0.144
0.192
0.004
0.17
0.005
0.17
0.002
0.245
0.314
0.019
0.009
0.187
0.006
0.068
0.001
0.221
0.008
0.385
0.228
0.001
0.199
0.001
0.036
0.001
0.127
0.093
0.196
0.11
0.001
0.007
0.001
0.006
0.002
0.002
0.1
0.133
0.179
0.14
0.056
0.001
0.007
0.009
0.046
0.085
0.085
0.002
0.278
0.125
0.004
0.015
0.001
0.313
0.223
0.073
0.017
0.002
0.239
0.001
0.016
0.139
0.186
0.145
0.234
0.166
0.147
0.321
0.185
0.001
0.081
0.036
0.088
0.252
0.001
0.008
0.457
0.069
0.14
0.163
0.007
0.23
0.151
0.169
0.082
0.359
0.002
0.003
0.284
0.215
0.074
0.047
0.007
0.141
0.071
0.324
0.105
0.126
0.244
0.215
0.008
0.003
0.421
0.001
0.005
0.181
0.005
0.299
0.055
0.045
0.209
0.002
0.001
0.041
0.002
0.003
0.229
0.001
0.007
0.149
0.27
0.108
0.338
0.001
0.419
0.001
0.096
0.167
0.205
0.002
0.181
0.002
0.09
0.13
0.162
0.287
0.001
0.021
0.237
0.002
0.087
0.371
0.178
0.164
0.003
0.062
0.139
0.001
0.274
0.263
0.029
0.001
0.286
0.004
0.001
0.141
0.001
0.008
0.001
0.001
0.012
0.046
0.005
0.002
0.009
0.255
0.004
0.128
0.005
0.024
0.12
0.342
0.075
0.113
0.001
0.007
0.002
0.001
0.072
0.124
0.063
0.244
0.006
0.17
0.128
0.073
0.035
0.282
0.001
0.165
0.011
0.223
0.297
0.244
0.001
0.229
0.134
0.04
0.002
0.085
0.103
0.272
0.001
0.002
0.011
0.023
0.239
0.367
0.21
0.007
0.001
0.002
0.001
0.097
0.115
0.198
0.001
0.261
0.148
0.023
0.002
0.208
0.227
0.135
0.353
0.006
0.247
0.046
0.012
0.013
0.001
0.389
0.183
0.314
0.113
0.106
0.019
0.082
0.081
0.001
0.14
0.229
0.224
0.004
0.24
0.005
0.004
0.115
0.174
0.136
0.001
0.048
0.073
0.001
0.126
0.05
0.152
0.005
0.109
0.003
0.002
0.001
0.002
0.086
0.077
0.001
0.075
0.129
0.184
0.001
0.005
0.195
0.008
0.272
0.074
0.001
0.009
0.269
0.108
0.017
0.109
0.001
0.001
0.249
0.224
0.003
0.001
0.001
0.1
0.457
0.001
0.166
0.001
0.051
0.003
0.008
0.259
0.249
0.005
0.001
0.002
0.001
0.276
0.054
0.058
0.229
0.001
0.179
0.133
0.003
0.311
0.37
0.284
0.315
0.341
0.129
0.035
0.001
0.005
0.299
0.462
0.215
0.105
0.289
0.378
0.032
0.071
0.083
0.276
0.131
0.002
0.21
0.177
0.274
0.203
0.194
0.035
0.002
0.001
0.325
0.061
0.001
0.07
0.002
0.002
0.002
0.108
0.001
0.085
0.117
0.163
0.223
0.206
0.001
0.209
0.117
0.006
0.005
0.142
0.001
0.095
0.204
0.134
0.34
0.208
0.296
0.173
0.152
0.131
0.177
0.164
0.268
0.173
0.373
0.255
0.002
0.006
0.051
0.001
0.119
0.001
0.001
0.002
0.029
0.001
0.223
0.039
0.003
0.195
0.003
0.194
0.108
0.34
0.001
0.144
0.371
0.149
0.096
0.082
0.424
0.003
0.002
0.057
0.005
0.169
0.105
0.273
0.177
0.055
0.025
0.175
0.341
0.002
0.026
0.004
0.051
0.005
0.001
0.236
0.002
0.021
0.32
0.05
0.002
0.005
0.001
0.001
0.182
0.116
0.002
0.042
0.213
0.037
0.141
0.006
0.24
0.127
0.042
0.048
0.09
0.012
0.006
0.112
0.003
0.057
0.205
0.001
0.139
0.052
0.012
0.11
0.002
0.215
0.08
0.085
0.002
0.011
0.204
0.146
0.001
0.009
0.004
0.191
0.008
0.271
0.002
0.007
0.024
0.065
0.006
0.269
0.001
0.013
0.175
0.233
0.314
0.004
0.251
0.105
0.134
0.08
0.001
0.405
0.146
0.093
0.174
0.002
0.001
0.001
0.002
0.19
0.168
0.434
0.112
0.125
0.137
0.001
0.29
0.321
0.09
0.003
0.166
0.001
0.001
0.009
0.032
0.085
0.257
0.012
0.008
0.115
0.163
0.156
0.018
0.245
0.118
0.002
0.246
0.061
0.001
0.002
0.012
0.006
0.116
0.001
0.067
0.074
0.003
0.189
0.1
0.216
0.139
0.112
0.001
0.17
0.192
0.062
0.001
0.211
0.077
0.061
0.005
0.266
0.332
0.099
0.008
0.002
0.055
0.002
0.219
0.264
0.359
0.158
0.241
0.11
0.157
0.096
0.05
0.103
0.381
0.006
0.012
0.004
0.001
0.296
0.001
0.094
0.137
0.002
0.001
0.001
0.092
0.078
0.084
0.024
0.001
0.297
0.235
0.001
0.069
0.178
0.2
0.037
0.194
0.001
0.206
0.021
0.003
0.026
0.159
0.041
0.04
0.004
0.126
0.105
0.003
0.398
0.001
0.001
0.111
0.249
0.001
0.001
0.001
0.048
0.106
0.176
0.004
0.006
0.003
0.413
0.131
0.002
0.006
0.115
0.233
0.002
0.002
0.078
0.041
0.159
0.031
0.26
0.001
0.274
0.001
0.217
0.001
0.197
0.074
0.131
0.002
0.225
0.096
0.001
0.324
0.066
0.001
0.197
0.006
0.04
0.25
0.001
0.103
0.12
0.007
0.1
0.004
0.325
0.107
0.002
0.011
0.043
0.031
0.001
0.07
0.004
0.003
0.005
0.479
0.185
0.001
0.001
0.007
0.14
0.309
0.017
0.115
0.176
0.001
0.002
0.001
0.184
0.108
0.204
0.259
0.002
0.003
0.218
0.06
0.156
0.099
0.176
0.218
0.02
0.144
0.03
0.202
0.005
0.006
0.002
0.112
0.286
0.341
0.002
0.008
0.187
0.004
0.064
0.01
0.066
0.15
0.118
0.002
0.001
0.001
0.139
0.072
0.166
0.177
0.001
0.129
0.09
0.002
0.036
0.001
0.085
0.197
0.001
0.146
0.302
0.001
0.042
0.002
0.304
0.263
0.211
0.001
0.091
0.006
0.111
0.154
0.25
0.015
0.001
0.002
0.078
0.156
0.045
0.309
0.003
0.079
0.232
0.004
0.001
0.149
0.285
0.003
0.008
0.167
0.129
0.047
0.002
0.001
0.002
0.003
0.28
0.003
0.326
0.091
0.001
0.039
0.159
0.082
0.012
0.001
0.001
0.178
0.001
0.151
0.175
0.004
0.001
0.001
0.002
0.002
0.303
0.112
0.44
0.257
0.001
0.184
0.001
0.034
0.063
0.001
0.066
0.01
0.013
0.002
0.001
0.181
0.149
0.001
0.426
0.167
0.159
0.371
0.253
0.005
0.097
0.003
0.369
0.088
0.038
0.14
0.111
0.212
0.319
0.017
0.001
0.349
0.081
0.174
0.119
0.001
0.001
0.267
0.057
0.148
0.001
0.048
0.001
0.082
0.146
0.001
0.235
0.245
0.099
0.297
0.113
0.052
0.066
0.209
0.032
0.183
0.218
0.203
0.001
0.064
0.001
0.002
0.074
0.003
0.085
0.212
0.294
0.322
0.137
0.198
0.001
0.341
0.314
0.039
0.001
0.003
0.001
0.174
0.001
0.232
0.181
0.367
0.058
0.003
0.144
0.078
0.294
0.185
0.05
0.028
0.001
0.281
0.001
0.197
0.121
0.001
0.142
0.455
0.004
0.003
0.002
0.035
0.117
0.064
0.078
0.053
0.087
0.248
0.001
0.02
0.012
0.001
0.307
0.007
0.001
0.003
0.001
0.142
0.148
0.263
0.311
0.001
0.207
0.216
0.218
0.138
0.005
0.001
0.413
0.099
0.121
0.186
0.027
0.002
0.119
0.309
0.001
0.078
0.221
0.122
0.189
0.152
0.526
0.085
0.134
0.024
0.218
0.171
0.008
0.099
0.264
0.018
0.002
0.257
0.11
0.16
0.264
0.279
0.078
0.491
0.028
0.001
0.001
0.132
0.001
0.155
0.011
0.018
0.065
0.001
0.234
0.01
0.076
0.064
0.006
0.331
0.109
0.007
0.376
0.248
0.199
0.001
0.15
0.191
0.084
0.138
0.096
0.089
0.002
0.09
0.055
0.001
0.001
0.165
0.094
0.004
0.116
0.265
0.098
0.001
0.002
0.249
0.268
0.006
0.006
0.14
0.006
0.099
0.037
0.078
0.102
0.041
0.006
0.282
0.001
0.107
0.15
0.001
0.159
0.032
0.065
0.096
0.002
0.265
0.123
0.002
0.056
0.002
0.006
0.045
0.081
0.222
0.025
0.221
0.003
0.358
0.005
0.186
0.024
0.372
0.003
0.378
0.001
0.007
0.267
0.001
0.189
0.062
0.332
0.009
0.248
0.281
0.001
0.505
0.087
0.113
0.002
0.135
0.228
0.001
0.007
0.001
0.131
0.102
0.043
0.002
0.312
0.001
0.003
0.005
0.003
0.003
0.004
0.002
0.169
0.01
0.003
0.002
0.04
0.112
0.101
0.001
0.061
0.001
0.001
0.095
0.001
0.139
0.002
0.001
0.107
0.006
0.154
0.006
0.001
0.001
0.218
0.051
0.22
0.256
0.139
0.025
0.195
0.196
0.012
0.105
0.002
0.064
0.001
0.155
0.063
0.112
0.175
0.006
0.288
0.029
0.002
0.002
0.001
0.124
0.003
0.002
0.155
0.239
0.345
0.006
0.004
0.281
0.067
0.077
0.17
0.001
0.074
0.002
0.213
0.113
0.269
0.001
0.077
0.001
0.072
0.108
0.138
0.232
0.012
0.038
0.057
0.297
0.211
0.06
0.181
0.003
0.269
0.004
0.344
0.184
0.003
0.002
0.231
0.178
0.001
0.045
0.001
0.161
0.002
0.041
0.003
0.065
0.004
0.002
0.305
0.092
0.063
0.001
0.001
0.006
0.235
0.18
0.226
0.146
0.002
0.153
0.015
0.146
0.01
0.24
0.134
0.248
0.002
0.002
0.105
0.067
0.066
0.486
0.145
0.004
0.32
0.002
0.005
0.001
0.28
0.15
0.158
0.069
0.232
0.395
0.002
0.008
0.205
0.137
0.423
0.26
0.148
0.005
0.001
0.004
0.181
0.062
0.018
0.147
0.096
0.024
0.002
0.146
0.002
0.108
0.094
0.117
0.001
0.004
0.13
0.107
0.008
0.408
0.001
0.466
0.001
0.082
0.09
0.221
0.001
0.001
0.103
0.037
0.1
0.009
0.158
0.13
0.07
0.003
0.002
0.075
0.005
0.001
0.06
0.282
0.234
0.033
0.003
0.052
0.003
0.005
0.002
0.171
0.11
0.089
0.107
0.178
0.241
0.003
0.077
0.004
0.119
0.004
0.057
0.001
0.003
0.001
0.155
0.002
0.007
0.1
0.001
0.132
0.001
0.072
0.001
0.002
0.268
0.023
0.138
0.017
0.012
0.096
0.012
0.188
0.085
0.002
0.003
0.034
0.009
0.056
0.098
0.029
0.001
0.046
0.022
0.001
0.071
0.231
0.003
0.116
0.003
0.001
0.139
0.003
0.117
0.191
0.194
0.363
0.001
0.16
0.271
0.004
0.001
0.218
0.093
0.002
0.156
0.243
0.304
0.393
0.2
0.002
0.057
0.004
0.003
0.003
0.212
0.009
0.001
0.125
0.114
0.079
0.134
0.12
0.168
0.056
0.136
0.084
0.005
0.241
0.003
0.001
0.002
0.004
0.349
0.252
0.011
0.266
0.392
0.072
0.064
0.083
0.001
0.234
0.093
0.005
0.001
0.133
0.271
0.153
0.004
0.078
0.251
0.214
0.178
0.2
0.234
0.008
0.195
0.089
0.063
0.002
0.001
0.001
0.11
0.018
0.188
0.014
0.242
0.001
0.008
0.385
0.281
0.243
0.268
0.175
0.006
0.172
0.03
0.002
0.217
0.004
0.002
0.328
0.001
0.002
0.001
0.001
0.001
0.001
0.445
0.001
0.249
0.028
0.003
0.004
0.001
0.069
0.408
0.131
0.001
0.001
0.196
0.009
0.005
0.005
0.095
0.001
0.001
0.026
0.05
0.068
0.08
0.001
0.063
0.001
0.196
0.001
0.022
0.174
0.257
0.009
0.008
0.086
0.179
0.002
0.047
0.176
0.001
0.053
0.007
0.004
0.001
0.004
0.151
0.492
0.042
0.001
0.001
0.007
0.039
0.091
0.002
0.185
0.25
0.169
0.183
0.102
0.287
0.001
0.273
0.001
0.182
0.099
0.146
0.002
0.265
0.001
0.002
0.002
0.005
0.005
0.026
0.086
0.015
0.056
0.045
0.217
0.004
0.195
0.174
0.002
0.285
0.083
0.001
0.001
0.001
0.226
0.252
0.006
0.001
0.003
0.408
0.002
0.123
0.098
0.005
0.009
0.139
0.17
0.264
0.307
0.001
0.23
0.089
0.289
0.426
0.114
0.009
0.212
0.206
0.004
0.12
0.113
0.275
0.106
0.12
0.191
0.219
0.009
0.117
0.148
0.062
0.169
0.354
0.311
0.193
0.113
0.004
0.123
0.009
0.001
0.001
0.091
0.023
0.103
0.08
0.002
0.003
0.003
0.001
0.197
0.402
0.005
0.001
0.324
0.001
0.034
0.034
0.002
0.059
0.093
0.209
0.36
0.139
0.021
0.235
0.015
0.101
0.001
0.221
0.002
0.175
0.034
0.005
0.135
0.004
0.007
0.226
0.04
0.08
0.084
0.003
0.17
0.17
0.036
0.001
0.001
0.061
0.001
0.002
0.038
0.065
0.028
0.127
0.229
0.095
0.23
0.001
0.023
0.001
0.001
0.08
0.283
0.005
0.046
0.024
0.002
0.159
0.364
0.026
0.001
0.003
0.065
0.003
0.125
0.078
0.001
0.006
0.287
0.347
0.001
0.342
0.192
0.096
0.12
0.124
0.001
0.001
0.001
0.258
0.541
0.001
0.002
0.345
0.153
0.089
0.127
0.001
0.002
0.001
0.241
0.203
0.04
0.203
0.069
0.086
0.001
0.001
0.067
0.09
0.038
0.004
0.096
0.001
0.029
0.004
0.43
0.001
0.221
0.357
0.001
0.002
0.053
0.139
0.189
0.215
0.002
0.231
0.001
0.084
0.001
0.007
0.001
0.319
0.001
0.066
0.054
0.004
0.03
0.001
0.078
0.002
0.001
0.08
0.001
0.002
0.157
0.001
0.044
0.001
0.001
0.007
0.028
0.004
0.268
0.165
0.002
0.145
0.005
0.06
0.099
0.048
0.008
0.234
0.007
0.247
0.001
0.001
0.003
0.377
0.266
0.252
0.176
0.079
0.003
0.285
0.003
0.006
0.068
0.294
0.003
0.134
0.034
0.14
0.133
0.001
0.218
0.002
0.008
0.142
0.239
0.185
0.001
0.22
0.001
0.317
0.213
0.244
0.253
0.034
0.002
0.001
0.057
0.007
0.07
0.207
0.313
0.064
0.004
0.003
0.236
0.342
0.128
0.03
0.194
0.12
0.163
0.003
0.334
0.004
0.207
0.205
0.001
0.002
0.129
0.2
0.204
0.397
0.001
0.257
0.001
0.164
0.218
0.205
0.055
0.001
0.092
0.04
0.005
0.001
0.001
0.002
0.004
0.324
0.191
0.166
0.268
0.005
0.061
0.282
0.006
0.093
0.009
0.003
0.145
0.092
0.097
0.051
0.01
0.001
0.328
0.004
0.004
0.001
0.205
0.008
0.001
0.003
0.13
0.265
0.001
0.217
0.051
0.261
0.067
0.038
0.162
0.126
0.001
0.009
0.005
0.245
0.178
0.179
0.269
0.158
0.134
0.052
0.211
0.129
0.156
0.004
0.03
0.001
0.107
0.12
0.082
0.005
0.191
0.006
0.001
0.002
0.232
0.035
0.241
0.097
0.001
0.286
0.005
0.171
0.001
0.001
0.001
0.104
0.001
0.008
0.047
0.079
0.07
0.225
0.001
0.517
0.001
0.107
0.24
0.385
0.295
0.003
0.002
0.15
0.175
0.186
0.003
0.223
0.259
0.001
0.213
0.001
0.025
0.213
0.018
0.003
0.172
0.175
0.046
0.001
0.023
0.061
0.017
0.256
0.003
0.002
0.147
0.124
0.262
0.303
0.296
0.151
0.052
0.084
0.258
0.109
0.197
0.001
0.271
0.006
0.001
0.088
0.053
0.171
0.243
0.017
0.002
0.26
0.342
0.019
0.303
0.243
0.008
0.098
0.009
0.284
0.001
0.002
0.059
0.185
0.139
0.164
0.001
0.067
0.001
0.001
0.003
0.15
0.094
0.002
0.054
0.043
0.002
0.198
0.144
0.005
0.003
0.356
0.234
0.053
0.253
0.231
0.002
0.163
0.25
0.426
0.001
0.179
0.001
0.002
0.001
0.355
0.291
0.009
0.011
0.002
0.213
0.004
0.166
0.182
0.335
0.023
0.002
0.003
0.001
0.269
0.018
0.002
0.15
0.049
0.003
0.004
0.056
0.184
0.202
0.001
0.242
0.127
0.001
0.35
0.067
0.137
0.185
0.121
0.027
0.09
0.003
0.033
0.157
0.252
0.004
0.183
0.038
0.001
0.001
0.339
0.067
0.078
0.266
0.084
0.006
0.096
0.035
0.262
0.001
0.064
0.175
0.192
0.151
0.001
0.182
0.061
0.062
0.001
0.01
0.295
0.142
0.008
0.003
0.001
0.116
0.089
0.1
0.002
0.032
0.001
0.321
0.07
0.227
0.163
0.114
0.107
0.003
0.007
0.283
0.105
0.165
0.105
0.002
0.002
0.001
0.298
0.284
0.308
0.187
0.077
0.146
0.243
0.177
0.198
0.18
0.146
0.103
0.067
0.001
0.017
0.029
0.001
0.122
0.057
0.271
0.001
0.001
0.272
0.004
0.145
0.142
0.001
0.092
0.162
0.002
0.001
0.444
0.011
0.129
0.154
0.104
0.001
0.011
0.018
0.003
0.003
0.144
0.001
0.013
0.284
0.184
0.144
0.308
0.001
0.378
0.309
0.103
0.157
0.115
0.004
0.004
0.003
0.18
0.089
0.273
0.043
0.001
0.002
0.338
0.045
0.245
0.001
0.445
0.294
0.001
0.001
0.073
0.151
0.028
0.133
0.132
0.108
0.001
0.004
0.077
0.007
0.009
0.189
0.158
0.001
0.003
0.116
0.171
0.029
0.161
0.287
0.002
0.259
0.165
0.154
0.041
0.054
0.105
0.001
0.055
0.11
0.05
0.287
0.142
0.083
0.437
0.301
0.055
0.005
0.003
0.001
0.007
0.385
0.074
0.051
0.075
0.269
0.001
0.203
0.443
0.003
0.001
0.135
0.008
0.001
0.162
0.019
0.33
0.255
0.003
0.003
0.069
0.001
0.142
0.001
0.001
0.084
0.001
0.11
0.218
0.165
0.001
0.084
0.108
0.053
0.092
0.004
0.24
0.18
0.076
0.002
0.002
0.058
0.063
0.001
0.173
0.097
0.161
0.001
0.002
0.001
0.036
0.003
0.145
0.001
0.001
0.003
0.004
0.003
0.01
0.002
0.349
0.056
0.002
0.001
0.157
0.238
0.016
0.29
0.001
0.291
0.001
0.114
0.363
0.13
0.083
0.273
0.306
0.051
0.088
0.159
0.117
0.09
0.003
0.002
0.058
0.182
0.102
0.008
0.25
0.009
0.118
0.001
0.204
0.308
0.036
0.032
0.001
0.001
0.004
0.001
0.003
0.003
0.002
0.177
0.002
0.247
0.153
0.002
0.027
0.001
0.002
0.001
0.046
0.264
0.004
0.001
0.11
0.358
0.001
0.229
0.007
0.18
0.086
0.238
0.157
0.118
0.299
0.161
0.187
0.004
0.001
0.073
0.11
0.003
0.001
0.104
0.088
0.001
0.173
0.164
0.092
0.328
0.183
0.003
0.332
0.006
0.002
0.296
0.04
0.001
0.045
0.166
0.176
0.269
0.102
0.001
0.075
0.001
0.03
0.254
0.152
0.003
0.125
0.001
0.151
0.038
0.202
0.239
0.002
0.147
0.083
0.29
0.045
0.049
0.295
0.002
0.026
0.002
0.231
0.003
0.172
0.268
0.003
0.003
0.178
0.155
0.157
0.003
0.176
0.001
0.004
0.001
0.001
0.252
0.006
0.358
0.001
0.303
0.002
0.166
0.006
0.102
0.049
0.004
0.001
0.01
0.196
0.157
0.119
0.198
0.295
0.184
0.002
0.098
0.001
0.375
0.002
0.002
0.001
0.052
0.001
0.249
0.184
0.001
0.24
0.004
0.057
0.304
0.08
0.003
0.006
0.003
0.088
0.242
0.001
0.001
0.003
0.022
0.136
0.245
0.128
0.295
0.002
0.002
0.001
0.337
0.22
0.001
0.001
0.28
0.209
0.071
0.181
0.001
0.038
0.228
0.169
0.003
0.206
0.089
0.001
0.001
0.039
0.266
0.168
0.001
0.157
0.024
0.203
0.001
0.001
0.105
0.001
0.034
0.128
0.17
0.076
0.212
0.002
0.375
0.002
0.099
0.001
0.122
0.231
0.001
0.154
0.1
0.015
0.174
0.051
0.159
0.008
0.002
0.011
0.004
0.003
0.203
0.08
0.001
0.028
0.101
0.127
0.192
0.221
0.001
0.005
0.001
0.147
0.092
0.283
0.19
0.053
0.001
0.087
0.356
0.007
0.477
0.221
0.106
0.064
0.099
0.003
0.183
0.098
0.366
0.148
0.042
0.097
0.001
0.001
0.003
0.001
0.001
0.251
0.245
0.375
0.003
0.002
0.15
0.001
0.004
0.001
0.103
0.001
0.002
0.001
0.202
0.234
0.119
0.042
0.28
0.113
0.003
0.004
0.001
0.008
0.18
0.064
0.081
0.229
0.116
0.004
0.365
0.003
0.325
0.002
0.053
0.071
0.218
0.335
0.001
0.033
0.005
0.048
0.003
0.003
0.002
0.07
0.001
0.001
0.002
0.005
0.104
0.004
0.017
0.008
0.281
0.304
0.073
0.032
0.131
0.249
0.386
0.439
0.046
0.088
0.294
0.084
0.277
0.117
0.114
0.004
0.01
0.228
0.006
0.266
0.001
0.062
0.001
0.115
0.001
0.166
0.124
0.155
0.088
0.182
0.003
0.004
0.002
0.048
0.001
0.007
0.213
0.17
0.002
0.005
0.219
0.095
0.002
0.174
0.121
0.076
0.094
0.21
0.02
0.108
0.077
0.001
0.155
0.099
0.358
0.004
0.142
0.001
0.111
0.011
0.094
0.233
0.095
0.003
0.002
0.001
0.003
0.001
0.255
0.183
0.001
0.095
0.466
0.073
0.036
0.073
0.008
0.074
0.149
0.003
0.001
0.001
0.001
0.001
0.014
0.003
0.004
0.267
0.074
0.17
0.003
0.153
0.071
0.006
0.246
0.209
0.002
0.101
0.147
0.092
0.002
0.093
0.224
0.29
0.179
0.014
0.081
0.06
0.011
0.001
0.135
0.02
0.151
0.002
0.09
0.28
0.077
0.224
0.074
0.022
0.018
0.001
0.002
0.265
0.34
0.221
0.002
0.021
0.413
0.002
0.001
0.213
0.001
0.001
0.002
0.215
0.278
0.001
0.001
0.189
0.179
0.079
0.001
0.003
0.008
0.027
0.02
0.043
0.072
0.003
0.122
0.001
0.17
0.027
0.082
0.001
0.01
0.004
0.157
0.002
0.227
0.005
0.048
0.171
0.176
0.001
0.082
0.007
0.284
0.125
0.004
0.226
0.039
0.002
0.092
0.057
0.452
0.002
0.166
0.008
0.174
0.017
0.001
0.241
0.082
0.04
0.001
0.001
0.001
0.01
0.011
0.295
0.001
0.02
0.338
0.134
0.318
0.004
0.144
0.002
0.211
0.003
0.273
0.138
0.223
0.001
0.03
0.037
0.084
0.157
0.013
0.28
0.217
0.001
0.156
0.119
0.195
0.073
0.069
0.103
0.003
0.096
0.119
0.004
0.059
0.568
0.442
0.003
0.002
0.006
0.001
0.001
0.241
0.079
0.005
0.096
0.032
0.003
0.068
0.114
0.23
0.234
0.058
0.001
0.032
0.083
0.078
0.215
0.258
0.302
0.225
0.013
0.105
0.002
0.229
0.002
0.082
0.023
0.227
0.199
0.067
0.04
0.191
0.252
0.225
0.126
0.309
0.003
0.063
0.091
0.075
0.069
0.006
0.009
0.002
0.056
0.094
0.087
0.01
0.1
0.005
0.134
0.005
0.021
0.003
0.036
0.036
0.007
0.001
0.003
0.326
0.397
0.212
0.003
0.083
0.108
0.085
0.057
0.088
0.13
0.09
0.142
0.074
0.079
0.177
0.002
0.068
0.007
0.056
0.301
0.074
0.001
0.321
0.081
0.161
0.061
0.212
0.001
0.222
0.197
0.001
0.425
0.001
0.098
0.109
0.004
0.221
0.002
0.002
0.215
0.112
0.001
0.201
0.33
0.036
0.001
0.102
0.001
0.002
0.118
0.012
0.063
0.096
0.085
0.001
0.207
0.001
0.002
0.162
0.003
0.161
0.072
0.25
0.001
0.304
0.002
0.306
0.169
0.036
0.002
0.15
0.007
0.087
0.003
0.043
0.423
0.002
0.002
0.006
0.056
0.343
0.184
0.002
0.135
0.001
0.007
0.095
0.009
0.112
0.25
0.262
0.002
0.152
0.001
0.077
0.001
0.179
0.002
0.001
0.283
0.083
0.297
0.001
0.139
0.005
0.115
0.2
0.296
0.004
0.191
0.007
0.001
0.001
0.001
0.254
0.007
0.002
0.422
0.004
0.104
0.001
0.041
0.119
0.124
0.001
0.129
0.257
0.005
0.151
0.04
0.3
0.087
0.005
0.067
0.001
0.194
0.11
0.149
0.009
0.051
0.002
0.002
0.079
0.159
0.005
0.442
0.076
0.003
0.191
0.198
0.179
0.002
0.011
0.001
0.002
0.001
0.182
0.01
0.005
0.008
0.047
0.359
0.193
0.038
0.09
0.307
0.149
0.464
0.004
0.011
0.154
0.001
0.001
0.321
0.365
0.002
0.134
0.146
0.186
0.001
0.001
0.002
0.002
0.032
0.156
0.26
0.229
0.043
0.099
0.002
0.002
0.122
0.001
0.001
0.181
0.181
0.359
0.098
0.007
0.088
0.001
0.32
0.338
0.004
0.001
0.251
0.11
0.088
0.285
0.085
0.071
0.422
0.001
0.006
0.194
0.074
0.082
0.083
0.229
0.264
0.001
0.001
0.001
0.002
0.048
0.065
0.149
0.187
0.158
0.178
0.009
0.002
0.125
0.003
0.134
0.128
0.097
0.403
0.231
0.236
0.207
0.023
0.001
0.013
0.191
0.001
0.131
0.002
0.138
0.106
0.348
0.002
0.001
0.001
0.128
0.048
0.35
0.2
0.051
0.007
0.07
0.005
0.001
0.277
0.124
0.091
0.129
0.201
0.101
0.001
0.136
0.051
0.03
0.002
0.101
0.088
0.03
0.371
0.007
0.256
0.029
0.194
0.002
0.039
0.178
0.116
0.063
0.002
0.017
0.32
0.092
0.183
0.001
0.002
0.1
0.196
0.003
0.348
0.007
0.105
0.045
0.245
0.002
0.003
0.001
0.072
0.001
0.094
0.02
0.004
0.027
0.368
0.244
0.001
0.248
0.145
0.013
0.005
0.404
0.168
0.086
0.004
0.282
0.003
0.001
0.002
0.044
0.039
0.182
0.007
0.224
0.255
0.146
0.096
0.13
0.048
0.162
0.001
0.001
0.001
0.005
0.236
0.151
0.355
0.177
0.004
0.013
0.001
0.198
0.065
0.057
0.243
0.001
0.15
0.07
0.253
0.343
0.109
0.297
0.017
0.102
0.011
0.258
0.002
0.005
0.191
0.005
0.086
0.002
0.127
0.105
0.08
0.093
0.041
0.067
0.005
0.091
0.002
0.108
0.178
0.005
0.128
0.093
0.079
0.07
0.002
0.257
0.055
0.124
0.194
0.196
0.193
0.006
0.001
0.228
0.195
0.001
0.093
0.107
0.004
0.001
0.181
0.001
0.189
0.209
0.119
0.198
0.005
0.166
0.001
0.002
0.101
0.516
0.147
0.022
0.144
0.081
0.027
0.27
0.189
0.003
0.001
0.058
0.158
0.001
0.001
0.248
0.002
0.123
0.086
0.325
0.001
0.018
0.116
0.214
0.185
0.374
0.213
0.003
0.002
0.002
0.055
0.341
0.254
0.135
0.047
0.007
0.293
0.013
0.039
0.292
0.324
0.115
0.065
0.001
0.008
0.023
0.291
0.148
0.103
0.186
0.189
0.203
0.11
0.18
0.123
0.063
0.073
0.201
0.038
0.233
0.146
0.1
0.204
0.139
0.001
0.136
0.07
0.213
0.381
0.204
0.071
0.094
0.001
0.245
0.212
0.002
0.162
0.302
0.001
0.001
0.075
0.281
0.191
0.322
0.077
0.229
0.152
0.065
0.224
0.261
0.089
0.023
0.048
0.039
0.409
0.008
0.002
0.075
0.001
0.001
0.004
0.104
0.22
0.087
0.218
0.072
0.224
0.089
0.006
0.072
0.008
0.189
0.052
0.071
0.001
0.281
0.056
0.162
0.349
0.265
0.034
0.122
0.003
0.251
0.289
0.001
0.15
0.001
0.2
0.001
0.014
0.003
0.001
0.184
0.28
0.007
0.003
0.216
0.07
0.056
0.129
0.004
0.002
0.105
0.026
0.018
0.171
0.034
0.03
0.103
0.008
0.001
0.224
0.008
0.001
0.001
0.124
0.312
0.002
0.005
0.001
0.001
0.001
0.098
0.157
0.071
0.198
0.002
0.205
0.004
0.325
0.001
0.001
0.111
0.201
0.155
0.003
0.065
0.311
0.112
0.002
0.22
0.011
0.324
0.211
0.104
0.109
0.009
0.035
0.423
0.002
0.136
0.003
0.13
0.001
0.064
0.221
0.411
0.003
0.002
0.073
0.001
0.001
0.001
0.001
0.001
0.218
0.186
0.334
0.132
0.046
0.063
0.003
0.11
0.003
0.002
0.141
0.264
0.005
0.002
0.001
0.066
0.001
0.001
0.227
0.04
0.001
0.004
0.007
0.099
0.003
0.235
0.001
0.005
0.083
0.002
0.001
0.331
0.089
0.187
0.024
0.067
0.007
0.007
0.262
0.031
0.064
0.001
0.137
0.158
0.1
0.042
0.202
0.027
0.09
0.109
0.331
0.097
0.26
0.224
0.175
0.098
0.018
0.002
0.003
0.005
0.262
0.001
0.012
0.001
0.001
0.08
0.01
0.155
0.248
0.001
0.001
0.142
0.001
0.08
0.014
0.001
0.126
0.172
0.161
0.041
0.034
0.094
0.125
0.007
0.003
0.006
0.001
0.01
0.105
0.148
0.156
0.001
0.005
0.031
0.001
0.001
0.145
0.005
0.299
0.221
0.125
0.083
0.059
0.209
0.174
0.001
0.008
0.006
0.243
0.131
0.251
0.322
0.117
0.202
0.021
0.134
0.37
0.317
0.342
0.004
0.002
0.055
0.005
0.007
0.003
0.006
0.209
0.22
0.146
0.003
0.245
0.003
0.203
0.18
0.098
0.11
0.121
0.031
0.002
0.005
0.035
0.24
0.041
0.066
0.001
0.144
0.006
0.357
0.002
0.001
0.051
0.01
0.095
0.309
0.123
0.13
0.001
0.017
0.186
0.008
0.002
0.185
0.033
0.001
0.115
0.244
0.041
0.006
0.005
0.176
0.001
0.178
0.259
0.108
0.328
0.112
0.001
0.314
0.066
0.026
0.394
0.001
0.027
0.002
0.155
0.146
0.016
0.239
0.217
0.001
0.015
0.387
0.51
0.001
0.001
0.111
0.093
0.238
0.06
0.002
0.001
0.003
0.016
0.007
0.006
0.199
0.088
0.316
0.047
0.147
0.028
0.106
0.042
0.001
0.001
0.242
0.002
0.002
0.133
0.004
0.001
0.002
0.003
0.007
0.001
0.108
0.024
0.298
0.002
0.082
0.121
0.001
0.383
0.093
0.057
0.001
0.051
0.002
0.258
0.041
0.006
0.005
0.001
0.002
0.256
0.175
0.001
0.115
0.024
0.001
0.004
0.175
0.128
0.244
0.001
0.053
0.294
0.234
0.324
0.226
0.001
0.003
0.001
0.408
0.059
0.006
0.001
0.001
0.17
0.042
0.067
0.27
0.3
0.231
0.001
0.001
0.122
0.053
0.156
0.194
0.193
0.002
0.065
0.136
0.236
0.057
0.09
0.002
0.354
0.005
0.116
0.18
0.001
0.005
0.001
0.01
0.005
0.001
0.285
0.233
0.005
0.042
0.001
0.001
0.001
0.002
0.165
0.001
0.057
0.275
0.309
0.027
0.002
0.077
0.091
0.424
0.001
0.212
0.258
0.002
0.255
0.239
0.038
0.063
0.074
0.138
0.183
0.048
0.004
0.218
0.28
0.074
0.176
0.065
0.001
0.205
0.234
0.15
0.004
0.051
0.209
0.048
0.113
0.001
0.038
0.005
0.099
0.001
0.004
0.001
0.067
0.159
0.096
0.154
0.143
0.235
0.001
0.003
0.002
0.072
0.21
0.1
0.006
0.082
0.227
0.015
0.002
0.204
0.235
0.364
0.003
0.003
0.003
0.002
0.257
0.204
0.097
0.204
0.118
0.102
0.172
0.003
0.321
0.001
0.001
0.181
0.249
0.199
0.038
0.02
0.001
0.004
0.002
0.166
0.103
0.001
0.001
0.001
0.111
0.267
0.058
0.001
0.16
0.087
0.002
0.062
0.014
0.12
0.101
0.296
0.003
0.124
0.215
0.002
0.208
0.229
0.002
0.028
0.005
0.095
0.099
0.001
0.211
0.003
0.111
0.013
0.256
0.001
0.006
0.075
0.245
0.109
0.36
0.001
0.058
0.003
0.008
0.001
0.003
0.055
0.042
0.211
0.116
0.257
0.148
0.004
0.108
0.1
0.002
0.253
0.001
0.166
0.068
0.002
0.051
0.035
0.056
0.001
0.001
0.004
0.198
0.001
0.118
0.002
0.158
0.154
0.002
0.125
0.192
0.004
0.003
0.002
0.001
0.001
0.003
0.081
0.001
0.108
0.06
0.001
0.001
0.207
0.003
0.268
0.041
0.091
0.003
0.077
0.059
0.002
0.376
0.004
0.087
0.009
0.152
0.001
0.001
0.226
0.001
0.001
0.003
0.001
0.001
0.153
0.329
0.005
0.007
0.003
0.233
0.209
0.014
0.001
0.092
0.008
0.29
0.055
0.121
0.154
0.002
0.323
0.322
0.068
0.051
0.34
0.004
0.342
0.17
0.106
0.05
0.215
0.001
0.061
0.004
0.001
0.226
0.082
0.001
0.411
0.287
0.01
0.049
0.092
0.001
0.26
0.184
0.153
0.184
0.115
0.114
0.003
0.001
0.282
0.001
0.005
0.005
0.002
0.394
0.032
0.006
0.126
0.021
0.29
0.059
0.239
0.231
0.003
0.112
0.01
0.1
0.214
0.004
0.044
0.001
0.206
0.098
0.003
0.072
0.256
0.002
0.015
0.143
0.125
0.103
0.12
0.009
0.001
0.03
0.002
0.001
0.002
0.002
0.002
0.004
0.156
0.167
0.468
0.001
0.252
0.26
0.002
0.011
0.004
0.349
0.008
0.275
0.01
0.052
0.144
0.052
0.008
0.051
0.116
0.017
0.088
0.004
0.002
0.352
0.198
0.231
0.288
0.001
0.08
0.159
0.048
0.001
0.092
0.031
0.233
0.002
0.005
0.003
0.002
0.001
0.046
0.05
0.22
0.002
0.003
0.001
0.253
0.241
0.124
0.082
0.001
0.004
0.028
0.003
0.039
0.006
0.123
0.059
0.164
0.001
0.258
0.115
0.293
0.002
0.004
0.103
0.002
0.008
0.158
0.355
0.001
0.001
0.116
0.064
0.001
0.255
0.001
0.002
0.21
0.001
0.001
0.07
0.072
0.124
0.034
0.002
0.383
0.127
0.327
0.236
0.069
0.144
0.001
0.067
0.06
0.206
0.134
0.003
0.004
0.155
0.003
0.018
0.106
0.003
0.092
0.203
0.001
0.048
0.186
0.11
0.017
0.175
0.001
0.171
0.106
0.003
0.007
0.001
0.001
0.002
0.001
0.361
0.085
0.001
0.346
0.002
0.012
0.284
0.003
0.117
0.047
0.241
0.235
0.001
0.136
0.007
0.004
0.001
0.097
0.133
0.001
0.16
0.12
0.027
0.227
0.297
0.296
0.051
0.009
0.003
0.005
0.001
0.397
0.003
0.286
0.063
0.037
0.002
0.001
0.312
0.157
0.094
0.001
0.032
0.001
0.003
0.142
0.269
0.002
0.074
0.032
0.012
0.001
0.001
0.168
0.085
0.081
0.11
0.465
0.191
0.142
0.374
0.157
0.024
0.235
0.283
0.144
0.346
0.004
0.449
0.05
0.073
0.147
0.009
0.001
0.001
0.007
0.308
0.001
0.18
0.414
0.001
0.312
0.001
0.001
0.001
0.001
0.056
0.001
0.048
0.002
0.157
0.003
0.534
0.001
0.194
0.295
0.135
0.028
0.324
0.017
0.247
0.115
0.001
0.005
0.173
0.001
0.364
0.074
0.001
0.199
0.186
0.324
0.191
0.03
0.001
0.001
0.305
0.236
0.156
0.171
0.096
0.248
0.02
0.005
0.083
0.006
0.033
0.001
0.346
0.006
0.294
0.001
0.03
0.045
0.001
0.003
0.005
0.004
0.003
0.112
0.161
0.142
0.003
0.001
0.253
0.268
0.002
0.007
0.002
0.224
0.023
0.17
0.129
0.048
0.034
0.032
0.001
0.084
0.003
0.001
0.002
0.181
0.077
0.268
0.011
0.105
0.31
0.001
0.138
0.001
0.105
0.001
0.001
0.049
0.023
0.293
0.003
0.003
0.019
0.234
0.155
0.165
0.034
0.051
0.218
0.18
0.001
0.249
0.21
0.374
0.171
0.055
0.111
0.101
0.004
0.001
0.159
0.091
0.168
0.002
0.231
0.002
0.003
0.044
0.007
0.054
0.071
0.227
0.179
0.005
0.002
0.164
0.154
0.013
0.188
0.205
0.003
0.238
0.002
0.001
0.02
0.381
0.092
0.002
0.042
0.212
0.134
0.352
0.261
0.001
0.07
0.003
0.131
0.19
0.001
0.001
0.249
0.026
0.104
0.118
0.175
0.203
0.001
0.001
0.1
0.001
0.015
0.061
0.001
0.09
0.002
0.113
0.001
0.025
0.001
0.006
0.003
0.146
0.001
0.055
0.28
0.165
0.196
0.219
0.262
0.002
0.085
0.003
0.181
0.078
0.001
0.002
0.288
0.036
0.173
0.176
0.002
0.004
0.001
0.37
0.029
0.306
0.114
0.072
0.058
0.171
0.167
0.163
0.026
0.029
0.093
0.001
0.001
0.067
0.001
0.011
0.278
0.003
0.339
0.003
0.002
0.002
0.001
0.146
0.277
0.191
0.082
0.001
0.002
0.1
0.183
0.001
0.001
0.007
0.158
0.261
0.01
0.001
0.111
0.096
0.002
0.249
0.407
0.029
0.006
0.208
0.001
0.002
0.001
0.249
0.001
0.055
0.289
0.001
0.064
0.018
0.029
0.007
0.004
0.241
0.001
0.006
0.206
0.001
0.074
0.002
0.003
0.001
0.002
0.001
0.121
0.092
0.004
0.095
0.004
0.002
0.001
0.174
0.001
0.002
0.157
0.124
0.035
0.001
0.001
0.037
0.012
0.326
0.026
0.28
0.121
0.004
0.119
0.002
0.095
0.003
0.486
0.038
0.329
0.191
0.202
0.002
0.219
0.009
0.198
0.214
0.236
0.002
0.082
0.198
0.168
0.003
0.005
0.299
0.186
0.122
0.398
0.033
0.193
0.102
0.069
0.096
0.045
0.001
0.009
0.139
0.09
0.154
0.001
0.001
0.249
0.079
0.227
0.001
0.097
0.002
0.015
0.049
0.25
0.001
0.232
0.12
0.002
0.05
0.001
0.077
0.247
0.054
0.049
0.107
0.003
0.001
0.001
0.001
0.119
0.319
0.14
0.163
0.021
0.049
0.153
0.133
0.001
0.001
0.001
0.355
0.013
0.001
0.04
0.249
0.009
0.224
0.082
0.227
0.214
0.001
0.13
0.148
0.013
0.004
0.103
0.105
0.164
0.236
0.001
0.07
0.001
0.001
0.105
0.33
0.001
0.108
0.246
0.16
0.253
0.218
0.09
0.353
0.039
0.001
0.133
0.002
0.03
0.29
0.004
0.236
0.081
0.004
0.003
0.171
0.092
0.001
0.198
0.352
0.001
0.011
0.019
0.001
0.149
0.2
0.001
0.088
0.026
0.223
0.264
0.164
0.254
0.005
0.157
0.001
0.005
0.064
0.001
0.12
0.267
0.146
0.013
0.319
0.423
0.107
0.211
0.001
0.013
0.15
0.077
0.003
0.001
0.003
0.349
0.001
0.039
0.001
0.275
0.038
0.002
0.001
0.005
0.226
0.054
0.299
0.004
0.002
0.001
0.451
0.234
0.001
0.187
0.126
0.13
0.1
0.017
0.124
0.001
0.224
0.195
0.01
0.219
0.004
0.001
0.008
0.025
0.068
0.273
0.006
0.013
0.364
0.024
0.329
0.319
0.039
0.002
0.1
0.236
0.001
0.003
0.006
0.197
0.066
0.125
0.003
0.027
0.125
0.107
0.002
0.004
0.001
0.001
0.005
0.042
0.425
0.188
0.155
0.008
0.002
0.002
0.001
0.001
0.002
0.001
0.001
0.175
0.001
0.125
0.001
0.001
0.057
0.048
0.036
0.001
0.088
0.132
0.125
0.284
0.495
0.038
0.207
0.196
0.419
0.043
0.204
0.059
0.011
0.001
0.208
0.407
0.106
0.131
0.087
0.001
0.103
0.005
0.217
0.006
0.167
0.007
0.03
0.002
0.228
0.012
0.149
0.094
0.003
0.082
0.142
0.104
0.23
0.242
0.17
0.041
0.085
0.003
0.19
0.212
0.204
0.146
0.072
0.002
0.003
0.178
0.254
0.002
0.079
0.01
0.073
0.001
0.003
0.181
0.148
0.321
0.001
0.171
0.048
0.077
0.002
0.383
0.002
0.001
0.088
0.023
0.127
0.076
0.548
0.131
0.153
0.002
0.004
0.038
0.205
0.001
0.271
0.256
0.344
0.006
0.039
0.001
0.003
0.001
0.001
0.193
0.189
0.003
0.143
0.002
0.001
0.067
0.142
0.001
0.007
0.196
0.003
0.365
0.344
0.183
0.225
0.002
0.045
0.089
0.039
0.002
0.091
0.323
0.129
0.137
0.232
0.121
0.001
0.318
0.176
0.218
0.002
0.001
0.005
0.229
0.288
0.001
0.109
0.005
0.001
0.013
0.002
0.002
0.238
0.263
0.23
0.415
0.017
0.09
0.007
0.43
0.002
0.085
0.003
0.049
0.087
0.056
0.008
0.054
0.001
0.006
0.002
0.003
0.002
0.342
0.001
0.301
0.094
0.004
0.001
0.001
0.025
0.252
0.008
0.141
0.001
0.217
0.334
0.007
0.062
0.003
0.251
0.302
0.001
0.219
0.003
0.147
0.331
0.125
0.034
0.289
0.001
0.133
0.031
0.065
0.002
0.049
0.195
0.349
0.37
0.002
0.011
0.002
0.001
0.071
0.277
0.003
0.085
0.348
0.004
0.029
0.005
0.125
0.002
0.002
0.282
0.121
0.311
0.077
0.335
0.251
0.041
0.003
0.128
0.066
0.001
0.016
0.153
0.001
0.334
0.098
0.203
0.146
0.066
0.214
0.347
0.121
0.114
0.04
0.001
0.007
0.098
0.001
0.008
0.043
0.038
0.194
0.002
0.003
0.042
0.097
0.074
0.053
0.001
0.138
0.002
0.051
0.001
0.237
0.022
0.001
0.193
0.001
0.056
0.118
0.001
0.001
0.182
0.001
0.317
0.269
0.119
0.305
0.144
0.067
0.089
0.008
0.155
0.001
0.176
0.011
0.279
0.074
0.003
0.025
0.285
0.167
0.201
0.007
0.109
0.026
0.038
0.048
0.001
0.001
0.089
0.004
0.206
0.125
0.292
0.001
0.005
0.003
0.41
0.088
0.42
0.043
0.074
0.008
0.005
0.001
0.009
0.001
0.002
0.024
0.001
0.003
0.123
0.001
0.002
0.102
0.382
0.001
0.001
0.001
0.042
0.209
0.069
0.001
0.396
0.105
0.125
0.198
0.214
0.02
0.209
0.005
0.001
0.081
0.027
0.016
0.001
0.001
0.168
0.004
0.361
0.065
0.533
0.001
0.007
0.175
0.054
0.115
0.003
0.002
0.086
0.105
0.273
0.119
0.106
0.089
0.002
0.046
0.05
0.162
0.234
0.531
0.23
0.154
0.351
0.001
0.001
0.179
0.078
0.226
0.004
0.24
0.002
0.145
0.003
0.059
0.007
0.006
0.001
0.001
0.337
0.258
0.001
0.092
0.17
0.071
0.229
0.003
0.091
0.003
0.001
0.001
0.222
0.209
0.075
0.002
0.124
0.345
0.066
0.001
0.084
0.004
0.001
0.339
0.001
0.102
0.001
0.138
0.185
0.005
0.088
0.199
0.066
0.073
0.07
0.264
0.035
0.113
0.001
0.011
0.115
0.323
0.001
0.043
0.001
0.002
0.156
0.001
0.001
0.012
0.008
0.1
0.277
0.208
0.145
0.202
0.032
0.227
0.001
0.089
0.042
0.241
0.269
0.05
0.086
0.003
0.001
0.038
0.266
0.004
0.001
0.142
0.006
0.218
0.001
0.257
0.222
0.219
0.237
0.002
0.027
0.29
0.001
0.189
0.001
0.081
0.002
0.159
0.079
0.089
0.142
0.004
0.003
0.001
0.331
0.001
0.015
0.001
0.137
0.142
0.001
0.041
0.042
0.151
0.001
0.048
0.002
0.002
0.2
0.117
0.001
0.216
0.188
0.002
0.126
0.12
0.042
0.039
0.273
0.001
0.031
0.109
0.001
0.004
0.105
0.301
0.223
0.025
0.151
0.249
0.004
0.008
0.111
0.161
0.007
0.005
0.002
0.059
0.003
0.245
0.279
0.166
0.002
0.007
0.003
0.348
0.071
0.075
0.115
0.286
0.218
0.105
0.06
0.261
0.001
0.282
0.001
0.191
0.002
0.189
0.195
0.002
0.114
0.001
0.027
0.003
0.001
0.168
0.001
0.058
0.055
0.001
0.268
0.165
0.115
0.002
0.001
0.02
0.15
0.1
0.006
0.005
0.216
0.123
0.065
0.173
0.309
0.125
0.002
0.003
0.001
0.002
0.077
0.174
0.155
0.014
0.194
0.254
0.004
0.001
0.102
0.036
0.033
0.143
0.226
0.2
0.002
0.203
0.045
0.023
0.123
0.124
0.001
0.078
0.001
0.234
0.03
0.078
0.065
0.253
0.004
0.09
0.308
0.148
0.011
0.233
0.348
0.006
0.015
0.153
0.005
0.005
0.138
0.076
0.024
0.001
0.003
0.005
0.109
0.001
0.001
0.15
0.058
0.002
0.003
0.001
0.073
0.128
0.269
0.246
0.183
0.223
0.123
0.003
0.009
0.255
0.002
0.314
0.139
0.335
0.003
0.108
0.005
0.294
0.002
0.238
0.173
0.002
0.013
0.005
0.274
0.054
0.062
0.001
0.113
0.043
0.127
0.036
0.166
0.083
0.238
0.162
0.147
0.002
0.012
0.34
0.182
0.055
0.24
0.16
0.001
0.001
0.153
0.249
0.182
0.001
0.001
0.035
0.14
0.03
0.044
0.271
0.002
0.469
0.004
0.099
0.005
0.003
0.004
0.001
0.002
0.002
0.007
0.004
0.03
0.25
0.002
0.001
0.354
0.049
0.002
0.17
0.039
0.002
0.178
0.001
0.122
0.383
0.409
0.085
0.053
0.324
0.043
0.201
0.092
0.324
0.002
0.074
0.31
0.06
0.214
0.228
0.251
0.27
0.001
0.14
0.314
0.165
0.001
0.252
0.002
0.062
0.339
0.119
0.001
0.006
0.002
0.141
0.159
0.001
0.05
0.049
0.263
0.214
0.001
0.076
0.092
0.001
0.185
0.002
0.291
0.086
0.254
0.002
0.001
0.286
0.415
0.227
0.122
0.236
0.004
0.003
0.005
0.115
0.006
0.059
0.069
0.006
0.27
0.024
0.002
0.136
0.396
0.173
0.002
0.154
0.074
0.065
0.272
0.054
0.275
0.06
0.09
0.108
0.137
0.003
0.004
0.289
0.029
0.35
0.033
0.001
0.106
0.002
0.001
0.044
0.079
0.002
0.204
0.102
0.001
0.001
0.003
0.24
0.001
0.148
0.036
0.127
0.087
0.029
0.114
0.004
0.005
0.129
0.001
0.314
0.002
0.002
0.005
0.142
0.083
0.003
0.273
0.147
0.156
0.001
0.035
0.007
0.065
0.001
0.001
0.152
0.169
0.141
0.179
0.003
0.004
0.001
0.202
0.076
0.001
0.008
0.196
0.122
0.262
0.003
0.002
0.038
0.002
0.016
0.253
0.189
0.001
0.001
0.001
0.028
0.323
0.047
0.001
0.233
0.134
0.272
0.001
0.001
0.03
0.113
0.001
0.26
0.007
0.15
0.125
0.096
0.091
0.001
0.28
0.006
0.253
0.301
0.007
0.023
0.014
0.001
0.094
0.115
0.059
0.161
0.001
0.375
0.104
0.003
0.004
0.105
0.004
0.198
0.086
0.185
0.18
0.025
0.001
0.155
0.002
0.357
0.001
0.08
0.001
0.218
0.002
0.148
0.14
0.001
0.19
0.017
0.003
0.001
0.006
0.211
0.202
0.001
0.002
0.371
0.045
0.053
0.145
0.16
0.001
0.002
0.134
0.271
0.205
0.185
0.198
0.11
0.065
0.328
0.001
0.002
0.321
0.003
0.055
0.2
0.004
0.002
0.378
0.065
0.261
0.066
0.13
0.114
0.289
0.2
0.003
0.002
0.002
0.058
0.001
0.01
0.001
0.301
0.095
0.194
0.165
0.001
0.156
0.279
0.007
0.305
0.002
0.003
0.001
0.001
0.454
0.283
0.383
0.271
0.113
0.181
0.272
0.001
0.028
0.001
0.064
0.001
0.002
0.005
0.102
0.012
0.009
0.001
0.367
0.224
0.001
0.219
0.001
0.095
0.146
0.113
0.196
0.002
0.001
0.001
0.031
0.064
0.002
0.054
0.465
0.009
0.179
0.291
0.002
0.007
0.375
0.002
0.086
0.001
0.246
0.001
0.002
0.122
0.217
0.001
0.052
0.084
0.092
0.374
0.296
0.025
0.128
0.223
0.198
0.257
0.002
0.101
0.249
0.073
0.225
0.333
0.022
0.002
0.001
0.021
0.006
0.212
0.004
0.297
0.257
0.03
0.227
0.002
0.034
0.115
0.001
0.084
0.448
0.002
0.002
0.013
0.001
0.036
0.187
0.001
0.201
0.341
0.001
0.002
0.001
0.292
0.222
0.149
0.001
0.03
0.292
0.003
0.255
0.359
0.001
0.035
0.123
0.011
0.139
0.163
0.006
0.033
0.024
0.002
0.284
0.258
0.293
0.235
0.076
0.003
0.189
0.06
0.114
0.116
0.252
0.012
0.001
0.25
0.033
0.175
0.24
0.246
0.018
0.001
0.001
0.001
0.065
0.177
0.055
0.219
0.011
0.21
0.201
0.024
0.041
0.004
0.162
0.001
0.001
0.004
0.001
0.144
0.004
0.001
0.002
0.005
0.085
0.191
0.001
0.172
0.004
0.001
0.272
0.222
0.001
0.292
0.07
0.025
0.044
0.22
0.243
0.001
0.016
0.178
0.282
0.321
0.006
0.045
0.181
0.262
0.447
0.002
0.079
0.184
0.319
0.001
0.025
0.127
0.198
0.131
0.182
0.413
0.177
0.001
0.002
0.133
0.055
0.075
0.175
0.199
0.016
0.148
0.19
0.18
0.178
0.06
0.003
0.249
0.002
0.144
0.347
0.007
0.001
0.002
0.105
0.001
0.141
0.062
0.176
0.13
0.03
0.364
0.002
0.118
0.001
0.001
0.22
0.098
0.028
0.005
0.152
0.002
0.034
0.022
0.201
0.002
0.007
0.205
0.22
0.001
0.119
0.068
0.466
0.115
0.022
0.002
0.034
0.194
0.29
0.2
0.223
0.186
0.25
0.001
0.28
0.036
0.003
0.314
0.11
0.08
0.098
0.225
0.001
0.134
0.001
0.004
0.002
0.144
0.238
0.322
0.002
0.017
0.232
0.077
0.138
0.001
0.092
0.008
0.113
0.005
0.096
0.383
0.072
0.105
0.039
0.166
0.001
0.001
0.04
0.044
0.218
0.199
0.001
0.173
0.258
0.099
0.139
0.001
0.04
0.257
0.163
0.003
0.002
0.003
0.008
0.002
0.008
0.143
0.159
0.004
0.093
0.219
0.013
0.103
0.003
0.001
0.131
0.22
0.001
0.001
0.239
0.193
0.314
0.049
0.128
0.009
0.002
0.004
0.107
0.001
0.008
0.044
0.194
0.052
0.162
0.044
0.032
0.001
0.03
0.253
0.191
0.206
0.055
0.006
0.123
0.171
0.264
0.001
0.001
0.043
0.007
0.138
0.255
0.002
0.008
0.046
0.003
0.142
0.001
0.001
0.028
0.1
0.005
0.06
0.181
0.002
0.003
0.002
0.13
0.002
0.001
0.302
0.002
0.006
0.001
0.029
0.001
0.001
0.237
0.024
0.017
0.193
0.243
0.167
0.103
0.047
0.002
0.199
0.003
0.229
0.094
0.008
0.233
0.002
0.022
0.005
0.043
0.001
0.002
0.13
0.001
0.159
0.062
0.026
0.001
0.002
0.002
0.002
0.058
0.224
0.269
0.001
0.373
0.141
0.002
0.005
0.351
0.003
0.189
0.004
0.003
0.115
0.235
0.132
0.001
0.001
0.086
0.006
0.166
0.001
0.015
0.056
0.003
0.101
0.007
0.157
0.001
0.073
0.212
0.004
0.004
0.185
0.343
0.003
0.132
0.114
0.18
0.089
0.232
0.068
0.333
0.094
0.045
0.008
0.093
0.061
0.207
0.05
0.003
0.065
0.121
0.001
0.003
0.426
0.018
0.165
0.001
0.001
0.33
0.003
0.001
0.001
0.078
0.004
0.001
0.218
0.142
0.123
0.032
0.003
0.023
0.001
0.049
0.004
0.057
0.001
0.362
0.003
0.131
0.106
0.064
0.002
0.378
0.14
0.138
0.131
0.001
0.001
0.067
0.218
0.003
0.02
0.001
0.114
0.068
0.001
0.009
0.003
0.006
0.006
0.047
0.18
0.255
0.004
0.081
0.038
0.002
0.24
0.161
0.077
0.001
0.265
0.099
0.084
0.274
0.226
0.048
0.284
0.22
0.067
0.197
0.013
0.212
0.102
0.407
0.004
0.007
0.216
0.001
0.219
0.249
0.001
0.147
0.082
0.008
0.061
0.311
0.11
0.047
0.018
0.265
0.001
0.002
0.009
0.185
0.301
0.382
0.212
0.059
0.257
0.116
0.197
0.001
0.021
0.107
0.09
0.162
0.107
0.284
0.245
0.01
0.149
0.058
0.001
0.005
0.21
0.008
0.001
0.077
0.074
0.134
0.244
0.003
0.005
0.184
0.005
0.28
0.245
0.119
0.048
0.001
0.213
0.001
0.051
0.073
0.276
0.001
0.38
0.269
0.001
0.001
0.001
0.026
0.403
0.056
0.115
0.001
0.001
0.138
0.164
0.003
0.106
0.064
0.006
0.225
0.275
0.304
0.001
0.072
0.186
0.005
0.002
0.001
0.216
0.019
0.085
0.163
0.26
0.171
0.121
0.009
0.034
0.002
0.269
0.16
0.243
0.102
0.004
0.144
0.003
0.19
0.216
0.079
0.089
0.351
0.425
0.042
0.164
0.034
0.24
0.072
0.006
0.072
0.031
0.005
0.261
0.002
0.001
0.187
0.083
0.097
0.001
0.154
0.162
0.082
0.003
0.226
0.007
0.252
0.002
0.225
0.103
0.388
0.233
0.055
0.268
0.053
0.164
0.123
0.002
0.001
0.09
0.003
0.239
0.112
0.002
0.239
0.014
0.002
0.001
0.291
0.002
0.003
0.108
0.004
0.001
0.292
0.107
0.001
0.141
0.227
0.217
0.004
0.001
0.065
0.005
0.285
0.452
0.11
0.122
0.001
0.148
0.003
0.001
0.154
0.002
0.319
0.181
0.11
0.079
0.004
0.047
0.004
0.216
0.045
0.23
0.048
0.001
0.102
0.007
0.002
0.365
0.002
0.004
0.099
0.084
0.163
0.002
0.004
0.003
0.001
0.081
0.288
0.001
0.001
0.001
0.001
0.118
0.006
0.007
0.115
0.072
0.074
0.273
0.002
0.228
0.137
0.202
0.143
0.001
0.045
0.18
0.168
0.008
0.036
0.272
0.024
0.001
0.159
0.069
0.002
0.277
0.002
0.189
0.104
0.179
0.179
0.005
0.002
0.004
0.003
0.001
0.299
0.214
0.165
0.026
0.008
0.001
0.051
0.178
0.052
0.007
0.036
0.003
0.001
0.002
0.005
0.002
0.236
0.059
0.184
0.091
0.001
0.297
0.355
0.088
0.002
0.001
0.1
0.001
0.365
0.132
0.272
0.001
0.051
0.136
0.192
0.208
0.128
0.005
0.323
0.044
0.003
0.001
0.001
0.056
0.055
0.008
0.166
0.487
0.196
0.291
0.096
0.129
0.08
0.061
0.041
0.09
0.107
0.001
0.106
0.083
0.422
0.143
0.001
0.072
0.155
0.05
0.003
0.166
0.002
0.029
0.232
0.116
0.003
0.167
0.213
0.002
0.2
0.12
0.001
0.017
0.15
0.001
0.165
0.038
0.001
0.016
0.183
0.17
0.001
0.01
0.11
0.174
0.001
0.003
0.004
0.343
0.042
0.002
0.069
0.11
0.299
0.086
0.002
0.001
0.002
0.072
0.001
0.008
0.001
0.03
0.003
0.001
0.055
0.134
0.188
0.197
0.059
0.001
0.273
0.158
0.003
0.071
0.003
0.15
0.193
0.177
0.016
0.002
0.214
0.001
0.375
0.001
0.005
0.005
0.001
0.067
0.229
0.006
0.102
0.054
0.004
0.001
0.038
0.216
0.001
0.117
0.218
0.143
0.002
0.2
0.008
0.039
0.045
0.1
0.078
0.001
0.077
0.211
0.17
0.106
0.087
0.002
0.001
0.35
0.03
0.024
0.068
0.256
0.156
0.001
0.081
0.001
0.002
0.197
0.179
0.001
0.001
0.012
0.004
0.075
0.005
0.247
0.001
0.273
0.184
0.036
0.035
0.059
0.001
0.005
0.072
0.021
0.233
0.001
0.011
0.109
0.069
0.002
0.21
0.087
0.001
0.263
0.14
0.002
0.003
0.001
0.043
0.001
0.249
0.006
0.15
0.189
0.149
0.016
0.356
0.001
0.049
0.24
0.228
0.018
0.008
0.254
0.177
0.035
0.047
0.001
0.429
0.183
0.007
0.238
0.001
0.082
0.003
0.001
0.064
0.264
0.001
0.001
0.148
0.002
0.003
0.001
0.078
0.004
0.001
0.001
0.304
0.003
0.001
0.001
0.19
0.258
0.431
0.008
0.005
0.022
0.393
0.111
0.064
0.119
0.001
0.001
0.217
0.001
0.194
0.068
0.002
0.003
0.002
0.249
0.117
0.004
0.168
0.06
0.24
0.038
0.046
0.05
0.011
0.002
0.001
0.054
0.17
0.036
0.002
0.001
0.066
0.219
0.068
0.001
0.1
0.001
0.003
0.092
0.002
0.005
0.167
0.002
0.232
0.022
0.378
0.273
0.006
0.034
0.341
0.293
0.064
0.05
0.168
0.004
0.001
0.298
0.001
0.052
0.178
0.356
0.023
0.077
0.001
0.03
0.092
0.004
0.003
0.197
0.003
0.283
0.006
0.379
0.007
0.088
0.109
0.003
0.001
0.001
0.128
0.144
0.143
0.066
0.394
0.161
0.082
0.323
0.13
0.254
0.234
0.002
0.001
0.002
0.006
0.01
0.003
0.318
0.085
0.088
0.303
0.207
0.003
0.302
0.164
0.362
0.003
0.094
0.206
0.001
0.157
0.105
0.283
0.008
0.002
0.02
0.089
0.001
0.001
0.103
0.003
0.001
0.075
0.002
0.233
0.002
0.001
0.057
0.239
0.007
0.121
0.005
0.001
0.059
0.364
0.001
0.095
0.246
0.054
0.001
0.109
0.001
0.026
0.029
0.18
0.065
0.195
0.132
0.001
0.001
0.035
0.118
0.332
0.002
0.042
0.141
0.097
0.012
0.003
0.006
0.001
0.026
0.009
0.148
0.001
0.051
0.16
0.001
0.107
0.09
0.027
0.272
0.001
0.06
0.007
0.14
0.169
0.057
0.116
0.202
0.006
0.327
0.002
0.176
0.064
0.09
0.035
0.033
0.146
0.213
0.214
0.119
0.004
0.027
0.306
0.2
0.001
0.001
0.001
0.009
0.008
0.255
0.16
0.232
0.067
0.166
0.187
0.041
0.001
0.001
0.4
0.279
0.002
0.147
0.027
0.002
0.002
0.001
0.31
0.275
0.001
0.01
0.21
0.101
0.001
0.193
0.098
0.091
0.001
0.001
0.001
0.001
0.168
0.465
0.035
0.001
0.007
0.065
0.371
0.005
0.045
0.052
0.187
0.05
0.175
0.099
0.008
0.001
0.013
0.258
0.077
0.005
0.202
0.022
0.155
0.009
0.227
0.01
0.003
0.008
0.001
0.172
0.005
0.083
0.042
0.005
0.005
0.277
0.009
0.001
0.137
0.199
0.069
0.398
0.128
0.269
0.007
0.001
0.197
0.234
0.157
0.001
0.004
0.1
0.145
0.024
0.003
0.266
0.386
0.103
0.001
0.051
0.003
0.347
0.197
0.007
0.057
0.002
0.002
0.514
0.065
0.01
0.024
0.159
0.235
0.031
0.007
0.071
0.106
0.003
0.241
0.003
0.001
0.002
0.004
0.27
0.001
0.105
0.001
0.004
0.003
0.051
0.111
0.001
0.001
0.111
0.001
0.273
0.17
0.089
0.001
0.132
0.452
0.029
0.001
0.001
0.071
0.005
0.098
0.184
0.047
0.058
0.185
0.124
0.001
0.001
0.071
0.001
0.204
0.113
0.002
0.001
0.001
0.046
0.124
0.029
0.005
0.016
0.001
0.156
0.142
0.04
0.002
0.355
0.121
0.07
0.003
0.141
0.031
0.21
0.05
0.08
0.108
0.003
0.01
0.114
0.074
0.001
0.031
0.001
0.246
0.015
0.001
0.339
0.146
0.002
0.275
0.062
0.15
0.152
0.305
0.328
0.376
0.135
0.267
0.001
0.294
0.017
0.094
0.108
0.001
0.06
0.001
0.003
0.265
0.002
0.361
0.215
0.295
0.001
0.049
0.008
0.178
0.087
0.299
0.019
0.102
0.003
0.377
0.286
0.268
0.089
0.004
0.001
0.002
0.009
0.005
0.256
0.001
0.347
0.088
0.311
0.315
0.001
0.448
0.001
0.124
0.231
0.381
0.002
0.005
0.001
0.001
0.002
0.153
0.001
0.002
0.416
0.211
0.118
0.045
0.336
0.001
0.002
0.23
0.326
0.153
0.224
0.003
0.003
0.1
0.077
0.001
0.181
0.203
0.19
0.002
0.174
0.21
0.061
0.102
0.232
0.059
0.001
0.316
0.333
0.196
0.004
0.001
0.216
0.05
0.01
0.028
0.144
0.001
0.226
0.122
0.001
0.166
0.001
0.075
0.134
0.198
0.137
0.129
0.061
0.001
0.271
0.235
0.001
0.001
0.005
0.158
0.001
0.003
0.252
0.337
0.139
0.059
0.09
0.142
0.36
0.003
0.145
0.004
0.119
0.093
0.223
0.001
0.062
0.001
0.162
0.256
0.001
0.329
0.368
0.235
0.07
0.003
0.244
0.001
0.32
0.137
0.075
0.411
0.103
0.192
0.001
0.002
0.005
0.355
0.301
0.004
0.02
0.207
0.002
0.001
0.005
0.264
0.01
0.269
0.002
0.032
0.004
0.179
0.004
0.001
0.105
0.003
0.034
0.287
0.165
0.008
0.131
0.002
0.176
0.001
0.013
0.208
0.002
0.024
0.001
0.1
0.001
0.101
0.109
0.001
0.275
0.539
0.153
0.005
0.001
0.228
0.002
0.007
0.142
0.114
0.065
0.195
0.135
0.001
0.145
0.34
0.009
0.171
0.072
0.123
0.306
0.189
0.085
0.003
0.001
0.007
0.227
0.006
0.124
0.112
0.009
0.01
0.026
0.195
0.168
0.475
0.124
0.001
0.283
0.001
0.002
0.267
0.106
0.001
0.005
0.004
0.293
0.176
0.003
0.043
0.09
0.001
0.075
0.13
0.295
0.255
0.157
0.034
0.095
0.098
0.001
0.007
0.001
0.049
0.001
0.391
0.004
0.003
0.008
0.147
0.246
0.264
0.003
0.039
0.003
0.272
0.001
0.137
0.098
0.001
0.001
0.17
0.194
0.003
0.004
0.09
0.009
0.197
0.054
0.004
0.079
0.004
0.044
0.001
0.002
0.31
0.061
0.002
0.141
0.001
0.001
0.229
0.002
0.032
0.125
0.151
0.002
0.003
0.035
0.104
0.072
0.002
0.007
0.001
0.173
0.136
0.231
0.033
0.101
0.001
0.156
0.19
0.001
0.104
0.142
0.267
0.049
0.24
0.071
0.001
0.043
0.109
0.028
0.017
0.012
0.03
0.003
0.154
0.136
0.033
0.001
0.001
0.002
0.007
0.002
0.052
0.003
0.2
0.004
0.109
0.001
0.002
0.28
0.003
0.228
0.001
0.011
0.002
0.332
0.001
0.093
0.207
0.19
0.05
0.107
0.091
0.113
0.153
0.098
0.088
0.062
0.003
0.001
0.144
0.001
0.059
0.155
0.011
0.197
0.002
0.271
0.388
0.101
0.053
0.001
0.042
0.016
0.012
0.061
0.001
0.125
0.136
0.192
0.12
0.227
0.277
0.404
0.163
0.226
0.149
0.001
0.21
0.095
0.17
0.001
0.001
0.143
0.001
0.001
0.118
0.001
0.054
0.013
0.259
0.004
0.184
0.004
0.144
0.001
0.002
0.187
0.181
0.001
0.002
0.321
0.158
0.003
0.033
0.001
0.27
0.002
0.053
0.035
0.008
0.264
0.183
0.048
0.001
0.118
0.061
0.036
0.185
0.249
0.19
0.208
0.002
0.087
0.239
0.001
0.134
0.001
0.124
0.006
0.001
0.002
0.001
0.002
0.01
0.001
0.059
0.004
0.337
0.077
0.201
0.004
0.208
0.126
0.099
0.086
0.164
0.154
0.42
0.025
0.111
0.286
0.017
0.046
0.177
0.002
0.117
0.005
0.012
0.002
0.001
0.035
0.274
0.016
0.08
0.066
0.265
0.001
0.287
0.283
0.001
0.001
0.055
0.001
0.001
0.089
0.001
0.455
0.058
0.215
0.146
0.018
0.195
0.321
0.064
0.001
0.001
0.179
0.004
0.079
0.213
0.018
0.203
0.134
0.232
0.161
0.029
0.087
0.003
0.335
0.106
0.008
0.081
0.006
0.005
0.101
0.043
0.003
0.003
0.104
0.107
0.001
0.001
0.005
0.001
0.164
0.229
0.001
0.01
0.107
0.001
0.002
0.001
0.001
0.213
0.334
0.001
0.117
0.24
0.404
0.194
0.132
0.004
0.081
0.107
0.122
0.155
0.013
0.23
0.12
0.204
0.032
0.075
0.003
0.028
0.001
0.172
0.001
0.001
0.001
0.054
0.306
0.005
0.06
0.011
0.227
0.212
0.196
0.059
0.034
0.083
0.305
0.084
0.002
0.218
0.095
0.034
0.264
0.144
0.293
0.299
0.001
0.002
0.005
0.169
0.098
0.003
0.122
0.135
0.061
0.047
0.061
0.13
0.042
0.003
0.293
0.1
0.214
0.146
0.203
0.003
0.345
0.001
0.157
0.011
0.008
0.074
0.16
0.087
0.276
0.16
0.075
0.083
0.001
0.001
0.164
0.142
0.4
0.179
0.209
0.002
0.286
0.18
0.001
0.002
0.1
0.207
0.109
0.001
0.111
0.006
0.068
0.004
0.001
0.31
0.019
0.071
0.168
0.333
0.203
0.074
0.002
0.012
0.362
0.002
0.251
0.001
0.269
0.002
0.247
0.185
0.001
0.006
0.037
0.002
0.171
0.092
0.001
0.181
0.24
0.235
0.209
0.001
0.186
0.116
0.002
0.206
0.125
0.206
0.111
0.178
0.002
0.163
0.391
0.031
0.005
0.113
0.09
0.001
0.002
0.002
0.216
0.001
0.012
0.176
0.015
0.28
0.532
0.164
0.281
0.004
0.001
0.209
0.004
0.305
0.194
0.004
0.175
0.279
0.426
0.119
0.136
0.078
0.103
0.002
0.001
0.103
0.192
0.076
0.353
0.169
0.452
0.075
0.001
0.001
0.025
0.105
0.013
0.233
0.149
0.033
0.233
0.054
0.149
0.233
0.001
0.124
0.001
0.001
0.146
0.138
0.044
0.421
0.005
0.006
0.124
0.006
0.092
0.306
0.005
0.163
0.07
0.171
0.001
0.288
0.001
0.001
0.292
0.421
0.338
0.034
0.178
0.008
0.001
0.026
0.002
0.159
0.007
0.395
0.107
0.24
0.098
0.019
0.232
0.003
0.117
0.272
0.026
0.028
0.23
0.009
0.036
0.146
0.142
0.002
0.365
0.003
0.004
0.064
0.001
0.094
0.177
0.094
0.001
0.001
0.317
0.208
0.156
0.066
0.001
0.008
0.003
0.076
0.304
0.004
0.058
0.054
0.086
0.301
0.002
0.383
0.001
0.009
0.006
0.002
0.003
0.131
0.201
0.002
0.002
0.181
0.179
0.091
0.16
0.145
0.035
0.167
0.003
0.346
0.003
0.088
0.006
0.002
0.005
0.125
0.114
0.112
0.021
0.08
0.002
0.001
0.07
0.005
0.273
0.47
0.043
0.001
0.001
0.09
0.001
0.073
0.121
0.42
0.112
0.136
0.001
0.001
0.285
0.004
0.341
0.132
0.334
0.062
0.172
0.008
0.01
0.001
0.001
0.009
0.008
0.059
0.125
0.141
0.194
0.005
0.045
0.184
0.001
0.058
0.093
0.001
0.293
0.441
0.022
0.184
0.025
0.001
0.001
0.223
0.002
0.201
0.119
0.217
0.119
0.317
0.048
0.001
0.007
0.202
0.001
0.001
0.001
0.007
0.001
0.121
0.158
0.011
0.046
0.294
0.001
0.273
0.049
0.057
0.5
0.001
0.049
0.001
0.008
0.085
0.006
0.002
0.004
0.106
0.245
0.001
0.006
0.07
0.023
0.001
0.094
0.345
0.295
0.006
0.213
0.366
0.001
0.14
0.24
0.001
0.115
0.177
0.247
0.22
0.079
0.034
0.003
0.115
0.103
0.028
0.162
0.006
0.006
0.009
0.048
0.002
0.066
0.004
0.002
0.308
0.244
0.002
0.041
0.002
0.003
0.001
0.003
0.003
0.003
0.307
0.175
0.194
0.018
0.194
0.055
0.017
0.102
0.006
0.256
0.015
0.006
0.007
0.069
0.392
0.001
0.001
0.116
0.001
0.073
0.001
0.018
0.001
0.106
0.039
0.001
0.297
0.001
0.091
0.014
0.086
0.033
0.043
0.211
0.002
0.179
0.002
0.009
0.136
0.027
0.132
0.008
0.001
0.282
0.007
0.193
0.02
0.233
0.327
0.181
0.02
0.308
0.033
0.107
0.005
0.165
0.005
0.2
0.151
0.228
0.179
0.136
0.202
0.118
0.003
0.085
0.197
0.001
0.109
0.049
0.195
0.002
0.027
0.001
0.006
0.243
0.004
0.201
0.002
0.001
0.002
0.007
0.178
0.004
0.023
0.135
0.032
0.001
0.223
0.147
0.107
0.186
0.003
0.004
0.196
0.286
0.003
0.097
0.204
0.004
0.211
0.041
0.001
0.001
0.332
0.005
0.001
0.003
0.005
0.119
0.003
0.004
0.002
0.141
0.196
0.116
0.001
0.015
0.274
0.001
0.001
0.25
0.001
0.001
0.007
0.003
0.003
0.001
0.12
0.148
0.001
0.138
0.229
0.284
0.001
0.279
0.01
0.091
0.002
0.001
0.101
0.055
0.066
0.003
0.404
0.243
0.115
0.14
0.199
0.004
0.016
0.004
0.012
0.004
0.001
0.001
0.118
0.064
0.083
0.142
0.001
0.015
0.238
0.12
0.001
0.199
0.057
0.001
0.003
0.008
0.001
0.073
0.224
0.004
0.001
0.22
0.21
0.227
0.2
0.241
0.001
0.001
0.002
0.091
0.266
0.216
0.001
0.001
0.014
0.001
0.003
0.003
0.001
0.003
0.186
0.126
0.007
0.003
0.007
0.236
0.212
0.004
0.002
0.276
0.141
0.151
0.272
0.002
0.001
0.002
0.035
0.008
0.115
0.21
0.025
0.003
0.027
0.002
0.056
0.003
0.005
0.002
0.07
0.164
0.038
0.004
0.002
0.001
0.001
0.007
0.004
0.063
0.199
0.001
0.001
0.207
0.09
0.001
0.006
0.099
0.001
0.002
0.107
0.108
0.002
0.208
0.001
0.008
0.001
0.007
0.002
0.007
0.328
0.003
0.394
0.014
0.27
0.001
0.005
0.118
0.002
0.056
0.025
0.066
0.005
0.005
0.228
0.486
0.077
0.145
0.006
0.001
0.001
0.004
0.014
0.225
0.004
0.237
0.038
0.145
0.14
0.001
0.003
0.04
0.014
0.001
0.002
0.001
0.061
0.182
0.017
0.311
0.053
0.084
0.097
0.001
0.001
0.001
0.297
0.003
0.001
0.001
0.007
0.001
0.178
0.002
0.077
0.382
0.002
0.005
0.188
0.071
0.192
0.233
0.001
0.005
0.008
0.001
0.019
0.001
0.373
0.048
0.011
0.089
0.114
0.124
0.399
0.026
0.202
0.001
0.135
0.004
0.003
0.003
0.188
0.175
0.228
0.001
0.001
0.003
0.179
0.19
0.266
0.176
0.094
0.287
0.144
0.064
0.279
0.053
0.018
0.103
0.023
0.208
0.19
0.004
0.341
0.001
0.054
0.074
0.006
0.116
0.052
0.008
0.304
0.006
0.084
0.131
0.212
0.208
0.004
0.072
0.339
0.252
0.001
0.141
0.187
0.052
0.002
0.034
0.148
0.005
0.153
0.043
0.057
0.214
0.001
0.152
0.002
0.01
0.076
0.002
0.001
0.039
0.008
0.155
0.004
0.001
0.001
0.193
0.227
0.001
0.006
0.189
0.323
0.023
0.215
0.043
0.001
0.257
0.003
0.002
0.001
0.307
0.244
0.001
0.093
0.04
0.179
0.001
0.001
0.159
0.082
0.195
0.087
0.163
0.107
0.001
0.075
0.001
0.089
0.1
0.026
0.416
0.07
0.001
0.135
0.002
0.007
0.016
0.188
0.154
0.384
0.089
0.048
0.002
0.064
0.004
0.002
0.225
0.001
0.006
0.061
0.001
0.073
0.255
0.002
0.238
0.002
0.003
0.132
0.007
0.043
0.001
0.129
0.124
0.007
0.217
0.09
0.001
0.001
0.305
0.001
0.005
0.001
0.002
0.004
0.007
0.25
0.028
0.213
0.002
0.001
0.082
0.291
0.046
0.003
0.074
0.172
0.001
0.142
0.168
0.103
0.034
0.024
0.036
0.063
0.079
0.178
0.193
0.091
0.222
0.074
0.001
0.001
0.131
0.001
0.167
0.248
0.238
0.004
0.257
0.083
0.121
0.012
0.001
0.239
0.056
0.001
0.103
0.01
0.074
0.001
0.002
0.145
0.002
0.009
0.222
0.001
0.153
0.001
0.009
0.003
0.001
0.032
0.086
0.003
0.16
0.18
0.126
0.001
0.185
0.194
0.223
0.062
0.172
0.175
0.001
0.007
0.087
0.301
0.003
0.001
0.242
0.08
0.238
0.007
0.229
0.141
0.179
0.001
0.078
0.003
0.231
0.102
0.097
0.112
0.375
0.006
0.141
0.001
0.086
0.006
0.011
0.084
0.002
0.001
0.024
0.134
0.001
0.29
0.006
0.25
0.006
0.186
0.084
0.001
0.04
0.082
0.019
0.001
0.012
0.266
0.077
0.107
0.297
0.001
0.001
0.001
0.006
0.179
0.001
0.02
0.062
0.003
0.003
0.189
0.164
0.023
0.007
0.008
0.094
0.011
0.005
0.036
0.006
0.179
0.002
0.001
0.001
0.044
0.004
0.304
0.01
0.102
0.011
0.219
0.145
0.139
0.201
0.003
0.001
0.052
0.064
0.005
0.056
0.008
0.016
0.197
0.004
0.231
0.087
0.008
0.147
0.032
0.119
0.002
0.143
0.001
0.011
0.001
0.209
0.294
0.002
0.248
0.125
0.157
0.002
0.021
0.001
0.133
0.009
0.002
0.044
0.003
0.262
0.247
0.001
0.131
0.001
0.132
0.071
0.001
0.346
0.005
0.281
0.008
0.384
0.002
0.168
0.006
0.356
0.1
0.004
0.002
0.002
0.037
0.001
0.01
0.214
0.002
0.013
0.004
0.191
0.001
0.329
0.18
