0 0 0
0 0.106382978723404 0
0 0 0
0 0.0153846153846154 0
0 0.0422535211267606 0
0 0.0333333333333333 0
0 0.0773809523809524 0
0 0 0
0 0.0357142857142857 0
0 0.036697247706422 0
0 0.024390243902439 0.00012519164496341
0 0.0487804878048781 0.0107793140467839
0 0.0829015544041451 0
0 0.0689655172413793 0
0 0.123456790123457 0
0 0 0
0 0.065359477124183 0
0 0.0454545454545455 0
0 0.0545454545454545 0
0 0.07 0.000440348805742669
0 0.0427350427350427 0
0 0 0
0 0.0691823899371069 0
0 0.0227272727272727 0
0 0.0410958904109589 0
0 0.0526315789473684 0.000224353861549108
0 0 0
0 0.0256410256410256 0
0 0.0420168067226891 0
0 0.0212765957446809 0
0 0.0247933884297521 4.56160274677829e-05
0 0.0126582278481013 0
0 0.121311475409836 0.000159896733637873
0 0.133587786259542 0
0 0 0
0 0 0
0 0.0459770114942529 0.000232778054885648
0 0.0163934426229508 0
0 0 0
0 0 8.82834574809959e-177
0 0.0392156862745098 0
0 0.0377358490566038 0
0 0.0377358490566038 0
0 0.0654205607476635 0
0 0 0
0 0 0
0 0 0
0 0.103174603174603 0.000285384386834587
0 0.156363636363636 0.000123943038448248
0 0 0
0 0 0
0 0 0
0 0 0
0 0.043010752688172 0
0 0.155555555555556 0
0 0.0263157894736842 0
0 0.0285714285714286 0
0 0.107594936708861 0.000195667884512692
0 0.0903954802259887 0
0 0.079136690647482 0
0 0.078740157480315 0.000388157002275013
0 0.0704225352112676 0
0 0.0303030303030303 0
0 0.0476190476190476 0.0152852328447641
0 0 0
0 0.0212765957446809 0.000415823825854526
0 0.0769230769230769 3.47520358256983e-07
0 0 0
0 0.0625 0.00612544949541615
0 0 0
0 0.0153846153846154 0
0 0.027027027027027 0
0 0.0549450549450549 0.000647571783008364
0 0.0647482014388489 0
0 0.089041095890411 0.000465584726359116
0 0.0188679245283019 0.000102801551712922
0 0.0240963855421687 7.75805820850454e-05
0 0.0181818181818182 1.25992369944623e-08
0 0 0
0 0.0542635658914729 0
0 0 0
0 0.0181818181818182 0.000174351543157267
0 0.0202020202020202 0.000114427466072688
0 0.0803571428571429 0
0 0.0666666666666667 0.000585539853441515
0 0.0128205128205128 0
0 0 1.57644319811992e-10
0 0.0222222222222222 0.02273560011811
0 0.0632911392405063 4.86345380147004e-05
0 0 0
0 0.112033195020747 0
0 0 0
0 0.043859649122807 0
0 0.0810810810810811 0.0200402276517066
0 0.0307692307692308 0.000531495997998767
0 0 0
0 0 0
0 0.132295719844358 0.000525985277653191
0 0.100719424460432 0
0 0 0
0 0.176119402985075 0
0 0.0606060606060606 0
0 0 3.22785574596345e-263
0 0.03125 7.90963107422919e-06
0 0 0
0 0.0759493670886076 0.000340718471337286
0 0 0
0 0.0441176470588235 0.000404154051257912
0 0.136363636363636 0
0 0.0405405405405405 0
0 0 2.06878690816166e-45
0 0.0136986301369863 4.62089662152e-07
0 0 0
0 0 0
0 0.126126126126126 1.70019554273778e-05
0 0 0
0 0.0447761194029851 0.000760692068955827
0 0 0
0 0.0932203389830508 0.00133448467876627
0 0.1 0.111111111111111
0 0.0574712643678161 0
0 0.0891089108910891 0
0 0.100671140939597 0.000606785094382612
0 0 4.6439096082777e-06
0 0.0661157024793388 0
0 0.0603448275862069 0.000129914893087974
0 0 0
0 0.0526315789473684 1.10431660254668e-07
0 0.0817610062893082 0
0 0.0128205128205128 1.4117331685482e-05
0 0 5.30547401818835e-15
0 0 0
0 0.03 0
0 0 0
0 0 0
0 0 0
0 0.0305343511450382 0
0 0.0217391304347826 0
0 0.0384615384615385 0
0 0.0620689655172414 0
0 0.0654205607476635 0
0 0 0
0 0 0
0 0.0860215053763441 0
0 0.0666666666666667 5.51578598222425e-05
0 0.124137931034483 0
0 0.0615384615384615 0.000887540827780132
0 0.0408163265306122 0
0 0 0
0 0.0303030303030303 0
0 0.0266666666666667 0
0 0.101167315175097 0
0 0 1.83003621111728e-112
0 0.0862068965517241 0
0 0.0930232558139535 0
0 0.029126213592233 0
0 0.115207373271889 0
0 0.0892857142857143 0
0 0.0151515151515152 0
0 0.115131578947368 0
0 0.126436781609195 0.00101524362977337
0 0.0434782608695652 0
0 0.0161290322580645 0
0 0.0666666666666667 0
0 0 0
0 0 0
0 0.137123745819398 0.000129853566680239
0 0.0363636363636364 0.00205295364093217
0 0 4.08807753248478e-23
0 0.037037037037037 0
0 0.0588235294117647 0.000253593133659261
0 0.0142857142857143 0
0 0.0820512820512821 0
0 0.152542372881356 0.000327824157972378
0 0.0775862068965517 0
0 0.0208333333333333 0
0 0.04 8.90767463417093e-05
0 0.0817610062893082 1.5183609313412e-05
0 0.0777777777777778 0.00103743651442449
0 0 0
0 0.0434782608695652 0.000150331700440459
0 0 0
0 0 0
0 0 3.71833187118742e-16
0 0 5.58554655353338e-18
0 0 8.59504258345741e-20
0 0 0
0 0 0
0 0 0
0 0.0298507462686567 0
0 0.025974025974026 0
0 0.0848484848484849 1.72075141756566e-05
0 0 0
0 0 1.66477789817404e-156
0 0.0851063829787234 0.000221661171624863
0 0 0
0 0.0476190476190476 2.74261630371917e-05
0 0.0583941605839416 0.000192395501688825
0 0.0694444444444444 0.000131472194757245
0 0.0531914893617021 0
0 0 0
0 0.0434782608695652 0.00126990652925654
0 0.1 0.110739121472505
0 0.0601503759398496 0
0 0.0303030303030303 0.008871311283108
0 0.0142857142857143 0
0 0 0
0 0.0697674418604651 0
0 0.0444444444444444 0.00194655760557159
0 0.0285714285714286 0
0 0.172284644194757 2.21476229587105e-05
0 0 0
0 0 0
0 0 0
0 0.139240506329114 0.000542296883767559
0 0.0821917808219178 0
0 0 8.35952529581263e-34
0 0 0
0 0.104651162790698 0
0 0.05 0
0 0.0606060606060606 6.91929851882993e-05
0 0 0
0 0 0
0 0.0982905982905983 7.34220001454789e-05
0 0.0333333333333333 0.000195633371731698
0 0.121212121212121 0.000258046398526358
0 0.0631578947368421 0.00010334109656696
0 0 0
0 0.0434782608695652 9.77701452294856e-05
0 0.04 0.00816388958674598
0 0.05 0.00167116132910332
0 0.0655737704918033 7.2825882647354e-05
0 0.015625 2.47421436398601e-09
0 0.0487804878048781 0
0 0.104377104377104 0
0 0 6.50294706438025e-100
0 0.0352941176470588 0
0 0.0806451612903226 0
0 0 0
0 0.027027027027027 0
0 0.09375 0.000500092527605513
0 0.126984126984127 0.000200453756702313
0 0.0940594059405941 1.12357936828128e-05
0 0 1.41102675670856e-25
0 0.127358490566038 0
0 0.0458715596330275 0
0 0.111111111111111 0.000630655677738203
0 0 0
0 0.0625 0.00234341073939361
0 0.0277777777777778 0
0 0.0555555555555556 0
0 0.0752688172043011 0
0 0.0196078431372549 0
0 0.0848484848484849 0
0 0.0817610062893082 0
0 0 0
0 0.0416666666666667 0.000647814044922848
0 0 0
0 0 0
0 0.0175438596491228 4.66632008799293e-06
0 0.076271186440678 0.000400343493430392
0 0.0576923076923077 0
0 0.0787878787878788 0
0 0.0151515151515152 0
0 0.073394495412844 0.000682618082797522
0 0.08 0.000631086486980701
0 0.0289855072463768 6.08207226748179e-05
0 0 0
0 0.106194690265487 0.000146536162389428
0 0.0337837837837838 7.94659459126379e-06
0 0.0973451327433628 8.54111598444079e-05
0 0.0186915887850467 0
0 0.11965811965812 0
0 0.0645161290322581 0
0 0.0416666666666667 0.0017428636164205
0 0 0
0 0.0681818181818182 0.000294653544828033
0 0.036144578313253 0
0 0 0
0 0.0573248407643312 0
0 0.0673076923076923 0
0 0.0196078431372549 0.000134015603613335
0 0.027027027027027 0
0 0.0564516129032258 2.38300208725041e-05
0 0.0892857142857143 0
0 0.09375 0
0 0 0
0 0.0625 0
0 0.0454545454545455 0
0 0 0
0 0.0769230769230769 0.000819914369571537
0 0.032258064516129 0
0 0.0974358974358974 0
0 0.0506329113924051 4.21760560557573e-05
0 0.0222222222222222 0
0 0 0
0 0.0833333333333333 0.000606199010008098
0 0.0125 0
0 0.0681818181818182 0.00428241260523927
0 0 0
0 0.0642201834862385 0
0 0.126050420168067 0
0 0 0
0 0.0994764397905759 0.000120467333196771
0 0.0569105691056911 0
0 0.0410958904109589 0
0 0.0603448275862069 0.000218732830070061
0 0.0495867768595041 0
0 0.0166666666666667 0
0 0.111111111111111 0.000336794405020431
0 0 0
0 0.0512820512820513 1.15217990997014e-05
0 0 0
0 0.0294117647058824 0
0 0 2.75943752260488e-07
0 0.114678899082569 0
0 0.0757575757575758 0.0072026210368917
0 0.0940594059405941 6.88869047121708e-05
0 0.114832535885167 0
0 0 0
0 0.0989010989010989 0.00241642868904282
0 0 0
0 0.0727272727272727 0.00170968470847626
0 0.159362549800797 0.00461075393394633
0 0.135057471264368 0
0 0 2.49303893661108e-06
0 0.0512820512820513 0.000209560732897791
0 0.0144927536231884 0
0 0.0363636363636364 0.00163294051856476
0 0 0
0 0.107142857142857 0.0612441323455761
0 0.074468085106383 0.000959649759855597
0 0 0
0 0.025 4.59416609800432e-10
0 0.0149253731343284 0
0 0.0208333333333333 0
0 0.0136986301369863 0
0 0.0540540540540541 0.00035416719559936
0 0.0380952380952381 0
0 0.0175438596491228 0.000851142852082174
0 0.0852713178294574 0.00025262082452092
0 0.126696832579186 0.000144916991432635
0 0.0603448275862069 0.000342763361835842
0 0.0867052023121387 0
0 0.0483870967741935 0
0 0.119496855345912 0.000671916978908645
0 0.0580645161290323 0
0 0.186943620178042 0.000395936459869289
0 0.03125 0
0 0.075 0.00597165285715878
0 0.0540540540540541 0
0 0.0490196078431373 0
0 0 0
0 0.0375 0
0 0.0212765957446809 0
0 0.0165289256198347 0
0 0.0350877192982456 0.00053109665103575
0 0.0881057268722467 5.30831947100373e-05
0 0.1 0.111013671875309
0 0.0212765957446809 0
0 0.032967032967033 0
0 0.0615384615384615 0.000322339943195366
0 0.0897435897435897 0.00424339148505275
0 0.0246913580246914 0
0 0 0
0 0 0
0 0 0
0 0.0606060606060606 0.000234316492694104
0 0.048 8.21264304588696e-05
0 0.0169491525423729 0
0 0 0
0 0 0
0 0.111111111111111 0.000155626040543619
0 0.0273972602739726 0.000430595922140902
0 0.02 0
0 0.025 0
0 0.0434782608695652 0
0 0.028169014084507 0
0 0.037037037037037 3.29186347357946e-06
0 0.0212765957446809 0
0 0.0909090909090909 0.000483687141892796
0 0.107692307692308 0
0 0.0833333333333333 0
0 0.0593220338983051 0
0 0.0638297872340425 0.00292263886671383
0 0.0481927710843374 0
0 0 0
0 0.0538461538461538 0
0 0.0564516129032258 3.48389971721837e-06
0 0.0392156862745098 0
0 0.0620689655172414 0
0 0.0357142857142857 0.000213471072722523
0 0.032258064516129 0
0 0.144628099173554 0
0 0.0641025641025641 0
0 0 0
0 0.119815668202765 0
0 0.0833333333333333 0.000164118780783825
0 0.0630630630630631 0
0 0.078125 0
0 0 0
0 0.0298507462686567 0
0 0.0614525139664804 0
0 0.125 0
0 0.025 0
0 0.079646017699115 0.000274619064905583
0 0 5.86504273822999e-17
0 0.102739726027397 0.0010788304536521
0 0.0178571428571429 0
0 0.00925925925925926 0
0 0.0588235294117647 0.000236874540033087
0 0.0506329113924051 0
0 0 0
0 0 0
0 0.0566037735849057 0.000190389016255295
0 0.0974358974358974 0.00011333255362443
0 0.0196078431372549 0
0 0.01 0
0 0 0
0 0 4.52747319311088e-27
0 0.08 0
0 0.0208333333333333 0
0 0.0172413793103448 0
0 0.0227272727272727 2.49460565515719e-07
0 0.083969465648855 0
0 0 0
0 0 0
0 0.0775193798449612 0
0 0.0377358490566038 6.91927406405356e-05
0 0.13 0.000144790450213865
0 0.032 0
0 0.0208333333333333 0
0 0.0208333333333333 0
0 0.0735294117647059 0.000585220249443886
0 0.0864197530864197 0.00129511847528353
0 0 0
0 0.0240963855421687 0
0 0.0300751879699248 0
0 0.101449275362319 0.000111722651400506
0 0.0517241379310345 0.000535557423982577
0 0.098159509202454 0.000130823371777889
0 0.0410958904109589 0
0 0 0
0 0.0294117647058824 0
0 0 0
0 0 0
0 0.0645161290322581 0
0 0.108786610878661 0.000269491284235733
0 0.027027027027027 0
0 0.0224719101123595 0
0 0.0602409638554217 0
0 0.0775193798449612 9.30440936578239e-05
0 0.0666666666666667 9.88289868702665e-05
0 0.115107913669065 0.00130951620403292
0 0 0
0 0.0324675324675325 0
0 0 8.32263113811224e-131
0 0 3.64154720037471e-124
0 0.0612244897959184 4.47337825962011e-05
0 0.0595238095238095 0.000128728938165099
0 0.06 0
0 0.124401913875598 0
0 0 1.35423426123931e-42
0 0 0
0 0.0615384615384615 0.00441662684553989
0 0.0357142857142857 0
0 0 0
0 0.027027027027027 5.01325163556033e-05
0 0 0
0 0.0672268907563025 0.000203887381857053
0 0.0983606557377049 0.00256060249250364
0 0.0616438356164384 0
0 0.0204081632653061 1.96375200576803e-09
0 0.0437956204379562 2.4207050443799e-05
0 0.103448275862069 0
0 0.0704225352112676 0.000226515455285939
0 0 0
0 0.0238095238095238 0
0 0.0198019801980198 0
0 0.0471698113207547 0.000200280402761371
0 0.0285714285714286 0.00037432194193924
0 0.0809248554913295 0.000430107186574382
0 0.0804597701149425 0.00894809338437524
0 0.0373831775700935 0
0 0.05 0.00131087184834286
0 0.0660377358490566 0
0 0.0588235294117647 0.00018331635093953
0 0 5.97779960369983e-16
0 0.047244094488189 0.00138973950679669
0 0.0684931506849315 0.0018284956744964
0 0.0545454545454545 0.000291737749263715
0 0.04 4.85548190832145e-05
0 0.114035087719298 0.000211870426183402
0 0 0
0 0.103448275862069 0.00056724856119289
0 0.0144927536231884 0
0 0.0802139037433155 0
0 0.0303030303030303 0.00135492237771652
0 0.0591715976331361 0
0 0.0344827586206897 0
0 0 0
0 0.025 0
0 0.0745341614906832 0.000205905009112012
0 0 0
0 0 7.89215580647678e-286
0 0.0483870967741935 0
0 0.027027027027027 0
0 0 1.1376084186163e-55
0 0.0256410256410256 0
0 0 6.93175603951883e-15
0 0.021978021978022 0
0 0 0
0 0.0263157894736842 0
0 0.0584415584415584 2.15472891693613e-05
0 0 0
0 0.111842105263158 0
0 0 0
0 0.166666666666667 6.31076224946269e-05
0 0.07 0
0 0.0161290322580645 0
0 0 0
0 0 0
0 0.0576923076923077 0
0 0.0470588235294118 0
0 0 0
0 0.0615384615384615 0
0 0.0967741935483871 0
0 0 9.74194232540033e-87
0 0.0238095238095238 0
0 0 0
0 0 0
0 0 0
0 0.0566037735849057 0.000294856746195223
0 0.032258064516129 0
0 0.0204081632653061 0.000323126771076383
0 0.0866666666666667 0.000440551857898785
0 0 0
0 0.127551020408163 0
0 0 1.85953689142441e-171
0 0.0476190476190476 0
0 0.0882352941176471 0.000926723641591723
0 0.12 0
0 0.0579710144927536 0
0 0.0748299319727891 0
0 0.0625 3.19555792028767e-05
0 0 0
0 0.0775193798449612 0
0 0.0333333333333333 5.65120239767904e-05
0 0.0720720720720721 9.05593084486549e-06
0 0.0902777777777778 0
0 0.0181818181818182 0
0 0 0
0 0 6.08188886515872e-199
0 0.161676646706587 0.000129369234634903
0 0.0761904761904762 0
0 0.162420382165605 0
0 0 6.48171466285195e-13
0 0.122171945701357 0
0 0 0
0 0.0824175824175824 5.25702086566128e-05
0 0 0
0 0.130952380952381 0
0 0.025 1.64064555479496e-09
0 0.02 1.26680829322901e-05
0 0 3.02082362536317e-14
0 0 0
0 0 0
0 0.024390243902439 0
0 0 0
0 0 0
0 0.1 0.000574342932865831
0 0 0
0 0.019047619047619 0
0 0 2.54658111850467e-10
0 0 8.61732096867291e-104
0 0.0803571428571429 0
0 0 0
0 0 0
0 0 1.00833406012154e-08
0 0.027027027027027 0
0 0.0612244897959184 0
0 0 0
0 0.0384615384615385 1.77010303793408e-06
0 0.03 0
0 0 0
0 0 6.95538762098946e-23
0 0 0
0 0.088 6.74306977740222e-06
0 0.0181818181818182 0
0 0.075187969924812 0.000637813254886839
0 0.0186915887850467 0
0 0.0588235294117647 0.000137858779031018
0 0.0657894736842105 0
0 0 0
0 0.0526315789473684 0.00609023384253299
0 0.0758620689655172 0.000121228499459477
0 0.181333333333333 2.7018668516416e-05
0 0.0240963855421687 5.65319272091496e-05
0 0.0521739130434783 5.75599504519738e-05
0 0.0606060606060606 0.0106305693188031
0 0 0
0 0 0
0 0.0298507462686567 0
0 0.0581395348837209 0
0 0.0833333333333333 0
0 0 0
0 0.036697247706422 0.000137198189116489
0 0.0758620689655172 0.000202708996120092
0 0 0
0 0.133004926108374 0.000341196312132952
0 0.0441176470588235 0
0 0.0526315789473684 0
0 0 0
0 0 7.11029957137041e-97
0 0.102702702702703 5.74823551459816e-05
0 0 0
0 0.0963855421686747 0.000164659721886567
0 0.0687830687830688 0
0 0.0649350649350649 0.000165181169167218
0 0 4.42049312737098e-17
0 0 0
0 0.032967032967033 0
0 0.0449438202247191 0
0 0.036144578313253 0
0 0.0699300699300699 0
0 0 0
0 0.0560747663551402 0.000160399160218161
0 0.113095238095238 0.000290948988871164
0 0.0714285714285714 0.0220122034600622
0 0.0725806451612903 7.33182226029096e-05
0 0.0142857142857143 0
0 0 1.42581201676019e-22
0 0 0
0 0 0
0 0.154121863799283 0.000501423986689118
0 0.0833333333333333 0
0 0.0846153846153846 0
0 0 0
0 0.102739726027397 0.000295416209684787
0 0.038961038961039 0
0 0.019047619047619 1.39480531427483e-05
0 0 0
0 0.0373134328358209 0
0 0 0
0 0.0909090909090909 0
0 0 5.63211029951501e-23
0 0.0694444444444444 0.0041037417508918
0 0.0298507462686567 0
0 0.0172413793103448 0
0 0.045045045045045 0
0 0 0
0 0.037037037037037 0
0 0 0
0 0 0
0 0.0561797752808989 3.48585429055131e-05
0 0 2.21963489907321e-86
0 0 0
0 0.0833333333333333 0
0 0.0727272727272727 0
0 0 0
0 0.0666666666666667 0.000392219531948384
0 0.0384615384615385 0
0 0.0410958904109589 0
0 0 0
0 0.0549450549450549 0.000174175902740905
0 0.0495049504950495 0
0 0 0
0 0.0520833333333333 0
0 0.0254237288135593 0.000304037764445406
0 0.0285714285714286 0
0 0.0555555555555556 0.00232379514965767
0 0.0948275862068965 0.00060060778691426
0 0.0612244897959184 0
0 0.0515463917525773 0
0 0.0294117647058824 0.00208160107177267
0 0 0
0 0 4.6352681749599e-09
0 0.0583333333333333 0.000300457776197089
0 0.0437956204379562 0
0 0.0555555555555556 6.02505446228824e-05
0 0 0
0 0.0449438202247191 0.0012233533907971
0 0.0923076923076923 4.80594225060675e-05
0 0.037037037037037 0.00071580287420644
0 0.0408163265306122 0
0 0.0514705882352941 0
0 0 2.27118170565917e-15
0 0.0116279069767442 0
0 0 0
0 0.0656934306569343 0.000213774894142517
0 0.0416666666666667 0
0 0 0
0 0.0434782608695652 0.00211854882158439
0 0.0673076923076923 0.000312571463882764
0 0 0
0 0.02 0.00177891941995003
0 0.0666666666666667 0.000657975486466238
0 0.028169014084507 0
0 0 0
0 0 0
0 0.0119047619047619 0
0 0.0285714285714286 0.000635843855441515
0 0 0
0 0.0140845070422535 0
0 0.0333333333333333 0
0 0.0913978494623656 0
0 0.0484848484848485 0
0 0 0
0 0.056 0.000138765061295324
0 0.0394736842105263 0
0 0.019047619047619 0
0 0.0238095238095238 0
0 0.0602409638554217 0.000706843682510656
0 0 0
0 0.0704225352112676 7.72727825673112e-05
0 0.0357142857142857 0
0 0 0
0 0 0
0 0.0288461538461538 0.00327456804974357
0 0.0273972602739726 0.000559285091741436
0 0.0603448275862069 0
0 0.0294117647058824 0.000121519962976657
0 0.0884353741496599 0
0 0.0344827586206897 5.99224237139363e-08
0 0.037037037037037 0
0 0.0454545454545455 0
0 0.132075471698113 0
0 0.0608108108108108 0
0 0 0
0 0.0253164556962025 0
0 0 0
0 0.0888888888888889 0.00120349994751414
0 0.106666666666667 0
0 0 3.60215316861185e-137
0 0 0
0 0 0.00026096548011415
0 0 0
0 0.0470588235294118 0.000119602039852019
0 0.0795454545454545 0
0 0 0
0 0.0229885057471264 0
0 0.0185185185185185 0
0 0.08 0.000411330026329717
0 0 0
0 0 0
0 0.0839160839160839 0.000126458910172185
0 0.0416666666666667 2.89513820493515e-06
0 0 0
0 0.0684931506849315 0
0 0 0
0 0 0
0 0 0
0 0.11875 0.000252950056473245
0 0.0101010101010101 6.05400845700155e-06
0 0.0782608695652174 0
0 0.0285714285714286 0
0 0.100671140939597 0.000168884161429204
0 0.0726256983240224 9.99217874963239e-05
0 0 0
0 0 0
0 0.161931818181818 0
0 0 3.80083020962553e-06
0 0 0
0 0.0869565217391304 0
0 0.106145251396648 0
0 0.0939597315436242 0.000236962300307225
0 0.0606060606060606 0.000112631384733293
0 0.02 4.34180438757383e-05
0 0 0
0 0.0212765957446809 0
0 0.0549450549450549 0
0 0.0990566037735849 0
0 0 0
0 0 0
0 0.154716981132075 0.000215664567362018
0 0.06 0
0 0.0775193798449612 0
0 0.075 0
0 0.0705882352941176 0.000433320821802123
0 0.0526315789473684 1.62713881755799e-05
0 0.0533333333333333 0
0 0.0576923076923077 5.1488620939727e-05
0 0.0773480662983425 0
0 0.138888888888889 8.38541453029614e-05
0 0.0459770114942529 0.000862843788389019
0 0.0256410256410256 0
0 0.012987012987013 0
0 0.0509554140127389 5.83391450906045e-05
0 0 0
0 0.101382488479263 0
0 0 0
0 0 0
0 0.0153846153846154 0.000334963751264546
0 0.0306122448979592 0
0 0 0
0 0.0792682926829268 0.000159134524675379
0 0.0289855072463768 0
0 0 0
0 0.0691823899371069 0
0 0 0
0 0 0
0 0.0606060606060606 0.00780973866751883
0 0.126623376623377 0
0 0.0303030303030303 0.000657808695618407
0 0.0515463917525773 0
0 0.0952380952380952 0.00166006524793645
0 0.024390243902439 0
0 0.0423728813559322 3.30060451694246e-05
0 0 0
0 0.074468085106383 0
0 0.0681818181818182 0
0 0 0
0 0 0
0 0 2.27492022592024e-76
0 0 1.3416924302129e-15
0 0 0
0 0 2.47185332323525e-54
0 0.077319587628866 0.000111898054268943
0 0 0
0 0.0294117647058824 0
0 0.0569105691056911 0
0 0.153284671532847 0.000211596995665664
0 0.0192307692307692 0
0 0 0
0 0 0
0 0.0241935483870968 0
0 0 0
0 0.0961538461538462 0.00757281952774407
0 0.0754716981132075 6.27621871574175e-05
0 0.0847457627118644 0
0 0 2.51947349263075e-42
0 0 0
0 0.114130434782609 0
0 0 0
0 0.0217391304347826 0
0 0.129554655870445 0.000732209549880849
0 0 0
0 0.144366197183099 8.88391961031057e-05
0 0.1125 1.90112519730184e-05
0 0.045045045045045 0
0 0.130044843049327 9.26335388660621e-05
0 0.0365853658536585 0
0 0 0
0 0.0204081632653061 2.92314428104034e-08
0 0.0247933884297521 0
0 0.037037037037037 0
0 0.110294117647059 3.85140471645583e-05
0 0.101063829787234 0
0 0.024390243902439 2.02088701829967e-05
0 0 0
0 0.0333333333333333 0
0 0.0838323353293413 0.000349476866573913
0 0 0
0 0 0
0 0.120171673819742 0
0 0.0277777777777778 0
0 0.0555555555555556 0
0 0.0319148936170213 0
0 0.0212765957446809 7.78592967175005e-06
0 0.108695652173913 7.58629537573854e-05
0 0.136929460580913 0
0 0 0
0 0 0
0 0 0
0 0 0
0 0.032258064516129 0.00022111827646082
0 0.0185185185185185 7.78044510953705e-06
0 0.0833333333333333 0.00483107863476754
0 0.0480769230769231 0
0 0.024390243902439 0
0 0.0927152317880795 0.000144770191791227
0 0.135746606334842 0
0 0 0
0 0.027027027027027 8.59411187741121e-05
0 0.159533073929961 4.37823859181371e-05
0 0.0672268907563025 0
0 0.032258064516129 0
0 0.0204081632653061 0
0 0.0714285714285714 1.19942240695253e-09
0 0.118279569892473 0.000270634832421926
0 0 0
0 0 0
0 0.0447761194029851 0.00276846682557719
0 0.0608695652173913 0
0 0.0510204081632653 0.000190093517074505
0 0 0
0 0.183908045977011 0.000379713843325919
0 0.0526315789473684 0
0 0.0917874396135266 0.000136322962268697
0 0.0555555555555556 0.00275897284161254
0 0.0588235294117647 0.00285121006677156
0 0.025 0.0009689516550912
0 0 0
0 0.05 7.16415368093489e-05
0 0.0714285714285714 0
0 0 0
0 0.0277777777777778 0
0 0.0465116279069767 0.0247440601441922
0 0.0851063829787234 0.000485590051746096
0 0.0681818181818182 0.000414360046624352
0 0.0781893004115226 8.75228453292493e-05
0 0.0303030303030303 0
0 0.0294117647058824 0
0 0.0506329113924051 0.000581386214972815
0 0.0140845070422535 0
0 0 7.45823762545637e-23
0 0.0404040404040404 0
0 0 0
0 0.0697674418604651 0.000172358597166331
0 0.0114942528735632 0
0 0.0833333333333333 0.000296905925360182
0 0 0
0 0.14375 0
0 0.0721649484536082 0
0 0 0
0 0 0
0 0.0441176470588235 0
0 0.0280373831775701 0
0 0.131474103585657 0.000236841207276527
0 0 0
0 0.032258064516129 0.00211181715249262
0 0.0583333333333333 0
0 0 0
0 0.0434782608695652 0.0445934367029656
0 0 0
0 0.0686274509803922 0
0 0.0805369127516778 5.41079353008639e-06
0 0 0
0 0.0462962962962963 0
0 0 0
0 0.0240963855421687 0
0 0.0471698113207547 1.38950362996279e-05
0 0.0889830508474576 8.50819265595721e-05
0 0 0
0 0 0
0 0 0
0 0 0
0 0 0
0 0.0614035087719298 0
0 0.027027027027027 5.31731216320935e-07
0 0.0119047619047619 0
0 0.028169014084507 3.55767505449164e-07
0 0.0725806451612903 0
0 0.0594059405940594 0
0 0 0
0 0.103448275862069 0
0 0 0
0 0.0947368421052632 0.00255423573642007
0 0.029126213592233 0
0 0.0733333333333333 0
0 0.0333333333333333 1.42296154251231e-05
0 0.0895522388059701 0.00147203379561971
0 0.0222222222222222 2.41814728458799e-08
0 0.0344827586206897 0.000328332217428774
0 0.04 0
0 0 0
0 0 0
0 0.0675675675675676 1.07053053900365e-05
0 0.037037037037037 0
0 0.0919540229885057 0
0 0.0232558139534884 0
0 0.0987654320987654 0.000658876872301152
0 0 0
0 0.0202020202020202 0
0 0.111731843575419 0.00030608508955485
0 0 0
0 0 1.2757917774751e-230
0 0 0
0 0.0555555555555556 5.97116951555763e-06
0 0.12962962962963 2.32372495659001e-05
0 0.0277777777777778 0
0 0 0
0 0.0217391304347826 0
0 0 0
0 0 0
0 0.064327485380117 0
0 0.0149253731343284 0
0 0.0926829268292683 0
0 0.0576923076923077 0
0 0.0317460317460317 0
0 0.0410958904109589 0
0 0.136612021857924 0.000863612754813453
0 0.0460526315789474 0.000103508119978038
0 0.156 4.60512241215883e-06
0 0.0839160839160839 1.75537735485696e-05
0 0.0894308943089431 0.000624532128164045
0 0.0731707317073171 0.00199271004264769
0 0.0172413793103448 0
0 0.156862745098039 0.000677098289944204
0 0.0277777777777778 0.000887509944966396
0 0.064 0
0 0.0232558139534884 0
0 0.0743243243243243 0
0 0 0
0 0 0
0 0.0294117647058824 0
0 0.0208333333333333 0
0 0.147058823529412 6.47762851392599e-05
0 0 0
0 0.102564102564103 0
