8.81256523019355
8.07413015496182
8.39937273276017
8.20532434205481
8.20532434205481
8.20532434205481
8.20532434205481
9.26483213688993
8.42080779999491
8.42080779999491
8.42080779999491
9.48096583756566
9.48096583756566
9.48096583756566
9.48096583756566
9.48096583756566
9.48096583756566
8.7691729727407
9.76441241207087
8.00242122634885
9.43261529582896
8.96720480472293
7.41844682104081
6.1085719021334
5.79756229056859
5.80199080028412
5.80199080028412
5.46494782459584
5.45636080056453
5.21469873931887
5.40121841526575
5.50034076722072
5.7989692031646
5.4755258484698
5.47459858192039
5.5615689283171
5.93387064702299
5.77559202449964
5.73224923072625
6.31431916969451
6.68782626555071
7.78522782794046
8.58571643258604
8.33369184271508
7.29237836229282
7.15144116025896
6.69637764406312
6.73051252746149
6.73051252746149
7.05600425049767
7.17506212087232
7.38251022488693
7.50334805264282
7.39280001231754
7.03567186855184
6.59007592910781
7.09126469112109
6.0885598313994
7.42468579633749
6.80014378130153
6.91705964852168
6.34332701063788
6.66825437680482
6.25000376993987
6.12231984540342
6.26542709655382
6.38282052635664
6.82825697621025
6.6825843827115
7.01814381885232
6.32985512477241
7.13525002422278
7.13525002422278
7.13525002422278
8.20354575841154
8.20354575841154
8.84237638810242
9.07186756312361
9.07186756312361
9.07186756312361
9.07186756312361
9.07186756312361
9.07186756312361
8.75693388143646
8.27084636249302
8.27084636249302
8.27084636249302
8.27084636249302
8.27084636249302
12.9330357928002
12.9330357928002
12.9330357928002
12.9330357928002
12.9330357928002
12.9330357928002
12.9330357928002
12.9330357928002
12.9330357928002
12.9330357928002
12.9330357928002
12.9330357928002
12.9330357928002
12.9330357928002
12.9330357928002
12.9330357928002
12.9330357928002
12.9330357928002
12.9330357928002
12.9330357928002
12.9330357928002
12.9330357928002
12.9330357928002
12.9330357928002
12.9330357928002
12.9330357928002
12.9330357928002
12.9330357928002
12.9330357928002
12.9330357928002
12.9330357928002
12.9330357928002
12.9330357928002
12.9330357928002
12.9330357928002
12.9330357928002
12.9330357928002
12.9330357928002
12.9330357928002
12.9330357928002
12.9330357928002
12.9330357928002
12.9330357928002
12.9330357928002
12.9330357928002
12.9330357928002
12.9330357928002
12.9330357928002
12.9330357928002
13.1304154350702
13.1304154350702
13.1304154350702
13.1304154350702
13.1304154350702
13.1304154350702
13.1304154350702
13.1304154350702
13.1304154350702
13.1304154350702
13.1304154350702
13.1304154350702
13.1304154350702
13.1304154350702
13.1304154350702
13.1304154350702
13.1304154350702
13.1304154350702
13.1304154350702
13.1304154350702
13.1304154350702
13.1304154350702
13.1304154350702
13.1304154350702
13.1304154350702
NA
NA
NA
NA
NA
NA
NA
NA
NA
NA
NA
NA
NA
NA
NA
NA
NA
NA
NA
NA
NA
NA
NA
NA
NA
NA
NA
NA
NA
NA
NA
NA
NA
NA
NA
NA
NA
NA
NA
NA
NA
NA
NA
NA
NA
NA
NA
NA
NA
NA
NA
NA
NA
NA
NA
NA
NA
NA
NA
NA
NA
NA
NA
NA
NA
NA
NA
NA
NA
NA
NA
NA
NA
NA
NA
NA
NA
NA
NA
NA
NA
NA
NA
NA
NA
NA
NA
NA
NA
NA
NA
NA
NA
NA
NA
NA
NA
NA
NA
NA
NA
NA
NA
NA
NA
NA
NA
NA
NA
NA
NA
NA
NA
NA
NA
NA
NA
NA
NA
NA
NA
NA
NA
NA
NA
NA
NA
NA
NA
NA
NA
NA
NA
NA
NA
NA
NA
NA
NA
NA
NA
NA
NA
NA
NA
NA
NA
NA
NA
NA
NA
NA
NA
NA
NA
NA
NA
NA
NA
NA
NA
NA
NA
NA
NA
NA
NA
NA
NA
NA
NA
NA
NA
NA
NA
NA
NA
NA
NA
NA
NA
NA
NA
NA
NA
NA
NA
NA
NA
NA
NA
NA
NA
NA
NA
NA
NA
NA
NA
NA
NA
NA
NA
NA
NA
NA
NA
NA
NA
NA
NA
NA
NA
NA
NA
NA
NA
NA
NA
NA
NA
NA
NA
NA
NA
NA
NA
NA
NA
NA
NA
NA
NA
NA
NA
NA
NA
NA
NA
NA
NA
NA
NA
NA
NA
NA
NA
NA
NA
NA
NA
NA
NA
NA
NA
NA
NA
NA
NA
NA
NA
NA
NA
NA
NA
NA
NA
NA
NA
NA
NA
NA
NA
NA
NA
NA
NA
NA
NA
NA
NA
NA
NA
NA
NA
NA
NA
NA
NA
NA
NA
NA
NA
NA
NA
NA
NA
NA
NA
NA
NA
NA
NA
NA
NA
NA
NA
NA
NA
NA
NA
NA
NA
NA
NA
NA
NA
NA
NA
NA
NA
NA
NA
NA
NA
NA
NA
NA
NA
NA
NA
NA
NA
NA
NA
NA
NA
NA
NA
NA
NA
NA
NA
NA
NA
NA
NA
NA
NA
NA
NA
NA
NA
NA
NA
NA
NA
NA
NA
NA
NA
NA
NA
NA
NA
NA
NA
NA
NA
NA
NA
NA
NA
NA
NA
NA
NA
NA
NA
NA
NA
NA
NA
NA
NA
NA
NA
NA
NA
NA
NA
NA
NA
NA
NA
NA
NA
NA
NA
NA
NA
NA
NA
NA
NA
NA
NA
NA
NA
NA
NA
NA
NA
NA
NA
NA
NA
NA
NA
NA
NA
NA
NA
NA
NA
NA
NA
NA
NA
NA
NA
NA
NA
NA
NA
NA
NA
NA
NA
NA
NA
NA
NA
NA
NA
NA
NA
NA
NA
NA
NA
NA
NA
NA
NA
NA
NA
NA
NA
NA
NA
NA
NA
NA
NA
NA
NA
NA
NA
NA
NA
NA
NA
NA
NA
NA
NA
NA
NA
NA
NA
NA
NA
NA
NA
NA
NA
NA
NA
NA
NA
NA
NA
NA
NA
NA
NA
NA
NA
NA
NA
NA
NA
NA
NA
NA
NA
NA
NA
NA
NA
NA
NA
NA
NA
NA
NA
NA
NA
NA
NA
NA
NA
NA
NA
NA
NA
NA
NA
NA
NA
NA
NA
NA
NA
NA
NA
NA
NA
NA
NA
NA
NA
NA
NA
NA
NA
NA
NA
NA
NA
NA
NA
NA
NA
NA
NA
NA
NA
NA
NA
NA
NA
NA
NA
NA
NA
NA
NA
NA
NA
NA
NA
NA
NA
NA
NA
NA
NA
NA
NA
NA
NA
NA
NA
NA
NA
NA
NA
NA
NA
NA
NA
NA
NA
NA
NA
NA
NA
NA
NA
NA
NA
NA
NA
NA
NA
NA
NA
NA
NA
NA
NA
NA
NA
NA
NA
NA
NA
NA
NA
NA
NA
NA
NA
NA
NA
NA
NA
NA
NA
NA
NA
NA
NA
NA
NA
NA
NA
NA
NA
NA
NA
NA
NA
NA
NA
NA
NA
NA
NA
NA
NA
NA
NA
NA
NA
NA
NA
NA
NA
NA
NA
NA
NA
NA
NA
NA
NA
NA
NA
NA
NA
NA
NA
NA
NA
NA
NA
NA
NA
NA
NA
NA
NA
NA
NA
NA
NA
NA
NA
NA
NA
NA
NA
NA
NA
NA
NA
NA
NA
NA
NA
NA
NA
NA
NA
NA
NA
NA
NA
NA
NA
NA
NA
NA
NA
NA
NA
NA
NA
NA
NA
NA
NA
NA
NA
NA
NA
NA
NA
NA
NA
NA
NA
NA
NA
NA
NA
NA
NA
NA
NA
NA
NA
NA
NA
NA
NA
NA
NA
NA
NA
NA
NA
NA
NA
NA
NA
NA
NA
NA
NA
NA
NA
NA
NA
NA
NA
NA
NA
NA
NA
NA
NA
NA
NA
NA
NA
NA
NA
NA
NA
NA
NA
NA
NA
NA
NA
NA
NA
NA
NA
NA
NA
NA
NA
NA
NA
NA
NA
NA
NA
NA
NA
NA
NA
NA
NA
NA
NA
NA
NA
NA
NA
NA
NA
NA
NA
NA
NA
NA
NA
NA
NA
NA
NA
NA
NA
NA
NA
NA
NA
NA
NA
NA
NA
NA
