53.2151712710697 0.0861778399605129
53.1636058545668 0.0837822047173769
52.7807664811367 0.0899155236460258
52.9494032719767 0.0882975165443257
52.9494032719767 0.0882975165443257
52.9494032719767 0.0882975165443257
52.9494032719767 0.0882975165443257
53.5928826851066 0.0862548843537484
54.3123234792813 0.08997623417973
54.3123234792813 0.08997623417973
54.3123234792813 0.08997623417973
54.5336550493453 0.0880026365565269
54.5336550493453 0.0880026365565269
54.5336550493453 0.0880026365565269
54.5336550493453 0.0880026365565269
54.5336550493453 0.0880026365565269
54.5336550493453 0.0880026365565269
54.1645134560199 0.0879980368327635
53.6136261376403 0.086607502588279
53.7210357486584 0.0898058453548498
53.4069049174598 0.0866385977831968
53.0741996483232 0.0882909798916856
52.8027853737677 0.0836873287642509
53.0503020084289 0.0743491691270429
53.1837842824151 0.0684570342381426
52.9317375335119 0.068016079897746
52.9317375335119 0.068016079897746
53.0866651854737 0.0651655534885887
52.731255606322 0.0654371901577035
51.4451231165922 0.0622667001436619
51.0197103281534 0.0668500280497024
51.3370362221484 0.0670176945897071
51.2075451636886 0.0712782757076895
50.7534927681259 0.0696277990005258
51.1551142250798 0.0669644167304632
50.8052351666712 0.0692398680990473
51.398641474617 0.0758565390211004
51.6122063816172 0.0705111200236672
51.5995269802776 0.070843878719337
52.8569835949504 0.074345467755128
52.237049965672 0.0820682099490729
52.6452008674653 0.0826200863857824
52.2893307139719 0.0853249004847466
52.3542660765553 0.0871804958737036
51.7710179162629 0.0854631789255561
50.7434134308129 0.0846616238413104
50.8859246254577 0.0808810935620197
51.0968218753764 0.0835349314775564
51.0968218753764 0.0835349314775564
49.988777492294 0.0859522029643039
50.5468361203632 0.0834328064241833
50.8317476603394 0.0882667441444868
50.5132158654398 0.0898569616815965
50.2673110233411 0.0876345574601823
49.8491324877034 0.0904630686741951
49.804453534284 0.0942183168316549
49.6241674720834 0.0888633926032284
49.206348343764 0.0850214366949821
49.8967502327376 0.0938731441458749
49.3815601376368 0.0892265114789331
49.4475255232867 0.0862026938657668
49.2856264412742 0.0829216076281436
50.0894183744516 0.0824074690211342
50.8329506544289 0.0814674380588421
51.5296838905854 0.0769513451891494
51.9404287527053 0.0768631624866057
51.5300668235361 0.0780967597392724
51.9132610369797 0.0829716386812108
52.7735025567759 0.078847961167781
52.3602726220957 0.082289710677253
51.9449646952004 0.0781528972580302
52.5914569509462 0.0799237614340128
52.5914569509462 0.0799237614340128
52.5914569509462 0.0799237614340128
52.517759982476 0.085610786653794
52.517759982476 0.085610786653794
52.7916879967024 0.0870997593588957
52.7079940254544 0.0899843866715968
52.7079940254544 0.0899843866715968
52.7079940254544 0.0899843866715968
52.7079940254544 0.0899843866715968
52.7079940254544 0.0899843866715968
52.7079940254544 0.0899843866715968
53.3927578941963 0.0885817212438645
53.1972360567802 0.0839788296113916
53.1972360567802 0.0839788296113916
53.1972360567802 0.0839788296113916
53.1972360567802 0.0839788296113916
53.1972360567802 0.0839788296113916
53.9757208774247 0.0864060185818606
53.9757208774247 0.0864060185818606
53.9757208774247 0.0864060185818606
53.9757208774247 0.0864060185818606
53.9757208774247 0.0864060185818606
53.9757208774247 0.0864060185818606
53.9757208774247 0.0864060185818606
53.9757208774247 0.0864060185818606
53.9757208774247 0.0864060185818606
53.9757208774247 0.0864060185818606
53.9757208774247 0.0864060185818606
53.9757208774247 0.0864060185818606
53.9757208774247 0.0864060185818606
53.9757208774247 0.0864060185818606
53.9757208774247 0.0864060185818606
53.9757208774247 0.0864060185818606
53.9757208774247 0.0864060185818606
53.9757208774247 0.0864060185818606
53.9757208774247 0.0864060185818606
53.9757208774247 0.0864060185818606
53.9757208774247 0.0864060185818606
53.9757208774247 0.0864060185818606
53.9757208774247 0.0864060185818606
53.9757208774247 0.0864060185818606
53.9757208774247 0.0864060185818606
53.9757208774247 0.0864060185818606
53.9757208774247 0.0864060185818606
53.9757208774247 0.0864060185818606
53.9757208774247 0.0864060185818606
53.9757208774247 0.0864060185818606
53.9757208774247 0.0864060185818606
53.9757208774247 0.0864060185818606
53.9757208774247 0.0864060185818606
53.9757208774247 0.0864060185818606
53.9757208774247 0.0864060185818606
53.9757208774247 0.0864060185818606
53.9757208774247 0.0864060185818606
53.9757208774247 0.0864060185818606
53.9757208774247 0.0864060185818606
53.9757208774247 0.0864060185818606
53.9757208774247 0.0864060185818606
53.9757208774247 0.0864060185818606
53.9757208774247 0.0864060185818606
53.9757208774247 0.0864060185818606
53.9757208774247 0.0864060185818606
53.9757208774247 0.0864060185818606
53.9757208774247 0.0864060185818606
53.9757208774247 0.0864060185818606
53.9757208774247 0.0864060185818606
54.6267093106321 0.087119522123414
54.6267093106321 0.087119522123414
54.6267093106321 0.087119522123414
54.6267093106321 0.087119522123414
54.6267093106321 0.087119522123414
54.6267093106321 0.087119522123414
54.6267093106321 0.087119522123414
54.6267093106321 0.087119522123414
54.6267093106321 0.087119522123414
54.6267093106321 0.087119522123414
54.6267093106321 0.087119522123414
54.6267093106321 0.087119522123414
54.6267093106321 0.087119522123414
54.6267093106321 0.087119522123414
54.6267093106321 0.087119522123414
54.6267093106321 0.087119522123414
54.6267093106321 0.087119522123414
54.6267093106321 0.087119522123414
54.6267093106321 0.087119522123414
54.6267093106321 0.087119522123414
54.6267093106321 0.087119522123414
54.6267093106321 0.087119522123414
54.6267093106321 0.087119522123414
54.6267093106321 0.087119522123414
54.6267093106321 0.087119522123414
NA NA
NA NA
NA NA
NA NA
NA NA
NA NA
NA NA
NA NA
NA NA
NA NA
NA NA
NA NA
NA NA
NA NA
NA NA
NA NA
NA NA
NA NA
NA NA
NA NA
NA NA
NA NA
NA NA
NA NA
NA NA
NA NA
NA NA
NA NA
NA NA
NA NA
NA NA
NA NA
NA NA
NA NA
NA NA
NA NA
NA NA
NA NA
NA NA
NA NA
NA NA
NA NA
NA NA
NA NA
NA NA
NA NA
NA NA
NA NA
NA NA
NA NA
NA NA
NA NA
NA NA
NA NA
NA NA
NA NA
NA NA
NA NA
NA NA
NA NA
NA NA
NA NA
NA NA
NA NA
NA NA
NA NA
NA NA
NA NA
NA NA
NA NA
NA NA
NA NA
NA NA
NA NA
NA NA
NA NA
NA NA
NA NA
NA NA
NA NA
NA NA
NA NA
NA NA
NA NA
NA NA
NA NA
NA NA
NA NA
NA NA
NA NA
NA NA
NA NA
NA NA
NA NA
NA NA
NA NA
NA NA
NA NA
NA NA
NA NA
NA NA
NA NA
NA NA
NA NA
NA NA
NA NA
NA NA
NA NA
NA NA
NA NA
NA NA
NA NA
NA NA
NA NA
NA NA
NA NA
NA NA
NA NA
NA NA
NA NA
NA NA
NA NA
NA NA
NA NA
NA NA
NA NA
NA NA
NA NA
NA NA
NA NA
NA NA
NA NA
NA NA
NA NA
NA NA
NA NA
NA NA
NA NA
NA NA
NA NA
NA NA
NA NA
NA NA
NA NA
NA NA
NA NA
NA NA
NA NA
NA NA
NA NA
NA NA
NA NA
NA NA
NA NA
NA NA
NA NA
NA NA
NA NA
NA NA
NA NA
NA NA
NA NA
NA NA
NA NA
NA NA
NA NA
NA NA
NA NA
NA NA
NA NA
NA NA
NA NA
NA NA
NA NA
NA NA
NA NA
NA NA
NA NA
NA NA
NA NA
NA NA
NA NA
NA NA
NA NA
NA NA
NA NA
NA NA
NA NA
NA NA
NA NA
NA NA
NA NA
NA NA
NA NA
NA NA
NA NA
NA NA
NA NA
NA NA
NA NA
NA NA
NA NA
NA NA
NA NA
NA NA
NA NA
NA NA
NA NA
NA NA
NA NA
NA NA
NA NA
NA NA
NA NA
NA NA
NA NA
NA NA
NA NA
NA NA
NA NA
NA NA
NA NA
NA NA
NA NA
NA NA
NA NA
NA NA
NA NA
NA NA
NA NA
NA NA
NA NA
NA NA
NA NA
NA NA
NA NA
NA NA
NA NA
NA NA
NA NA
NA NA
NA NA
NA NA
NA NA
NA NA
NA NA
NA NA
NA NA
NA NA
NA NA
NA NA
NA NA
NA NA
NA NA
NA NA
NA NA
NA NA
NA NA
NA NA
NA NA
NA NA
NA NA
NA NA
NA NA
NA NA
NA NA
NA NA
NA NA
NA NA
NA NA
NA NA
NA NA
NA NA
NA NA
NA NA
NA NA
NA NA
NA NA
NA NA
NA NA
NA NA
NA NA
NA NA
NA NA
NA NA
NA NA
NA NA
NA NA
NA NA
NA NA
NA NA
NA NA
NA NA
NA NA
NA NA
NA NA
NA NA
NA NA
NA NA
NA NA
NA NA
NA NA
NA NA
NA NA
NA NA
NA NA
NA NA
NA NA
NA NA
NA NA
NA NA
NA NA
NA NA
NA NA
NA NA
NA NA
NA NA
NA NA
NA NA
NA NA
NA NA
NA NA
NA NA
NA NA
NA NA
NA NA
NA NA
NA NA
NA NA
NA NA
NA NA
NA NA
NA NA
NA NA
NA NA
NA NA
NA NA
NA NA
NA NA
NA NA
NA NA
NA NA
NA NA
NA NA
NA NA
NA NA
NA NA
NA NA
NA NA
NA NA
NA NA
NA NA
NA NA
NA NA
NA NA
NA NA
NA NA
NA NA
NA NA
NA NA
NA NA
NA NA
NA NA
NA NA
NA NA
NA NA
NA NA
NA NA
NA NA
NA NA
NA NA
NA NA
NA NA
NA NA
NA NA
NA NA
NA NA
NA NA
NA NA
NA NA
NA NA
NA NA
NA NA
NA NA
NA NA
NA NA
NA NA
NA NA
NA NA
NA NA
NA NA
NA NA
NA NA
NA NA
NA NA
NA NA
NA NA
NA NA
NA NA
NA NA
NA NA
NA NA
NA NA
NA NA
NA NA
NA NA
NA NA
NA NA
NA NA
NA NA
NA NA
NA NA
NA NA
NA NA
NA NA
NA NA
NA NA
NA NA
NA NA
NA NA
NA NA
NA NA
NA NA
NA NA
NA NA
NA NA
NA NA
NA NA
NA NA
NA NA
NA NA
NA NA
NA NA
NA NA
NA NA
NA NA
NA NA
NA NA
NA NA
NA NA
NA NA
NA NA
NA NA
NA NA
NA NA
NA NA
NA NA
NA NA
NA NA
NA NA
NA NA
NA NA
NA NA
NA NA
NA NA
NA NA
NA NA
NA NA
NA NA
NA NA
NA NA
NA NA
NA NA
NA NA
NA NA
NA NA
NA NA
NA NA
NA NA
NA NA
NA NA
NA NA
NA NA
NA NA
NA NA
NA NA
NA NA
NA NA
NA NA
NA NA
NA NA
NA NA
NA NA
NA NA
NA NA
NA NA
NA NA
NA NA
NA NA
NA NA
NA NA
NA NA
NA NA
NA NA
NA NA
NA NA
NA NA
NA NA
NA NA
NA NA
NA NA
NA NA
NA NA
NA NA
NA NA
NA NA
NA NA
NA NA
NA NA
NA NA
NA NA
NA NA
NA NA
NA NA
NA NA
NA NA
NA NA
NA NA
NA NA
NA NA
NA NA
NA NA
NA NA
NA NA
NA NA
NA NA
NA NA
NA NA
NA NA
NA NA
NA NA
NA NA
NA NA
NA NA
NA NA
NA NA
NA NA
NA NA
NA NA
NA NA
NA NA
NA NA
NA NA
NA NA
NA NA
NA NA
NA NA
NA NA
NA NA
NA NA
NA NA
NA NA
NA NA
NA NA
NA NA
NA NA
NA NA
NA NA
NA NA
NA NA
NA NA
NA NA
NA NA
NA NA
NA NA
NA NA
NA NA
NA NA
NA NA
NA NA
NA NA
NA NA
NA NA
NA NA
NA NA
NA NA
NA NA
NA NA
NA NA
NA NA
NA NA
NA NA
NA NA
NA NA
NA NA
NA NA
NA NA
NA NA
NA NA
NA NA
NA NA
NA NA
NA NA
NA NA
NA NA
NA NA
NA NA
NA NA
NA NA
NA NA
NA NA
NA NA
NA NA
NA NA
NA NA
NA NA
NA NA
NA NA
NA NA
NA NA
NA NA
NA NA
NA NA
NA NA
NA NA
NA NA
NA NA
NA NA
NA NA
NA NA
NA NA
NA NA
NA NA
NA NA
NA NA
NA NA
NA NA
NA NA
NA NA
NA NA
NA NA
NA NA
NA NA
NA NA
NA NA
NA NA
NA NA
NA NA
NA NA
NA NA
NA NA
NA NA
NA NA
NA NA
NA NA
NA NA
NA NA
NA NA
NA NA
NA NA
NA NA
NA NA
NA NA
NA NA
NA NA
NA NA
NA NA
NA NA
NA NA
NA NA
NA NA
NA NA
NA NA
NA NA
NA NA
NA NA
NA NA
NA NA
NA NA
NA NA
NA NA
NA NA
NA NA
NA NA
NA NA
NA NA
NA NA
NA NA
NA NA
NA NA
NA NA
NA NA
NA NA
NA NA
NA NA
NA NA
NA NA
NA NA
NA NA
NA NA
NA NA
NA NA
NA NA
NA NA
NA NA
NA NA
NA NA
NA NA
NA NA
NA NA
NA NA
NA NA
NA NA
NA NA
NA NA
NA NA
NA NA
NA NA
NA NA
NA NA
NA NA
NA NA
NA NA
NA NA
NA NA
NA NA
NA NA
NA NA
NA NA
NA NA
NA NA
NA NA
NA NA
NA NA
NA NA
NA NA
NA NA
NA NA
NA NA
NA NA
NA NA
NA NA
NA NA
NA NA
NA NA
NA NA
NA NA
NA NA
NA NA
NA NA
NA NA
NA NA
NA NA
NA NA
NA NA
NA NA
NA NA
NA NA
NA NA
NA NA
NA NA
NA NA
NA NA
NA NA
NA NA
NA NA
NA NA
NA NA
NA NA
NA NA
NA NA
NA NA
NA NA
NA NA
NA NA
NA NA
NA NA
NA NA
NA NA
NA NA
NA NA
NA NA
NA NA
NA NA
NA NA
NA NA
NA NA
NA NA
NA NA
NA NA
NA NA
NA NA
NA NA
NA NA
NA NA
NA NA
NA NA
NA NA
NA NA
NA NA
NA NA
NA NA
NA NA
NA NA
NA NA
NA NA
NA NA
NA NA
NA NA
NA NA
NA NA
NA NA
NA NA
NA NA
NA NA
NA NA
NA NA
NA NA
NA NA
NA NA
NA NA
NA NA
NA NA
NA NA
NA NA
NA NA
NA NA
NA NA
NA NA
NA NA
NA NA
NA NA
NA NA
NA NA
NA NA
NA NA
NA NA
NA NA
NA NA
NA NA
NA NA
NA NA
NA NA
NA NA
NA NA
NA NA
NA NA
NA NA
