0.502890173410405 0.494219653179191 0.0184034309836888
0.447019867549669 0.410596026490066 0.0184138910005133
0.408730158730159 0.376984126984127 0.0192443439221373
0.450617283950617 0.425925925925926 0.0178614359077881
0.388316151202749 0.405498281786942 0.0214144859173982
0.463768115942029 0.452173913043478 0.0185721645474593
0.429577464788732 0.415492957746479 0.0217109719679223
0.482558139534884 0.456395348837209 0.0186663165133978
0.422222222222222 0.385185185185185 0.0144744124397423
0.465573770491803 0.455737704918033 0.0183742524630771
0.429065743944637 0.453287197231834 0.0233519509024605
0.424603174603175 0.404761904761905 0.0218442930737597
0.46031746031746 0.466666666666667 0.0289036187159983
0.427007299270073 0.408759124087591 0.0227039276367428
0.462837837837838 0.442567567567568 0.0236436748829618
0.428134556574924 0.397553516819572 0.0159030280533305
0.436619718309859 0.426056338028169 0.0246458908664416
0.451724137931034 0.406896551724138 0.0170852626890027
0.451612903225806 0.44574780058651 0.017893893479041
0.431372549019608 0.408496732026144 0.0188774687107213
0.429447852760736 0.429447852760736 0.0182541137069454
0.424050632911392 0.436708860759494 0.0193342120483117
0.490566037735849 0.482479784366577 0.0203281912933919
0.449230769230769 0.446153846153846 0.0180078820711555
0.457516339869281 0.457516339869281 0.0219943747960385
0.392638036809816 0.411042944785276 0.017353979743504
0.414565826330532 0.394957983193277 0.0127303077387524
0.459183673469388 0.486394557823129 0.0229847732061538
0.434640522875817 0.401960784313726 0.018035083643993
0.448916408668731 0.458204334365325 0.022438537224581
0.477848101265823 0.443037974683544 0.0190706655796867
0.455445544554455 0.412541254125413 0.0223013087411588
0.457142857142857 0.466666666666667 0.0219086439216221
0.426229508196721 0.413114754098361 0.0154963908941878
0.451807228915663 0.439759036144578 0.0174803532968662
0.467532467532468 0.454545454545455 0.0192502810748305
0.473837209302326 0.427325581395349 0.0166912944520353
0.411184210526316 0.434210526315789 0.0182819319369471
0.460264900662252 0.413907284768212 0.0195520422574812
0.471428571428571 0.45 0.0247332704988241
0.451612903225806 0.438709677419355 0.0158548712645614
0.407942238267148 0.353790613718412 0.0164336921708466
0.451612903225806 0.428152492668622 0.0139721217498316
0.417218543046358 0.43046357615894 0.0184527374655528
0.463022508038585 0.453376205787781 0.0193789989207144
0.484662576687117 0.457055214723926 0.0215018257086418
0.46583850931677 0.468944099378882 0.0232582385659178
0.448598130841121 0.448598130841121 0.0196402295564646
0.489164086687306 0.461300309597523 0.0173380700492845
0.444078947368421 0.447368421052632 0.0227403242189006
0.397887323943662 0.380281690140845 0.0179339162296688
0.480662983425414 0.464088397790055 0.0194969506989302
0.462962962962963 0.450617283950617 0.0184490866714937
0.432624113475177 0.425531914893617 0.017694529883286
0.442446043165468 0.406474820143885 0.0194730182301044
0.467857142857143 0.435714285714286 0.0216196185592176
0.444444444444444 0.429429429429429 0.0172555445623632
0.450310559006211 0.450310559006211 0.0166570225203655
0.430976430976431 0.447811447811448 0.0203378930903546
0.42443729903537 0.414790996784566 0.0168754774048212
0.457516339869281 0.437908496732026 0.0285594368995283
0.436305732484076 0.401273885350318 0.0167618693859769
0.440119760479042 0.410179640718563 0.0169138451465035
0.474926253687316 0.460176991150442 0.0178969994830821
0.486322188449848 0.446808510638298 0.0192931015432047
0.409090909090909 0.440559440559441 0.0193702902489353
0.459375 0.45 0.0175069410746513
0.48036253776435 0.45619335347432 0.021708520967304
0.430921052631579 0.4375 0.0222237988537978
0.457792207792208 0.435064935064935 0.0174170479524094
0.450793650793651 0.463492063492064 0.0229754795541627
0.450704225352113 0.464788732394366 0.0232402535658366
0.422712933753943 0.419558359621451 0.0153517880365863
0.430034129692833 0.36518771331058 0.016869290223894
0.430379746835443 0.401898734177215 0.012716394215443
0.460843373493976 0.448795180722892 0.0239008497985817
0.465045592705167 0.437689969604863 0.018476946183018
0.473856209150327 0.46078431372549 0.0243753541098239
0.452054794520548 0.452054794520548 0.0218326834379948
0.456603773584906 0.407547169811321 0.0250575386407341
0.480392156862745 0.470588235294118 0.0201318666283005
0.471947194719472 0.438943894389439 0.0194506979079413
0.45364238410596 0.45364238410596 0.0206682820675872
0.483695652173913 0.480978260869565 0.0177398778672794
0.443708609271523 0.43046357615894 0.019150699342206
0.462006079027356 0.428571428571429 0.0168871165461492
0.475073313782991 0.422287390029326 0.0156919505661606
0.436708860759494 0.430379746835443 0.0165286779262509
0.497076023391813 0.467836257309941 0.0202354279273307
0.440729483282675 0.434650455927052 0.0159782159352826
0.454828660436137 0.454828660436137 0.0210763169835054
0.480122324159021 0.470948012232416 0.0197119380913013
0.436893203883495 0.414239482200647 0.0184486602625944
0.410958904109589 0.410958904109589 0.0168840935205761
0.45141065830721 0.442006269592476 0.0203068315479779
0.473354231974922 0.454545454545455 0.0197428401683288
0.388679245283019 0.392452830188679 0.0214610582794106
0.467948717948718 0.458333333333333 0.0170040220262218
0.459016393442623 0.442622950819672 0.0202901655383293
0.471264367816092 0.454022988505747 0.0167739704043243
0.420195439739414 0.420195439739414 0.0174024420458334
0.426282051282051 0.416666666666667 0.0170684104215423
0.453674121405751 0.44408945686901 0.0264132196521811
0.413669064748201 0.406474820143885 0.0173717137247076
0.43728813559322 0.420338983050847 0.0204128692405096
0.438127090301003 0.424749163879599 0.0189730477756976
0.495016611295681 0.465116279069767 0.0264433841169203
0.414012738853503 0.407643312101911 0.0197749067821626
0.453376205787781 0.42443729903537 0.0206620324695088
0.45993031358885 0.435540069686411 0.0192702693977772
0.442307692307692 0.448717948717949 0.0204169732085772
0.427244582043344 0.39938080495356 0.017400861935866
0.440972222222222 0.409722222222222 0.0199099157533616
0.498489425981873 0.486404833836858 0.0211540200470277
0.462025316455696 0.468354430379747 0.0196320514297498
0.427118644067797 0.416949152542373 0.0197734297838883
0.455696202531646 0.455696202531646 0.0159277968897094
0.421052631578947 0.421052631578947 0.0137450514351577
0.487465181058496 0.487465181058496 0.0170210788347894
0.447284345047923 0.447284345047923 0.0181759973250337
0.440677966101695 0.433898305084746 0.0194196797219249
0.43859649122807 0.431578947368421 0.0220998625578739
0.450581395348837 0.433139534883721 0.0203211577627126
0.403846153846154 0.396153846153846 0.0206983761380876
0.394422310756972 0.390438247011952 0.0214993719434803
0.424528301886792 0.421383647798742 0.0212960087246575
0.464831804281346 0.44954128440367 0.0180798949964377
0.409090909090909 0.378787878787879 0.0137084239580947
0.447204968944099 0.440993788819876 0.0205123012852035
0.431506849315068 0.397260273972603 0.0194315963707755
0.431372549019608 0.411764705882353 0.0156669910876526
0.470198675496689 0.427152317880795 0.0197876272179976
0.436426116838488 0.419243986254296 0.0165188499585171
0.429078014184397 0.414893617021277 0.0210094355313339
0.492877492877493 0.498575498575499 0.0236223703116504
0.446945337620579 0.469453376205788 0.0215342663349732
0.450331125827815 0.423841059602649 0.0228356973854434
0.479289940828402 0.461538461538462 0.0184037926369148
0.445945945945946 0.408783783783784 0.0211527834697842
0.425867507886435 0.372239747634069 0.0150743844860773
0.431654676258993 0.406474820143885 0.0184060904363007
0.465256797583082 0.477341389728097 0.0186228743243343
0.468531468531469 0.43006993006993 0.0213207526011255
0.477611940298507 0.474626865671642 0.0203370125485476
0.448844884488449 0.458745874587459 0.0203593746260666
0.452961672473868 0.466898954703833 0.0242359258277934
0.511695906432749 0.456140350877193 0.0168341740923307
0.494915254237288 0.467796610169492 0.0218116856389126
0.435975609756098 0.417682926829268 0.0181114237958213
0.459302325581395 0.497093023255814 0.0201610813623176
0.397003745318352 0.367041198501873 0.0193702933763381
0.403846153846154 0.438461538461538 0.0241270271763851
0.461783439490446 0.445859872611465 0.0182329493204824
0.471014492753623 0.394927536231884 0.0149290403137209
0.441471571906354 0.418060200668896 0.0178295657783157
0.430508474576271 0.410169491525424 0.0185169571806667
0.477707006369427 0.445859872611465 0.0175152847496137
0.471232876712329 0.446575342465753 0.017160713329957
0.48377581120944 0.469026548672566 0.0181313402955181
0.447098976109215 0.430034129692833 0.016530466936454
0.426282051282051 0.419871794871795 0.0197754324109101
0.433774834437086 0.410596026490066 0.0192786828004575
0.433021806853583 0.426791277258567 0.0171897158004859
0.439490445859873 0.420382165605096 0.0185069928569089
0.471153846153846 0.483974358974359 0.0243713244020474
0.418367346938776 0.360544217687075 0.0150048679233926
0.468152866242038 0.461783439490446 0.020198918685607
0.476923076923077 0.452307692307692 0.0204456731495144
0.452768729641694 0.452768729641694 0.0200723242588283
0.44280442804428 0.420664206642066 0.0250810348235697
0.429447852760736 0.389570552147239 0.013721639075501
0.421232876712329 0.393835616438356 0.0193584670888867
0.469444444444444 0.458333333333333 0.0148952022683458
0.457364341085271 0.445736434108527 0.020730843817329
0.48125 0.4875 0.0202919526982288
0.39568345323741 0.37410071942446 0.0162247402150535
0.411320754716981 0.411320754716981 0.0192768556918359
0.383275261324042 0.379790940766551 0.0187524439518334
0.443333333333333 0.456666666666667 0.0211494931998101
0.483870967741935 0.461290322580645 0.0237430594497528
0.405109489051095 0.41970802919708 0.0218179311462289
0.476780185758514 0.470588235294118 0.0230600603493559
0.418461538461538 0.418461538461538 0.0189956993505197
0.431297709923664 0.400763358778626 0.0215952199787588
0.442307692307692 0.423076923076923 0.0181913102294659
0.441696113074205 0.374558303886926 0.0167972239113466
0.467889908256881 0.434250764525994 0.0201742328688813
0.478964401294498 0.43042071197411 0.0184228651772549
0.434628975265018 0.45583038869258 0.0236101032738797
0.437299035369775 0.427652733118971 0.0188053608267824
0.501587301587302 0.447619047619048 0.0210041795455898
0.410094637223975 0.403785488958991 0.0203381880468682
0.434640522875817 0.398692810457516 0.0161100382720737
0.455414012738854 0.423566878980892 0.0226386443397067
0.434027777777778 0.461805555555556 0.0197570158836441
0.470031545741325 0.44794952681388 0.0178402722756743
0.45 0.417857142857143 0.0207500581109701
0.431746031746032 0.447619047619048 0.0205747100298622
0.436567164179104 0.425373134328358 0.0232803261867539
0.395522388059701 0.361940298507463 0.0170947029785648
0.441269841269841 0.46031746031746 0.0192687638107351
0.447811447811448 0.414141414141414 0.020052397928794
0.370106761565836 0.366548042704626 0.0181454952596263
0.443768996960486 0.434650455927052 0.0177015831170672
0.408637873754153 0.411960132890365 0.0196939568292432
0.405594405594406 0.409090909090909 0.0214743200682604
0.459363957597173 0.441696113074205 0.0261697940519253
0.455696202531646 0.45253164556962 0.0192575623783767
0.488745980707395 0.469453376205788 0.0186623874966495
0.400662251655629 0.387417218543046 0.0171261921748492
0.434131736526946 0.422155688622754 0.016847205158175
0.428571428571429 0.401993355481728 0.0155879994880202
0.5 0.502994011976048 0.0215314823818857
0.441640378548896 0.429022082018927 0.0184871172508137
0.466237942122186 0.434083601286174 0.018862190496799
0.426470588235294 0.382352941176471 0.0221072780896922
0.457317073170732 0.460365853658537 0.0207080153943676
0.448717948717949 0.429487179487179 0.0181380445520853
0.490740740740741 0.472222222222222 0.0193406273056857
0.417647058823529 0.4 0.0156137062624946
0.396551724137931 0.396551724137931 0.0220829742582875
0.472140762463343 0.436950146627566 0.0165865686632124
0.456140350877193 0.423976608187135 0.0150401152662304
0.455128205128205 0.442307692307692 0.0206584339932844
0.467353951890034 0.40893470790378 0.0193835680395487
0.451957295373665 0.455516014234875 0.0252851916396526
0.426229508196721 0.416393442622951 0.0180757560103259
0.476190476190476 0.470238095238095 0.0220396377495264
0.438871473354232 0.45141065830721 0.0185883884736304
0.433447098976109 0.426621160409556 0.0187040551712158
0.455197132616487 0.440860215053763 0.0229206912402561
0.433898305084746 0.389830508474576 0.0172372508979666
0.422794117647059 0.400735294117647 0.0199093206408452
0.487889273356401 0.44636678200692 0.02112963002511
0.440366972477064 0.425076452599388 0.0168769987215351
0.466257668711656 0.450920245398773 0.0201441424602782
0.442622950819672 0.468852459016393 0.0239912610588462
0.422818791946309 0.385906040268456 0.0219297611862947
0.457142857142857 0.445714285714286 0.0182326979354966
0.425675675675676 0.378378378378378 0.0154269620416578
0.475 0.45 0.0199637337162232
0.42320819112628 0.392491467576792 0.0158045221198202
0.447098976109215 0.447098976109215 0.0224450458553353
0.435374149659864 0.397959183673469 0.0151710523157791
0.416666666666667 0.391304347826087 0.016415542427127
0.5125 0.490625 0.0214333056939824
0.453376205787781 0.437299035369775 0.0198245884142103
0.495327102803738 0.461059190031153 0.0320863519934442
0.441520467836257 0.43859649122807 0.0160286998146045
0.418685121107266 0.42560553633218 0.0232263243292506
0.458823529411765 0.461764705882353 0.0203600997998086
0.44299674267101 0.439739413680782 0.0200107775589701
0.445182724252492 0.431893687707641 0.0207773278667774
0.468646864686469 0.452145214521452 0.0210955363462727
0.453731343283582 0.444776119402985 0.0192064242168786
0.435087719298246 0.407017543859649 0.0179080193167562
0.43167701863354 0.41304347826087 0.0196175034981407
0.501718213058419 0.460481099656357 0.0235236963706959
0.435064935064935 0.425324675324675 0.0183421904136761
0.459701492537313 0.411940298507463 0.0132182785296929
0.377622377622378 0.412587412587413 0.0180421134295002
0.420338983050847 0.410169491525424 0.0200508095347137
0.423487544483986 0.419928825622776 0.0218051318928016
0.454277286135693 0.433628318584071 0.0179232603594477
0.451713395638629 0.420560747663551 0.0148324958702416
0.465465465465465 0.414414414414414 0.0163510886754897
0.469255663430421 0.466019417475728 0.0267982413894161
0.425531914893617 0.429078014184397 0.0236189774507425
0.4375 0.434375 0.0189162900969456
0.45625 0.45 0.0200317674637395
0.452768729641694 0.423452768729642 0.0190926631286367
0.443425076452599 0.418960244648318 0.0170549542643994
0.437689969604863 0.443768996960486 0.0194206266170592
0.45360824742268 0.429553264604811 0.021459464481291
0.41747572815534 0.427184466019417 0.017130728671381
0.424028268551237 0.402826855123675 0.0168099709774185
0.439759036144578 0.439759036144578 0.0178201478475746
0.430379746835443 0.439873417721519 0.0212093350895206
0.386831275720165 0.358024691358025 0.018101409706439
0.433333333333333 0.436363636363636 0.0185295024808708
0.425076452599388 0.412844036697248 0.0213040053722113
0.423076923076923 0.403846153846154 0.0174130920010479
0.466887417218543 0.443708609271523 0.0200046289887223
0.464646464646465 0.424242424242424 0.0193232405591824
0.45625 0.434375 0.017437120782852
0.438311688311688 0.412337662337662 0.0158405294926365
0.472560975609756 0.466463414634146 0.021977996925616
0.441176470588235 0.422794117647059 0.0216475417670595
0.403921568627451 0.392156862745098 0.0213181444164485
0.442028985507246 0.423913043478261 0.0193933741433129
0.470948012232416 0.464831804281346 0.0210807818968798
0.452307692307692 0.384615384615385 0.0151913985436199
0.454545454545455 0.442424242424242 0.0203814841985913
0.414965986394558 0.41156462585034 0.0182448598377637
0.414012738853503 0.426751592356688 0.0180904780265174
0.447592067988669 0.424929178470255 0.0181988421861764
0.460207612456747 0.43598615916955 0.018609356861106
0.40893470790378 0.436426116838488 0.0204729616105087
0.479495268138801 0.444794952681388 0.0196408327520008
0.467289719626168 0.46417445482866 0.0212287729630064
0.46031746031746 0.432539682539683 0.0221015117122877
0.402135231316726 0.380782918149466 0.0193388515416127
0.432098765432099 0.425925925925926 0.0157840853428365
0.460750853242321 0.453924914675768 0.0195455996754915
0.427215189873418 0.430379746835443 0.018479103711431
0.443076923076923 0.409230769230769 0.0172063729539013
0.372937293729373 0.376237623762376 0.0189306692985698
0.416149068322981 0.428571428571429 0.0150793082647893
0.401315789473684 0.404605263157895 0.0204579834514064
0.447204968944099 0.428571428571429 0.0186593662044073
0.436823104693141 0.425992779783394 0.0228060551046525
0.439597315436242 0.426174496644295 0.0180153736811473
0.448387096774194 0.429032258064516 0.0214416902162824
0.414141414141414 0.404040404040404 0.0176613951947396
0.402777777777778 0.385416666666667 0.0205998279947663
0.430555555555556 0.402777777777778 0.0156970486880095
0.451298701298701 0.412337662337662 0.0149366304870763
0.50297619047619 0.473214285714286 0.0199303337936722
0.43558282208589 0.420245398773006 0.0176248613039655
0.486206896551724 0.458620689655172 0.0218921355062863
0.416342412451362 0.408560311284047 0.0222771552624958
0.402135231316726 0.362989323843416 0.0175708632978236
0.464968152866242 0.461783439490446 0.0203442621110044
0.470790378006873 0.470790378006873 0.0222305356326884
0.469453376205788 0.443729903536977 0.0170337693115712
0.450617283950617 0.407407407407407 0.0138450125615625
0.402255639097744 0.43609022556391 0.0257430657711662
0.45360824742268 0.419243986254296 0.0215078051733614
0.459302325581395 0.433139534883721 0.0175263232225368
0.402476780185758 0.371517027863777 0.0138388183441154
0.444767441860465 0.453488372093023 0.0186561893242171
0.463087248322148 0.446308724832215 0.015564108134637
0.456973293768546 0.454005934718101 0.0176352249109371
0.442815249266862 0.439882697947214 0.0212920715010429
0.421052631578947 0.410526315789474 0.0203841859128768
0.408945686900958 0.421725239616613 0.0201800190821928
0.463722397476341 0.43217665615142 0.0192303563582585
0.425855513307985 0.376425855513308 0.0230679126080933
0.440677966101695 0.427118644067797 0.0223863996764984
0.448905109489051 0.441605839416058 0.0242233897730321
0.487654320987654 0.484567901234568 0.018934996272142
0.416149068322981 0.409937888198758 0.0176355059292672
0.433544303797468 0.436708860759494 0.0193902699563616
0.420689655172414 0.413793103448276 0.0213754132870395
0.53525641025641 0.525641025641026 0.026597704082175
0.420529801324503 0.43046357615894 0.022147372814202
0.429602888086643 0.422382671480144 0.0212083260095994
0.436860068259386 0.42320819112628 0.0213578535553648
0.444794952681388 0.457413249211356 0.0207615463954226
0.438943894389439 0.422442244224422 0.0222884656429761
0.444444444444444 0.427609427609428 0.0201546721006003
0.447761194029851 0.432835820895522 0.0162590473460981
0.448630136986301 0.410958904109589 0.0183410346515053
0.485981308411215 0.457943925233645 0.0184323556024195
0.455414012738854 0.414012738853503 0.0192541384452129
0.439102564102564 0.445512820512821 0.0214743860049686
0.456747404844291 0.442906574394464 0.0271333192958128
0.463333333333333 0.433333333333333 0.0210081584948707
0.483383685800604 0.416918429003021 0.0174901499021291
0.437007874015748 0.401574803149606 0.0241861111367167
0.473154362416107 0.449664429530201 0.0220339210948086
0.409090909090909 0.367132867132867 0.0162516523556721
0.437262357414449 0.414448669201521 0.0241920226350524
0.437931034482759 0.4 0.0192424922465099
0.48 0.445714285714286 0.0162396521268335
0.477203647416413 0.440729483282675 0.015505801368711
0.454237288135593 0.444067796610169 0.024127137122824
0.476340694006309 0.451104100946372 0.0194778915188872
0.420863309352518 0.39568345323741 0.0174074283917601
0.418439716312057 0.379432624113475 0.0146348714575466
0.412408759124088 0.37956204379562 0.0199719283262897
0.443661971830986 0.454225352112676 0.0194558794429518
0.417543859649123 0.414035087719298 0.021011029740954
0.459119496855346 0.424528301886792 0.0203378673434211
0.434920634920635 0.431746031746032 0.0147342341192714
0.421404682274247 0.404682274247492 0.0170714470517992
0.446666666666667 0.396666666666667 0.0204124822024823
0.464882943143813 0.444816053511706 0.018584311135688
0.430034129692833 0.382252559726962 0.0171917369492311
0.413669064748201 0.392086330935252 0.0192645278024096
0.476489028213166 0.413793103448276 0.0172873807451493
0.391459074733096 0.398576512455516 0.0216241418407585
0.4 0.385454545454545 0.0179903167032819
0.467857142857143 0.442857142857143 0.0215818473212059
0.466237942122186 0.47588424437299 0.0250551285177831
0.425219941348974 0.434017595307918 0.017616001041871
0.417218543046358 0.410596026490066 0.0215252888412164
0.400593471810089 0.406528189910979 0.0184160092787193
0.463576158940397 0.45364238410596 0.022160702719621
0.427609427609428 0.424242424242424 0.0180999206270206
0.463492063492064 0.415873015873016 0.0179471298909228
0.419475655430712 0.415730337078652 0.0233047539651099
0.462908011869436 0.448071216617211 0.0199450687120662
0.506896551724138 0.475862068965517 0.0258670974698932
0.46474358974359 0.439102564102564 0.022326560984703
0.45619335347432 0.462235649546828 0.0165168480023931
0.453376205787781 0.434083601286174 0.0174950103128247
0.450980392156863 0.42156862745098 0.0189712884267908
0.458860759493671 0.427215189873418 0.0216230107952721
0.488304093567251 0.456140350877193 0.0200399177872401
0.432098765432099 0.419753086419753 0.01447223608563
0.456081081081081 0.489864864864865 0.023557076526948
0.387323943661972 0.397887323943662 0.0198128707318397
0.401960784313726 0.405228758169935 0.019078045294861
0.486033519553073 0.466480446927374 0.0193707856906978
0.441379310344828 0.431034482758621 0.0214927721025853
0.418060200668896 0.404682274247492 0.0182584046889501
0.457227138643068 0.463126843657817 0.0181002386061581
0.447619047619048 0.476190476190476 0.0187162444084239
0.440397350993377 0.413907284768212 0.0213901909015158
0.432343234323432 0.402640264026403 0.0164806595896358
0.425249169435216 0.411960132890365 0.0212622271309129
0.408163265306122 0.401360544217687 0.0197074516869814
0.449838187702265 0.414239482200647 0.0183251169986536
0.429878048780488 0.408536585365854 0.0176931272567845
0.474025974025974 0.428571428571429 0.0175831843536771
0.473684210526316 0.476780185758514 0.0231841200130949
0.476190476190476 0.465986394557823 0.0200614241066296
0.461318051575931 0.444126074498567 0.0160465341865043
0.432624113475177 0.418439716312057 0.0212734020607368
0.438871473354232 0.442006269592476 0.0184696867278225
0.450479233226837 0.450479233226837 0.0203628672262892
0.43613707165109 0.439252336448598 0.0187871382610272
0.451923076923077 0.426282051282051 0.0185908719412628
0.420494699646643 0.402826855123675 0.0175438592684802
0.482456140350877 0.476608187134503 0.0275650624926857
0.447811447811448 0.407407407407407 0.0216427481240949
0.490196078431373 0.486928104575163 0.0194744315418802
0.480263157894737 0.421052631578947 0.0201206814141091
0.431893687707641 0.451827242524917 0.0198170161725212
0.426174496644295 0.389261744966443 0.0145003514185559
0.414179104477612 0.41044776119403 0.0233893513993681
0.41991341991342 0.415584415584416 0.0229982730099973
0.3886925795053 0.406360424028269 0.0213504000079232
0.429090909090909 0.421818181818182 0.0250655269845315
0.469055374592834 0.462540716612378 0.0174486658229593
0.426966292134831 0.415730337078652 0.0152724364505943
0.431034482758621 0.406896551724138 0.0188753260652479
0.40893470790378 0.398625429553265 0.0144899508563746
0.423312883435583 0.426380368098159 0.0161253020743643
0.505535055350554 0.431734317343173 0.0194294104607028
0.473354231974922 0.423197492163009 0.0157389481626887
0.430976430976431 0.407407407407407 0.016612979780663
0.414634146341463 0.397212543554007 0.0178205557335565
0.473684210526316 0.459649122807018 0.0247151850871248
0.381132075471698 0.388679245283019 0.0250464538334316
0.496688741721854 0.463576158940397 0.0217954549590358
0.45 0.45 0.020196619553662
0.444776119402985 0.438805970149254 0.0150509339596101
0.45514950166113 0.445182724252492 0.0199883259197335
0.434343434343434 0.457912457912458 0.0220012556097634
0.440789473684211 0.388157894736842 0.0158197966941582
0.487012987012987 0.441558441558442 0.0200547502674963
0.415540540540541 0.422297297297297 0.0204831463671528
0.424657534246575 0.38013698630137 0.0179016024582979
0.404458598726115 0.417197452229299 0.0173827777917001
0.399305555555556 0.402777777777778 0.0188708616803579
0.44 0.418461538461538 0.0175945542307558
0.466666666666667 0.445454545454545 0.0204458675240077
0.474137931034483 0.451149425287356 0.0183488800130047
0.459459459459459 0.435810810810811 0.0205399570263151
0.458904109589041 0.438356164383562 0.0250878344738208
0.480597014925373 0.447761194029851 0.0195777317296508
0.429065743944637 0.408304498269896 0.0201262176080168
0.459459459459459 0.418918918918919 0.0228213443480129
0.441860465116279 0.445182724252492 0.0226726815855825
0.493788819875776 0.437888198757764 0.0183226994450024
0.462046204620462 0.438943894389439 0.0215067584670891
0.472491909385113 0.420711974110032 0.0168347125398574
0.445229681978799 0.452296819787986 0.0204823236655098
0.407407407407407 0.390572390572391 0.0187380800470017
0.452145214521452 0.422442244224422 0.0177967151949155
0.48297213622291 0.445820433436532 0.0188478783129466
0.462006079027356 0.437689969604863 0.0224607982359015
0.483754512635379 0.451263537906137 0.0219907206721723
0.41747572815534 0.394822006472492 0.0183313481262651
0.472375690607735 0.488950276243094 0.0208451094599869
0.443181818181818 0.448863636363636 0.0166799818125335
0.45364238410596 0.43046357615894 0.0185658693309296
0.463333333333333 0.406666666666667 0.0188053497535549
0.431159420289855 0.38768115942029 0.023026662998932
0.425324675324675 0.428571428571429 0.0159057049341892
0.416961130742049 0.3886925795053 0.0193578578530547
0.443076923076923 0.421538461538462 0.0202125190962623
0.456445993031359 0.445993031358885 0.0273160606079618
0.454258675078864 0.454258675078864 0.0209297451333153
0.470588235294118 0.444444444444444 0.0192084430122786
0.459731543624161 0.469798657718121 0.020870817298597
0.448148148148148 0.459259259259259 0.025903732392458
0.386281588447653 0.368231046931408 0.017766876562864
0.443661971830986 0.411971830985915 0.0187726638895727
0.477564102564103 0.445512820512821 0.0195303109002825
0.423728813559322 0.393220338983051 0.0177168753876545
0.440972222222222 0.447916666666667 0.021320741265911
0.449848024316109 0.437689969604863 0.0185787087099786
0.468164794007491 0.415730337078652 0.0213074848762667
0.42 0.4 0.017559429448805
0.431137724550898 0.437125748502994 0.0189109284413584
0.491803278688525 0.472131147540984 0.0218596238338022
0.417956656346749 0.417956656346749 0.0210676129018094
0.417391304347826 0.397101449275362 0.0167033721683499
0.403636363636364 0.407272727272727 0.0186803154757512
0.482248520710059 0.458579881656805 0.0171234034304388
0.457516339869281 0.496732026143791 0.0255371385212419
0.443729903536977 0.434083601286174 0.0185669404638061
0.472312703583062 0.429967426710098 0.0214228425826309
0.447530864197531 0.441358024691358 0.0164827684806239
0.405228758169935 0.42156862745098 0.0175563314630227
0.43491124260355 0.443786982248521 0.0173234718896771
0.442307692307692 0.423076923076923 0.0178463276630086
0.442528735632184 0.468390804597701 0.0189274239541669
0.429508196721311 0.416393442622951 0.0179034613795708
0.457792207792208 0.451298701298701 0.0185603946733252
0.484593837535014 0.467787114845938 0.0194117074791931
0.357414448669202 0.342205323193916 0.0192383727979348
0.391304347826087 0.373188405797101 0.0161698881402556
0.494983277591973 0.481605351170569 0.0207667566774089
0.411371237458194 0.404682274247492 0.0199002277654131
0.418918918918919 0.375 0.0167579935275106
0.449685534591195 0.415094339622642 0.0177720668571233
0.457227138643068 0.436578171091445 0.0172835737183717
0.463722397476341 0.463722397476341 0.018994475741117
0.426470588235294 0.422794117647059 0.02209264525123
0.444794952681388 0.444794952681388 0.0185427845348166
0.434504792332268 0.421725239616613 0.0157255974903539
0.407407407407407 0.420875420875421 0.0173955926598341
0.420886075949367 0.408227848101266 0.0204378001171993
0.430769230769231 0.4 0.0202174846065008
0.477031802120141 0.45583038869258 0.0183383244824744
0.450657894736842 0.450657894736842 0.0245942165441443
0.465648854961832 0.419847328244275 0.0203365443772154
0.462025316455696 0.443037974683544 0.0182633477965838
0.430868167202572 0.418006430868167 0.0202311184224695
0.436666666666667 0.406666666666667 0.0220411160268844
0.373626373626374 0.373626373626374 0.0175562208461058
0.415770609318996 0.412186379928315 0.0199187975602745
0.470948012232416 0.446483180428135 0.0194291988234696
0.408088235294118 0.411764705882353 0.0204367347918656
0.480555555555556 0.441666666666667 0.0174683595971545
0.444794952681388 0.444794952681388 0.0185832947804912
0.46078431372549 0.441176470588235 0.0255365989033549
0.418118466898955 0.452961672473868 0.0206319923293872
0.39171974522293 0.410828025477707 0.0177332282046763
0.442367601246106 0.433021806853583 0.020168000406748
0.448275862068966 0.410919540229885 0.0146718178626186
0.476510067114094 0.439597315436242 0.0233403167225342
0.476331360946746 0.446745562130178 0.0150985264378686
0.46264367816092 0.439655172413793 0.0226461360630165
0.439490445859873 0.442675159235669 0.0208307708544036
0.453125 0.434375 0.0185954371440708
0.462235649546828 0.441087613293051 0.0174178723394727
0.458333333333333 0.471153846153846 0.0204846522306202
0.436426116838488 0.426116838487972 0.0257870913313836
0.441860465116279 0.435215946843854 0.0170272198295156
0.453488372093023 0.412790697674419 0.0173812853144776
0.466257668711656 0.466257668711656 0.024364629267565
0.45625 0.425 0.0165625222036929
0.432432432432432 0.402027027027027 0.0210044376531698
0.464497041420118 0.420118343195266 0.0155426437381582
0.455089820359281 0.44311377245509 0.0176591929964364
0.448669201520913 0.475285171102662 0.0307975033226224
0.455357142857143 0.446428571428571 0.0144376764053746
0.429447852760736 0.43558282208589 0.0210985398841105
0.445205479452055 0.445205479452055 0.0205027552250651
0.466275659824047 0.442815249266862 0.0195881000353589
0.442307692307692 0.429487179487179 0.021003445917767
0.464516129032258 0.435483870967742 0.0142789853390497
0.485955056179775 0.466292134831461 0.0153833888699412
0.461783439490446 0.442675159235669 0.0178751277214822
0.414383561643836 0.428082191780822 0.0177440030059422
0.438709677419355 0.412903225806452 0.0167202975205462
0.383512544802867 0.336917562724014 0.0174771855463004
0.420875420875421 0.430976430976431 0.0234313709636677
0.467455621301775 0.473372781065089 0.0174862608499988
0.41358024691358 0.395061728395062 0.0197599709990195
0.461538461538462 0.452307692307692 0.0203953015278133
0.458620689655172 0.43448275862069 0.0219001483112107
0.452887537993921 0.425531914893617 0.0184113506421077
0.416393442622951 0.416393442622951 0.0170500754241545
0.437062937062937 0.409090909090909 0.0227628013218189
0.47588424437299 0.45016077170418 0.0200576968044266
0.458064516129032 0.429032258064516 0.0194418662080003
0.44 0.44 0.024459153837899
0.463333333333333 0.39 0.017202655590287
0.366906474820144 0.366906474820144 0.0133142370987564
0.458563535911602 0.44475138121547 0.0183387578961777
0.454225352112676 0.475352112676056 0.0238268395369133
0.450793650793651 0.431746031746032 0.0187709302885724
0.445544554455446 0.455445544554455 0.0219748964422796
0.433774834437086 0.440397350993377 0.0198753966312407
0.429032258064516 0.419354838709677 0.0207562031257251
0.482539682539683 0.457142857142857 0.0203912115950714
0.451038575667656 0.43620178041543 0.0169212715035387
0.428571428571429 0.414285714285714 0.0198369679419721
0.418238993710692 0.421383647798742 0.0179335032774166
0.411347517730496 0.386524822695035 0.0184122957131478
0.45 0.452941176470588 0.021110768463163
0.408026755852843 0.404682274247492 0.0177906097236315
0.427672955974843 0.415094339622642 0.0158122643623107
0.457575757575758 0.445454545454545 0.0190166270705124
0.412213740458015 0.412213740458015 0.0222045886274312
0.479876160990712 0.448916408668731 0.021312794258549
0.40625 0.375 0.0157039589904647
0.439189189189189 0.439189189189189 0.0221361962700287
0.444099378881988 0.406832298136646 0.0157413483796745
0.462732919254658 0.450310559006211 0.017865605686875
0.391941391941392 0.406593406593407 0.0224871681032088
0.435540069686411 0.379790940766551 0.0171532566730378
0.478386167146974 0.45821325648415 0.0177659882205882
0.441087613293051 0.425981873111782 0.0180611569626781
0.377510040160643 0.393574297188755 0.0245931788696591
0.457142857142857 0.447619047619048 0.0191768701168461
0.443708609271523 0.447019867549669 0.0214116500732794
0.45625 0.434375 0.0153601558551738
0.488745980707395 0.459807073954984 0.0198169921722402
0.443223443223443 0.428571428571429 0.022245006209603
0.426621160409556 0.42320819112628 0.0208722827678314
0.405247813411079 0.431486880466472 0.0165656067054402
0.466666666666667 0.457142857142857 0.0220099790290445
0.444827586206897 0.4 0.018278998444793
0.403508771929825 0.378947368421053 0.0181536672991356
0.519662921348315 0.5 0.019256871522227
0.461783439490446 0.43312101910828 0.0221377453349935
0.477142857142857 0.445714285714286 0.0191085800557778
0.477272727272727 0.438311688311688 0.0205103117657137
0.469512195121951 0.484756097560976 0.0191421690782845
0.441696113074205 0.434628975265018 0.0208181363576253
0.435251798561151 0.370503597122302 0.0187144129554649
0.436781609195402 0.398467432950192 0.0193169719060987
0.403571428571429 0.392857142857143 0.0219299387066495
0.466666666666667 0.424561403508772 0.021182740251223
0.462686567164179 0.432835820895522 0.0188142049792443
0.431893687707641 0.411960132890365 0.0180440941925052
0.408805031446541 0.411949685534591 0.0191272573010392
0.418300653594771 0.401960784313726 0.0174682134465965
0.430034129692833 0.419795221843003 0.01963095854416
0.471751412429379 0.435028248587571 0.0169252812067231
0.436619718309859 0.433098591549296 0.0197828044636155
0.440579710144928 0.426086956521739 0.0184053103866215
0.420664206642066 0.387453874538745 0.0185700925990167
0.393220338983051 0.393220338983051 0.0162067950615658
0.462046204620462 0.475247524752475 0.0155739610903186
0.475073313782991 0.463343108504399 0.0206685835413552
0.40133779264214 0.408026755852843 0.021276673489845
0.490196078431373 0.492997198879552 0.0185457497282548
0.481268011527378 0.478386167146974 0.0203478728079204
0.454545454545455 0.445141065830721 0.0185363993313689
0.438538205980066 0.398671096345515 0.0190457964516292
0.460122699386503 0.447852760736196 0.0186148618236666
0.449122807017544 0.43859649122807 0.0234830523912142
0.43298969072165 0.443298969072165 0.0172607429402942
0.427152317880795 0.384105960264901 0.0177333327035503
0.445161290322581 0.429032258064516 0.017864052904823
0.418960244648318 0.415902140672783 0.0178879090185031
0.421768707482993 0.387755102040816 0.0149083520471183
0.419243986254296 0.419243986254296 0.0187187187736325
0.394557823129252 0.397959183673469 0.0200929289537328
0.457831325301205 0.448795180722892 0.0216346199973542
0.44 0.42 0.0187283123117363
0.431438127090301 0.414715719063545 0.01842680836845
0.425 0.4 0.0179158767651225
0.438709677419355 0.406451612903226 0.0182100880035514
0.468085106382979 0.47112462006079 0.0186374916760578
0.409240924092409 0.435643564356436 0.0192916522480466
0.472843450479233 0.472843450479233 0.020783955058784
0.43042071197411 0.40453074433657 0.0148673044101671
0.453453453453453 0.402402402402402 0.0188088607493114
0.397993311036789 0.408026755852843 0.0156320537711813
0.447530864197531 0.441358024691358 0.0178114293489756
0.453947368421053 0.434210526315789 0.0221716160982083
0.438162544169611 0.424028268551237 0.0198775609836974
0.466666666666667 0.438095238095238 0.0190382693721862
0.431746031746032 0.428571428571429 0.0188677167647632
0.463087248322148 0.446308724832215 0.0238148848904133
0.442379182156134 0.449814126394052 0.0219779357519506
0.455108359133127 0.448916408668731 0.0190120210712597
0.432835820895522 0.423880597014925 0.0173271465844036
0.450920245398773 0.441717791411043 0.0211080593677619
0.474576271186441 0.485875706214689 0.0193074556933431
0.475757575757576 0.493939393939394 0.0228872656065688
0.464285714285714 0.494047619047619 0.0206162161339306
0.452631578947368 0.459649122807018 0.0246485858818245
0.455882352941176 0.432352941176471 0.0184356605073317
0.470404984423676 0.448598130841121 0.0202422485752343
0.509146341463415 0.478658536585366 0.0233018988322555
0.427509293680297 0.453531598513011 0.0218481365614202
0.352313167259786 0.370106761565836 0.0190823583489721
0.446945337620579 0.408360128617363 0.0201362422197775
0.444444444444444 0.41358024691358 0.014536435928926
0.395833333333333 0.40625 0.0202822521450343
0.473354231974922 0.445141065830721 0.0174623466739684
0.433656957928803 0.433656957928803 0.0197514792972696
0.421404682274247 0.42809364548495 0.0208857460384056
0.403614457831325 0.412650602409639 0.0236684022563819
0.461538461538462 0.45014245014245 0.0154169067446208
0.412698412698413 0.39047619047619 0.0201396754569479
0.433333333333333 0.42 0.0189147168711695
0.442896935933148 0.431754874651811 0.0145907672755131
0.471518987341772 0.462025316455696 0.0182797592174205
0.399361022364217 0.405750798722045 0.0143655655330446
0.452702702702703 0.459459459459459 0.0197649783331161
0.432142857142857 0.446428571428571 0.0230033533763666
0.428115015974441 0.383386581469649 0.0224854142971321
0.467084639498433 0.438871473354232 0.0192023019736107
0.424920127795527 0.36741214057508 0.0177854487661043
0.479310344827586 0.427586206896552 0.021676589539266
0.441558441558442 0.431818181818182 0.0204891074159847
0.464285714285714 0.460714285714286 0.0217923799716399
0.462783171521036 0.411003236245955 0.0163578442426852
0.437853107344633 0.42090395480226 0.0163999479910856
0.435215946843854 0.411960132890365 0.0170462485984776
0.435424354243542 0.420664206642066 0.0239813404080136
0.366037735849057 0.362264150943396 0.0203267103185378
0.375 0.347222222222222 0.021550374566497
0.465703971119134 0.40072202166065 0.020845517871369
0.452095808383234 0.42814371257485 0.0172509256698885
0.478688524590164 0.481967213114754 0.024912088846626
0.445692883895131 0.434456928838951 0.0239558980811225
0.467889908256881 0.44954128440367 0.0209106509513381
0.449511400651466 0.42671009771987 0.0202687922727554
0.469090909090909 0.461818181818182 0.0259908744753765
0.475247524752475 0.465346534653465 0.0216894137839513
0.465256797583082 0.450151057401813 0.0218877666835961
0.397959183673469 0.41156462585034 0.0205130760434724
0.389891696750903 0.375451263537906 0.0188520660665303
0.425249169435216 0.421926910299003 0.0151839172934749
0.433224755700326 0.429967426710098 0.0200720184863168
0.445141065830721 0.435736677115987 0.0152359613642132
0.459363957597173 0.416961130742049 0.0188612539488659
0.483076923076923 0.461538461538462 0.0207585230852616
0.47 0.43 0.0189211596196271
0.439862542955326 0.422680412371134 0.0165186057151196
0.44954128440367 0.434250764525994 0.0181094059104222
0.43312101910828 0.388535031847134 0.0187997159480883
0.446254071661238 0.44299674267101 0.0267260304988002
0.431309904153355 0.456869009584665 0.0199069988170418
0.467084639498433 0.438871473354232 0.0197517154299587
0.401315789473684 0.401315789473684 0.0192950795384301
0.423076923076923 0.423076923076923 0.0166931060261198
0.472668810289389 0.459807073954984 0.0217557284709443
0.454545454545455 0.454545454545455 0.0196134291199669
0.456869009584665 0.437699680511182 0.0182841208839397
0.409836065573771 0.373770491803279 0.017375274759536
0.472131147540984 0.452459016393443 0.021207862839834
0.430508474576271 0.4 0.017029575605472
0.445544554455446 0.445544554455446 0.0223577287140406
0.429577464788732 0.397887323943662 0.0211480942632896
0.415162454873646 0.415162454873646 0.0223524504791899
0.491467576791809 0.488054607508532 0.0256135814865913
0.466453674121406 0.447284345047923 0.0205971227149829
0.475308641975309 0.466049382716049 0.0229572244735114
0.472789115646259 0.459183673469388 0.0242809249059549
0.401315789473684 0.421052631578947 0.0202429664766615
0.440972222222222 0.430555555555556 0.0225755129770317
0.457792207792208 0.422077922077922 0.0219275230411933
0.457236842105263 0.480263157894737 0.0185317247444907
0.386029411764706 0.367647058823529 0.0192715496151475
0.442307692307692 0.423076923076923 0.0183677752609924
0.375886524822695 0.400709219858156 0.0223437653381942
0.446808510638298 0.425531914893617 0.0177774361108991
0.427672955974843 0.408805031446541 0.0183402807827531
0.488888888888889 0.457142857142857 0.0200120776917586
0.461538461538462 0.446153846153846 0.0195361209450705
0.458204334365325 0.448916408668731 0.02262784265138
0.493939393939394 0.466666666666667 0.0212848662943906
0.451388888888889 0.454861111111111 0.0179848759077382
0.393617021276596 0.361702127659574 0.0178186781254036
0.446153846153846 0.433846153846154 0.0164276278574482
0.39426523297491 0.401433691756272 0.0207510478858581
0.467105263157895 0.440789473684211 0.0183178403106024
0.418006430868167 0.421221864951768 0.0224373023915042
0.44 0.396666666666667 0.0175511688595367
0.459459459459459 0.408408408408408 0.0157663619579001
0.418300653594771 0.405228758169935 0.0185867887425965
0.426751592356688 0.429936305732484 0.0210445518398715
0.431972789115646 0.401360544217687 0.0179451729617977
0.378472222222222 0.409722222222222 0.016331786196749
0.45 0.440625 0.0160372086225256
0.468354430379747 0.436708860759494 0.020934175324618
0.411960132890365 0.372093023255814 0.0193201712359441
0.479166666666667 0.489583333333333 0.0257861643056393
0.449044585987261 0.449044585987261 0.0195031433558338
0.393822393822394 0.436293436293436 0.0204591648656373
0.466463414634146 0.432926829268293 0.0218288931107142
0.456521739130435 0.442028985507246 0.0218102523041503
0.359712230215827 0.37410071942446 0.0177421726676254
0.485380116959064 0.488304093567251 0.0210143437206954
0.445993031358885 0.418118466898955 0.018893177548095
0.398692810457516 0.388888888888889 0.0175731462799497
0.447368421052632 0.407894736842105 0.0184826596061233
0.457337883959044 0.450511945392491 0.0186489299638998
0.452145214521452 0.432343234323432 0.0201214930039907
0.462006079027356 0.462006079027356 0.0190738315640866
0.449685534591195 0.430817610062893 0.0223800639934253
0.472622478386167 0.426512968299712 0.0157837830152202
0.422794117647059 0.408088235294118 0.0207583424799114
0.453376205787781 0.430868167202572 0.0203070129349881
0.438040345821326 0.403458213256484 0.0170961400208371
0.418831168831169 0.402597402597403 0.0193711927390091
0.463667820069204 0.43598615916955 0.0224241135300231
0.474522292993631 0.445859872611465 0.0179375277127888
0.436708860759494 0.436708860759494 0.0174851996184394
0.438650306748466 0.423312883435583 0.0169075129852558
0.413793103448276 0.409961685823755 0.0196161997686947
0.46045197740113 0.451977401129944 0.0199238690727212
0.449180327868852 0.426229508196721 0.0199726337244951
0.46749226006192 0.452012383900929 0.0203629677588834
0.445161290322581 0.42258064516129 0.0175758958066001
0.427350427350427 0.418803418803419 0.0166258638137641
0.463414634146341 0.439024390243902 0.0233508889005414
0.452054794520548 0.441780821917808 0.019661618998775
0.391608391608392 0.395104895104895 0.02170075629841
0.462093862815884 0.447653429602888 0.0234280932133809
0.430722891566265 0.424698795180723 0.0180100541492474
0.484848484848485 0.445454545454545 0.0213589305601637
0.434108527131783 0.437984496124031 0.0317131338393157
0.43859649122807 0.417543859649123 0.0248411968192059
0.463722397476341 0.44794952681388 0.019460012402869
0.431309904153355 0.431309904153355 0.0165837964544955
0.472668810289389 0.456591639871383 0.0220203328003804
0.427215189873418 0.408227848101266 0.0222518982834747
0.414715719063545 0.414715719063545 0.0205889956508254
0.433734939759036 0.463855421686747 0.017637164408915
0.497159090909091 0.440340909090909 0.0166948597713307
0.44375 0.44375 0.0200501309628746
0.391459074733096 0.373665480427046 0.0201601973101512
0.457516339869281 0.450980392156863 0.0200407578972333
0.440677966101695 0.386440677966102 0.0193455863104107
0.450920245398773 0.457055214723926 0.0177921465055693
0.486153846153846 0.455384615384615 0.0188141180846786
0.430817610062893 0.408805031446541 0.0195417811575596
0.427083333333333 0.427083333333333 0.0207408360171804
0.394736842105263 0.401315789473684 0.0182761219572324
0.456521739130435 0.448369565217391 0.0177351098172961
0.480243161094225 0.462006079027356 0.0195997491589218
0.467889908256881 0.480122324159021 0.0210552440231764
0.445255474452555 0.430656934306569 0.023223234635478
0.445482866043614 0.429906542056075 0.0193140297797651
0.460481099656357 0.467353951890034 0.0186361426996412
0.441281138790036 0.434163701067616 0.0214336928436308
0.457680250783699 0.407523510971787 0.016659605058014
0.436860068259386 0.450511945392491 0.0188679649236845
0.423841059602649 0.370860927152318 0.0186368761000751
0.460063897763578 0.428115015974441 0.0209665457166125
0.463815789473684 0.470394736842105 0.0174609778673106
0.462633451957295 0.434163701067616 0.0194114722427626
0.454258675078864 0.473186119873817 0.0216903073064039
0.404494382022472 0.385767790262172 0.0157958957904093
0.43030303030303 0.415151515151515 0.017866144754691
0.438848920863309 0.449640287769784 0.0255509370318611
0.448979591836735 0.431972789115646 0.0216603990038259
0.464071856287425 0.476047904191617 0.0181893360607587
0.463815789473684 0.424342105263158 0.0184067978784705
0.410344827586207 0.413793103448276 0.0180200736632863
0.432343234323432 0.389438943894389 0.0217586841044637
0.434017595307918 0.451612903225806 0.0218693694528883
0.440789473684211 0.398026315789474 0.0182386783840227
0.490131578947368 0.447368421052632 0.0182934129066881
0.446601941747573 0.420711974110032 0.018688851599644
0.446735395189003 0.419243986254296 0.0213364078613021
0.400684931506849 0.373287671232877 0.0222472586058734
0.437062937062937 0.426573426573427 0.0183060024897122
0.415282392026578 0.438538205980066 0.0194992630146408
0.439739413680782 0.416938110749186 0.0195088141342141
0.442577030812325 0.464985994397759 0.0198951228969494
0.465116279069767 0.441860465116279 0.0199942199421984
0.45625 0.403125 0.0181794758327774
0.481481481481481 0.410774410774411 0.0185390008596046
0.41522491349481 0.404844290657439 0.014368036136452
0.470967741935484 0.432258064516129 0.0237573932071474
0.463087248322148 0.436241610738255 0.018336536472781
0.486404833836858 0.468277945619335 0.0179858752019636
0.408496732026144 0.42483660130719 0.020666058495744
0.48 0.449230769230769 0.0205803013193442
0.420074349442379 0.412639405204461 0.0179194762722978
0.420074349442379 0.379182156133829 0.0212214956923017
0.402214022140221 0.380073800738007 0.0212642612132537
0.443262411347518 0.425531914893617 0.0170514372333406
0.477815699658703 0.467576791808874 0.0238628260061156
0.462264150943396 0.433962264150943 0.0219708403037819
0.468842729970326 0.483679525222552 0.0201663636650741
0.443076923076923 0.415384615384615 0.0190130630809794
0.426573426573427 0.43006993006993 0.0234400534568879
0.456140350877193 0.415204678362573 0.0187493665267979
0.475247524752475 0.422442244224422 0.0210902790895572
0.474226804123711 0.481099656357388 0.025415237892857
0.450657894736842 0.427631578947368 0.0236038250520312
0.450847457627119 0.4 0.0237650861785531
0.414141414141414 0.410774410774411 0.016368752860767
0.454545454545455 0.43006993006993 0.0204614939361064
0.424460431654676 0.402877697841727 0.0181221004623858
0.426666666666667 0.386666666666667 0.0191110634141169
0.443820224719101 0.457865168539326 0.0195681952175289
0.493975903614458 0.475903614457831 0.0207490188101692
0.469255663430421 0.462783171521036 0.0222259426278564
0.454545454545455 0.393939393939394 0.0153328660357151
0.474842767295597 0.446540880503145 0.0171925069405185
0.427184466019417 0.414239482200647 0.0185204083004158
0.457680250783699 0.457680250783699 0.0194266325678652
0.447129909365559 0.422960725075529 0.0161169737980134
0.447457627118644 0.427118644067797 0.0184014465756273
0.460815047021944 0.432601880877743 0.0187677301864882
0.476878612716763 0.456647398843931 0.0154999968776702
0.453947368421053 0.4375 0.0224021702010739
0.428082191780822 0.397260273972603 0.0180028431564572
0.468390804597701 0.46551724137931 0.0174958027125973
0.447916666666667 0.40625 0.0184955365452608
0.42809364548495 0.431438127090301 0.0195696640495912
0.462633451957295 0.441281138790036 0.0235143695972229
0.438405797101449 0.427536231884058 0.0183475104150125
0.427215189873418 0.424050632911392 0.0178938937211608
0.469387755102041 0.435374149659864 0.0223289146433504
0.446153846153846 0.436923076923077 0.0199639324475492
0.429411764705882 0.411764705882353 0.0173671744957136
0.401234567901235 0.398148148148148 0.0156996985978865
0.49 0.476666666666667 0.0206584456407829
0.44300518134715 0.432642487046632 0.0161155436177801
0.387755102040816 0.384353741496599 0.0166153077748698
0.409722222222222 0.423611111111111 0.0169532360264814
0.469325153374233 0.478527607361963 0.0213750834284313
0.462235649546828 0.425981873111782 0.015556786173639
0.46484375 0.421875 0.0242643049973686
0.458204334365325 0.455108359133127 0.0201762471663939
0.425981873111782 0.392749244712991 0.0134534372046995
0.463722397476341 0.460567823343849 0.0196587762092638
0.463157894736842 0.463157894736842 0.0213309687296237
0.444444444444444 0.444444444444444 0.0196511261716413
0.422764227642276 0.422764227642276 0.02521380371018
0.458333333333333 0.451388888888889 0.0206242109448692
0.41958041958042 0.423076923076923 0.019422062459893
0.462837837837838 0.445945945945946 0.0214251217704695
0.479365079365079 0.466666666666667 0.0248261446405452
0.446886446886447 0.450549450549451 0.0218289096759676
0.444067796610169 0.457627118644068 0.0223488689044242
0.453968253968254 0.425396825396825 0.0172831682862675
0.480769230769231 0.442307692307692 0.019037017996421
0.336805555555556 0.354166666666667 0.0201258031226779
0.465875370919881 0.477744807121662 0.0193269918652959
0.441935483870968 0.425806451612903 0.0213084587532898
0.396610169491525 0.389830508474576 0.0175315028746947
0.437275985663082 0.426523297491039 0.0238578612343808
0.448680351906158 0.457478005865103 0.021550020334009
0.442006269592476 0.432601880877743 0.017967921631328
0.458620689655172 0.424137931034483 0.0210405667179018
0.427652733118971 0.392282958199357 0.0183718987785666
0.428571428571429 0.410334346504559 0.0182195054607497
0.433691756272401 0.405017921146953 0.0208164668353143
0.452145214521452 0.438943894389439 0.0196751883746833
0.477401129943503 0.437853107344633 0.0149981294329722
0.430232558139535 0.437984496124031 0.0229024529997646
0.439024390243902 0.414634146341463 0.0170177251290957
0.426751592356688 0.420382165605096 0.0181368926653553
0.432258064516129 0.42258064516129 0.0184720794186474
0.452898550724638 0.442028985507246 0.0237680127807409
0.453125 0.45625 0.0201624445199294
0.482558139534884 0.456395348837209 0.0197260981115164
0.480938416422287 0.448680351906158 0.0149488918889062
0.466257668711656 0.432515337423313 0.018290947674817
0.488571428571429 0.468571428571429 0.0198710582543193
0.439490445859873 0.417197452229299 0.0176952783175495
0.459876543209877 0.438271604938272 0.0220478204516723
0.390163934426229 0.370491803278689 0.0143103988704824
0.459537572254335 0.456647398843931 0.0175191426882701
0.442073170731707 0.432926829268293 0.0189808769235996
0.465346534653465 0.425742574257426 0.0194820787793733
0.457575757575758 0.472727272727273 0.0177713144234942
0.439655172413793 0.413793103448276 0.016860341365578
0.495327102803738 0.461059190031153 0.0220058430897906
0.455445544554455 0.442244224422442 0.0212242276525758
0.42671009771987 0.446254071661238 0.0198686172362716
0.434650455927052 0.422492401215805 0.0170282660135917
0.439344262295082 0.445901639344262 0.0202460612472166
0.457413249211356 0.441640378548896 0.0205751064596275
0.462006079027356 0.404255319148936 0.0196327840845831
0.461309523809524 0.470238095238095 0.0218610421330699
0.486238532110092 0.464831804281346 0.0236430997061571
0.447619047619048 0.431746031746032 0.0200033768867486
0.454545454545455 0.43006993006993 0.0250374579432854
0.43359375 0.42578125 0.0245337577829814
0.449826989619377 0.404844290657439 0.017658345667359
0.422297297297297 0.432432432432432 0.0237570455136193
0.437689969604863 0.428571428571429 0.0198342172784017
0.435331230283912 0.419558359621451 0.0168026826176165
0.455414012738854 0.452229299363057 0.0253861903305983
0.446428571428571 0.428571428571429 0.017885958616182
0.418181818181818 0.447272727272727 0.02208358037565
0.420289855072464 0.427536231884058 0.0207791156762089
0.470779220779221 0.431818181818182 0.0219288315702528
0.412878787878788 0.397727272727273 0.021140627074069
0.465346534653465 0.442244224422442 0.0198119045225283
0.4185303514377 0.415335463258786 0.0182211037986202
0.403726708074534 0.388198757763975 0.0175712896992871
0.404844290657439 0.380622837370242 0.0203415190576864
0.434083601286174 0.421221864951768 0.0179920508730668
0.402985074626866 0.421641791044776 0.0213619530251522
0.446254071661238 0.439739413680782 0.0191620521555121
0.453416149068323 0.453416149068323 0.0191371125273595
0.436363636363636 0.389090909090909 0.0174523938379132
0.45928338762215 0.44299674267101 0.0180554566818274
0.502890173410405 0.494219653179191 0.0184034309836888
