0.0696887555746184
0.0781127204091109
0.0889332953920482
0.0755115900096956
0.0651281834113818
0.121956124955419
0.0905527489616258
0.0998885659532471
0.0882872100547932
0.0703524111691651
0.0774246373761865
0.112536526312325
0.0651810917943642
0.0885956036825227
0.0618477659178814
0.0592043507844262
0.0897637997176844
0.063138245478725
0.104447396759009
0.116770835806447
0.0663083716999541
0.0815973900641398
0.0768313150548236
0.0710443912565009
0.0832984469633355
0.0879426251959053
0.102185799642782
0.0895054370392503
0.0882005185002244
0.0735010376843891
0.102438403649041
0.0989227626616028
0.10901682487251
0.0783838585183553
0.114655298570051
0.128417800769918
0.0909508178774726
0.0917826756569101
0.0897885110583457
0.0736673954572431
0.0855226142921982
0.1158569202587
0.0846210768968852
0.084613592763025
0.0998951203871967
0.06937645967063
0.0776254233459661
0.051633388785727
0.0795337675543306
0.0874632423960249
0.10838006319592
0.0779914656417008
0.0997343582665137
0.138129558363055
0.0747454044020293
0.0735286776545249
0.09193073718058
0.117578433602453
0.0534765916364508
0.0848864813675213
0.115853936739994
0.102372847963304
0.0881650577718992
0.0943574533371525
0.103073152151037
0.0713579544705955
0.0665074623662192
0.100655385701677
0.11126099964022
0.111464284769701
0.0849979653493142
0.0685974666628209
0.0879551283739353
0.102579418388633
0.0591555714976394
0.0582875439055198
0.0723979947579907
0.112660891238904
0.062827424638799
0.0779817225048437
0.110363132912553
0.085760005425774
0.116844579901491
0.0866569855021775
0.0965845082972813
0.10116319398498
0.0990297719639591
0.0929109499920307
0.0935850453906262
0.108184247668308
0.0767477432384314
0.0948410380502173
0.096172650258633
0.0835120548977534
0.0796890336751421
0.0836214886070236
0.0844543903137349
0.0921060396522853
0.111959769723445
0.0525003266773822
0.0698837815573808
0.103465234133287
0.080192074104856
0.0840369640278867
0.0981887103543279
0.0538199373260923
0.091395481511133
0.0826454764420816
0.133021524710265
0.0894916727042133
0.0798642617024243
0.112835161659951
0.089008651377111
0.0892130405121859
0.0877826098730884
0.0889123250893467
0.0721913615700916
0.0873068187002358
0.0970396877048515
0.0925776449006539
0.116484514186493
0.0594605387252619
0.055393055907083
0.0774106897424945
0.0731074485074757
0.0882952417148622
0.105074118268672
0.108791227754304
0.0845505442536795
0.0554061181552103
0.0997919310782854
0.0872382414626833
0.0812477600251361
0.0887579569093107
0.0658667755362418
0.121832835184906
0.060032331661442
0.0720307021370814
0.0785653371892246
0.0673784786132773
0.0925450023742784
0.0627713740304105
0.087947837304025
0.095897941968028
0.0830847746409444
0.0971716146817211
0.108933757338995
0.0789208697935087
0.0694327169603629
0.0936163516378
0.0708299888386407
0.109988216871221
0.0696262032863028
0.0879872299418051
0.0828615637005402
0.0833033555492078
0.0529181381077136
0.099961226167853
0.0976239397132907
0.0959827440228654
0.0973844195279763
0.0775425426382712
0.0761945923573596
0.0665658951331199
0.0966106716764236
0.105677161889716
0.0931162213026413
0.0744214778883249
0.081148687208314
0.100948622480347
0.0563412001452316
0.0893103204390245
0.0690828811059003
0.0748410140775466
0.0959540505895623
0.108027441736081
0.0938094783524364
0.108333047419361
0.0625932311027036
0.0861506139220869
0.123776066192152
0.0744776407113701
0.0859733224786977
0.0828329199181197
0.0973321966749119
0.0972441466111833
0.0916271906766322
0.0888245188722619
0.102704804288492
0.0833108296179577
0.061961817559081
0.07995333002918
0.0882789108080377
0.103467771400145
0.0792719296616042
0.0855757758394923
0.0673783438211906
0.114630208081709
0.0728873371398446
0.0972020803046341
0.0893195839259027
0.0756380334128097
0.0911032475175733
0.105911226535562
0.088586343471426
0.109619782454301
0.0732352474947948
0.108623247109331
0.0844694831537887
0.092429642019301
0.0692785539656027
0.0607532400776014
0.0898487972501588
0.0969976066179706
0.100710042993469
0.0744182886396483
0.0665005948834288
0.11080202672908
0.11093565688419
0.100334051999828
0.0733147960447307
0.0942262180657638
0.11538735160736
0.0996224376411003
0.0715335525297858
0.0918082081627813
0.0948997549035961
0.0873396745372895
0.100505967666055
0.100006643325788
0.112934314313914
0.0551560568163793
0.0734428442758034
0.106570678647715
0.0811987772775925
0.0933282547907396
0.101937728863856
0.113854331607328
0.0711304686194511
0.0941822274406776
0.111388081453121
0.110368737521924
0.0707082113228859
0.0893238896164266
0.0729352521955223
0.0919758150246199
0.12727905284602
0.0744942881650418
0.0929080506477679
0.107556343014867
0.0769306983093122
0.0917503291209826
0.0842757615553051
0.0824068109152648
0.0976448615910127
0.0761865464897763
0.0760537308061538
0.0538177313406193
0.0830097338801878
0.0724275740614101
0.0611844708793211
0.0842503040253802
0.117984442181357
0.0767172716625955
0.0684305505934869
0.0982995800733651
0.115510751294637
0.101706686505623
0.0985237733451052
0.110069593895249
0.0999034234277695
0.0898951522400149
0.0908370898410506
0.0798682000863368
0.0969897834485255
0.0614474786938403
0.08982926708647
0.100279393192227
0.0865239511399142
0.0765445893315761
0.0651362247354068
0.0938804948274042
0.0855818863424803
0.0892665302049558
0.0891268931899972
0.0922575223803746
0.103538162389985
0.0654679819353831
0.0520658922131891
0.100117232108366
0.0778635014855168
0.0644429304488042
0.0910286561431518
0.0827773599387515
0.09926796575523
0.0846337142072215
0.111502308521364
0.0870997202618966
0.0831386273583541
0.103680657667641
0.0803195430109649
0.0961124495830415
0.0697432699351791
0.0731287973237004
0.0623403948450287
0.0788742369986217
0.0696391544791658
0.0970354406949552
0.0666981213178579
0.0774516234732572
0.104316115170955
0.0837744542658487
0.107166027173501
0.126665550534796
0.0567212912179534
0.109625728594681
0.0828638282440912
0.0632052766586858
0.0904597268021059
0.0909171496707363
0.0966669765546294
0.07751899085
0.105070520420273
0.0682356788825704
0.0771395329825901
0.0801063681605728
0.0976929362909397
0.0747622533030879
0.120032072584929
0.092606346607503
0.0808059445999475
0.129113050115694
0.0949853902516437
0.105641095001593
0.115475077119868
0.120835125816072
0.0599658492046588
0.0827407909946772
0.0838845441355897
0.0543767702463947
0.0680025299206768
0.0842020148009849
0.0483107120282646
0.0755935216718357
0.113735807109228
0.114767858232644
0.0975169622423925
0.11995116463044
0.0940907365200584
0.0930480525071543
0.0950727544616984
0.0807750834746114
0.0772536212651225
0.0859437156950214
0.0858314960891083
0.0799961325522026
0.113616542208706
0.093774132480747
0.0838224859382877
0.10519234127735
0.0756104839355968
0.0977925660561824
0.0869945557157869
0.0872284973171328
0.102457544184189
0.0969423074182959
0.09068743589435
0.0783967691871845
0.0695006593964573
0.0402696516093231
0.103169600356233
0.0920612475854289
0.0854740681950318
0.0724492986247285
0.100503336241883
0.092451549438688
0.0694101428295125
0.0970077298462147
0.10106835617052
0.0670290105470816
0.0705531172094742
0.0888346495025985
0.0928039308145343
0.0625222075433463
0.0708656556320247
0.0970997865962832
0.0850752729592193
0.0798664052093012
0.0911880070242285
0.0636705812671049
0.0851140996546199
0.0754884711486986
0.103101179570963
0.0820239843086084
0.0886785553097782
0.0813794147035765
0.0812080339736699
0.0816620747846556
0.0961691811757503
0.0854895598117166
0.100966194890146
0.0585859259007297
0.0829805995140731
0.0627942616049124
0.100381729103114
0.0493441759254776
0.112781890287639
0.07687465388764
0.0921763926014842
0.117364521881342
0.108351469660387
0.0953884909207354
0.0745405499037959
0.0625548230085355
0.0649924346351007
0.0920539436736126
0.112268044292449
0.0715792160140961
0.0810619756299442
0.092190297541178
0.0777562969086806
0.108804136753129
0.0868655097856511
0.0793534297508517
0.108082320464335
0.0686132659076093
0.0474036217984699
0.109508428958349
0.105268582069145
0.0813343760860736
0.105455790547902
0.102291465157203
0.091099356298711
0.0840997163200284
0.0969095463843583
0.0879413167301351
0.0952095065508678
0.0989975600296163
0.101798377713181
0.0419366249785159
0.0865921354939811
0.0732026535117077
0.0647781478806327
0.0884222364574326
0.0732810374178785
0.0865482823843454
0.0825201050456397
0.133705487366839
0.0805752853299124
0.0812146648782656
0.143167875973789
0.106694938561177
0.0880367133857656
0.0955988380627154
0.115738087800821
0.0833277279123876
0.12093349477479
0.0687637237933257
0.100276134718099
0.0800304888040346
0.114936553163266
0.0977827109665803
0.0583739397778647
0.128603382693736
0.0828163800331763
0.0941713714146464
0.108680006706632
0.0745566017831377
0.0787434480455463
0.0985556305181995
0.0856659434546478
0.0886131345893316
0.0692103931545871
0.11856035579282
0.0885345174242949
0.0826108564995153
0.0674046801971668
0.0944200039675663
0.0830339753210375
0.0556294502384435
0.100710041166744
0.105649906861843
0.12276904625064
0.0664999505504171
0.105558012082465
0.0829334577410302
0.0947124771195569
0.108671241514185
0.0912416651186528
0.0860942597013542
0.121600691711461
0.0862210344590447
0.109484686759493
0.0678203029502863
0.0899692629703929
0.0689961614818499
0.0710132401801856
0.0605283272252632
0.0967293584776228
0.0778554777046057
0.102603318197538
0.0802133295283587
0.073098320562142
0.104883940787542
0.105080219345068
0.0997094421152375
0.0629054739082488
0.0548133802028648
0.0980338194396772
0.116512890655436
0.0707643859060872
0.0919219807275501
0.0742297859021669
0.0779003013500429
0.103343797363293
0.0968605044866278
0.125344275772951
0.0943308417050347
0.0661156557650667
0.0841515486239111
0.0949851938448349
0.0846052617851095
0.0701662077304003
0.0946355772135402
0.106868974653477
0.0717932452978351
0.0805969175064243
0.0971002226738832
0.0947465835488333
0.10466742762748
0.083503912458256
0.121330825241492
0.104143695149739
0.0617558338075853
0.0883937192481794
0.102597317680256
0.0877735243586323
0.0651972177948176
0.0698236425725405
0.100996582958108
0.0972623621137178
0.0700146787387153
0.116682361956888
0.0770041889649876
0.0913669247592939
0.110547658613197
0.0705445750570203
0.0849539856619827
0.0942811262219145
0.0872714667747199
0.0582652221848265
0.070056778306147
0.0828402123083281
0.10192096542183
0.0878420308910539
0.0803435817467793
0.0868687162144652
0.0919095809031018
0.0766176831516057
0.118945428873554
0.102592132841866
0.0797206726306488
0.0376570157499485
0.0893725808649351
0.100361355553028
0.0737105227495724
0.0834346668800516
0.0844036874937182
0.0518853915782376
0.0858344475320048
0.0869890692963401
0.0918744007105201
0.13666433122934
0.0916913346334879
0.07011691308236
0.0478598444407127
0.0607938745715829
0.069915423899436
0.090924317567078
0.0870745463992189
0.0839298063589838
0.0692877264893612
0.0666818777750038
0.105300990843859
0.0753684005315387
0.0651088736984441
0.0971612212922159
0.0708320847706046
0.11072112433182
0.103611929153125
0.132670819429374
0.0925904006742504
0.0718021476711952
0.0946456128714721
0.0907083058875616
0.0697898337820009
0.0933793089813005
0.0837017730953143
0.0989618973177892
0.0936808685947726
0.0554782589118523
0.0987536957475086
0.0674157316763038
0.0613204211401396
0.117374156382407
0.103217117304617
0.104524054340196
0.0913874606865136
0.0739197956338701
0.0790236049338839
0.0799042440492656
0.0639887149977749
0.0801194194465992
0.0983783772914204
0.0992301783533966
0.0672955348158284
0.0503281807568115
0.107490617240843
0.111911928744818
0.093478957791733
0.0845254742255651
0.0945495605141758
0.0760334922118459
0.0623591372438893
0.0608415184423705
0.10348694769561
0.0827078392144779
0.0529219855136094
0.119608463781553
0.103986332617249
0.0899485236749565
0.147836084432056
0.0763437399471361
0.0854567706939226
0.111514851774499
0.0832103927361392
0.119145308868216
0.0585424598772554
0.0714452503111328
0.0756987624919804
0.0847829492184001
0.0981453602790987
0.0755914752277287
0.115712130138457
0.0834534939880615
0.0465974658695747
0.0856423474999704
0.100617961494081
0.0657206927791594
0.104935250552515
0.0985500616040035
0.0869682833242715
0.11271932313372
0.0741766549956989
0.0802008643517146
0.10826687575237
0.0613854546663933
0.068769481576875
0.127336192944548
0.0896923450378897
0.0872293148720085
0.0717262868277524
0.0745911876092133
0.107595912883989
0.0548153203907014
0.064086909069469
0.0790930957687839
0.0792087237699739
0.0784774035400104
0.0768478794155408
0.0793407503459973
0.106016603967704
0.112608111465579
0.100039145747239
0.101129287544043
0.0889118884484424
0.122077180071717
0.0584221904099881
0.0979435516182643
0.0850108909707638
0.093997114675068
0.0675782409702275
0.105865750900884
0.0906801583943454
0.0882277094040135
0.116133338396578
0.0870720434293147
0.0877531752322457
0.0664466374913899
0.0855504331632573
0.0707766581197589
0.110301749789895
0.0868204481604867
0.115213745187757
0.10078499363344
0.0734596788850143
0.0999807783508803
0.104285179348186
0.0734111980926108
0.0736158065727334
0.0877539657226654
0.0741124229291112
0.111857094626128
0.0984754998134239
0.111905934415906
0.083326739245421
0.0579559452388606
0.117967947901033
0.103706263116182
0.100604433158972
0.0707628886899049
0.101794134511381
0.0425536797673367
0.0776553297973961
0.0681686277887613
0.126661466058064
0.0919039948997201
0.0917685710438935
0.0899767456978509
0.0931454274341602
0.0861369778872194
0.100341433604883
0.114285320712021
0.103486881034566
0.0935298365974938
0.0986550157736992
0.104972903724453
0.09262421640281
0.080189074390162
0.0662342704330828
0.0911287503048567
0.070511732739882
0.0850845167931424
0.10731408418779
0.08606771365861
0.103076253107119
0.105456961765837
0.0869218968810211
0.0719171468360853
0.107677328742264
0.0983468716945083
0.0919090629508808
0.080457384052408
0.0685540594834019
0.0616534611323372
0.087723516144317
0.0891310592317479
0.090805359533569
0.117813676645565
0.102364083091156
0.0871712575091315
0.101527081584032
0.115243697273948
0.112083524104451
0.0926212051676554
0.0679511222616735
0.0787204920952262
0.0804221100215849
0.0877278291980194
0.118757006756451
0.0711241075814133
0.113986278600288
0.067769880197767
0.114514389879014
0.0921028119694679
0.0686899704058899
0.073415643437154
0.0918701956483312
0.0993777875723893
0.0985976591530565
0.0672063102903549
0.0827126945856555
0.0941014794335333
0.0899545569223119
0.105829503779769
0.0703629848085205
0.103579893573187
0.0929391387848192
0.0677627649627838
0.0699196753714629
0.0699756133898838
0.092274646237363
0.0933454283816424
0.0739613639788083
0.0976755291489885
0.068756100732194
0.11188169276807
0.0792780299568272
0.0874832940953757
0.0851194182661483
0.0867662936282581
0.106589329090451
0.107273427753935
0.08118342228876
0.0579562865681374
0.0872612432137255
0.084287544684424
0.0986211884529313
0.101973998695604
0.0957426917166457
0.0969863174617105
0.109966077947952
0.0944626437463262
0.103053881148216
0.124217457118964
0.0830772791831237
0.0704127496452234
0.0948896302760985
0.100958493377809
0.102003265228023
0.0783179950900254
0.0834050008318546
0.121800172159755
0.101020573539953
0.0929065588251549
0.0720860959659856
0.0708784889081991
0.078944481270268
0.0564547896303417
0.0913322304457778
0.114950873001273
0.104555802328176
0.0832588358825564
0.103629489608291
0.0968739967463226
0.101488422598425
0.0810686772399388
0.0725299088091179
0.0742817553236604
0.0786839405548741
0.0909844445132024
0.0714403327378799
0.0962050637666833
0.0979733388880284
0.0725918373284784
0.0804979723106866
0.0704127415242296
0.0543502157808212
0.0595223584202099
0.122874285447297
0.0936902537364046
0.0958083731437636
0.09395152527581
0.0731322819226314
0.0742052042346419
0.10591772267215
0.108627414064901
0.0742331668912147
0.091714788084351
0.0578216278896663
0.0987426491064327
0.0956090269634138
0.0799925174141468
0.0563632585361427
0.0731251828668575
0.092072658348672
0.102995988686791
0.114594044972647
0.0999334103009835
0.0727200995311469
0.0929382105692643
0.0916342409425959
0.0664049907030827
0.0696974839778746
0.0909467189376191
0.0996698193746514
0.0961587227117715
0.104508602890231
0.0907212541559594
0.0820374562146599
0.0645042836563191
0.0742315995179622
0.0705566309154813
0.110031042558187
0.0701374575160777
0.0754128525159385
0.099015268052434
0.0939663803524488
0.0591425123148196
0.0863637100366802
0.0906955310390552
0.0569230942307154
0.0590885620418604
0.0695168591406341
0.0890099884201685
0.124704099446784
0.0845184095481765
0.123058281220705
0.0958303828783253
0.0901162885108055
0.0948904475468655
0.119678247225654
0.0663597162087251
0.0684504846270365
0.123993399883371
0.108390979740258
0.0787732744543661
0.121232039410507
0.0789508749823025
0.0625497365774417
0.0578265808366401
0.0931993453303602
0.0835562385141772
0.109011153696932
0.109050695601932
0.0637540057735134
0.124435916460566
0.0742286031656289
0.0941689693418816
0.119301303173861
0.0753654259236118
0.101783567848481
0.105280484339004
0.0764522701028475
0.114953580799445
0.0805110254597695
0.122024629118021
0.0805676101258783
0.0951133960030926
0.0867923263184351
0.102165410566935
0.069446719327563
0.0848332371279647
0.0482422646399563
0.0799914385596323
0.0711689334429042
0.0827387536924939
0.0987551880481467
0.0778532607467618
0.0767801540154698
0.0986899246867657
0.0803967310101198
0.0879074747178563
0.0818626721654071
0.0878065460373325
0.0875762283711696
0.097419078386659
0.0672399208918641
0.114192985951091
0.0685674370353526
0.0677604006596834
0.0779686223004178
0.102132098710348
0.0954511083312128
0.0649092348815452
0.0912264433010572
0.123845918178657
0.0732017710777603
0.108455626965728
0.0864809277500513
0.0774773742367531
0.118762648805838
0.0972608842210857
0.0850562873825954
0.0903522779452718
0.0893842533486631
0.111917087677288
0.0994371374800903
0.1085542534741
0.0718287106611626
0.0863074167165184
0.124068552067354
0.120497975146408
0.0818106692581191
0.0976216586087597
0.0964484267039658
0.0775402807639858
0.0891305139537944
0.0846197596477198
0.0823939904851027
0.0967857348716547
0.113500295474314
0.0711108770629722
0.0998269185805405
0.0822057396383925
0.0880810189986484
0.0827704530523016
0.0992352692928135
0.081738482785674
0.101404162039846
0.0552200611801905
0.138661140077844
0.0973570475359707
0.0706945029612281
0.0832106734598161
0.0925585690128585
0.0946065760848788
0.0722127322322267
0.0923218480186929
0.0907297895403132
0.0927062652915431
0.105775997674491
0.0752659403635851
0.0721143863849374
0.107093310784979
0.100459509089958
0.0723825082937444
0.0722481936236795
0.133113967212042
0.131042876218361
0.104828476547475
0.0666263558471815
0.0724281312204553
0.104945026190693
0.105049618583139
0.10412539659413
0.0667901316599954
0.0945565877059277
0.0946147537123927
0.0873432374339239
0.0642729732801865
0.105272764669598
0.0788002839349445
0.0934896786613864
0.0565422672277482
0.111884127007062
0.0808147266030774
0.0871478830540347
0.0751807992671758
0.0983596338929774
0.0888752017427379
0.0947229914920816
0.10519084325997
0.0902837517055302
0.0627980740927789
0.0694353738487052
0.0722812688131049
0.06844369012535
0.121036322647493
0.076106461749482
0.0900222951815602
0.103995911542371
0.0808281507156154
0.102903011263393
0.111407354493202
0.0578655871690108
0.0930604299975281
0.082850805941544
0.100728947128383
0.0853268991020694
0.0882840831887759
0.104850040542828
0.0776013237449152
0.0960801740179856
0.0843861668133469
0.0910733506416769
0.0871846951522813
0.0934554430289006
0.0895590394992781
0.0808218421825503
0.097617688740696
0.080997219374615
0.0828064753778816
0.0780118799753755
0.0919266747389409
0.0861445594217455
0.0888630470089765
0.0792012805591661
0.113006838519938
0.0804694098060806
0.114257517018203
0.0984446744274949
0.0906163873586031
0.0839025105327314
0.0886566281333094
0.0975355744782796
0.135147258500654
0.0956816966776467
0.0877858508223792
0.0971107402779431
0.0810418485402394
0.081961909448093
0.0698288494426829
0.0844504115267296
0.0813591196744769
0.0976164890401678
0.0868282643254751
0.0961947330450448
0.0660008555098549
0.134570378305112
0.11176103394717
0.0995178278348754
0.102401206376658
0.0994617385487814
0.0776748540232246
0.109359543442931
0.0969339455131446
0.0997620119340304
0.100002687888448
0.0924797311940015
0.0909734471011475
0.108142576213069
0.0739229066938462
0.117957235190648
0.119802012758241
0.105353206466746
0.0742978178429635
0.0790343353750103
0.0685719929071728
0.0744669163825857
0.0889919786805946
0.0920906498781507
0.0677308376855963
0.112198047259854
0.0665911306126286
0.0825859054372032
0.076487167611931
0.0930180326559798
0.0926460320176682
0.0976417869593003
0.101795779359258
0.0963607088233256
0.0581019811380336
0.086072154154269
0.0714653849549698
0.111087370919475
0.0897608008927527
0.0625925600182796
0.0744636600676604
0.100915010048449
0.0916106986639972
0.0838398577400362
0.0715134322929669
0.0893120982501321
0.0793874257458341
0.0624867119771303
0.10509868630421
0.0928294404888343
0.119394711718167
0.0697332135539955
0.0971579684630611
0.0676866261307464
0.0842588274066217
0.0635877248824697
0.0965732165303509
0.0895309433489711
0.0850970145485823
0.0804134862839406
0.0868040489172033
0.104385834496878
0.0984907785707616
0.0832685597640967
0.124236309927059
0.089353992960288
0.0801315878514399
0.0663325902754338
0.097932700755657
0.0920518639168682
0.0778278953925196
0.0944972097801741
0.111149999179504
0.10350498882942
0.118318401899558
0.0906380063426202
0.0650775954109756
0.105048220820191
0.0778517714194337
0.124058011882946
0.0913432198965998
0.0953034598310429
0.0621260071827488
0.0852277885662626
0.0807465470816728
0.100078393769512
0.0737975681320149
0.063406709658926
0.100982254684409
0.0941019041934722
0.069778369147422
0.104413057704179
0.0601901770696365
0.0998554736448164
0.0855669780067485
0.0735187516875479
0.0845257120139719
0.0692954379713571
0.0730586629847679
0.0664894372797641
0.0752917568209281
0.100470026364267
0.0788524813045889
0.0841744907798475
0.111927135360233
0.0770864484059378
0.0993347508530791
0.062586867560219
0.115823768445721
0.107930088708434
0.0699642652629079
0.070279272018364
0.0947710221913118
0.0568622931277002
0.0703684893473281
0.0823326736598866
0.0886237792120742
0.0823058173879463
0.0830784756704124
0.0957944518577872
0.069148151060847
0.108666348112119
0.107644956305248
0.0759194576308833
0.0915042580017207
0.0844069709559578
0.105916876133386
0.0885497795478863
0.06738690345971
0.0737451545703928
0.0779039084417549
0.0983672148466787
0.0960437901292978
0.0924906507784928
0.102027892918972
0.109142778340703
0.0874512787952815
0.104593484243519
0.0882351307773476
0.0864308382706142
0.0889852064780964
0.0853130963075169
0.0875250566547943
0.0791650999798723
0.123189506402165
0.0850452873462714
0.0714045592569579
0.0717695686987999
0.0552481589129727
0.0764554600196068
0.105084396960297
0.0732291784619588
0.0691484323861054
0.0764159837481625
0.071163475946684
0.0857797008403726
0.0770225792053973
0.0984560309769551
0.120664034074676
0.0769494800630712
0.104842346570355
0.0748642953249113
0.108949118923789
0.112199815634176
0.0879318779274329
0.0722795523434407
0.07637661732559
0.086963570947202
0.132599065389234
0.0756040837435342
0.0869482932679957
0.0783090828350318
0.0882403742245658
0.0608231524763862
0.0987681228712884
0.0847747726678958
0.0866151233078846
0.0985131842836948
0.074872348374568
0.0929621171586965
0.0863813919325197
0.0713087054479218
0.0931753686282234
0.0748998215414433
0.0982186282488645
0.0748347230165007
0.0791796876898477
0.0763578850149945
0.108486091848521
0.0991093140986021
0.0716852311295616
0.0829183173677431
0.0924781104184964
0.0704108774704343
0.0826130915989413
0.0649100199793482
0.0431535516847734
0.114664403378083
0.0768586266534169
0.110094430399759
0.119209872370924
0.0836264238950006
0.0687318762089557
0.120644134041652
0.0693317920615224
0.0925322319053026
0.060966844064607
0.108342186639755
0.0721844968367595
0.0962660164586383
0.0988749483499355
0.0830138615198137
0.0950936775311219
0.090649548735013
0.0944377589339703
0.0921736283442628
0.0591722909384317
0.098606887899483
0.100885011538018
0.0914143891595713
0.0808805443611449
0.0884245217845437
0.07814275407886
0.123975230414073
0.126756929676172
0.0783415237735947
0.0842365278591872
0.090434313548882
0.0769371981318996
0.0930764774998229
0.090708409963809
0.0731401935362631
0.077607343794789
0.113004020852962
0.0666154272879018
0.0950927074431666
0.085406790710337
0.116163398749938
0.108562912803184
0.102991160812565
0.0942040441786461
0.0946058680131999
0.0867707587770017
0.0955968385494291
0.0790748564518454
0.0990056038077927
0.0790399175072979
0.0639123176295664
0.0788479459511459
0.0804955441023036
0.0690695555628666
0.043123874148437
0.0950951837518694
0.110249694182903
0.0934363489873381
0.0833446624978276
0.0825936765301151
0.0887453735220725
0.117813174277045
0.0850290525246875
0.0618291413871286
0.0632872982778692
0.0743710049821818
0.0652927921659032
0.0903817276278828
0.0978163531851886
0.0919345121725854
0.117364292410919
0.0820357687398734
0.0934399384560839
0.0935740704612279
0.0933757471294535
0.0587891365943708
0.115791982037811
0.0654592879115726
0.0985068348318741
0.119959258675701
0.109145722233067
0.103763168456951
0.103374601039913
0.0859084575240036
0.0945772155410886
0.0792734745179826
0.0868793954361667
0.0664434799422285
0.118147339588407
0.0487623175703147
0.0926488647827707
0.072088123610296
0.0891090008323286
0.117850222794843
0.090956223152633
0.0986952786662613
0.110137814396343
0.0787195904861831
0.0621262532873041
0.123257358392627
0.0905792349678764
0.0937457200775354
0.0955251672442849
0.102730881559032
0.0893499688949081
0.0981054549179067
0.103356361803085
0.101571000453966
0.0943142123823125
0.0649726006577003
0.0793828986923894
0.111019335852677
0.082625177873497
0.0773106221197466
0.118789478315692
0.102523109438719
0.109871201665113
0.0862208277563454
0.0801328584342449
0.0908894369960507
0.0835379009013666
0.0751548252084627
0.100197947996764
0.0983395710680254
0.0794546743169076
0.100249261745206
0.115913728696187
0.0363570353150499
0.0596118426137971
0.116298632471373
0.106677323009714
0.0819851607972019
0.0523915437110136
0.078019760236186
0.0647250312146035
0.0833616591079977
0.083077585857332
0.109485527690074
0.108521290119886
0.0728407855383526
0.0801352674917839
0.0773955621174554
0.101961043884122
0.0764210492360448
0.0667265429493784
0.0896983853827227
0.0926322116322745
0.12227052054932
0.105483161181468
0.0720657836136853
0.0956637080449193
0.0880793259678384
0.0792989937604963
0.109513384167139
0.100183328310841
0.115443265748469
0.109800166330617
0.106197119590511
0.0751033529151966
0.0862583445269789
0.0971123121665459
0.100899074399635
0.0866002481282723
0.0871934629332344
0.0679349066833366
0.0872908811829579
0.116911072038932
0.0789137419014281
0.0928467478827232
0.11428459574595
0.102832617252607
0.0860460100093544
0.111843480678377
0.08789117416566
0.0609976469057853
0.0696631529491128
0.0867468343839074
0.0929273719234179
0.0613468003800909
0.116627596325779
0.0501283143667559
0.072225996405477
0.109477178983994
0.0978336883271777
0.105635231835284
0.0989963118547988
0.102069431974987
0.0568351846135086
0.107574323449429
0.129540981379603
0.0794098055121827
0.11718330754312
0.102692406687142
0.0698981246599503
0.0731553063305895
0.0682415704273578
0.0778551643148068
0.108207436549728
0.0871547544809301
0.100078322667997
0.114935083308879
0.0877029827439177
0.0783248942857041
0.0891057401094685
0.103887507277341
0.110103824814257
0.099668590638728
0.0743406619847596
0.0865952170390743
0.0733719790783152
0.11522459566997
0.0821937073566847
0.0794453208752277
0.114069542104666
0.0674770021897669
0.0950554141622021
0.0727235492323279
0.0966732050924193
0.089525646563299
0.0752753758435853
0.0827381584175062
0.0722898876191466
0.0670204197954739
0.0973675914310458
0.0952567006766146
0.100266404830023
0.111627980162501
0.0933129022620011
0.111293142805376
0.0836464725985002
0.0808307153302731
0.0955818260211018
0.0587391655760986
0.0883093401773672
0.122443100204193
0.086599283006468
0.0637077488462938
0.0797991538742189
0.0970222284089927
0.0765784257668718
0.080104924815087
0.0869832693793829
0.0839778650462149
0.082800700310849
0.0786887819106601
0.0835598284525772
0.104540604096671
0.0884888113071061
0.092320729676312
0.0690166760071292
0.0676173351987915
0.097785107617152
0.100483885271928
0.0725243696149231
0.113858015060216
0.0924715819162253
0.112100212472455
0.0910899094797318
0.0849325620808216
0.104730302145664
0.0888153760150908
0.0666667237356719
0.0951623786030408
0.0866722993527477
0.083810007139818
0.0702232204246947
0.107003531905632
0.119628355210047
0.0907194986935779
0.0813722649792204
0.0786063504791561
0.0848430473715721
0.1141540252201
0.089953130453368
0.0990072609243009
0.0879000315853847
0.0935405141944227
0.0830145260844861
0.111734309779304
0.0871966957415808
0.0642471644720083
0.0639915430646426
0.0839798768157844
0.0924113058252843
0.0599155844368186
0.0998793863356815
0.103526118468906
0.0730969569467124
0.108322476084566
0.0938750136268764
0.100498483505188
0.115379544174985
0.0773752673261991
0.0921735296443533
0.0906171647877374
0.112428101412253
0.0634941934904703
0.0717768647701951
0.093707687315162
0.0999796395877906
0.100028422959933
0.0943038045799101
0.0999637133353393
0.0840446655551119
0.0799965063923306
0.102029461516868
0.067499192957747
0.0805028693156866
0.0967281255507417
0.111965238239324
0.0770969865852779
0.0601553478977864
0.0976108281819782
0.0954835856140788
0.121867079194667
0.0937266669178253
0.0930063776325686
0.0900995622007165
0.0463525525997962
0.0909734502718779
0.0822458802390684
0.0812546093892634
0.0773605368851928
0.069451533876461
0.0933938245910209
0.112493608701353
0.0918661522948099
0.0932637798213618
0.0940759511367005
0.0707365233496336
0.102808328163786
0.0759786484058656
0.0970447916353034
0.0811290148975239
0.0810707909701623
0.0764792214660125
0.0716460702981239
0.102522122917746
0.101687824037067
0.093306342372317
0.105855503336479
0.107182513412502
0.0965569521497576
0.0905025728499298
0.0744511425082542
0.0886855903684297
0.123849792296709
0.0978247890421867
0.0689382899856997
0.095454039134732
0.0922374550679642
0.0910513022860598
0.0790429643165956
0.0855306778546652
0.0770436262565952
0.0661471268097382
0.0797343905228059
0.0785695892074397
0.0898512925889877
0.0828237154998627
0.0927265790142682
0.0894670290979728
0.107997383235093
0.0858056072581763
0.101675341775027
0.0980197733173073
0.0891379125858039
0.0788685356225744
0.0851652460553155
0.0764798098706412
0.0680764211237071
0.0801851574582071
0.106058523049425
0.0754157094448273
0.0857843085397571
0.0732410361873738
0.0861741040721502
0.067543816713337
0.0678646738597134
0.0730022724604103
0.0798376704705844
0.113692094283209
0.102469161830444
0.0596131148610423
0.105147399623315
0.0954445694735741
0.0853229700154061
0.0823283410717279
0.0881677160535436
0.0907455832317314
0.0627085417410752
0.110952682774415
0.0818210369851931
0.0894126047856731
0.0698313318394752
0.0626468478445516
0.109889004648895
0.115271198545534
0.0652295646603596
0.0864322208793608
0.0985951439497311
0.126087147299874
0.0847969356712499
0.0797750364918484
0.0908924527506306
0.0647598069590739
0.0493225220722131
0.129518420474307
0.0808256214599301
0.122064983790346
0.0617195179555955
0.064693956793501
0.0977701766717096
0.0994222330478944
0.0815824182422184
0.108999621386785
0.0536703936884242
0.1041164976702
0.081890559153927
0.0938413099484769
0.0926483299369827
0.0788975294918163
0.0634294304847592
0.0843074014625579
0.074220491959709
0.0771061127322106
0.118699671474837
0.0911395544908422
0.0816595250686405
0.100710067012914
0.0863609281009307
0.090138918786957
0.0718445128864458
0.0893599161193434
0.0557769236174256
0.0737716873205127
0.0819461252251377
0.0777662025273318
0.0896337407969599
0.0997390143982594
0.109007703023967
0.0768284414477211
0.117404525425091
0.118060504364875
0.0714901002623124
0.107073264573755
0.0737207049278975
0.107698980532513
0.11429552660327
0.0513976162560461
0.0618926653761108
0.0817139719482115
0.0700311138387878
0.0899803560735621
0.0790859037288282
0.127738351211622
0.0894787280428191
0.0990132490665022
0.0647459153240701
0.103531622468297
0.0786517749857024
0.0829643944259625
0.12163448199793
0.10457678986148
0.0601268943104655
0.116288109679137
0.083060555842414
0.0970793790069812
0.0920467388797769
0.0435392376865715
0.0686011723898989
0.0863426880175222
0.0802623949010617
0.0861695987064679
0.0558503266234823
0.0965060585167268
0.0956046692248952
0.0803580645912654
0.0894218954891099
0.1003418900907
0.101265300047756
0.0985133239245082
0.0726081045892478
0.0975824185158268
0.0588665086864794
0.0841835659801762
0.0772899204676316
0.0764693685033982
0.0556070259334177
0.0838728064678398
0.0795937480983854
0.103592567994497
0.0935167088758634
0.0728021207445105
0.105322576910779
0.0640203573288722
0.0753420862684088
0.0558879477966669
0.0714027027400352
0.107115975317804
0.0889384379000482
0.142746005401392
0.0988076172341943
0.0850249726308451
0.0924838381955614
0.0710320728444459
0.118706197025227
0.0650018185158661
0.0753831372493348
0.0906440808580652
0.0960369690708079
0.0746627090197513
0.0922656626234466
0.100133590253487
0.0834287575705813
0.114160193434485
0.0747560740883054
0.0583759567049807
0.107766175590742
0.0996981849893721
0.0432061308469275
0.090848611733764
0.110421040561734
0.0863318872819004
0.109195908312207
0.0632539788294618
0.10786373851433
0.115038451743672
0.104534098969638
0.100685369400972
0.0756327135859691
0.102506614472815
0.0984556574484988
0.058207513512401
0.0917018544449108
0.0695344732339436
0.0705855237274063
0.0824637878984646
0.0697781936655062
0.0895898877811454
0.0819069475059738
0.0844208061011276
0.0793684447521009
0.0505878709856633
0.114902335637649
0.0883267900299788
0.0805625523221701
0.118196957911046
0.0721871347253421
0.0739695021733658
0.0905966264947702
0.0753833391334181
0.112541979448167
0.10451824751092
0.085116399706847
0.0701363655752263
0.131005477753496
0.0960938124534885
0.100777330291751
0.109171063057733
0.0864695805914956
0.0785613557949921
0.052265113419852
0.0740267210834763
0.103626720418997
0.0989403479491281
0.0740701759601815
0.0856398983204555
0.0895326120122737
0.0656411431904895
0.0849979358025215
0.092653678908011
0.0916667723041063
0.1025130941494
0.0822790483187023
0.0854366715879903
0.0748227884433704
0.089495226086798
0.111501980411555
0.0533739985823138
0.0953376204086005
0.0823562353560466
0.0824576828135974
0.0707529414717533
0.0770202151281548
0.0761478965598769
0.0955550299421843
0.0800399336424321
0.0740660169326564
0.0586670168674038
0.0694256086104871
0.0762433664858978
0.0749773590741122
0.0913346101693764
0.1348242884097
0.0535128551441794
0.0836423972359818
0.0862858465746213
0.0769440626521152
0.0826982561075504
0.102598348973348
0.0836741642994282
0.0884301627935475
0.0562483890525473
0.0770150177837686
0.0800403695940363
0.111015271322296
0.0790490698756444
0.0833390232557553
0.0930546716626258
0.0850587936416777
0.072742060558146
0.0958196780802527
0.0740682115742115
0.061961358634509
0.0967342969273939
0.0951734125222272
0.103643536314424
0.0897315035339321
0.0711633463738284
0.0852837857079293
0.100256171771844
0.0626749501917983
0.0913233504023371
0.116009862969126
0.0876911737151238
0.0676627783327933
0.105545616138231
0.0627593160254853
0.0960702205410373
0.104654696800412
0.0784929719378886
0.0838133096029651
0.0698117560049329
0.0812959687573482
0.0893035069695271
0.0928234537452656
0.0861963391893792
0.0886739560417567
0.0952150245128748
0.0806343154167993
0.107431473683774
0.0802266983022063
0.069390117466895
0.126134667013903
0.101860379846973
0.131732149333504
0.0734705734853618
0.0976076857610215
0.0919007374160619
0.0829944319653958
0.101028991653939
0.107851144413795
0.107267864261339
0.0792380630229551
0.0602224271257374
0.0988332779070095
0.0804938510608707
0.0877277350124697
0.0920366157339514
0.0892766623883178
0.0923300441012958
0.0858569737297122
0.105559342739379
0.111829624498391
0.0765911378209417
0.0572247658205126
0.101797748177383
0.0600041131568987
0.0828847563114808
0.112147001241157
0.110565738059747
0.0898038121706948
0.0674878601096416
0.0946593059850682
0.0849573952960504
0.0981469488300599
0.101098240947634
0.0677298896175846
0.107863001582929
0.0735789385177693
0.0646036808550822
0.0602735216222772
0.124656164643139
0.0601327745181041
0.0636433248326981
0.077689123237301
0.0750135639875916
0.109911121789036
0.133197869921931
0.101686232555518
0.0851811122061366
0.0798691108884472
0.0907580948072238
0.093038458139445
0.0740695786600737
0.0931898948183347
0.0849925306609853
0.0919223409410257
0.122091671087234
0.0789846568033425
0.0828603310699003
0.102154784674856
0.0841537186108877
0.120745343438183
0.0824917658822589
0.0683003312169863
0.0871232663293099
0.0948173179690401
0.119409305525635
0.0787024352015446
0.0918908486316971
0.0787071556579543
0.0867503837625862
0.0985721959967943
0.111559303997536
0.0817355300327933
0.0987384399575473
0.0990314818435407
0.0637297825720888
0.078772695158891
0.0560062883501793
0.0763919889387869
0.0826780508991072
0.0565397073951747
0.0952185540676172
0.0754557438729729
0.0991514070431513
0.0605513007438114
0.103394660597964
0.0707853610131559
0.100606023720148
0.08234108048581
0.0903070935856021
0.0671420535369929
0.0861500101290814
0.0868483043410252
0.0894197712288162
0.103518827525447
0.0853895564137016
0.0950617434926494
0.0693911698907579
0.103833015784962
0.0981433668904341
0.0605582332451788
0.0793163241639999
0.1201586987313
0.0891371401453744
0.0555523627728365
0.0628513221759651
0.0538959142751199
0.0712319594232327
0.0814686390941957
0.0559515003505517
0.0718300595349878
0.0629740202384683
0.0857987630269557
0.0894521420784583
0.0593131351538135
0.102548381501275
0.0645494985726185
0.0846871338071504
0.0961362383732665
0.0800564490055631
0.0578475187898068
0.10159653860777
0.110192481899281
0.0877917233893968
0.110005571195747
0.0739175107830742
0.100751359125455
0.0895842445457869
0.0946242911562948
0.0736063424815581
0.0883726172546413
0.0926980433691714
0.0961712355290025
0.0829644150424857
0.112577955262433
0.107637813722647
0.084160409498264
0.0826240419350704
0.0598991955697417
0.0897368373925887
0.101731720405266
0.0788158272987723
0.0948438069996852
0.124108234903294
0.0663715833529488
0.0704739096823043
0.10783659847353
0.0886666944650642
0.0766517033259618
0.064782230149796
0.0865499981483061
0.0904256091449405
0.0847211124898165
0.0839383922552137
0.0796972815088603
0.0781685522465775
0.0634385325607072
0.0953460288131798
0.0828002309346884
0.0755987080231074
0.0920973088063145
0.108329108274006
0.0710278642304252
0.0882844430520109
0.0683570345930863
0.0821461596565199
0.0489373101624502
0.069332263416045
0.10380551646333
0.0857969858415034
0.0798302380306639
0.0947841931953911
0.0771834627437437
0.0951002811022137
0.0996887796800395
0.0970041252317913
0.0661949353470828
0.0885963423810594
0.0613778274106769
0.0737947213752618
0.103947089645591
0.101267507591485
0.0795926843437631
0.0657627386842477
0.092517080186051
0.0728112092018753
0.0828438697364088
0.100877389960994
0.0840724803321602
0.0963350478275824
0.0867117947181168
0.113869347414402
0.0886693636965585
0.0868406137444319
0.0596614377088209
0.131827280156507
0.0511659845802382
0.10511675601066
0.101280964917494
0.0989797663175542
0.092757329590577
0.113662777512691
0.104922331349775
0.0829032461029996
0.0913036928105052
0.0806048346466257
0.0658219126098039
0.101723209444244
0.0893410811490792
0.0637384638845101
0.117888733447115
0.0743870067850366
0.0708695495886755
0.0671125336884459
0.0815521257206139
0.0768077141135307
0.098332288582282
0.0817715732851494
0.0988835718199044
0.0848102596525636
0.0736258873296981
0.0813777907919132
0.0493366388580604
0.109512884210319
0.0759206713200501
0.0927427066752266
0.0869454370969165
0.072966276870577
0.0814880266428035
0.0820952345236349
0.0577233325753566
0.115701977991031
0.119286009490999
0.0669908692950861
0.102790713163649
0.0995515340828071
0.0776619441403722
0.0569562536057098
0.110579512048994
0.0657816983533066
0.0726188454042913
0.084845512283753
0.055771388852239
0.0913767027193819
0.0825870308649442
0.0723857898800973
0.079497007235374
0.116796192187255
0.0907965455476896
0.0733091627779877
0.0597652877332571
0.088046681043214
0.104521499580693
0.0754700946720104
0.076023156965912
0.0689289532517531
0.0737409875408868
0.0753282069556327
0.0836900469565268
0.0616859906175998
0.0643697639879356
0.0805609692010623
0.0617811972324792
0.0816723958992548
0.100619737254314
0.116812638142865
0.083823409109843
0.106427625852508
0.0863079712499577
0.11171363639398
0.145973060506451
0.0605903099671739
0.0744674772546094
0.0878867601203551
0.0973039166935171
0.0788596119802832
0.0778286361769116
0.0945803874964498
0.0642220840786219
0.087164678022322
0.117893663418434
0.061330120335429
0.13523521950781
0.0889976024742495
0.114873672954911
0.0905063163219874
0.0918931610045483
0.134073824325414
0.0957255472603159
0.0985464510300426
0.0563697461278644
0.0598398268642787
0.0973057136523271
0.0874610151829122
0.0990404965539316
0.0908341316870102
0.068640874249386
0.0989797112844591
0.118495155300065
0.112393489225111
0.102713503623893
0.110816282809216
0.123321111943433
0.0964860750342446
0.0698590875031572
0.0694501045476815
0.113482181192855
0.0798528555877212
0.0771371369124665
0.043922589997816
0.0975991925662748
0.0943774793032635
0.100535493970675
0.0560962368445458
0.0802962432079136
0.110016075994714
0.0991606540888712
0.0604599071247701
0.0992765126050884
0.112431010170251
0.146607564208295
0.0692959138649274
0.101376612414862
0.101721397384855
0.0688491403375014
0.0816204496370463
0.0982021841974008
0.0922929664907333
0.0789658510414797
0.0906467638511245
0.118951445714244
0.0841225644891854
0.116429971465871
0.11140006898511
0.077855693371956
0.0804334636350395
0.0738629546335736
0.0630101167485503
0.101810986813137
0.0953465083309885
0.102418397248405
0.0754607351943422
0.0847517519556461
0.101990652258632
0.130890678442856
0.0675086730508415
0.0765791905036408
0.069461037219281
0.0994111987005785
0.0761239624618001
0.0388942008476118
0.0629188360374801
0.107080889034005
0.0941756619123451
0.0684114819932501
0.0743267217199473
0.0825026562238717
0.106553457554433
0.106587916154324
0.0836310741442065
0.0623497414154927
0.11261275149188
0.0607848271967637
0.117413919071495
0.117407740942335
0.0752524469658232
0.079660279495871
0.0820050965063993
0.072131771290041
0.0685593912258567
0.087546828303018
0.0772938652208133
0.0844265908109059
0.0624272598781179
0.0739721999749117
0.0685455975517114
0.0853248786436788
0.0851591846573196
0.113762696697904
0.102995990516978
0.109465305525384
0.081978010070406
0.0622533191966562
0.0749343987887793
0.11412415203484
0.100144106164416
0.0787483545783169
0.0918915087653872
0.113940870349914
0.0755626959120358
0.0720256116630746
0.0628357406198859
0.0891690122010329
0.107594832650691
0.0932202450402251
0.0610335538832835
0.0717088860245127
0.109621886096089
0.0691353032593077
0.110536319032276
0.0742466433183523
0.111857323703747
0.130081357879205
0.103856450932383
0.0821228563171816
0.0914501037565651
0.0785016196700313
0.0814527218217899
0.0928096660941139
0.113855611357038
0.0805900135287487
0.110595154290367
0.0881144710081831
0.119385712769145
0.0896628983977489
0.0393682652449082
0.0472420719884829
0.0715133045040889
0.0653944210765032
0.0985421600146745
0.0884522802404261
0.0600584321275525
0.0975823989319167
0.123190730577961
0.0844541358944828
0.0831288988198614
0.084407930062483
0.0894333631815809
0.131971707088828
0.0675808935804528
0.062558825300784
0.0994566090530962
0.118255270373565
0.0975902983180478
0.0889497226037029
0.0611357974987361
0.0931282345957431
0.116814465768179
0.0903782946524397
0.0863257239042083
0.103873695363688
0.109004880507265
0.0925984882619366
0.0862572836773219
0.122280646308079
0.071980218012852
0.110909144643598
0.0835967603337005
0.0518901945971644
0.0733498858803836
0.0619580362771786
0.0719344551170853
0.101357277786509
0.122069330778157
0.0949772020168947
0.112605273659414
0.0944437372978627
0.0859728573661103
0.107180933166567
0.0901361063309855
0.0818324416408383
0.0864263277753963
0.087412409861606
0.0890430226812787
0.0923550272358306
0.0745918010828782
0.0684913617135274
0.0653370558646029
0.0781606718742695
0.0953575146140488
0.0935958467730767
0.0706980420999617
0.0807800212737995
0.058903936430654
0.0851661813677311
0.12633883882178
0.0846010362311722
0.156641915229337
0.0893146378569234
0.0696509212348082
0.0616800550238131
0.0584377276132412
0.0890080890131596
0.0647202163852193
0.0955538425746741
0.0838888537798756
0.0995767357936262
0.0877344001288243
0.109170471335779
0.114717869651878
0.0937320376041075
0.0906289418336685
0.078132481308864
0.0994631436624233
0.0896131143211052
0.0728684226977063
0.0749636060668009
0.0751781399656074
0.0757207076385205
0.0704782424761734
0.136196220934846
0.0853366543734791
0.0881430221789656
0.0815968576911635
0.124019064205543
0.0966614998120281
0.0904787789983896
0.080046379197041
0.105870817903528
0.0605128479326234
0.0984074330074332
0.108003021995729
0.12288530617017
0.0886409898203504
0.0812188757070302
0.0840480887638075
0.0930257693560042
0.0849150133829024
0.0666738553467965
0.0722196710965856
0.0838755689557046
0.0882324184593596
0.0801790216728741
0.105784898014983
0.0848032867659636
0.131957678578178
0.0817246711327806
0.0602033050598174
0.0982852767085398
0.106283241037026
0.113202690359398
0.104328525046691
0.0887819048724414
0.0956192675582668
0.087286334615622
0.083535154872796
0.107169164159572
0.118106955557145
0.0982576548368354
0.0644271929904249
0.081096561566491
0.103257658875841
0.0930649844517615
0.0748145674918414
0.102765511322122
0.0776453553311519
0.0731818900659502
0.0896230080091885
0.0795212246599529
0.0805694912290939
0.07525301557199
0.0815261927500616
0.058024627521984
0.0904509073472842
0.0858083115743265
0.115914702008077
0.0626074735802208
0.0574161749547797
0.113865337070112
0.0796434522096179
0.0479644454960211
0.110302880624836
0.0833245032565345
0.0770725021048513
0.0781908213564245
0.070196942706986
0.0899721705415741
0.0519260838795076
0.0961539528803371
0.0913007627155711
0.0909464681425201
0.106050861476151
0.0907800408644136
0.144432616476104
0.0684214194908603
0.0904893277436587
0.105264314453222
0.0661402739464838
0.117230524015609
0.0766712584760716
0.0681647674068705
