5.92202901188837e-10
0.00368037162637632
0.00374402486209012
0.00247741921299397
0.000320812259633972
0.00171360964005083
0.00666464205371158
0.0015510028833576
0.000961551455983623
0.0040572928136113
0.00354247410605443
0.00232778266280907
0.00562228934235695
0.00401462708205246
0.00160176024333685
0.00457259454884829
0.00480068192066325
1.6917449421756e-05
0.00322175196295489
0.00134270627404354
8.43755787803586e-05
0.000193301578899673
0.000917570538022405
4.91266584947925e-05
0.000793081238366279
0.0111196238205998
0.00330441611712074
0.00247553701326126
0.00241240649786091
0.00386584830340677
1.94246079000678e-07
0.00055503977933072
0.00363076834478881
0.00191307381155037
0.00143428503790791
0.0041786745666698
0.00193627226719635
0.00972765456529503
0.00145248316637548
1.50589247093885e-05
0.00256400212791231
0.00278971891725856
0.0102228680604383
0.00354458167085686
0.00160046203514174
0.00238746543409012
0.00350889996281276
0.000483268391217948
0.00273854144813077
0.000346205432353498
1.71565560880791e-05
0.00181535137543339
0.000297170288627196
0.000410034569075687
0.00412358932941831
0.00115321247991456
0.0089638476123773
0.00784973398847521
0.00310444626844065
0.00114423070200723
0.0012112226162935
0.0059226590455116
0.0127779829963975
0.00650322016472055
0.0042306313066507
0.00269943464784259
0.000261116596778515
0.00375455625137724
0.00166299436667776
0.00353980416308653
0.00575089658769105
0.000955531492394337
0.000957508902468673
0.0125281495313565
0.00292189680166907
0.000737571803312283
0.00285491498698745
0.00603762623307706
0.00305704758287012
0.0072929753954698
0.000735007247735728
0.00287974410474589
0.00182797098652796
0.00161290893353503
0.00146291199015698
0.0021544919018362
0.00430170258628672
0.000597986248971328
0.003452656409674
1.95240013046671e-05
0.000517060230242059
0.00797406012142368
0.00430611542177801
0.00416693863680257
0.000738599825661373
0.00190564561140718
0.00195215221935426
0.00221821725202743
0.000532150729503443
0.00184486106102851
0.00314169495068293
0.00791595791633307
0.00449312292043823
0.00179826054659284
0.0062512322222137
0.00237802419079643
0.00191305531869291
0.0074762348399536
0.000786693065835703
0.00459836419839371
0.00324254440786522
0.0054484918103416
9.32694122721592e-06
0.00369612811116739
6.06279838736593e-05
0.00622038927291142
0.00243584893373151
0.00818046686406841
0.00100792773359583
0.0039741443164196
0.0027285070416786
0.00874108828568918
0.00328778345121442
0.00409102208163061
0.00295037319548918
0.00217296695401733
0.00335299413174567
0.00158729540961244
0.00624866921424128
0.000875797557270577
0.00772599564153172
0.00126280289732597
0.00975353064463819
0.00172653578772692
0.00199237469227377
0.00183472262908933
0.00407216097222099
0.00972989803647388
0.00315261268225631
0.000429669505861039
0.00172644570500623
0.0012683318330623
0.00858805058919204
0.00279404634883925
0.00447955019819474
0.00408313002051749
0.00193091846779449
0.016402621303028
0.00656335168488318
0.00604248764555363
0.000865792369269364
0.00486982656477767
0.00420980995316546
0.0111017800374342
5.85961642565546e-09
0.00326637203057014
0.00531855280217118
0.00455256702402303
0.00420409289396729
0.00332035985326088
0.00201361084745231
0.00264697821858026
0.00152020699823865
0.00151074581837603
0.00442807654346931
0.00467643946872996
0.00347975446330056
0.00317502260175559
0.00548244665674545
0.00306429084030077
0.00291430026049615
0.00250542771883006
0.00493470965104855
0.00111739750534302
0.00139494798322189
0.00450080531517921
0.00139666938764637
0.00175376657349172
0.00176136323891014
0.0158703028226138
0.000730521306559551
0.00525386732547436
0.00189801000936625
0.00596130960068223
0.00477039770820678
0.00372650022350257
0.00391969470596873
0.00270881265643406
0.00165916773869258
0.00327989804707195
0.000325147437425832
0.00515999321788324
0.00192698000533445
0.0063791296197984
0.000203882137049445
0.00186632902467011
0.00177398439686427
0.00682597503936288
0.00202136726860509
0.00230149879988313
8.73452636988219e-05
0.00395444998639911
0.000381865887747197
0.00190287513249885
0.00493890239459684
0.000441519272283728
0.000615986984280436
0.00359657955325073
0.00600092603968485
0.00373831889588368
0.000364294863469306
0.00408443031185038
0.00607908477793492
0.00398526374815521
0.000862062746957157
0.0030911315147395
0.0060985976873851
0.00202959805322999
0.00891644445366018
0.00257003250631063
2.52396487059605e-05
0.00146640352351048
0.00489315669584897
4.81365459071936e-07
0.0132119458100542
0.000609305345194684
0.0073401308503771
0.00325874022335294
0.00105626488888006
0.00810664048634696
0.0021135599388381
0.00240150027971354
0.00127528987215335
0.00287027198392747
4.05239108196547e-06
0.00390387660039537
0.0041435917198423
0.00277157311705468
8.56971240092824e-05
0.00150581795314457
0.00376628999522637
0.0011022650915358
4.22559536118143e-05
0.00125317780939159
0.000474623157868892
0.00168224597435355
2.28315536280011e-06
0.00275433204615319
0.00102443659486615
0.00401980128672993
0.0111381395728863
0.0135424639537913
0.00484926507371628
0.00150184525493592
0.00420022676365115
0.0060688154707959
0.00433572879216766
0.00736208585325615
0.00179780167020361
0.0014033322014144
0.00391383698679758
0.00215144327880774
0.0023848866619467
0.000743413871018119
0.00147788615768865
0.0012944996167121
0.00148896187256741
0.00114038335452127
0.00210866831564853
0.00543347981498552
0.00113773841875022
0.00193001086220411
0.00233002377685665
0.00237083202890565
0.00202522887016018
0.00588735175539203
0.00118154912385754
0.00118850814464242
0.00159624629204379
4.48775398295206e-07
0.00248140648663063
0.00289443355570347
0.000373619800879254
0.000399320984238508
0.000387259611220332
0.0108167134508157
0.00376947044514266
0.00238779690496516
0.00274245320426995
0.00226581111464824
0.00874618261420765
5.69392678382177e-05
0.00019421811631337
0.00200799613584176
0.00244386774199696
0.00528799295135581
0.00244316927064272
0.00110534586206037
4.14939486505694e-06
0.00108281675329728
0.00804470686964793
0.00203219324626004
0.00161037460432469
0.00224088372920095
0.0074433295046937
0.00149512612772007
0.00631971602097582
0.000981201776958454
0.000300125035225053
0.00526422257741143
0.00314197869987899
5.30381201842498e-05
0.00618382503223313
0.0024613685401699
0.00130963096148774
0.0025011687736329
0.00223395666708066
0.00282724827144118
0.00364661586569453
0.00294840329497471
3.16345783038119e-05
0.00386686063229927
0.00078514510880974
0.00167176292516597
0.000282691387521062
0.006933738016274
0.00649101075199723
0.00646116167688298
0.00774361301368867
0.00201904576640012
0.000154285224676879
0.00741932992723919
0.000886804301618795
0.00186781247881452
4.50805611621782e-06
0.0023777392742751
0.00196706464715002
0.00232340425820574
0.00477784969179108
0.00391995878454205
0.000926273112069235
0.00113697202722386
0.000380645806353975
0.00150023149880528
0.00623001036656315
0.0100354157073148
0.000770170451564269
0.00636718309327276
0.00525743421822786
0.00382929744764761
0.00370015262435916
0.00379881610557716
0.00294842350381819
0.00195039755371433
0.00410207782751978
0.000868312530362124
0.00330260731891152
0.00407457862589974
0.00381030531125815
0.00584646031074839
0.000991153312437763
0.000479017644275038
0.0071730602302194
0.000771057962679715
0.00407490848547843
0.000147021311444568
0.000190597601964729
0.00475984432337252
0.00436704027406893
0.0109919568115551
0.000709765123679622
0.00945330590575654
0.00458869438703163
0.000989826863704484
0.000366154911330022
0.00225513353731062
0.00522095246660465
0.00574507885548857
0.00498296290989491
0.00154170582297962
0.00837940542833315
0.00328788937570579
0.00456950260543327
0.00333992388542813
0.00347792458155482
0.00298927117214839
0.00541326520982495
0.00743635673460723
0.00224683343474251
0.00278844402638039
0.00213340072810288
0.00793605330403918
0.000980489586180034
0.00338712631717765
0.00290684821409873
0.00669788058739962
0.00757598602169061
0.00173544435426321
0.000363578118592784
0.0202939659528977
0.000123369266659668
0.00443537692915944
0.00019057650873107
0.00484720035650553
0.00301483795794191
0.00112276895406811
0.00374980836127221
0.00212960523505034
0.00248964811708717
0.00446274619422641
0.00178601082495554
0.00925300709506127
0.00213150559411131
0.0036202397414919
0.00152516049768742
0.00398548786728204
0.00116773074306371
0.00146782130487958
0.00539148145232383
0.00226102086903076
0.00287990411632847
0.0144439276055274
0.00183436121848596
0.00632172125092324
0.000429416413898121
0.00548875319518613
2.14287315546339e-07
0.00357868568963453
0.00399184133336954
0.00329024130670471
0.0241450992706591
0.00477860191346081
0.0032001922025981
0.0120170209103064
0.00500026319463693
0.00163765329137102
0.00252485743732231
0.00224386665737019
0.00772162986729235
0.00304320564007718
0.00304748509450939
0.00324785558562931
0.00917473492421884
0.0024379373908855
0.00474022825336687
0.00514653562778032
0.0014990513238348
0.00444042203190928
0.00200937680750864
0.00338534835417374
1.04258999740013e-06
0.00327423469316669
0.00158219585725842
0.00300617192154506
0.00578618565558948
0.00304858164299981
0.00198664309105896
0.00516335631854923
0.00303949864495225
0.00576799265811007
0.0109374014241476
0.00454173929255071
0.00129776719968642
0.00525867112897038
0.000973454205119541
0.00345735653043318
0.000465096775467973
0.00840347637685102
0.000141087042170027
0.00766605770926699
0.00270062248372869
0.00266338230535114
0.000888143891713068
0.000321546546611768
0.000630809787472549
0.00191882353538417
0.00291546620373602
0.00445110949911247
0.00133152849068789
0.0014444019478303
0.00202194205600011
0.00224686959117377
0.00193131033066897
0.00483149114553537
0.00209916979352389
0.00498432959048522
0.00302737905110649
0.00871251123387755
0.000440907644631017
0.000317704965858601
0.0072021133486764
0.0170197436700917
0.00216997527359549
0.000411946075634345
0.00543486771200687
0.00541030674127326
0.0185796494130504
0.00306418632074751
0.00820840015169047
0.000315603016632731
0.000128588345293981
0.00626360301336333
0.00318600115990592
0.00324371476258154
0.00736134801239894
0.000309577688352633
0.00198533581434431
0.00299561586220922
0.00639038048108415
0.00176202689881133
0.00244689173693101
0.000109451507087318
0.00175100179898746
0.00557947170620497
0.00115678834112206
0.00774918225490314
0.00485889744136345
0.000603697377189733
0.00284005122567532
0.00774265514975305
0.0041924684995561
0.000389452930758611
0.0052691846275839
0.00101570361514367
0.00146440157850113
0.00148798362478252
0.00664115024100815
0.00695371254479806
0.00372963822212276
0.00356658228263958
0.00623921002464672
0.000948402012117934
0.00284584117056365
0.00526594540588919
0.00993754061922593
0.00256113413454606
0.00463255001321107
0.0010253899437673
0.00168708046066165
0.00436649638543795
2.35341317691159e-05
0.00124127224589888
0.0048217971266901
0.00286295648488302
0.00310812090850406
0.000646704304496467
0.00560680515852693
0.0016445795635355
0.00153612506583847
0.0015301616097749
0.00462121104485534
0.00685437154131441
0.00113804813276854
4.65661633057907e-07
0.00567658774734396
0.00161043778218028
0.0107173753367389
0.00556397107133596
0.011886865005701
0.00193255017849516
0.00269347219223116
0.0060878176616837
0.00386760097358661
0.0131602825641122
0.000113798219747979
0.00445004061256172
0.0102513686672746
0.00159111737235862
0.00147611814515778
0.000174436199013948
0.000657859540427507
0.0022950640512904
0.0115928402415825
1.1243343239992e-05
0.00418915606499011
0.00125445242362282
0.00217774815592628
0.0242230484518411
0.00347507846609053
0.00214526876261995
0.00369362382254434
0.00725997310278833
0.0140945447841717
0.00408181152183057
0.000129253723947314
0.0117720086419295
0.00467590310287292
0.000590590614464314
0.000430189724185673
0.00146803018973959
0.00353538456425732
1.29098823615871e-05
0.00633909968551033
0.0028736470451465
0.00464373655704457
1.75567281213589e-06
0.00536843700265702
0.0108216608847793
0.0034460906082572
0.00271537515737277
0.00779820187555177
0.00515571232094219
2.18799471184769e-05
0.00388366758841375
0.000560254553589049
0.00282177829862512
0.00147585209942074
0.000340055026484565
0.00140223349907433
0.00640494228850391
0.0117276692181902
0.00758308451622809
0.00556775421984683
0.00838922210823585
0.00255350465425414
0.00139713346568988
0.00187648232546867
0.00315664826232941
0.0015386499619267
0.000296607082666794
0.00142529400642182
0.0030892490917799
0.00591596408226104
0.00239339767648756
0.0117117904431232
0.00267771941315077
0.00243464332836427
0.00322300468269667
0.00483551412510905
0.00470440596859663
6.71709508658523e-05
0.00364857630217394
0.00367483160366579
0.00368354669061897
0.00316541323142451
0.00646549740768258
0.00659579350201802
0.00360223288285675
0.00449200999277358
0.00196589132538846
0.00492595685577598
0.00499175939613112
0.0116363980113129
0.00107615600846071
0.0022705425561306
0.00856388800970462
0.001032828923453
0.00514719415921639
0.00336895671520844
2.70602254439085e-10
0.00531080162322865
0.000979970228176589
0.00452880850419552
0.00020241860762938
0.0021038180617587
0.00362759871023089
4.3302508142818e-05
0.00031756459413348
0.000226503998013916
0.00375901008848503
1.17403456793238e-05
0.00114808791332984
0.00634904478721584
0.00240352651312557
0.00302727491688422
0.00328329221604734
0.00172070462918847
0.00351024804010145
0.000140329130377639
0.0103494322313481
0.0133660789782471
0.00836560660277065
0.000268059108549023
0.00822302084122033
0.00333145221812425
0.000465357311295412
0.00116397387440643
0.00112997133796986
0.00325796339985734
0.0101163970319702
0.00175431579320973
0.00190246238470427
0.00120358623086356
0.00559781127514883
0.00293331394798395
0.000359813017908899
0.00147395452900772
0.00115320289770239
0.0127895201760942
0.00284285076114903
0.0181585607289642
0.004099683438244
0.00530342648671194
0.000299239560206865
0.00231334375780529
0.00859842672782613
0.00889229077449321
0.0140366445723761
0.0104407858498828
0.00502779687987997
0.00767388030367421
0.00163872350325673
0.00845300131843877
0.000489559323308688
0.00450986259802925
0.00184043375100835
0.00383888248612372
0.00887937888780674
0.00277918753216235
0.00477731403312116
0.00364296418782487
0.000506135518946398
0.00450455980509127
0.000991378303481697
0.00551218092884549
0.00526184324974471
0.00190396946522175
0.00139782961314606
0.00324169852630828
0.00293645325906111
0.00734956463619348
0.00188513719406627
0.000214596641202356
0.00374967050442812
6.13599415489617e-05
0.0103486529272776
0.00421581469144569
0.00265733902931874
0.00395038984374573
0.00292489773424316
0.00229094064271625
0.0055319225118659
0.00122073111136462
0.0013015799818892
0.00455481053040902
0.00426775231725231
0.00858898493511426
0.00208791513203387
0.00453736355751398
0.00931173857792083
0.00776496736938152
0.00688470977361839
0.00128553343555424
0.00199514616632929
2.06043037121649e-05
0.00413439184605149
0.00408856910769721
0.00214073482893778
0.00876718261185258
0.00188229593746327
0.00102407903610273
0.000958789808904588
0.00283880435119363
0.00436222606301228
0.00160423143293085
0.00775435842605031
0.00422525787422688
0.00205798067558085
0.00291942007711701
0.00972844012658688
0.00152812364819951
0.00178041490508978
0.00318224773120738
0.00140961772178538
0.00214200773663163
0.00321073324683223
0.00360488927102347
0.00601934351920692
0.00108793304542999
0.00169401239459913
0.000349334003634656
0.00560309431264081
0.00240420269800045
0.00265678069728404
0.0036662103477292
0.00593525291172263
0.00645120448947652
0.000878869989521863
0.00056443278236664
0.00449390011635149
0.00480863330817976
0.00199922988829184
0.00312941495625468
8.34206563404825e-05
0.000394217526532837
0.00658169572158242
0.00229621926283941
0.00134919709491704
0.000198547435569516
0.00309039588874954
0.0076423774006779
0.0128674809820825
0.000165820942020722
0.00311640198875893
0.0142227595548125
0.00778777648248421
0.00552702720541985
0.00132404973444885
0.00995980973416532
0.00108216624204935
0.00554137672487478
0.000234671645390623
0.00160215278658653
0.00261124803198779
0.00504763196017108
0.0019957372778833
0.00637338822509076
0.00367598860607706
0.00175476456241574
0.000356223184223678
0.00358290514833214
0.00394518063962764
0.00212616370375161
0.00826055085054571
0.00223421256212959
0.00133722224257466
0.00832108007303074
0.00304138066012825
0.000664675759525118
0.00406973423783209
0.00338781216193289
0.000711548554399682
0.00878602955798706
0.00282041928714257
0.00373067608474622
0.00802585087344232
0.00591454081099029
0.00239717242966475
0.00129124341122149
0.00889264739855059
0.00494593377554946
7.92908667354061e-05
0.00605662922348701
0.00965765995937956
0.00308826200628597
0.00566504006934001
0.00293453458306081
0.00238580773266012
0.00922397471668943
0.000814663669760302
0.00872871960444512
0.00025190494456507
0.000787294798264731
0.00169608423765697
0.00287769504127378
0.00317054722083048
0.00099682404570629
0.00294614326445048
0.00012600223803722
0.00241536971866374
1.64568016671032e-06
0.00280164223289238
0.00736327703688623
0.000777213351326572
0.00412434851311774
0.0087293067545043
0.00119878891715506
5.15552787055862e-06
0.00830028985023966
0.00336076004553033
0.000733670387056312
0.0106999580656633
0.00200016888349893
0.00430755828297392
0.00286891462876135
0.00311856163302586
0.00150841866552512
0.00164474547938935
0.00231936946090834
0.00958841500803
0.00206223381685987
0.00198737061485568
0.0060307831996101
0.00144204119366034
0.00676396915560454
0.0112859048443436
0.00787013282136447
0.00993683774713728
0.00116141088275847
0.00310780946413226
0.00333206624003274
0.00250007328430948
0.00233371179645569
0.00257709981007518
0.0090846763441202
0.00618626286777966
2.44632756106251e-05
0.00194969366488226
0.00532240389523956
0.00666782444448284
0.00580509407383975
0.00591132722546279
0.00182601095739134
0.012877384092933
0.00377628137119389
0.00925144544590643
0.00049675262388088
0.00337121114274916
0.00103213326493017
0.000139032120478922
0.000967380333889296
0.00434340492100004
0.00301849715271559
0.00123768628375849
0.00419191574531476
0.00412780277786241
0.000234352936418877
0.00679619813984186
0.000668532459335371
0.00169754635569092
0.00445579626692431
0.001063928685349
0.00156411322424332
0.000346491712343871
0.00765539369783922
0.00572625362567822
0.0016142532200536
0.00213844070880422
0.000211255225625296
0.00798407566004458
0.00477830361671165
0.00185127335077515
0.00210625468121094
0.00563192497184603
0.00362644091874929
7.78080234745636e-05
0.00183170309005627
0.00365717657481397
0.000185906226010695
0.00464117334584033
0.00110504246660876
0.00760658099506803
0.00131243423400357
0.00295236241681134
5.80447352911966e-06
0.00355138204448102
9.13262193212671e-05
0.00356315602537208
0.00265935056153558
0.0089417953156106
0.00136193656743505
0.00347733674644163
6.13729242468119e-07
0.000372865789798936
0.00137374376030485
0.0012165617770871
0.00487389786741574
0.00928001077122118
0.00761463677361112
0.003783739185651
0.00292493339389374
0.00102410990122936
0.0120542802005926
0.00100208283102414
0.00161986503599105
0.00124304437461752
0.00349803454044805
0.00708528683320151
0.00619789572892267
0.00548593883300065
0.00091429169302139
0.0010881198675072
0.0181064086346541
0.0118562537109771
0.00626965283460425
0.0142082171536168
0.00657538407098042
0.00227747692089495
0.000177369037189648
0.000188947049272509
0.00701608884257605
5.80973010954951e-06
0.00243926222062048
0.00768459332332706
0.00365781024958383
0.00172529927880164
0.00301450441470964
0.00420389194499269
0.00251860586736927
0.00500891843796401
0.00310588654102537
0.00489372107268274
0.00190809411542273
0.00228687567404925
8.67231173932253e-05
0.000398037770334928
0.00283041107097202
0.00690828822334561
0.00464998730140507
0.00449410360554931
0.00800682127624388
0.00476621638859103
0.00106356032716283
0.00382786027230525
0.00357274632336753
0.0024995804227516
0.000892989752350469
0.0099465113332964
0.000288672162551774
0.00728593178828307
0.00601209170435061
0.00179963055061968
0.00175421612357069
0.00470743881945183
0.00884718687590837
0.0027173923659377
0.00171987502467857
0.0148530553324146
0.00443728326477761
0.00346153066782894
0.000193014442661504
0.00864736434154653
0.00379615835528323
0.000741635836491794
0.00532600203938934
0.0114897436770396
0.00619247051121333
0.00451554808425773
0.0128377448042659
0.00428652928882655
0.00238350916908978
0.00143460681348137
0.00371628649613755
0.00116960329518418
0.000867278687745578
0.00853143739815669
0.00102591341671041
0.00207810807549934
0.0129775598683857
0.000122776240146101
0.00146736171277265
0.0103351398653481
0.0033813745452117
0.0067123294871551
0.000992550470876576
0.000997782723125523
0.00117624718828546
0.00555230867047153
0.00190191337008289
0.00830636501748853
0.0129409722283716
0.00772242473794648
0.00184449903697556
0.00787201618866298
0.000294011105569606
0.00707491455144621
0.000403048170069322
0.00576718078796386
0.00350711551987001
0.00175915742103757
0.012725148665225
0.00170750623064581
0.000702225766383671
0.000757710817867765
0.00448872149929207
0.00367551927575787
0.00592619343892877
0.00413076121857391
0.0124666950437466
0.00101413009432786
0.00197183618107807
0.00122251680535985
0.000878695868277334
0.00749572244022772
0.0128156589478429
0.000648996705805213
0.00636743446868181
0.00292155974799267
0.00303884001202302
0.00368708424706313
0.0048695479992191
0.00200737685981297
0.0130861708850899
0.00644405990088114
0.00473041166831756
0.010677772814664
0.00439015257522927
0.0138543096163929
0.00234214205109088
0.00146288879709996
0.00305069755852123
0.00441095138133704
0.00259122186842412
0.00676142209402735
0.000664726309191517
0.00676932065377524
0.00864287226895309
0.00529682061866971
0.000219420108688483
0.00229874927197978
6.80604171702486e-09
0.00903151701605199
0.000859445080785093
0.00362840778325993
4.58165197766742e-05
0.00158284202064083
0.0027694266860345
6.0757632556946e-05
0.00597854571161066
0.00144066457914483
0.00185254931862243
0.00194452703503859
0.00262863580805492
0.00313181542267905
0.0046272890504776
0.00165315811687827
0.00284732906061807
0.00431962477263136
0.00395178634165266
0.00259238895230621
0.00449159405032504
0.00137759146646573
0.00725422403837325
0.00244187251726693
0.00315721190703213
0.00291315884974543
0.00208588789848644
0.00130568038809776
0.00471677237462794
0.00304356424183094
0.00170161746981206
0.00298952702002078
0.00288442198535477
0.00210558669185423
0.00349752946722504
0.0039569719571231
0.00927088169159139
0.000813419794918113
0.0113882572537353
0.00754956553978539
0.00265388600960228
0.0040718253652959
7.95755341326113e-05
0.00155508894117837
0.00320549114446912
0.000510238286264674
0.00295924975292337
0.00208709434059279
0.0115335147729187
0.00392636564364782
0.000674652366613824
0.0030176488036909
0.00589904636908591
0.00137337228721009
0.000292367475139501
0.00566934170758671
0.00548774023098133
0.00226355643267474
0.00170493418454172
0.000227913011898937
0.000991855057662223
1.28665094081616e-09
0.000718489502484992
0.00402159182794527
0.00483445539213389
0.00578296892549748
2.12361501308551e-06
0.00123157123809614
0.00656867915901484
0.00131584370327434
0.00492560619277315
0.00809954277867468
0.00186237842271269
0.00506647372519717
0.0025024167949772
0.00869354885204415
0.0035121442634658
0.0109408324862523
0.00996789796998118
0.00404151564296692
4.70943796723046e-07
0.00575773159058437
0.000566308249380921
0.00487489751043194
0.00692267980430819
0.000924396323442946
0.00646015646627998
0.00283232033577823
0.00260787910323753
0.00118435057252085
0.00298534267006405
0.00518460080604257
0.00530707423544182
0.00301874345795908
0.000224981582363139
0.00297286178582936
0.00476812832868038
0.010468465863126
9.31814866680023e-07
0.00821916655680952
0.00763381162472021
0.00275310720521921
0.0038462425535191
0.00187948270897949
0.00409175278506671
0.00429663750372768
0.00284383848858069
0.00331320428725691
0.00340578531464633
0.000757932909620183
0.00616954781244203
0.00490526208408132
0.00400179512805866
0.00168475625075516
0.00317070126455966
0.00111150431541818
0.00506993936811516
0.00901820302859613
0.00573274819498118
0.00164350938143923
0.00162064215595205
0.00246983128113458
0.00878115655992666
0.00766984826467993
0.00514520210454412
0.00365643505233758
0.00739025831433396
0.00522883000838617
0.0105705420751279
0.00287084900046418
0.00161623515006757
0.00498708113080057
0.000106045003214565
0.00451136041247724
0.0077354276083143
0.002541785240198
0.0186522170458955
0.00384089058729374
0.00285727066779416
0.00688013221518536
6.04992027841669e-05
0.00170841675250819
0.00503172180897532
0.00433305508801629
0.00220456871563343
0.00131307698297972
0.00215340043250499
0.00736339524647958
0.0017403832348418
0.00396330533994118
0.00014332209247218
0.00165357967457147
0.00575108904225323
0.00118447054050589
0.00143236190493918
0.00455104534860615
0.00484510096186849
0.00300345596494144
0.00293885585593849
2.84945984672396e-05
0.00395140582803739
0.00283016691007361
0.00120718410364244
0.000123173309455292
0.00567655717579072
0.000850677550821336
0.00516788655910258
0.0035606170894554
0.00141644536219915
0.0055852261522525
0.00138152688206154
0.00243110340029484
0.0013753218301172
0.00252044611153005
0.00121477683739569
0.00668996598646244
0.000120737739431941
0.00356910229102229
0.00868139591462767
0.00266521637849777
0.00390661235150572
0.00871028609201416
0.00303897898131584
4.21436694001407e-05
0.0013836767999759
5.25522272679214e-05
0.00754520262619358
0.00166975412465822
0.000456610118079099
0.000540442019415887
0.00452135312174528
0.0117569332238714
3.69223266223384e-05
0.00748405405084665
0.00286273250858777
0.00476316611593795
6.33812170994251e-05
0.00164640017925339
0.00355473307953506
0.00467677767635441
0.00264433151416065
5.32218361021322e-09
0.00210067250978179
0.000781648176750098
0.00525686949983435
0.00433737710310879
0.00851610517058677
0.00543081894146854
0.00205302129967211
0.00177220034135607
7.2826700450807e-05
0.00255335192038415
0.0107900485636946
0.000691374765131949
0.000134456564771763
0.00548784598494085
8.35457244804956e-08
0.00129355744810223
0.00566384520930945
0.00143842850681062
0.00406827763200651
0.00145544769564132
0.00672726844537943
0.00171587912322156
0.00120529456602892
0.00042342752210836
0.0080893322824123
0.000707625977399243
0.00616129625011984
0.00855700902474959
0.00113087204557593
0.0022995804718061
0.00189634527942985
0.000846794385900685
0.00265447721790143
0.0012266687441512
7.96594198612006e-05
0.00314396128069325
0.00363948964181013
0.00262185372774456
2.96154156503176e-05
0.00200614124087583
0.00156948995075726
0.000946636406296784
0.00353288460099185
0.00128515529322751
0.00114934680754759
0.00232224976285958
0.00560501749775521
0.00720822035889316
0.00763702112161509
0.000914110560230505
0.00399405223056493
0.00346581603293757
0.00442496082858289
0.00168235524020721
0.00277258747922906
0.00734632606962264
0.0107102418926999
0.00838255982341178
0.0035939752438201
0.00187343545304865
0.00498393214411818
0.00237148586838487
0.00176401154133754
0.00574899584998912
0.00279906169859099
0.00282214964413692
0.00571188544789872
0.00355749092934102
0.00252392426884646
0.00274588893522715
0.00542518773587372
0.00205939783703678
0.00408960853078688
0.00136136748043163
0.00125606266026373
0.0021061294013378
0.00214417296684642
0.00140397026210799
0.00583676431203552
0.000107455772571615
0.00174235488110533
0.00378732308611694
0.00525187815886715
0.00578190854251772
0.00243840407826912
0.00253253343011549
0.00620050663766327
0.000391330558757037
0.000310189750501285
0.010651210277248
0.00617346487425225
0.00395576170617074
0.0103887015729355
0.003955214440976
0.00217282097321468
0.000292225853805282
0.00317623660029405
0.0021180718573338
0.00632387859907861
0.00357117985849218
0.000811074577714093
0.00275752164927631
0.00162389030459347
0.00460198483528459
0.00475722449903523
0.00378820275893992
0.00283920738700414
0.00622988443289917
0.0103099150966937
0.00379925016173313
0.00250827279844019
0.000467037501636933
0.00166031455890631
0.0027848584381331
0.0013674949096087
0.00113735051960458
0.00385754537093276
0.00128852504840785
0.00302314959644035
0.00730075849277924
0.00396087441057526
0.00422003557452641
0.00586965320834071
0.00883424448234086
0.00771016860155386
0.00040553805233511
0.000146167987676853
0.0010997468908916
0.00107047970964295
0.0105841919753906
0.00206660736837305
0.00253960119042998
0.00395397059738885
0.00509089999548686
0.00178929579364509
0.0043429854725955
0.00282304353440837
0.00531069124215087
0.00299384521513422
0.00726006301652977
0.00279528692922303
0.00383313066881905
0.00559014812392864
0.0013275615829164
0.00040429647825616
0.00295924608817006
0.00159793331990766
0.00505914085365546
1.93222883985362e-05
0.00686621882421444
0.00173752210785414
0.00435327392027978
0.00245954074287666
0.00858451589059607
0.00505932729875047
0.00702000988670226
0.00767813828966475
0.00426620829605327
0.00861809823605607
0.00152989535444969
0.00764935869674367
0.000480147609297434
0.00192857933426803
0.00246066764933879
0.00631394190076084
0.0045130685018428
0.00294064972361542
0.0014927412831151
0.00266229169836349
0.0065074419079031
0.0133107797342784
0.00361212225935741
0.00115668196465949
0.00115901144126453
0.0273032382312459
0.000857307975786373
0.00386259803279411
0.00567252037316099
0.00331844832662145
0.0116099405776559
0.00470278307964959
0.000709613094365476
0.00794878342891316
0.00123508723299614
0.0010744890033556
0.00129261508935992
0.00229961944744345
0.000362931241815869
0.00251646341941729
0.00235758999442685
0.00693647819432907
0.000555270158902772
0.000825402535069216
0.00029114605236281
0.00271182836094283
0.000183208687304699
0.00908000849003637
0.00293943268007717
0.000959682133041222
0.0052776996527699
0.00806780678449207
0.000143408537738914
0.00899667962914804
0.00390130549218894
0.00257225630536641
3.14448182236388e-05
0.000258204730096485
0.00245424015146974
0.00129514313222806
0.00526323099099314
0.00190175842235276
0.00047698126329346
0.00342218054750441
0.000547692345262344
0.00216729937948776
0.000797384630122865
0.00415545636212351
0.00277104080188506
0.000983270850277661
0.00253555502673729
0.00100811865200918
0.0050425500370917
0.00419532793199673
0.00751747323447416
0.00155653130994939
0.00321119190770667
0.00237594560559321
0.0143218933667856
0.00466075655001592
0.0106569049352204
0.00663584726931911
0.00450099832376229
0.00249734024500595
0.000818040875889419
0.00131112922403885
0.00850830565233174
0.00410604845698768
0.00485049107045854
0.0075829894226226
0.000439708071896627
0.000919193444822046
0.000661407023588065
0.00258821624639558
0.00128602970819493
0.00169452563766444
1.72516476513497e-05
0.00315821109425463
0.00523598631994623
0.000532008479116989
0.00214186681086815
0.00608556575799096
0.000870247460951622
0.00172507079157367
0.00195748448993105
0.0034158315493767
0.00121179131834507
0.00506424197190799
0.00217288267732926
0.00851822746857148
0.00157289160804618
0.000857409812527175
0.00250464927604446
0.0019542126851847
0.00247869821022867
0.00260376206504399
0.000303250859682713
0.00283885834761279
0.00977309486943897
0.00157068892050431
0.00270246090753825
0.00413488784015873
0.00228273695070774
0.00524650153921294
0.00950507221395522
0.00789724353341304
0.000775181316507812
0.000263996911467041
0.00920725179209876
0.000913426392322568
0.00310482421108775
0.0087983985397312
0.00926845516725251
0.00308887089997988
0.000519288860081121
0.00713555487461639
0.000145984273033801
0.00480313668344784
0.000263181304831406
1.37835189633183e-05
0.000813197266479899
0.00270755068402492
0.0118200234511184
0.00122427279606295
0.00023239674830459
0.00184676101765424
0.00205405566632542
0.00241883557164977
0.00233298930784525
0.000779462269583351
0.00153181307581002
0.00478703433054146
0.00149308022739072
0.0112141487136996
0.000730348075501591
0.0186660612952221
0.00429441596422723
0.0031255499121357
0.00728180631765582
0.00383616235683754
0.00119048656007132
0.00513387900928537
0.00625336025751079
0.00629159171725362
0.00504968199617109
0.00973905693661722
0.000627735123104141
0.00780840035028811
0.00227053917064889
0.011558802993584
0.00322052590363939
0.00559347750442172
0.00395937758712059
0.00804134625315748
0.00433368268310609
0.00597398775542966
0.00575677667751022
0.00442508986617273
0.00234672955784929
0.00766578277123227
0.00307423409695168
0.00404082673699209
0.00245743415917967
0.000253551300277394
0.000976671257932363
0.00290054543894589
0.00175107468364728
0.0014864981978623
0.00648701505462831
0.0121344481659265
0.00848608339957497
0.00251174354044088
0.00305628395875019
0.00231788491684457
0.00470518440775091
0.00721274909929303
0.0043512547021282
0.00524619268666903
0.00255152270250508
0.0124373732453653
0.00191373799214628
2.59646142205423e-06
0.00141572987269092
0.00598195414311509
0.00124970710136082
8.52889822379352e-05
0.00203278529687732
1.78901912275289e-05
6.44612297168133e-07
0.00741556769188989
0.0005181889611847
0.00162842839014094
0.00408423608593419
0.0068629890033926
0.000252749836671365
0.00514653730366207
0.00308135182214917
0.00183720317470036
0.00306476238010178
1.72233979023415e-05
0.00637395078842364
0.00528022406478704
0.00267586371185826
0.0174269806580886
0.00179756171573742
0.00175540455509309
0.00134378442634019
0.00296481833286142
0.000379167781900511
0.01208711514648
0.00391865097543052
0.0104611984255453
0.00158501679122005
0.00850636088918518
0.000264730315442076
0.00365445559227747
0.00510154923922148
0.00560018418166746
0.00326185087571409
0.00236131518264031
0.00121086928249236
0.00702074087504957
0.000566464290600185
0.000992511024750817
0.0043142454490019
0.00473577354429288
0.0072733626181871
0.00274227380686171
0.00228004026189658
0.00969032862041139
0.00695684453911919
0.00517886213678978
0.0026225463766907
0.00560756400076448
0.0080590127633213
0.00196997626174806
0.00484032917059463
0.00297169057608949
0.00146860523762128
0.0019024886906945
0.00303244908086082
0.00143673370395456
0.00341978971369816
0.00197353362047232
0.00263727499312959
0.00240845150824298
0.00361832882428455
0.00282551648791265
0.00424267665465139
0.00299249707745437
0.00473802539303789
1.31220091057586e-06
0.00474986937833281
0.00184246949528932
0.00617449047453775
0.00240687533969044
0.00355504996184653
0.00621822720353095
0.00420255870576402
6.18888591533548e-07
0.00170484351685178
0.00300705579014134
0.0123954694692776
0.000399852100829171
0.00539472106831596
0.00259486810038981
0.00294491789939172
0.00280800986837507
0.00119668026019361
0.00333468309072837
0.00108389361372951
0.00421052476369495
0.00460316499605647
0.00480401673161901
0.00662664784376954
0.0010191499278326
0.00286109751323114
0.00162230328149781
0.00505957707217913
0.00362180431162716
0.00253636619489149
5.7290684983157e-05
0.00140781534402778
0.00234989419605037
0.00348004315715031
0.0244651653262834
0.00248289268350192
0.0143139832784373
0.000202442347577027
0.00159600540385849
0.00081593264808644
0.00443609756867004
0.00570659780610157
0.000942245676948417
0.00122850721375826
0.000746274009552044
0.00199457281303318
0.00189099304401195
0.00321051976474596
0.00440634490533044
3.49128733211745e-05
0.00316004267102388
0.000717209736705444
0.0109312792364492
0.000283397853143821
0.00606172239130812
0.00443457309944048
0.00405551860930363
0.00201895894839809
0.000320203277903503
0.00112866223978195
0.00149140217615676
0.00437777953397059
0.0111394971721591
0.00238127628750549
0.00623240875207313
0.000595935389319072
0.00839291390443316
0.0156977623715143
0.00180431219338007
0.000213627550051895
0.00289430609603029
0.00215475522208327
0.00224924369967598
0.00455735078627265
0.00110719339226041
0.00274017218724707
0.000376509270265086
0.000840047244803692
0.00417413152041547
0.00266647937258135
0.00284912585778617
0.00648068094394516
0.00629492347005445
0.000370199834069416
0.0103305731051144
0.00437122693439944
0.00201957254943714
0.0127245146604738
0.00438636989563427
0.001368475694865
0.00787309582849769
0.00208025309848507
0.00896951220857214
0.0061627189678269
0.00898970232307744
0.0110633258519013
0.00277569525058269
0.000527639524062221
0.00251787643612805
0.00335095180882935
0.00336793617176899
0.0093775343020081
0.00756738410871737
0.00351451550206832
0.00756725502608734
0.00179558058235066
0.00416601822401981
0.0017144176807963
0.00164006630563191
0.00334963843097313
3.4951733775456e-06
0.0112598704667559
0.00068202887820282
0.00440596006375857
0.000213526617407824
0.00846381331152094
0.00951376956948849
0.00664943451873651
0.00262311817907531
0.00211465387035277
0.00337077152105905
0.00140732092874712
0.00514190367992674
0.00351054383848472
0.00852998601234873
0.00378384444302488
0.000997283651810926
0.00302074102543858
0.00252146733188938
0.00596768668040675
0.00308137899738453
0.00596937773371685
0.0039798038845101
0.00280373401982191
0.00847046570225349
0.0044344894210769
0.001385455324782
0.00164102984985116
0.00409787031331859
0.00160342753617619
0.00373818532142526
0.00194664352993416
0.00549541655478039
0.0135804617518524
0.00313437644124331
0.0076561486705047
0.00688768398819339
0.00300108382104161
0.00586628113361464
0.00592181463640928
0.00134739102247862
0.00339874384480588
0.0011269603639188
0.00353363377406824
0.000375596691426461
0.00481414786929212
0.00926608644656433
0.00470070396722754
0.00385084386403723
0.00516051353258609
0.00249615053844534
0.0005782722195695
0.00647006876961722
0.00433526302552067
0.0120790862255955
0.006778002129264
0.00804287631841573
0.0106643640312469
0.00320836527597162
0.00647185440316353
0.00398879354650575
0.00544993868615809
0.00333954897892929
0.0123569481066987
0.00382551091394768
0.00180946852295661
0.0105378439797047
0.00516189392241194
0.00149921971852908
0.00594044206296323
0.00635705533317846
0.00247345558692462
0.00370698661445897
0.000925023742264872
0.0106827964269017
0.00404888782537268
0.00381833270704584
0.00605933453941522
0.000841588199960797
0.0089213219618552
0.000290421700825718
0.00414635573229677
0.00788710206039826
0.00146251648521981
0.00270761716638588
0.00343750300134068
0.00598199546956031
8.69113880022765e-06
0.0011030034682418
0.00282923031307789
4.87499167965131e-06
0.00232617449222644
0.00415832822873855
0.00268532189786669
7.52184962378084e-05
1.17887403060618e-05
0.00207540893110693
0.00016716984851968
0.00179984928335058
0.00747972914670037
0.00172827184130945
0.000348575782943457
0.00537808582329844
0.00205758596932073
0.000568071279965963
0.000201529927569025
0.00939657385463019
0.00380212307519301
0.00197953154326413
0.00295781231809648
0.00345076931984996
0.00573554353337195
0.00362360279948918
0.00412393063145196
0.00255823554456642
0.000581796067649918
0.0033232395976055
0.00378340474609587
8.7442179533023e-07
0.00197353977171308
0.00155450376640936
0.00215871312856293
0.00269070745542799
0.0017703728876526
0.0051676362233203
0.00151212406918272
7.92458153946562e-06
0.00736687286682313
0.00150995950668467
0.00662423667154904
1.05646869043096e-06
0.000749711186829553
0.00873678928595307
0.00419093997213068
0.00441577300812303
0.00195973366897333
0.00162852479613399
0.00556104234351603
0.00252270841353576
0.00225645470663941
0.00197888191212579
0.00114386179050455
0.00245845663847892
0.00244984458073358
0.00159173840905196
0.00242196876505439
0.00291622308158246
0.00146486837334722
0.00243003811826688
5.35901255389495e-05
0.00102950527327507
0.00419051649611655
0.00329671156022282
0.00142431589029991
0.00543611784482114
0.00937109650156873
0.00490523211119462
0.00192770809568848
0.00485462436125627
0.00112558727252988
0.00239464959197463
0.00744691483083639
0.000445110370353475
0.000351449116657348
0.00178696835036257
0.0010448173252132
0.00312050973651551
0.0084865854090673
0.00332382651670131
0.00057763040110108
0.00268681081164709
0.00214754703000153
0.000474132537019352
0.00640115635976882
0.00209691977221061
0.0120972644433996
0.00714527156769421
0.0104567289329325
0.00362398033222696
0.00102909601401793
0.00535447041335171
0.00991248715835553
0.00485914702144744
0.0018357710961625
0.00440362035488093
0.00346088839758074
0.00368348892163614
0.00228749621564557
0.00482652214093128
0.000115204920850601
0.00244782546229045
0.00192275693739091
0.00810632317690048
0.00272270151415427
0.00332813288800774
2.79296533998503e-07
0.00373912438253198
0.00172103660685665
0.00509390908607365
0.00333520661436488
0.00251961148951989
6.35076920826262e-05
0.00277914498657743
0.0136369275302498
0.00564115207872726
0.000168099904537465
0.00190369684919948
0.00160613488817601
4.72050151607572e-07
0.00171467819991775
0.00582629685829801
0.00369824680560829
0.00194635908285861
0.00287525741927412
0.000382105552597471
0.00203000124366039
0.000622995761181204
0.00105373783068607
0.00864365641661501
0.0063502295545887
0.00223946829283421
0.00109647819174139
0.000437312115089698
0.000100190873917857
0.00790283391772914
0.00269387778909207
0.00616241030497616
0.00535127714372447
0.0107410755868108
0.00486230272760462
0.00214382338344018
0.00109718791309031
0.00259467334807816
0.000751214701541361
0.00385015490684808
0.000194982760704821
0.00379275185249978
0.000715281487407749
0.00381080792787788
0.00445769601775191
0.000182095550761037
0.00362695574560292
0.00787702189628145
0.00502699552585143
0.00851925690464559
0.00499657507276439
6.92151015980364e-07
0.0040086620046134
0.00355291551132516
0.000717794964379143
0.00529764797864172
0.000508504928238374
0.00109258189084694
0.00135873559135436
0.00580470570860026
0.00510240474267008
0.00391077638585206
0.0083624003391316
0.00334055916551324
0.00687666153547879
0.0024893918440776
0.00392675644388481
6.5118705807418e-05
0.00193876762524777
0.000990720700202668
0.00532813153001229
0.00802685009359374
0.00138304355074293
0.00713575999273421
0.00663305371754285
0.00475632287845539
0.000475810252143829
0.00332803003390012
0.00169264107273623
0.00290422331750602
0.000125994789713615
0.000806906947154045
0.000434220759896283
0.00349541279181799
0.00529322203488681
0.000147259829212314
0.00164952083727901
0.00548000698500856
0.00151714459815017
0.00536188888046984
0.00390443801177045
0.0031758388353603
0.00575126253070627
0.00355860272743727
0.00262634252557394
0.010731656116136
0.00415412732155009
0.00432029026859899
0.00105160297021792
0.00212500711500761
0.00436578296134853
0.00164826726780443
0.00280192289970505
0.00340829099432568
0.00191027422593298
0.0023800314119287
0.00105560837216952
0.00486495678869955
0.00190602181777601
0.0108914757505003
0.00275685847723449
0.00467034547197016
0.00598755187164694
9.79010791058142e-05
0.00796670011620504
0.00301277785745294
0.000484628795216121
0.00378694431088092
0.00817567261183236
0.00111858666342126
0.0111894828866161
0.00784237680916851
0.00133652183151765
0.00438667241106296
0.00434679444248777
0.00303318277287285
0.0080566229710754
0.00485480969529196
0.000375780202915475
0.00205535715292184
0.00500370325097199
0.00341152422012917
0.00355954432855204
0.00606758158787771
0.00269954644466973
0.00592643898494266
0.00500353272146035
0.00128437826244206
0.00352215843699999
0.00300921893988117
0.0042467438815008
2.80870637815043e-06
6.83333984321733e-05
0.0107663722025975
0.00609808034389898
0.0109912935627241
0.00225952123412394
0.00541048987607439
0.000377677153885312
0.00539897176283832
0.00306868716979422
0.0001591456432572
0.00290775672782026
0.0040391064837053
0.00506422002990282
0.00685853767262628
0.00155913068040296
0.000591870723106215
0.00160221503328909
0.0112426959254808
0.00205395398429301
0.00337955494465902
0.0157802168192423
0.00256657332990458
0.000733964803819943
0.00387500853703219
0.00132782000181231
0.00127644637772137
0.00448665130245676
0.00188110658541772
5.90093826930439e-11
0.00444780597244814
0.00269699938166964
0.00333733790203265
0.00388041319695695
0.00168215462951699
0.00270492702480164
0.00388825452631105
0.00847644192635916
0.00276916043849109
0.00291092759293339
0.00125278314573871
0.00177553973994401
0.000789906352233174
0.00342656936372319
0.00639065531625093
0.000556758623182607
0.0137828754329398
0.00246318920808725
0.00147272118374271
0.00223104991367539
7.62262439695743e-06
0.00442859534330408
0.0063303701098501
0.00313002908039223
8.24954678835728e-05
0.00320531802218697
0.00315312750446109
0.00187460284241912
0.000205524565517344
0.00335965193835789
0.00237822340843691
0.0114958139121713
0.00297453686953145
0.00266947970990809
0.00146052025943189
0.000359221150492994
0.00737074492118433
0.00450748134489366
0.0034767143024187
0.00514562136660559
0.000427484268546947
0.000762993743656046
0.00800913724848384
0.00544416790330212
0.00339938119110127
0.00964723393409073
4.25325669438582e-05
0.00277640538424068
0.00382015644948953
0.0039349197571043
0.00817237731041329
0.00283023840446109
0.00126836155911621
0.00638798860033579
0.00040034723594433
0.000649381575563742
0.00281438038276234
0.00299576880219213
0.00555740782461704
0.00282530349254519
0.00104576043217985
0.00612946069616053
0.0155705632277595
3.04235707476383e-06
0.00306675473260103
0.00071357278472096
0.00225002011548446
0.00347936144975288
0.00557841163902344
0.00110126909068527
0.000201066145679632
0.00273189218955179
0.0134110732292418
0.00110197764589247
0.00376968840103725
0.00486658815648656
0.00204105284519823
0.00039648073747497
0.00480475326481506
0.00270553244909356
0.00429999890917662
0.00211674049975787
0.00519896255786086
0.000866958583870558
0.00607061092218659
0.00295834520176235
0.00178165525135932
0.0022671130088455
0.000597652764675647
0.00360087485611859
0.00326819483298623
0.00249489383302162
0.00346301036799238
0.00247769711146097
0.00182989046049953
0.00454007602578462
6.98041029171419e-05
0.000697720863363676
0.00224187172160056
0.00278501529514734
0.00765017337622521
0.0123349466698146
1.69008217827424e-05
0.00257595510462725
0.00367367088602371
0.00185466325894024
0.00238564260990872
0.00222135563899707
0.000412913173925272
0.00471112855119497
0.00371731556027195
0.00506054834469141
0.00358749971744909
0.00256246816671112
0.00506648045792058
0.00137106481562205
0.0129667943012626
0.000855179125817109
0.00574326549654102
0.00657094675082071
0.00558897342049065
0.00336230632099526
0.00467879182395174
0.00588024174509165
0.000768627214627708
0.00857550875426468
0.00118140309687799
0.00497942755521648
0.00320753931456231
0.015267000025721
0.000608146031920512
7.56722118852509e-30
0.00691379627033796
0.00343938800289848
0.00629726968848594
0.0033165732950908
0.00385766106672714
0.00653063274903127
0.00775965606274724
0.00214398139349652
0.00164294055820626
0.00298074355559556
0.00888092982336624
0.000415447681768228
3.14541301977965e-05
0.00362604146936472
0.0030248443066312
1.52921051431238e-12
0.00274260981335299
0.00817978226210699
0.00249483638671285
0.00699924930181964
0.000159997672472854
3.61162921257546e-08
0.00164560737633355
0.00826040625221044
0.00233862475559587
0.00408060576749936
0.0103824348770834
0.000603740791577817
0.00232856251329574
0.00567356530619667
0.00147241287108004
0.0060360483603054
0.00471444459276758
0.00790218306151621
0.00170887825245084
0.00825906185694508
0.0037676321897393
0.00281033589177946
0.00808391000131799
0.00189030796029992
0.00319401271013383
0.00146126019427441
0.00967388374084303
0.00592026177169599
0.000166605344195335
0.00198204020943202
5.86152859648330e-09
4.40655643559825e-11
0.00344177105478533
9.13254504095287e-05
0.00154273791365493
0.000675619600745055
0.00247233550536688
0.000993687780835038
0.00187695711324663
0.00158745809943484
0.00263185505647992
0.002734494365199
0.00308767688484885
0.00394674100955145
0.0162785791749584
0.00342062223432824
0.00171799082517446
0.00998132075883764
0.00340657421270852
2.60131004939843e-05
0.00687801058704434
0.00631239629727874
0.00517677488358577
0.00532679296636165
0.00696015897968731
0.00591843039413327
0.00491143071476881
0.00583473156830467
0.00329797753559846
0.00514315920561705
7.95287622857213e-05
0.000699108018904469
0.00143006493697831
0.00163050707750974
0.00396943062455174
0.0121531191456339
0.00842146090976111
0.00371368491575872
0.00166819403158693
0.00223343156523263
0.00501630632808116
0.00450847858935089
0.00474681833576753
0.00057047271112059
0.0038072998405209
0.00334396360914099
0.00503014969741992
4.5007461135492e-06
0.00192961631536538
0.00365142850143161
0.00214261053173195
0.00560897929265687
0.00498209039140496
0.0230481169048599
0.00373056151653333
0.000726905569876925
0.00287857986431579
0.00378140815742321
0.00316378947508604
0.00123908440592193
0.00272846476597217
6.41364691707179e-05
0.00256518695381356
0.00498950283222277
0.00627988217039679
4.21678651053606e-06
0.00297462430578319
0.00423997745769368
0.0042940670106061
0.0082947646548801
5.12974225869163e-05
0.00185814435147731
8.22248609049427e-07
0.00319303465202545
0.00579520977400208
0.00537215759215616
0.00242704422096825
0.0137506390233685
0.00485028928777164
0.0032159339749574
0.00307496991966794
0.00339991829281452
0.00175200585123063
0.00143547155204704
0.000810833481268676
0.00497397422939965
0.00272964095631192
0.00503837049102543
0.0056459355498961
0.00696027632275909
0.00258686952952269
0.00587277014082905
0.00527729267558781
0.00225506087773627
0.00235765475748972
0.0012872479311911
0.00243237278097263
0.0023762739557352
0.00366826266581328
7.84779492807884e-14
0.00365637601178721
0.000134063215203988
0.00178974653200904
0.00290048486438571
0.00709855921270592
0.0050604450982635
0.0028117363065405
0.00529572093939139
0.00244667691679489
0.00539806490774592
0.00161309669102968
0.0252761580641095
0.00676398631154459
0.000256433796312766
0.00145325985326299
0.00314470930696478
0.000572859283835915
1.77805958879078e-14
0.00059130641778738
0.00497947747744551
0.00347228576148686
0.00912021562339681
0.00324414805753142
0.00467916973086405
0.000921416498909165
0.000557362696499521
0.0029062330474674
0.0046638001432045
0.00317861008571556
0.00254227155339182
0.00267227851198909
0.00192788505597973
0.00222525685115771
0.00136639146591978
