0.00254572636325054
0.0103165262184554
0.00529596913820393
0.00409087635555026
0.00428161851602766
0.00765095159156456
0.00394393069635902
0.00624592203885277
0.00440834804423201
0.00531875529802152
0.00603573783176175
0.00583919943221649
0.00512024811795322
0.00576716281939697
0.00785523052977407
0.00411036331988078
0.00408295913079393
0.00515463216239669
0.00738402337063107
0.00554858953092253
0.00477394391424616
0.00627967542911761
0.00426589851905656
0.00351864906488122
0.00456665641557751
0.00324172576427429
0.00418703765893062
0.00414993344630272
0.00584327159636611
0.00703360026686484
0.00550733225320435
0.00629630743379764
0.00355640251165344
0.0040540458734706
0.0050569073215108
0.00768957257483391
0.00326276165694176
0.00527385901168177
0.00619670622131357
0.00366595207129569
0.003686112124021
0.00546764061595023
0.00559917069794716
0.00271076860844248
0.00447040904894346
0.00447055596581589
0.00482689325153581
0.00424380818050214
0.00453126935913275
0.00262985535287385
0.00570768036287197
0.00405245025358496
0.00369400419732228
0.004607509515811
0.00352369190931052
0.00294184437763932
0.00588508422022442
0.00376705198636533
0.00544237570540779
0.00525772618370946
0.00477900613185623
0.00459098753794935
0.00479687629212316
0.00442229265361558
0.00478097271166719
0.00502341550948925
0.00494016631671931
0.00527937694086101
0.00544716607088192
0.00347419802915314
0.00353980884133593
0.00501400239641312
0.00371755486254981
0.00374896941089559
0.00667724655860301
0.00598407953055826
0.00480008331363908
0.00680898152478147
0.00564579023560105
0.00509114061337892
0.00817126565244518
0.00734205208501566
0.00469115322606048
0.00547137694823535
0.00355066917407485
0.00547168569173625
0.00541358743905339
0.0053255976719568
0.00534672923742524
0.00455289094189932
0.00784063687420821
0.00623635136986278
0.00672918623364144
0.00380473345248943
0.00568950392742684
0.00281898328558832
0.00394525800777755
0.00389797260309776
0.00898661650006829
0.00345706035257177
0.00498870301099363
0.00463332276426502
0.00458848584257492
0.00303406435549141
0.00706134380210132
0.00441712431635046
0.0045132871516041
0.00566348470893972
0.00507119514416635
0.00447227647334813
0.00344678286373556
0.00552508958017105
0.00364443897914515
0.00667351366924882
0.0037729919686209
0.00483089629872346
0.00564932452879812
0.00389535044020433
0.00446919390675872
0.00369936622996976
0.00532561913252667
0.00273092274085808
0.00481154481943047
0.00627663376266149
0.00532914056948468
0.00593684421147163
0.00415129772484586
0.00402759987824748
0.00636626898117191
0.00537917038010471
0.00377857832352547
0.00485072784018804
0.00598859133736745
0.00618981624510522
0.00560854346371411
0.00455756028705847
0.00334627933173329
0.00478288686956694
0.00504665121303035
0.00521562540347553
0.003594271092304
0.00730451611505946
0.00390116606560848
0.00222368226206012
0.00739226715352713
0.0057504802709118
0.00493854930246481
0.00545392925964841
0.00341261348781075
0.00291096601058584
0.0036018033833299
0.00618571827413385
0.00343284658230534
0.00370252554366725
0.00539368294642195
0.0044916820601135
0.00459585916190176
0.00430991076437306
0.00371124494263672
0.00227068808651421
0.00410089233193705
0.00385702595085153
0.00422442719435802
0.00457300959112338
0.00733150166350675
0.00342917866679069
0.00511422150934775
0.0078688947613458
0.00770831814064939
0.00599767079722128
0.00361483701472595
0.00492517633516468
0.00496705593741136
0.00649322619740283
0.00339507943389742
0.00690658885841277
0.00514498430765254
0.00443092654731741
0.00538495181580081
0.00470307840759068
0.00478658561892877
0.00582678415281401
0.00523522176855548
0.00494208145267469
0.00477196231074922
0.00620343687276606
0.00402358624854167
0.00341066396489616
0.00468557887467906
0.00472812714483853
0.00415776638597502
0.00464264660018616
0.00497957939501774
0.0060234362757461
0.00456669414454267
0.00335521418118613
0.0058855433832731
0.00250724529691862
0.00384776109168133
0.0058421443457385
0.00603544914076946
0.00497602696037577
0.00367482403123311
0.00242329668687828
0.00364000365393595
0.00530441003999859
0.00467454014713383
0.00498398903480398
0.00689086085216161
0.0055166201753144
0.00274110214056663
0.00835415209130565
0.00613891534178796
0.00562728322479292
0.00324230430566238
0.00448137396077637
0.00589956529543237
0.00748779702497096
0.0065555478917644
0.00453651547963329
0.00448924193868794
0.00453496788793885
0.0046319708385652
0.00296213245415233
0.0050004137622745
0.00916419926154447
0.00532447129832726
0.00662811984488781
0.00464048198741799
0.00928453850508952
0.00792747592049614
0.00444643680408234
0.00728313667633244
0.00446888977947719
0.00299897649964811
0.00521051397751876
0.00376089443762037
0.00488753924312908
0.00276178073723801
0.00243523315730472
0.00535095185837878
0.00349110055218885
0.00693605560955584
0.00574985911411158
0.00638874260221894
0.00306104125938382
0.00611665519926222
0.00539032521706085
0.00418094895564452
0.0058325901483786
0.00570639139965854
0.00587312942379591
0.00412717222645406
0.00783817660007891
0.00399885854677396
0.00467314569080333
0.0057478385746846
0.00393056614082945
0.00426850549547783
0.0035730462827405
0.00633643782757905
0.00505334629961914
0.0048411319096267
0.00589246424988038
0.00383994092727121
0.00745056922338571
0.00712510616241225
0.00253650738011818
0.00340265257836862
0.00386016751068697
0.00565212094893108
0.00595066577874681
0.00478281147743324
0.00481879116081434
0.00448693622604261
0.00526782786607186
0.00468013612952004
0.00554116543156058
0.00671913995551453
0.00644920679681517
0.00462361243036257
0.00627794319983834
0.00381909136945026
0.00590896289591248
0.00357852205326311
0.0033996723603091
0.00655570396321402
0.00472840279041872
0.00555981229849936
0.00537838946222241
0.00678320254689231
0.00500432829774139
0.00619956546306821
0.00335478792424791
0.00267278187099709
0.00397164274376887
0.00755573100905859
0.00453433697400051
0.00453942828859098
0.00390515551996637
0.00756159951385787
0.00487988803158711
0.00634449249004827
0.0041499189926262
0.0043822473547258
0.00420408151742881
0.00333169298412775
0.0034706403977102
0.00405410583607884
0.00414377796837251
0.00609226187467818
0.0048955239480925
0.00547937219547059
0.00509175475455948
0.00671541599639455
0.00430560799002426
0.00596069841707897
0.00595767934520194
0.00505538666008379
0.00492203741510107
0.00848308213419643
0.00549433968887696
0.0039921480334598
0.0045351968390293
0.00484042320291152
0.00504841569864138
0.0059739452198999
0.00490486903765793
0.00290313335831505
0.00392987544978623
0.00539575141329147
0.00370731747790496
0.00544661737932315
0.00600267850949921
0.00399529240675661
0.00756984025365389
0.00449310681586465
0.00540930110943194
0.00299269480054469
0.00769798900828135
0.00506768443214354
0.00496630250390795
0.00508381900822854
0.0078664070378679
0.00435800181342508
0.00834540045666831
0.00620326724013942
0.00424889174942747
0.00610054883606803
0.00218211350313379
0.00500219495725973
0.00411862753178938
0.00548036446705115
0.00569403419455646
0.00462041518451203
0.00490897088623965
0.00568822803569427
0.00577356698723745
0.00447364929269531
0.00627115984565175
0.00534201768460295
0.00491866081900792
0.00646151211618909
0.00501671680688338
0.00477373594245082
0.00369057483593396
0.0026257063748775
0.00663226696608744
0.00635714460528749
0.00568093459611722
0.00296506830338478
0.00516445236855853
0.00827852311479794
0.00588006945310086
0.0041948572887684
0.00499822097457574
0.00461904170608407
0.00363769291926012
0.00556242263693129
0.00312602681650895
0.00561494340860985
0.00583461420158418
0.00593723661302014
0.00613292170115724
0.00704245746936472
0.00393897142082154
0.00842647387773379
0.00564572878615428
0.00302329425660703
0.00513565038065676
0.0031515906170052
0.00349419915316825
0.00675967170754954
0.00518859228845981
0.00418152809486485
0.00709250215426388
0.00592164159559348
0.00585999815829498
0.00715233212271277
0.00611890167681885
0.00301754684489418
0.00408282929405979
0.00614732202856729
0.00706170643222705
0.0035224166020873
0.00582106774456401
0.00407678276733784
0.00643033057619931
0.00423961216466074
0.00453851086188541
0.00331523529832572
0.00512909113331676
0.00345848559484794
0.00444786286919432
0.00411031371828864
0.00489668835080144
0.00393716516508963
0.00489704705016379
0.00390906593026238
0.00563870890317599
0.00598840103543996
0.0057187156647328
0.00307234062173428
0.00682059238426356
0.00660207861329755
0.00675411668471094
0.00781710306712599
0.00708681433090848
0.00466339141260563
0.00362629654704343
0.00576198581221726
0.00385600920721209
0.00535252725899147
0.00773878419272075
0.0050287831078995
0.00542700246745798
0.00423865682471818
0.00341556669247638
0.00446434690023443
0.00621016716596613
0.00491532778350341
0.00624808824278554
0.00413566152363245
0.00332353574825311
0.0055453758839102
0.00410553868309905
0.00284215899538031
0.00728468463509892
0.00379280452006949
0.00419480721962427
0.00583589399499225
0.00446041649563892
0.00569400913177855
0.00522390516202366
0.00439613513165549
0.00559625096784825
0.00568990603482498
0.00328362729893165
0.00382282769446834
0.00552513406767172
0.00444717675657339
0.00298741591356665
0.00335420128264603
0.00413638115401518
0.00259685026296381
0.00572959196229625
0.00546169150136101
0.00546781287195946
0.00470642794383149
0.00604846432116901
0.00527680853863156
0.00732428801081238
0.00459504046486747
0.00315343678235515
0.00524297311058834
0.00771314992954188
0.0055618798758291
0.00520689339181042
0.00452475944581588
0.00425149047832927
0.00444065934844349
0.00314049595895918
0.00459085135066833
0.0041287545933018
0.00453006795055594
0.00437072260901556
0.00556647668243954
0.00368493469309437
0.00508365014209434
0.00401435955434758
0.0063169691625564
0.00469605372939028
0.00650525196878853
0.00621598900493339
0.00483309170271161
0.0043489207097634
0.00619007500687733
0.0051876134534228
0.00668921143935956
0.00502043840334872
0.00441119195947134
0.0033826072387651
0.00332261476326024
0.00506216553996278
0.00381535946321118
0.00421867216219177
0.00422833242495233
0.00312825660810193
0.00567059787680834
0.00597423239550722
0.00604430272183373
0.00461207883838635
0.00542690925067776
0.00482646701510029
0.00651676321862422
0.00505425313022246
0.00465834825539014
0.00539129628392148
0.00431956749215502
0.00770811377243559
0.00433627304745465
0.00514973792919787
0.00431882939932902
0.00345426914751764
0.00510947246872492
0.00431114146502976
0.00363431589906566
0.00404725076057375
0.00353893659873993
0.0026943998706822
0.00477739772236841
0.00851275918822694
0.00499176415799761
0.0053170462597149
0.00410284487970738
0.00807875130296573
0.00560489188122855
0.0070121490392677
0.00495095698904818
0.00237639957083362
0.00443118334090703
0.0026505530639272
0.00344862103449512
0.00386049448033466
0.00377502147811784
0.00435852244190461
0.00277815272189737
0.00518185465646202
0.00460593054982354
0.00681811787496662
0.00380487534981409
0.00568905947312546
0.00452255593531498
0.00360532700844481
0.00361517142926572
0.00638882444984929
0.00678385801565903
0.00432280024883086
0.00900862724155497
0.00340313159700307
0.00488229668524036
0.00491021343668929
0.00666162544780239
0.00318305832307728
0.00460331436680867
0.00424838143144164
0.00819717958691807
0.00331454400288226
0.00649713416378692
0.00468485619683383
0.00777473392363722
0.00760361712088792
0.00557746796464853
0.00538649757983207
0.0046521284427853
0.0037226759721125
0.00475868998174379
0.00466365224512248
0.00730845964843187
0.0038351965270987
0.00389417729611308
0.00550204174665384
0.00475271493014234
0.005203806346754
0.00460412294139707
0.00536204363376427
0.00603433028383947
0.00595132551972823
0.0032152437200356
0.0066661961041248
0.00677182207850483
0.00456644948632706
0.00531486499986694
0.0038010463802456
0.00425644963257164
0.00683032606796502
0.00441761289090745
0.00637868424918357
0.00281613845602579
0.00296350031737627
0.00314161887965206
0.00711445640974028
0.00482484563722053
0.00536720335679528
0.00351663851644297
0.00433013041148514
0.00711116880909976
0.00424106868322822
0.00589254240202652
0.00566474651997714
0.00414398318810173
0.00614926717987722
0.00603333962032056
0.00680184936818023
0.0065515592931803
0.00675422387563806
0.00387077729601338
0.00425794241189624
0.0053103014722482
0.00441029014781863
0.00684011714822313
0.00368177836380261
0.00529111401056305
0.00530690629049768
0.0055015534831746
0.00321868974958424
0.00773506973830927
0.00539376099266214
0.00373820003334595
0.00285468375243202
0.00441382049009703
0.00724447956253631
0.00350109437798186
0.00764016050884976
0.00311054749743346
0.00479988150257493
0.00532448244934465
0.0062086009338119
0.00512580536324783
0.0046303087654212
0.00567916957475483
0.00538902646436492
0.00417348836298899
0.00682566044278255
0.00341239120035405
0.00621421855667709
0.00463374237686575
0.00419308445376149
0.00788826696207093
0.00519693467858441
0.00508104881320351
0.00513561085616755
0.00519642535313687
0.00567203713647554
0.00537517575069466
0.0038427848387358
0.00776815845321216
0.00462450684875118
0.0050190172225468
0.00627990859195648
0.00404618893166172
0.00291492642114506
0.00651124258620818
0.00615906995591216
0.00464237613438415
0.00320994273140856
0.0042890275100743
0.00521207303694679
0.00477131323620919
0.00426802701520025
0.00577748698414667
0.0048118488056369
0.00605412510887046
0.00595436734128197
0.0070386879376576
0.00530787272604297
0.00842696970526568
0.00292296319763181
0.00439507325635929
0.00413972908426632
0.00749532297476829
0.00254900452753336
0.00522640575226449
0.0072326008394364
0.00593649374928232
0.00547356412223635
0.00474824209948963
0.00439734251319496
0.00437663376729634
0.00509144354736048
0.00489321138891568
0.00474492672897172
0.00600598364849355
0.00647303449143924
0.00648663786284952
0.00492393312463138
0.00304906355148298
0.00390269255009861
0.00377811762651402
0.00669963489769765
0.00648739779704512
0.0047969481717249
0.00342636592014798
0.00388540391353541
0.00596505478939907
0.00519144029690357
0.00484740992611043
0.0053482245577743
0.00550169218103002
0.00412763792138299
0.00550314521137805
0.00524759297741073
0.00571819655211664
0.00371017186905092
0.00521364895776455
0.00412815821377281
0.00316885408018293
0.00587138450662816
0.00555789301439507
0.00561872554073803
0.00696283445006368
0.00675376175083241
0.00440366103732923
0.0074015233956125
0.00417109265097867
0.00401563403992702
0.00617612226299196
0.00411812657722086
0.00552561402680281
0.00350559897690293
0.00414446032671434
0.0046572372901737
0.00573106685582946
0.00365425853900706
0.00408263768865012
0.00315689477170087
0.00585568192909364
0.00449048940660746
0.00451024595145717
0.00525397345195539
0.0060140026918717
0.00278022362115374
0.00586082331360325
0.00606786265209937
0.00640995614279777
0.00354519806538301
0.00553289323989619
0.00337602374528437
0.00506748764802969
0.00548800314022053
0.00494760201809341
0.00517169749317016
0.0034761347045292
0.00577727781417839
0.00429971791693988
0.00526186384130953
0.00551206068752806
0.00895671524356244
0.00500114953869647
0.00298772768820604
0.00502439488667157
0.0060870249515476
0.00613159474911889
0.00305021701470718
0.00586026086255491
0.00341725507640439
0.00480922567712323
0.00524417191340827
0.00491021524346553
0.00535165390800725
0.00617504194572889
0.00459010337206064
0.00351042847667365
0.00611945275937969
0.00401728136252802
0.00366231291548524
0.00475409700511071
0.00469087678888939
0.0042900108669437
0.00613129248421917
0.00684198796065813
0.00326540620936063
0.00315577902073661
0.00340209779853483
0.00466168680509999
0.00413872124195409
0.00598944485479991
0.00379745620800343
0.0032779969139989
0.00620400696247643
0.00515434238890055
0.00438974952771733
0.00715637190097693
0.00461774268580734
0.0035050320711547
0.00179029123670093
0.0063635181302244
0.00611279290602311
0.00398151427117656
0.00610304831970796
0.00592755873774974
0.00598949752266069
0.00415885058887458
0.00309711394517261
0.00486435972798149
0.00603962682702096
0.00348393135947842
0.00648161390094438
0.00278891563791776
0.00397428530507977
0.00567913879883084
0.00455779839283382
0.00604428796569236
0.00493842743650175
0.00576221549959648
0.00526820679942396
0.00244431990929555
0.004494606768703
0.00405743773568613
0.00487308268189845
0.00744129010032308
0.00550808788603974
0.00411680238776637
0.00612415874863927
0.00417121118854878
0.00544317905487056
0.00333228947557751
0.00438699251316402
0.00460445604084622
0.0064943926593829
0.00397227853604732
0.00500941950501753
0.00508972138560537
0.00761452993380458
0.00415815725101136
0.00409196376888878
0.00465135805177624
0.0087722200217489
0.00792027552838563
0.00485036403101286
0.00870869133994643
0.00330633328156197
0.00748335503747225
0.00662836338139577
0.0034870317976033
0.00705316802954195
0.00343834726200159
0.00610185247857604
0.00395797110653846
0.00666117887411502
0.00656319253187683
0.00301488091467825
0.00709857771615192
0.00931201800232428
0.00538976336168936
0.00718707894603658
0.00437283454312723
0.00630585683210986
0.00486395650448312
0.00426241047027078
0.00698738756057249
0.00381427888935576
0.00703659069289126
0.00568599264034056
0.00429167529204229
0.00539082850221075
0.00334352644024922
0.00570292021147935
0.00500807871609977
0.00369363773576315
0.00310572970308845
0.00432972858602351
0.00390728551925121
0.00414466182451338
0.00475469414864486
0.00354187586644684
0.00587880793850583
0.00318424426391954
0.00432524256807732
0.00539223049116546
0.00585465309312255
0.00722339623122082
0.00617121154363801
0.00355128950841393
0.00473724075919897
0.00571508853861263
0.00877877155469741
0.00560022985557722
0.00677160856429845
0.00609987589837236
0.00556634831795803
0.00254895512266227
0.00350133409926126
0.00406906756938013
0.0047026806249306
0.00428724308619469
0.00590414604771809
0.00413136629613507
0.00587137656571314
0.00601119482252682
0.00483403710664645
0.00548515973434381
0.00345824222178958
0.00412832167064282
0.00651138369143111
0.00442634771937586
0.00601144695788119
0.00456800021931773
0.00827659325702785
0.00483575630026535
0.00476134127200658
0.00434271664426079
0.00366588207965124
0.00714565001396291
0.00744590803756551
0.00271460676942637
0.00318925038903053
0.00454993088753213
0.00398310036626764
0.00725002568801609
0.00559302613252608
0.00289008138369485
0.00525263648377062
0.00653188400045617
0.0060315983103077
0.00345979065009282
0.00509761466038217
0.00493967904231434
0.00522897468944883
0.00744441785155714
0.00468770548182484
0.00331997211573554
0.00592419488868483
0.00559981306670035
0.00441279162593577
0.00401376510764211
0.00527532801934276
0.00929882841762056
0.00669850970109077
0.00430975355274279
0.00455117644285328
0.00546154394693533
0.0031678261857578
0.00445473655566022
0.00431365204860981
0.0042830816432327
0.00406610624210034
0.00573341865621296
0.00595796639503287
0.00552374362269224
0.00497754702868724
0.00459210700929312
0.00468390459897163
0.0051520787490273
0.00435968954910048
0.00571348818862928
0.00546370441700348
0.00467948630872676
0.00793626300274454
0.00530443742376201
0.00482192677541244
0.00333424899186131
0.0074296896183286
0.00458600104554559
0.00384277675385042
0.00328623296302151
0.00565733675214494
0.00570449926002971
0.00441662404056101
0.00442541404999023
0.00627855278170781
0.00508229723975778
0.00528227742327602
0.00313806224656081
0.00644827158857721
0.00574485463641744
0.008204793360516
0.00409007856859833
0.00487343745401998
0.00453800849370754
0.00484271854124629
0.00534935563966063
0.00486659866956152
0.00372166546838892
0.00597811260876441
0.003043547865883
0.00438754133923368
0.00460910138223448
0.00397497967375506
0.00593237965062058
0.00297808237873645
0.00383039568568976
0.0055813941308866
0.00470823388932701
0.0057513383773383
0.00573952606376622
0.00639564936906274
0.00315112908939781
0.0034207153174787
0.00381152658886098
0.00860648086059308
0.00782195959750225
0.00423157797652326
0.00664910685923045
0.00338282192318398
0.00538802427499863
0.00905250942122028
0.00638846704563834
0.003609692873159
0.00509864383155865
0.0046197294897585
0.00643212962890667
0.00459365479827769
0.00487602689386756
0.00607695566421791
0.00539809493371171
0.00614354420006217
0.00327139445729549
0.00336310659542107
0.0053049190971037
0.00257425027976308
0.00527006469255196
0.00440764185451287
0.0082704186918955
0.00566081185207986
0.00482168543970107
0.0080796223509302
0.00550341674384325
0.00353997665366124
0.00593698381645354
0.00536200790644519
0.00368880353284591
0.0041800487455296
0.00325869645602628
0.00646505559781493
0.00311359995782453
0.00469287176053761
0.00659822784461659
0.00367289958717432
0.00482149530847186
0.00565629620429746
0.00394633142982494
0.00405489876400486
0.00863391533082939
0.00357429412430914
0.00689367631764286
0.00563387036718798
0.00434166230412232
0.00281153661971457
0.00451891338753475
0.00473062548159095
0.00620171481057274
0.00468471823440914
0.00581102949734972
0.0109445562093299
0.00332124737197351
0.00427750376963764
0.00665322565832349
0.00524441499328123
0.00482657222639786
0.00366125364042439
0.00323709400655082
0.00405494833042477
0.00329373970934302
0.00757597300597667
0.00679722987434982
0.00384366382106293
0.00465476498537255
0.00551668621232889
0.00775979916004089
0.00422708433492815
0.00864870218436977
0.00449101936860848
0.00338577075353107
0.0092756664576309
0.00680452164566087
0.0038932209414428
0.00421974195826183
0.00453333487729018
0.00715127515585642
0.00369920192325467
0.0044519051665012
0.00511298466058159
0.00624193288452041
0.00380713682307324
0.00704851723505816
0.00417400745858798
0.00528545962992771
0.00540398014693101
0.00436984915517027
0.00573154968410143
0.00905947890987968
0.00561085332709991
0.00421836959315616
0.00519545023265587
0.00381750028270313
0.00659658763219481
0.00441012481661111
0.00761037720127033
0.00414278868757633
0.00549771992044332
0.00450882225224412
0.00750735230651115
0.00621970618314599
0.00737778558207355
0.00354753576125424
0.00316140393827166
0.00436524746262875
0.00405105525876387
0.0070418482440336
0.00731903246623245
0.00700621315709027
0.00292056245213783
0.00551011652996285
0.00457231636798477
0.00376927703999684
0.00694069555090086
0.00791725182417644
0.00615238884962073
0.0039198679501999
0.00528046068854224
0.00399155796409433
0.00791307894632137
0.00500587609991756
0.00323276572193139
0.00344125586005056
0.00557142270316446
0.00442257040748273
0.00484989658041917
0.00676674417081911
0.00636890825710043
0.00520329024187567
0.00610825639481977
0.00619626607839271
0.00343851197694157
0.00591344512677007
0.00539873617323203
0.00640587885734542
0.00363652497383837
0.0050763549445912
0.00616907939990523
0.00528736969530992
0.00533599810647068
0.00408142219929002
0.00461026846135059
0.00220708166172127
0.00315937496221694
0.00511096082237087
0.00439259004076002
0.00600421772653346
0.00391709239575687
0.00513665326759917
0.0057727257669138
0.00522730859705007
0.00492379261318726
0.00526953402854177
0.00605275462920698
0.0033277888866315
0.00452550906294243
0.00364103553338983
0.00418762133532617
0.00523198585884693
0.00421307411414622
0.00326935605263432
0.00681733716718884
0.00389804968653787
0.00469608451736328
0.00482583958455622
0.00507493155974458
0.00493070624190722
0.00534982377214938
0.00466199071587894
0.00590366732922606
0.00387820197228323
0.00564593538844854
0.00527299258994487
0.00573888344566186
0.00480027460790373
0.00380114395672836
0.00458495864286505
0.00547790705001466
0.00690476772355885
0.00445091580295482
0.00780701707159632
0.00716167059376193
0.00408149803930405
0.00709773382951466
0.00486249889478235
0.00601294205294051
0.00361364332788333
0.00880498956905761
0.00509685731065825
0.00613639965260065
0.0036004154845114
0.00635455817162072
0.00504160620361683
0.00320971551577318
0.00431655787376567
0.00495288078747844
0.00566504689629634
0.00627277012430843
0.00499676708924226
0.00403134844922404
0.00407578330511713
0.00409253779510659
0.00456707322255863
0.00563787600158014
0.00529767980276794
0.00617338463106901
0.00466948557380845
0.00518263251883354
0.00433281881820155
0.00452748699350026
0.00408264739013138
0.00522884194060609
0.00352095213273725
0.00384476654655636
0.00407102591689651
0.00425123221306271
0.00561280466123924
0.00353739427253128
0.00668871001857831
0.00434661097163448
0.00673891806979667
0.00451439697979004
0.00810232175005456
0.00444503950097407
0.00283613224074453
0.00338016982652424
0.00654483031479799
0.00331230232348539
0.00513877082010493
0.00432671844366265
0.00717874068636706
0.00650348018452689
0.00815731838475279
0.00441352730583005
0.00440992271367729
0.00604333605990972
0.00461248797028689
0.00508881719573359
0.00371805360254936
0.00510731736484375
0.00543563947523675
0.00475772339560141
0.00619797534737244
0.0041766289078524
0.00693298926167591
0.00324628638168018
0.00533409647949654
0.00621981286172627
0.00524217530147117
0.00649677168455091
0.00537715160317567
0.00475285567926054
0.00348855702703456
0.0053623648007875
0.00414197322633195
0.00440348970668338
0.00429506350228414
0.00220370983155752
0.00411691364916253
0.00612595936086954
0.00459427305468297
0.00420231330028482
0.00501423898996563
0.00337272953683281
0.00419591391133351
0.00379476623680947
0.00334990595764751
0.00437557720819498
0.00480326178826346
0.0062940193236493
0.00545596026076297
0.00590362613322203
0.00543618141724165
0.00675372065202664
0.00731250519417328
0.00725895234201223
0.00387432662245007
0.00507986262335523
0.00452799708940231
0.00315984367839911
0.00508995690090442
0.00617750979653233
0.00245232162530654
0.0073038511724076
0.00565080341318479
0.00717829302778629
0.00833599840620783
0.00553758645361581
0.00640575792470596
0.00637331417038252
0.00554994831999319
0.0033486820428737
0.00490441578827232
0.00511863361864115
0.00443675489962738
0.00655428022143402
0.00648689214212903
0.00629114560933958
0.00427000627824313
0.006022803540842
0.00688937640094516
0.00477255672201297
0.00347230935274218
0.00390724689597141
0.00354269995340674
0.00447061239120371
0.00382287699807762
0.00520420887145849
0.00541191904129791
0.00534186317223277
0.00270853838330003
0.00795175531034676
0.00313077427780683
0.00419096671953169
0.00550948244394303
0.00474947147568458
0.00454856977221266
0.00555148082919189
0.0041408436944969
0.00527552814014225
0.00608446636715577
0.00613599890446296
0.00821014212967291
0.00690013115335087
0.00250847572620346
0.00566408880695887
0.00647722015239823
0.00664401249268474
0.00526023778694784
0.00571372161956367
0.00470637925173279
0.0053696210718744
0.00547585877223722
0.00412404714689696
0.00457709724456237
0.00412290578743614
0.00554217920211409
0.00751328754896166
0.00313364481659376
0.00579975810831129
0.00580020008872862
0.00485948330241403
0.00495769861287374
0.00415304633514215
0.00600805651408971
0.00431321862951863
0.00638651841796514
0.0040011321307825
0.00289509498482702
0.00275232024152568
0.00649058825723205
0.00519136551750993
0.00757060548623787
0.00598075352663469
0.00476967138666249
0.00599953471267196
0.00505106789013205
0.00636217860632071
0.00690876865720256
0.00396626546066466
0.00554619398458149
0.00311749562146015
0.00438508865963794
0.00771701814475898
0.00864577843194544
0.00557855394304474
0.00592988608919208
0.00523129927024677
0.00524397744406083
0.0058575559833709
0.0049297266624194
0.00508942231210805
0.00443582996597876
0.00348107470049421
0.00533610810461414
0.00490838015558386
0.00393993287375489
0.00487945395032299
0.00569754229917554
0.00507102814142481
0.00550695465424157
0.00741222387258511
0.00616746899886034
0.00438849074686142
0.00567503016951316
0.00590241970988969
0.00541565847034534
0.0058108760160663
0.00463476277299034
0.00418553100314177
0.00458724828924976
0.00522494864923472
0.00803702231815114
0.00518081011012298
0.00634203507115049
0.00396180583203249
0.0039897677051188
0.00475068084891174
0.00403821883983951
0.00439959283078766
0.00336201775432549
0.00684319484046219
0.00505656191608921
0.00519045070856932
0.00327999851585916
0.00888420517767895
0.00443396080238933
0.00459219985556822
0.00602632207056349
0.00722591126032186
0.00652379205644468
0.00654471713013104
0.00571935007732078
0.00351102115876681
0.00821500868864526
0.00463477748170995
0.00500563899303681
0.00407522702001126
0.00531307787552106
0.00564807777736886
0.00453748842464939
0.0027050100058247
0.00285058852277426
0.00597427000129836
0.00660261482866373
0.00364071863817877
0.00618803459744477
0.00341056002280259
0.00449185358771856
0.00503477568252959
0.00666561208031648
0.00698190253544933
0.00547388376798256
0.00414178444460362
0.00501904834795322
0.00512848723755746
0.00613811504509203
0.00813197128769482
0.00709789048803054
0.00539396922646999
0.00352469298912614
0.00524564656778912
0.00609410428117233
0.00440218592761263
0.00553964380252831
0.00496317933829424
0.00479134531499694
0.0101662190294616
0.00413560471561156
0.00392823802377207
0.00416470639059232
0.00576889371766399
0.00489970980775547
0.00353769009954156
0.00468829106039911
0.00832749781886452
0.00432202887163655
0.00414593188303135
0.00348085775724743
0.00470393164423197
0.00373775124947945
0.00847599781621654
0.00905092804444614
0.00276415479278073
0.00383639867502741
0.00546223054600334
0.00434738605175015
0.00454540366744601
0.0069840690974141
0.00323521328616142
0.00407904161935407
0.00538214135380877
0.00372659294758957
0.00605982532380923
0.00539224053330913
0.00452834723802695
0.00597304146421257
0.00491674936407112
0.00406360918323232
0.00409867535051559
0.00691792043087636
0.00434465173390597
0.00422956803890585
0.00526974118581456
0.00642053093155706
0.00668509322685072
0.00276117915880055
0.00587679688966454
0.00405737770622683
0.00400951898482842
0.00529134121125646
0.00589558060787536
0.00453268485876731
0.00364792442582947
0.00897522737013579
0.0034446184327492
0.00675441582767131
0.00919502614332353
0.00595371727592764
0.00327645361608366
0.00398971529156335
0.00774744629753621
0.00502974411473655
0.00507314335953876
0.00745355045347728
0.00546163507746082
0.00555694736126645
0.00329765002457461
0.00432758226141017
0.00317627520461152
0.00517044138189968
0.0104374260626776
0.00559297556895869
0.00394203234116031
0.00433902796167039
0.0065736109534978
0.00646349250656004
0.00432399409617837
0.00637059608531401
0.00333156834838778
0.00392415284998666
0.00615523181060343
0.00524400388734188
0.00757271008036861
0.00604737149412021
0.00472880300326299
0.00434232150153827
0.00362666337156207
0.00463626038670736
0.00670704390616907
0.00256429628909955
0.00545257775882166
0.00476691889020644
0.00406632809992262
0.00548211635522783
0.00470802929671832
0.00419934520665135
0.00670032154851607
0.00593438471323072
0.00622705099393734
0.0040421907813864
0.00731856133821625
0.00475254946488992
0.00523259758557532
0.00614623471652457
0.00704499763718667
0.00531715097442737
0.00470267365997869
0.00619836304126575
0.00462667652884141
0.00411521786090588
0.00482411794415853
0.00550377503536882
0.00409699517123542
0.00582829611916333
0.00465840648033137
0.00262852853071283
0.00675527103365089
0.00427598296980447
0.0037432965737421
0.00694147347936325
0.00723625857806986
0.00532899766607145
0.00528203145203015
0.00531133883066888
0.00492370446664793
0.00847409722940198
0.00799546712260676
0.005981349303019
0.00482918583804883
0.00410632292643395
0.00476688085434666
0.00528610652233692
0.00310118225620665
0.00620029398801916
0.00404569627041825
0.00491355459921958
0.00361198509889896
0.00749837970462959
0.00612207308782207
0.00463060165092619
0.00300124501384901
0.0040210612501501
0.00627516249351848
0.00361158360406925
0.00311160940417652
0.00446028493918371
0.00631903587048631
0.00690594319704437
0.00445923526468399
0.00514356945980842
0.00308555594105659
0.00231093181610162
0.00589560102036476
0.00410840658187891
0.00331313556322028
0.00287567855094604
0.00415370896487885
0.00634179406711052
0.00963749971564801
0.0062835149373438
0.00579759702557028
0.00499676987847725
0.00431360535844555
0.00517363361379454
0.00559288586723883
0.00945840214038028
0.00417630501699809
0.0098263311695595
0.00482400136154016
0.00689911631718258
0.00503048960483516
0.0056841340222855
0.00803678305009308
0.00410980873252665
0.00343408524129885
0.00453254368452075
0.00534430190966679
0.00362283476050528
0.00452772828505415
0.00703433607653331
0.0046071022838147
0.00304868374498678
0.00840135737012439
0.00419820732753133
0.00344599439930552
0.00542335739800478
0.00361999322863908
0.0056835577665564
0.00569780217946971
0.00510959702859059
0.00727957585746602
0.00411783359103688
0.0055474331491069
0.0038203226920828
0.00568736322916791
0.00526919639812549
0.00546970670904735
0.00610875834503211
0.00502186527317621
0.00541271465871633
0.00511174735649037
0.00333980208962917
0.00436803039319342
0.00536761466532839
0.00533128940482913
0.00343868439598798
0.00542461312944797
0.00484671432662006
0.00480206163144482
0.00533176355434009
0.00561090669383711
0.00643365644865974
0.0050806764778336
0.0019887776476825
0.00369681620274862
0.0031096803260468
0.0042539689002333
0.00480946874545448
0.00430597960375382
0.00430848483049841
0.00409570185772194
0.00514639348575896
0.00578388161402094
0.00489166582669258
0.00414746691497036
0.00718898792415207
0.00299476208034063
0.00654180478971196
0.00374590729543296
0.00413002450749172
0.00578733940437891
0.00294009632967751
0.00535835086549663
0.00342019354751219
0.00440652008126672
0.00409623312254668
0.00361240634446228
0.00757329124035814
0.00547429463539473
0.00495226940215297
0.00456568017098127
0.00359005449799949
0.0060688655190897
0.00423746730320441
0.00508438476259259
0.00888097386963992
0.00474086674365222
0.00520653519473384
0.00450282396254034
0.00326215786519701
0.00592353268610255
0.00552776129995152
0.0034492456221497
0.00459506497696322
0.00550425022887526
0.00478289780781493
0.00424118337177634
0.00507252244765813
0.00392267083001537
0.00494266035328459
0.00409682265839836
0.00602917091935503
0.00449413599292924
0.00270838054136934
0.00478135301298917
0.00333446669304151
0.00504903431268984
0.00671273018182266
0.00551157294331012
0.00280330864630948
0.00589036935631705
0.00621834826005273
0.00508291622028557
0.00519761413718386
0.00443570651078044
0.00769833813096232
0.00333041934794213
0.00419707996968863
0.00610742724850824
0.00556147106550296
0.00312036957283298
0.00608896384668843
0.00257970707751579
0.00282798626482984
0.00376181313642782
0.00321029083771394
0.00530959073375751
0.00482416976635589
0.00570949587241183
0.00371141372631408
0.00278314962295527
0.00988876264070225
0.00355849276821791
0.00450623183671106
0.00613602442250994
0.00491313218589768
0.00441809209244552
0.00345800281140081
0.00529248276502152
0.00446578918839816
0.00398431336852482
0.00578141966188506
0.00546082568183818
0.0052891815876825
0.00421860898933887
0.00585193175356074
0.00342777905356634
0.00227507568388108
0.00521922582730833
0.00557952138443798
0.00923336710348792
0.00493531550708519
0.00414352502233683
0.00579784333421039
0.00490346820108966
0.00520370411703616
0.0100095882248342
0.0109291631181639
0.00859038423256513
0.0047456190881293
0.00558384409555267
0.00349332464220629
0.00605245725261375
0.00514300306852446
0.00745757942944241
0.006841315285095
0.00349850227788257
0.00377730143561327
0.00442805278239908
0.00477634813309435
0.00323954960269722
0.00493538735651468
0.00555374022600454
0.00395844406141548
0.00589604872692702
0.00440655328084593
0.00336969518510779
0.00481351476474312
0.00453696213562237
0.00745586750939554
0.00525415037648828
0.00491471467619174
0.00637049193471422
0.00596378707864527
0.00672162897685809
0.00565283286159823
0.00513681364313967
0.00459464711601824
0.00397016260684325
0.00559840473654954
0.00520952279883106
0.00375133281869894
0.00566219570891297
0.00811407063068803
0.00848439699444124
0.00669125856515825
0.00615659267877527
0.00395729542836993
0.00427061992244736
0.00701726567336791
0.00558806701895158
0.00613473565523094
0.0045290290256893
0.00330121739930009
0.0047627199137166
0.00500324134034993
0.00663172823393008
0.00453350304916657
0.00598850398186399
0.00470546871370858
0.00552425624721646
0.00793021927374892
0.00414536057220821
0.00319893802368698
0.00438150612570354
0.00327995185927562
0.00360028320115983
0.00479230610785108
0.00538096538298168
0.00583664554777132
0.00459863004910173
0.00394090319939428
0.0046540811569123
0.00609509754107641
0.00377376012834019
0.00588565567817771
0.006013719961967
0.00459343078007756
0.00849334406097107
0.00446719449965878
0.00780774954772423
0.00340642143031373
0.00307355603848271
0.0075113523171359
0.0087448198630939
0.00661845555173569
0.00390975540512634
0.00473755262751086
0.00480412647155758
0.00440279901523532
0.00319845775134493
0.00684353973097818
0.00271934059938581
0.00407618131120821
0.00409056611963023
0.0064611592306819
0.00668729715844251
0.00482440401664
0.00553905823587082
0.00438743493675235
0.0051703406447929
0.00666063900660537
0.00618427235925894
0.00709555638558674
0.00890873370686132
0.00483426501994196
0.00476898195064729
0.00388126816295126
0.0046750886424605
0.00674786274010925
0.0040465717244424
0.00505849101523128
0.00492560081796412
0.00348043216864845
0.00662834559986268
0.00275913729527935
0.006351797349206
0.0048906546524232
0.00419866984636522
0.00290343197487442
0.00547980173304768
0.00576313936541753
0.00396664516878574
0.0034332630672591
0.00316180017386515
0.00483876297881845
0.0048819862015236
0.00593995006397344
0.00327518160672715
0.00391697805440312
0.00378515305195342
0.00323285737579885
0.00648975953589872
0.0053639217197048
0.00421389855873583
0.00810957734541379
0.00461206136020964
0.00757699667348193
0.00542537852371027
0.0041456814583539
0.00434303116780074
0.00372552683193722
0.00353707952408444
0.0038197863820666
0.00473221161604091
0.00420504629319238
0.00519603570152114
0.00346945278381313
0.00522457080460029
0.0082961885311609
0.00333634049343522
0.00257298911067279
0.00785157191004183
0.00367125308443213
0.00442909595805949
0.00422589626493346
0.0029889630090627
0.00908170438337658
0.00544784781701424
0.00542912727049629
0.00743380017139225
0.00430232277731056
0.00435145164577218
0.00280318057374387
0.00496535100993298
0.00451171362580363
0.00726952150126801
0.00409852674517897
0.00493686033547493
0.00594623350113604
0.00762615486128369
0.00342101966983064
0.00375979123246468
0.0038051662907182
0.00778079628677431
0.00421976751230619
0.00405704832915728
0.00584591206522091
0.00677369311061431
0.00441583577782544
0.00676813195985023
0.00334301354518213
0.00287405504655948
0.00461497751293153
0.00581484109683894
0.00653047314569134
0.00518145316951246
0.00452801918660252
0.00454843806476872
0.00393345374269502
0.00433428588058497
0.00570353400826134
0.00420434056213486
0.00399263394653087
0.0047049059665966
0.00454645997910245
0.00421998313377257
0.00442338929191347
0.00536499897179988
0.00547444743847531
0.0065781193194385
0.00484869940909717
0.00449074666208113
0.00436138889933081
0.00496161778209416
0.00496517969082615
0.00659203901774799
0.00565009940750366
0.00553097667730533
0.00361734220599587
0.00450236955335935
0.00501657090676822
0.00534658986493223
0.00539756660324493
0.00565504320735434
0.00372784002465118
0.00372508147392622
0.00509711063893958
0.0066654496677785
0.00511514328975551
0.00475990335022032
0.00482588218982602
0.00337174516315524
0.00409642152131606
0.00374504236021524
0.0044386588899821
0.00528054620537676
0.00582048588490628
0.00373794689497264
0.00847561017138767
0.00735274817386794
0.00615988009435655
0.00676741023458214
0.00311409174235558
0.00738901398499037
0.00463736163438387
0.00698452902265422
0.00596921637087958
0.00390917768802685
0.00849666174120703
0.00476399584379925
0.00553564270623584
0.005526061247583
0.00436733136382298
0.00605107393622759
0.0027208978075579
0.00344409160096069
0.00333476490362648
0.007159647346418
0.0044706993906505
0.00587406015062965
0.00509954099585328
0.00446943979238186
0.00748169547261741
0.00467496553513345
0.00441252976123265
0.00419023427542974
0.00420146687275406
0.00580090944619625
0.00426221301237008
0.00662834333330673
0.00487748302366139
0.00499692250688686
0.00636503155821555
0.00478877699331092
0.00426937994578845
0.00736529201501856
0.00345709907484454
0.00402254502769102
0.00535720088669085
0.00395936766327047
0.003846200890955
0.0051827490519298
0.00552083586348581
0.00583920173419094
0.00438733695813023
0.00468302659500496
0.00439986073978679
0.00452452283812719
0.0056410959301909
0.00425431557487708
0.00677655150300064
0.00444664464560475
0.00644156620260096
0.00495380080508163
0.00612476296156696
0.00719749591586026
0.00516202100557267
0.00281251730056183
0.00412357883969745
0.00395913678339221
0.00516141422847399
0.00501429359171902
0.00443333749159989
0.00462086453888118
0.00497437276986442
0.00662090504974845
0.00544828574826753
0.00464605518071099
0.00463359501914874
0.00393083476155563
0.00524554582132794
0.00527314913097457
0.00545911816612008
0.00454711941497148
0.00298722619009406
0.0075095769050942
0.0082217097976152
0.00473653059070248
0.00639911262970474
0.00704664215056167
0.00513944838892824
0.00435079262343986
0.0072834614120959
0.00407432408633269
0.00370798887003454
0.00496362309397345
0.00373229001810496
0.00732987509523644
0.0053718763333843
0.00493674348761317
0.0037235338820407
0.00540191832476322
0.00655501111073096
0.00453549277256469
0.00362841561799111
0.00936192644001196
0.00668129023865512
0.00437200819458872
0.00635002737667406
0.00537047133204564
0.0050547536205181
0.00311123169716867
0.00404878586744359
0.00591190264631851
0.00410309752631777
0.00400286468148833
0.00333379215325051
0.00497572985262394
0.00297475874639321
0.00608491920282109
0.0050792647532107
0.0073341894772081
0.00455121999883992
0.00484904443633919
0.0045916743575365
0.00634352524916158
0.00492805062792915
0.00483370474758091
0.00373444436485091
0.00328810978325332
0.00400221091639582
0.00366525122720316
0.00529579846947539
0.0052336055241606
0.00399766689605165
0.0053945871882155
0.00350376712828947
0.00544605051090612
0.00503536516128036
0.0068809908395412
0.0058774601953824
0.00547292885095077
0.00409151656837639
0.0048109647085355
0.00479402885776209
0.00533388177609164
0.00796855046468887
0.00644466056067483
0.00327696246659356
0.00495921361689574
0.00785594171160526
0.00592440073499193
0.00358474560781762
0.00512342678225671
0.00648676167536176
0.00455373084962439
0.0042357901764775
0.00291947716388517
0.00404234479194538
0.00465763944550276
0.00612600663618131
0.00553274651079948
0.00489469075517052
0.00527524503457776
0.00487337400926605
0.00774949121428957
0.00657851198426662
0.00304466114769568
0.00410244859586292
0.00473296642308299
0.00511455467446405
0.00541087574956508
0.00564801889522829
0.0033818613637599
0.00742909838886475
0.00664181753421636
0.00571247991211501
0.00437243444005748
0.0047709397966327
0.00475613966627595
0.00626417420108289
0.00449297463557418
0.00603790311689405
0.00454944431475571
0.00527683873233759
0.00650867119113925
0.00557017541421397
0.0028337647595012
0.00497141298467652
0.00699730200277709
0.00569303806954717
0.0042138611267452
0.00622939138224513
0.0062581154184381
0.00559198615319342
0.00473526317211931
0.00681631414109888
0.00424937879728669
0.0037658946056339
0.00445147270191996
0.00350580003253455
0.00568296450109713
0.00461943187054281
0.00586890349648373
0.00700092739365883
0.00236339896471104
0.00511421578068743
0.00620366870038967
0.00645540098513116
0.00400215341505521
0.0034928783489644
0.00700275774514727
0.0051766456439879
0.00451472316012362
0.00426817795344697
0.00889592854700673
0.00411273012575058
0.00427637399031245
0.00742478664682829
0.00393346652715418
0.00482871184559181
0.00437297688566072
0.00620667367481326
0.0048451010364252
0.0045920554488062
0.0030723252656896
0.0060210761867238
0.00310997035728381
0.00464124532416807
0.00542660296758568
0.00527768706160079
0.00389239618794813
0.00505689386418266
0.00409635533459046
0.00463740312951595
0.00385284528167646
0.00693860156511421
0.00425052662908403
0.00498621393491054
0.00358397632071751
0.0067475770606607
0.00599812171891762
0.00567939057648058
0.00609601737810659
0.00395083700449069
0.00412690238333382
0.00562306758873089
0.004008735112207
0.00358603829799273
0.00547089662370331
0.00425336218002257
0.00825891833831165
0.00351682557684921
0.00628505900221461
0.00483784151035943
0.00388256653587123
0.00477193220717235
0.00612882268325004
0.00590152205245994
0.00200941065050873
0.00505202767350718
0.00446483851153785
0.00628777131676587
0.0077250924265003
0.00588624722515786
0.00397929318251679
0.00547794160076602
0.00670159714097383
0.00312818202784529
0.00472835427066987
0.00499191846900233
0.00479272218331769
0.00494994955201482
0.00429010147438221
0.00446700459809179
0.00385143290233266
0.00473270696732096
0.00317412806719894
0.00680513988560004
0.00436698810739242
0.0041872757635413
0.00384472846944151
0.00445765069417654
0.00596845223976806
0.00430214372476052
0.00427300214803662
0.00517038802724161
0.0056770872753018
0.00367475383286663
0.00517077313086564
0.00472266149971104
0.00494668516109064
0.00350162477934425
0.00561219581502777
0.00433753097195723
0.00401956363306969
0.00468548649958724
0.00280498346870063
0.0055765478188537
0.00773965034230299
0.00681764402871467
0.00436980030563357
0.00710881800198566
0.00306418567943665
0.00345464079118937
0.00397075475265976
0.00519756934034037
0.00838839128645236
0.00459716260669839
0.00327877107181197
0.00618277246049611
0.00576856102406346
0.0053614637218941
0.00445160380550784
0.0039070338638934
0.00316806837656242
0.00320835536436251
0.00594655087559604
0.0065923107253488
0.0035587518913845
0.00473457684940182
0.00506093497962762
0.0064470538912565
0.00424445707112193
0.00614842781042634
0.00571707010985859
0.00432583156526465
0.00448638907167241
0.00421097274439583
0.00496640503046218
0.00393694372833949
0.00382753135670927
0.00431592719533119
0.00475788084713577
0.00667285723384283
0.00384644510539446
0.0036249123308055
0.00542390132185392
0.00641437160007652
0.00395997934136185
0.00427865109761228
0.00337747307930123
0.00370630811544789
0.00260553605039551
0.00649185869415154
0.00496446562286395
0.00599494880711554
0.00579656536602794
0.0065501834621139
0.00798745273063753
0.00624221118582388
0.00175137849808921
0.00820067986407102
0.00207251440401878
0.00487714152673085
0.00358016331570491
0.00303917326861367
0.00605715973117641
0.0035837266819983
0.00528221732723482
0.00545890443903595
0.00495424812847802
0.00794823545353618
0.00445806124331973
0.00696914549580671
0.00651121581785937
0.00583819911989915
0.00353807028930614
0.00649228110026574
0.00472715039006301
0.00430162782265915
0.00325161654212566
0.0047637051170041
0.00479933663294468
0.00442411853510261
0.00547763246269923
0.00557598914190032
0.00440261938372716
0.00344961991442775
0.00629791061148899
0.00487758424631851
0.00783328789129907
0.00576791194425968
0.00477177395748784
0.00293106494221048
0.00435446809395846
0.00413754739230223
0.00351711974387112
0.00388643284425093
0.00302366504568853
0.00400306875818113
0.00426888676283057
0.00330302777863247
0.00818074054449271
0.00760875938447246
0.00634703050356452
0.00869820702358583
0.00590133125311358
0.00723004890871683
0.00397971524169864
0.00533122460656031
0.00463087479823942
0.0085087386784277
0.00449935675274373
0.00500022719651558
0.00845878016134631
0.00422722144643777
0.0039993155688049
0.00493875655937407
0.00546136279301287
0.00547571956624892
0.00520638839405094
0.00621429358430577
0.00513395906201811
0.00510577147123308
0.00315981960031951
0.00473050236789721
0.005091626713422
0.00423031529475113
0.00696255305615266
0.00587826844227502
0.00439117010380005
0.00460584332130086
0.00807754456254078
0.00518429547245208
0.00377877386033432
0.00562956241640564
0.00321044207967996
0.00749787608688655
0.0048128722564647
0.00447222264594411
0.00545305517207316
0.00426634739520021
0.00696948858800504
0.0043636827167301
0.00577592552569464
0.00660694769648634
0.00469277292194804
0.00460254370547887
0.0050525850119355
0.00746001746590361
0.00353842889744342
0.00816678730554045
0.00410433990144836
0.00437834185530084
0.0059062367354214
0.00340994142915638
0.00478059863648854
0.00617163624925517
0.00696254949989346
0.00587262092248822
0.0051058969092979
0.00524647419767033
0.0024506597555374
0.00419066987018994
0.00465091658790336
0.00459597136471854
0.00483321198711366
0.00523557902557179
0.00515704429849542
0.00749024698866181
0.0044028067671815
0.00734440152253581
0.00459504320384282
0.00450951542828234
0.00335481958722809
0.00410964964131837
0.00349986850689454
0.00590008169638021
0.00575066735967402
0.00476247659482628
0.00657413472010158
0.00433608677099646
0.00331391466846606
0.00544799985145014
0.00480292048782153
0.00528740001350898
0.00611755344984967
0.0061875206578868
0.00375080741474583
0.00545910453141816
0.00407949130077733
0.00719201136693286
0.00731623864106864
0.0073320319036255
0.00476894927373552
0.00549517608208703
0.00354893983370409
0.00437086926600946
0.00480000718659892
0.00456242134315696
0.00611824004488926
0.00430528058337457
0.0037772895193472
0.00577721509961289
0.00623208300698684
0.00440063913508883
0.00552294771301047
0.00486564492462883
0.00390383732794773
0.00466168863605442
0.00332953434552904
0.0039960303088555
0.00574418282061337
0.00770783295189169
0.00683433713096075
0.00334055215643511
0.00341386091599966
0.00371230506375234
0.00286402325426789
0.0054224644158063
0.00439866186008326
0.00436267613111618
0.00423035922126218
0.00543744718671262
0.00468214664150425
0.00498450587644592
0.00495748212513535
0.00478848311666027
0.00568235778410086
0.00279475602935464
0.00516439720265618
0.00432613773212903
0.00473035350204714
0.00383273841426369
