0.00558885714831166
1.42063038390021e-11
0.0101093127424619
0.00297191551035281
1.68444997091927e-14
0.000474134809812949
3.51849606555879e-28
0.00627072714842333
1.73325803547959e-09
0.0276835300951983
0.00389437779830387
7.34967515465532e-06
0.0101030920324537
0.00184286340904545
0.00532781957436879
0.0232535398239834
0.0138917831000009
1.2634219672482e-07
0.0108412352256942
0.000127303821053688
0.0168453466811436
5.1098237020347e-05
1.11317789300416e-23
0.00751485557335749
3.18989593270477e-05
0.00469910106026557
0.0199512629062003
2.88842876393623e-52
0.000208791596893718
0.000234079437261139
2.65534826792409e-09
4.92425125468705e-06
4.90265451580209e-30
3.97422072067775e-06
0
2.7106996635638e-06
0.0208857012719775
0.00133853743929788
0
0.00554230394311165
0.00826834167734529
0.000208258382529128
0
2.16336240833263e-34
0.000712382265326856
0.0104048899841776
0.00508871343598993
0.00195414446365033
0
3.95462831734716e-34
2.38138096144669e-15
2.29112015956639e-10
3.61722073668513e-24
0.00699531673013997
0.0099559924083739
9.08645545335505e-50
0.00472050184975564
8.69216188002229e-13
0.0270562841627752
3.18213827374452e-270
9.63438106189441e-14
1.90468813452942e-46
0.0155055859272393
0.00434946756770733
3.63627125390706e-05
7.84849614403965e-08
5.20982204370297e-05
3.96957224131209e-06
2.32203386435281e-21
3.53474580439347e-06
0.00688428527622688
3.20781543962696e-08
0.000462896345971935
0.00166044585072963
0.000691214351804737
0.00400900003635266
0.00291472210315762
0.00910096930993979
0.00413822618975077
0.0118879914734888
0.00114335877456032
0.000857097743633132
0
0.00717753461254718
1.07817923238441e-14
1.29268971894669e-15
1.05270432120312e-29
2.29716585005054e-06
6.31948826965437e-10
4.7321105361795e-05
1.03346723801562e-10
0.000258141093405404
0.0148454164011076
6.10666160936685e-08
0.0193784048677755
0.0121782361725469
6.67223886456358e-08
1.33676720635541e-10
0.0114588794179426
0.000120209322482119
3.50586937489543e-36
0.00209872169819872
0.00278125735300589
4.8615005101443e-15
3.84376582431795e-36
0.000791796575725597
4.33702860342711e-05
0.00294563539888952
2.56268613618133e-09
9.64205637233279e-05
0.0211715546609677
0.00351455968647055
4.15609815069791e-09
0.0177139561904055
3.01793724575028e-27
0.0113964112699716
2.40062437103597e-05
0.0071783885830635
0.00411854012550071
0.00173591403187884
5.50566344175505e-05
0.000156207952891976
0.000582218387361365
0.00279329423689513
9.25167130235447e-136
6.51852850960782e-10
5.30823590015017e-15
0.000400184053873015
0.00344207922150449
7.40890948885834e-07
0.00664467159159691
5.82366728167726e-114
0.000125571962167705
3.23137769192762e-65
4.3355859405775e-11
0.0110826200983032
2.60539812391002e-10
0.0190230408858461
0.00929915377971199
0.0227959151716615
5.6669368887993e-10
0.000936128704097644
1.10132559343282e-17
2.48962361310847e-259
0.0011366401765976
0.000358517953878327
0.00292636161806856
1.83137655144719e-10
1.18365373188319e-05
9.08247299105452e-148
0.00327643205057949
0.00606493724242258
6.48607576576839e-06
3.85486608652882e-05
0.00532476843899315
0.0149179054515619
0.00209851265566677
0.00548808538521304
0.0135986733478419
0.000475804368458696
3.85738348192464e-05
2.13168045026722e-10
4.36494960213138e-32
1.31102264223288e-121
0.00230287474888777
3.96386986043219e-82
0.00124653516751841
0.00512673188173644
0.00342818054502712
0.0163219204091926
1.83683350804737e-05
0.0208334925185289
0.0155029758106318
1.0402462519949e-20
4.76692110292885e-61
2.72015289748233e-22
0.00857567494101667
0.00602332026593324
3.67719337991098e-31
8.70759023730492e-09
0.00569664022139317
0.0201133842561524
3.28575679344183e-07
4.30444386008535e-05
8.6616048103216e-06
0.00818788203577909
1.7227519044078e-05
0.00162964910710586
0
0.00674417057175126
7.04414155472893e-40
0.0113379614135812
0.00202207762771186
0.00533253571467274
0.000694125833287169
1.12482345522638e-29
3.58152706659403e-05
0
0.00620326780904341
0.000168537673699099
0.0187335321440148
0.00424067201913782
9.33135398057476e-12
0.00844852576386764
0.000245138142518785
0.000664915552999344
3.01769309030469e-310
0.00181025946824538
2.11848997789088e-15
4.75043689208826e-12
0.00450983672441055
0
1.7921164895824e-05
1.16266053714519e-96
0
0.00399993053465091
5.32336298213307e-05
0.00890459701758109
0.0142762138695459
0.00585881959367276
0.00905285062858567
2.15978846710756e-110
5.12151649726318e-09
3.27105456117456e-09
0.000140464440388783
0.000451958154442174
3.81579638204822e-05
0.00975900005433362
3.80420120465232e-127
3.32979309184222e-05
0.00208484319722906
0
2.9575719837145e-97
0.0111808214730224
4.7377639108308e-05
6.49923549947508e-12
0.0212765957446809
0.000418118391298274
0.0177149567182716
0.0104879800895087
0.00158325352366633
0.00216905488376144
0.00297266195580249
9.50876283713818e-15
0.00601245775929033
0.0112824570138863
1.52692561844311e-54
7.71631986209183e-06
6.77749813847976e-09
0.000165398012309944
0.0446729377504477
0.0163491163384408
1.02297910716672e-11
4.43099863926017e-97
0.000425447134683562
3.13254522266382e-09
0.00302612446121037
0.0175210634366938
2.07486975684177e-88
0.00368821152384721
0.00242588601262374
1.86504896586121e-11
0.000494600480132415
1.89184488344976e-21
7.33671802524546e-89
3.8219087575029e-27
0.000410407706988248
0.00149847375398583
0.00432621780606407
8.25632527496595e-07
1.23946011022246e-21
0.0176220687412995
1.3383519196209e-152
0.0057066128148
8.05723735196565e-07
0.0094137987342242
0.00472462483464088
1.86583718702569e-14
4.12294436323612e-08
0.0120914773223617
0.00639005657540128
6.3420312070359e-05
1.97720375083981e-11
0.0112965656691609
0.00053036149935017
2.57082082349647e-54
6.62589578072368e-06
0.025
5.84425650468902e-08
0.0035849400748239
0.000100439455660929
0.00407301722943731
0.0201574580046936
0.00415586949763694
8.84239209084818e-17
0
0.000733397929324973
2.65264955047507e-08
6.259003336988e-05
1.93220241926528e-07
8.9468913767648e-13
2.70005348258867e-09
1.87351610580232e-39
0.00135954446083711
0.0171820343702666
0.000188990246707423
0.00865392824673217
0.00763821744312214
0.000465510781430574
0.0001165908160256
0.00260983713757301
0.0053220241644126
6.06776402531571e-05
1.97483381002532e-31
1.46202860636462e-05
9.53908141379411e-05
1.61648354807291e-34
0.000207644754192984
3.05537416213548e-32
0.00403717144975001
0.0165607231809455
1.57100720588401e-88
0.0259822976960431
3.46420918063376e-06
0.00717531873894396
0.0187315917185562
4.48874425867403e-05
0.00281512526238015
5.46037544496726e-05
1.74732040747651e-19
1.33474715858948e-06
0.00468065944611899
0.00862550641524469
0.0104488168152288
1.62543648643951e-07
3.82520073919472e-17
0.0101484998894398
2.0836691762191e-08
0.00230341253973815
0.00411839050433438
0.00597223996430872
6.80902242900889e-05
0.00129324652706543
0.0097213395150954
1.58271222116691e-05
0.0123633849816389
0.00415596585444256
0.0105705774329015
0.00653495837581095
1.19908510307954e-153
0.00582793452899129
2.25748007230042e-21
0.0173859953008692
7.16107965437891e-06
1.3300544096807e-07
1.20660161601366e-34
2.12703111482301e-05
0.000326622851303554
0.00741412503631156
0.000198790606097543
1.59830114686222e-19
4.80138146246665e-19
0.016834827031689
0.00151179747432007
3.43101198929453e-05
0.00926449597923619
0
5.23994457502949e-11
0.00971370564725764
0.0102699633895615
0.00419455072379606
0.00601287708544315
6.2741204050837e-08
0.0293891670148294
2.87959307600755e-22
1.2329046179019e-155
6.20758912355848e-05
1.16247435441535e-05
1.88062317000098e-123
1.94323233614418e-06
0.000138667344624447
0.000194572601567572
0.00269988396980354
0.0289432183053177
1.88776056859375e-08
0.0121288066888481
7.03337949649965e-09
0.00370137224945253
1.73597264064115e-15
0.000599555770090608
8.07649237548278e-24
0.00305873802136656
0.00578889940011717
5.01858223918404e-06
1.4649746230235e-06
0.00159913309314161
0.000308819873385311
0.0039950915674408
0.00888482176166184
2.56950809414108e-230
0.000214853680889644
0.00348593126454391
0.00114791018776576
3.71415586154519e-25
0.0013390363190429
0.011848820263758
0.000538585653275436
0.00014412404738644
1.86014465167315e-06
0.013863869442933
0.00729048022902797
0.0109884204672837
0.00228244381266147
0.00219488689189074
1.0802034413931e-28
0.0077609242086248
0.0101942147118488
0.0136434170619854
0.0116722012054763
0.00536103751200314
0.00704334640123968
0.0109290281228645
0.00386318176906199
1.1295658974359e-05
0.00913547982459165
2.78172705712148e-07
0.000226835758562475
0.010482170581414
1.34900832248129e-07
0.0109164661420256
2.47706357625379e-17
0.00298324732887822
0.00273526555176478
3.82297111618463e-09
0
4.23478304105826e-84
0.00174590238482803
0.00925625691421117
0.0163506518845056
0.00450269008800019
2.58556095800507e-14
0.000685048160829268
0.00573200168162637
0.00744999833343731
0
0.0160850015314203
0.000160367203059469
0.0206426323632942
0.00366001250255314
2.82312019188197e-17
9.19750578117974e-07
1.51952896623228e-05
6.8435305836414e-109
0.000514721897553246
5.48734615837876e-07
0.0082546786059595
0.000896971017926982
0.00447929110705594
0.00830935002832852
0.00846261969026873
8.41556999003931e-07
9.70974027793257e-08
1.76328567624576e-06
8.83624594450428e-12
9.75234781358676e-31
1.04907241357075e-06
0.00120323844517574
0.0206140721378302
4.34802078328996e-08
2.84736639027971e-08
0.00453073142958198
0.00686533234285313
0
0.0026845333280123
8.7394570795599e-100
0.00263370662241293
8.22773380387909e-100
0.0094854539958285
1.21847783111156e-06
6.01724780221003e-290
0.00443659493308213
0.0197162056545937
0.000616420925165903
0.00448684364537868
4.25639814391192e-05
0.00421861039943343
0.000268691523306824
0.0114757864080986
8.27871361319705e-06
0.00033725768234539
0.00368361525697667
2.5529491496791e-07
0.00779960507471777
4.07137365907394e-68
0.00124412929070215
0
6.14812683974286e-07
1.86180634224249e-89
0.000689471735096813
9.80450776482846e-06
0.00621763143826208
1.26711990809734e-06
7.73412430768224e-31
0.000925756886675251
0.00655552937751391
1.23513346846581e-07
0.000126981186972507
3.47946306773915e-06
6.76919196020026e-06
2.83253148426036e-17
0.00804533341232492
0
0.00351419138207554
0.00554354420389944
1.97371560030832e-62
0.00786322661407742
5.91989095957667e-11
0.00415153338228732
0.00517976358815354
8.95607759855051e-10
0.0047958212024244
0.0219664968277994
3.93741101937243e-213
1.40515186849833e-189
0.00754102980250628
0.0020934654144601
8.0010912909326e-11
6.10052727446462e-07
0.0068844039186511
1.89838481075428e-06
0.000488823106137456
0.0095629006952326
0.00552346823436813
1.87337054067372e-06
3.81953032371422e-59
7.94818955965987e-12
1.50686175326702e-12
0.00801885895262651
0.00372963970693959
0.000108774897182033
5.08931836395931e-37
1.03118698759046e-29
0.00823403872351882
1.39592583888953e-55
0.0232581731253905
0.00436040994867262
0.0198276303347025
0.0032973997541435
0.00381968784869701
7.30094589918985e-14
5.74969737752227e-05
2.8912517425059e-05
0
0.00303044403944286
2.86725541001867e-88
0.0102614313553021
0.0042782270577856
6.5141966339444e-42
0.00491120151045224
0.00765558529178321
0.000110083425828305
4.01896625417594e-19
0.00433891185316462
0.00390636158761703
2.86769683443241e-10
0.00217029127499411
8.54897399544081e-102
0.0134092338479793
0.011065425242792
0.00165389800692252
0.0102968207499595
0.00612565025226954
6.49069605313665e-36
0.00279031667339493
0.0146306721709801
5.64087368671775e-06
7.51555761221069e-46
0.00653512097744735
0.00250003108121802
2.25056783646948e-08
0.00307076898748897
5.44059051020316e-08
0.00142590687955272
0.0186444221772684
3.33636902599483e-22
0.00576041782901056
1.28827938789575e-13
2.42948587671934e-07
0.00294214379278226
0.00106026999036101
0.00056277771197708
0.00320264906557695
0.000244540662810934
3.75517151376846e-06
0.0016382573276947
2.28597030170278e-08
6.07101104217984e-10
3.56636223182255e-108
0.00877852237258013
3.10802477079606e-10
0
0.00447757751779995
8.01496164336765e-251
0.0047522224348654
0.0123244151034523
0.0157562055585811
0.0174551112914422
3.84266232985299e-05
0.00558162262498412
0.0124989509658971
0.00962883232080852
0.00756958807166556
1.38141744637076e-74
0.00620235778001978
0.005732423270828
0.00343450070048898
0.0106278087327356
0.0082595309099766
0.0232629444468432
3.13874688269371e-59
1.3103607942008e-07
0.0220189167169488
6.32148749583614e-05
0
2.9888242071354e-12
3.98605524944172e-21
0.000915686410989621
2.52441854377898e-05
0.000665772557036268
0.00401760416269771
0.00119294377636153
0.0194459407403504
4.02526262481764e-05
0.00392769309576626
3.98720823549268e-70
0.00899426762322902
0.0166855522007532
0.0101235904878922
1.08480797002603e-13
0.00347911331929559
0.000723195217943122
5.29370022179547e-09
6.82086039234585e-39
0.00552266382776514
0.00861641082462424
9.36013964623909e-10
0.00715801011929652
0.00432426879783188
0.00484562249602345
1.54177880945637e-06
0.00919636789411938
1.15378874171235e-86
0.00521153723924932
5.24788092590998e-08
0.00466766299849579
0.0386383592132419
1.29367212908236e-06
0.00518603734817272
3.77035951441067e-07
0.00747345755021469
1.97596352796597e-120
0.00397661894421762
2.65869101807895e-13
0.00137606838665746
0.00926549569318131
0.00977071045648237
0.00753464645730647
0.000764823203203736
0.000210569644979007
0.00577053059673926
0.00093511273889099
0.0132970498312543
0.0070934362359161
0.00512040684440558
0.000132213286130582
0.00493139461682776
0.00395368280992481
7.0708224502542e-05
6.46236202923686e-05
1.89675055715033e-13
0.00212111913914622
0.0165041898300073
1.77986992957796e-05
8.99167694653095e-29
2.08819118153629e-11
1.60415174147431e-07
0.0197140487726178
7.6915473386527e-21
0.00745115010575637
4.11979881341009e-19
3.58662640592534e-37
0.00748905888436476
0.00359674356124949
4.45813505427258e-12
1.71245468364531e-09
0
4.41275244029070e-11
4.4311053362998e-14
3.90173782454634e-15
0.000132331514827923
0.00918059927554902
0.0149063114021496
0.0134059572393267
0.00309312592815545
6.93547725634525e-13
2.58876804685461e-05
0.00165058960910891
0.024382291965817
0.00397117806875722
1.70623219339719e-13
4.98410555457061e-11
0.00025361132595084
0.00919960904600734
0.00366809103385071
8.39217451379936e-11
0.000610566234345251
0.00867054012402918
0
0.0020849567721313
0.00511700856254715
0.00303673163383653
0.000465119779485388
0.000734515788629404
1.29238840754367e-40
2.57961743417651e-08
0.00341963808781065
1.10168378188143e-24
6.20365590998404e-05
2.17714724457001e-34
0.00514363961528204
0.000213089229751434
2.07327217560034e-17
5.25754922661629e-07
0.0166971243496722
0.0197268363404538
2.16039084927811e-06
0.00128276424857042
0.000105491275485592
0.00095505580461308
7.6535497389273e-08
0.00386724164104976
0.00185062724387754
0.000206365242053876
0.00760770195621181
1.30541096324463e-08
0.00964748536396911
2.74979046736007e-15
1.07365559607415e-05
0.0245839550957449
1.82840620108458e-11
1.60676128897651e-14
0.0282421731558125
0.00105049332530895
0.00372939630733704
0
1.31233397140732e-13
0.00385332289767189
8.60345511655079e-07
0.000177445282094414
0.00916920582249934
0.00811207461543218
0
5.1428530200072e-85
0.0192563958647395
0.0170846729906386
0.00954723298065559
1.70777914181613e-08
0.00609416538379651
0.0125388432071823
0
0.0139100960650473
6.4660372291193e-10
0.0147840889120518
0.000120193937151259
0.000111206062004301
3.19877452944248e-23
1.10191789829958e-08
0.00433320403926249
0.00522274903990624
0.00338967789606444
2.97302136308226e-05
1.23166220605708e-30
3.44700852922711e-104
0.000835336195816111
6.52696597869269e-07
0.00978486149445422
0.0218633439107085
1.19499093689599e-07
5.88982635136104e-05
0.00114568304525658
0.000350889490995847
1.50887514469184e-06
0.0126787164613595
3.35797689961885e-29
4.1067377566114e-23
0.011373028921391
0.020913341643904
0.00369310293444671
0.00763964282295419
0.000788180254799741
0.00551592406005709
0.00770231182678187
3.46129018571223e-05
2.04438600003582e-23
0.0133067016185929
6.73934588335886e-07
0.00652711362000672
0.00319686868209744
0.0101900104439108
0.0106382978631489
4.28864013581927e-20
0.000720954075673801
0.000393006160724371
0
0.0212330246736864
5.48065496699262e-05
3.50704785042352e-06
2.7073043428115e-24
9.77387124037267e-05
0
0.00375969928950514
0.00598583019757287
2.37500527652649e-07
0.000797674400298331
1.76242240700637e-12
7.46716933136898e-19
1.71811421947414e-48
0.00168669092736875
0.00986352696396962
0.0107559899522484
4.09446216310347e-05
1.95772830124773e-09
0.0177483482108274
0.000291102689391327
7.97515605490669e-06
0.0223878104566488
0
9.2449288808531e-05
1.02573591520758e-27
0.00145208455294544
0.00513370340362031
0.00257381080519428
0.000196353596819708
0
0.00614972500091307
5.11037817379153e-06
0.00298298004858922
0.00231676396941953
7.75318137756985e-07
0.00116134970598246
0.000663894516413543
0.000294973872240767
0.00788850978521024
0.000905427389660566
0.0119309760024522
0.002848146613386
0.000348418672572972
3.03696624512484e-08
0.00148758648095324
0.015597479071976
1.27939707549273e-19
0.00969529221194857
0.00272383822851633
3.45691696798703e-50
0.0162047019716024
0.00108502055335778
9.58814285014649e-74
4.13470972713774e-12
0.0154378857678167
7.22426367127727e-06
5.68331405139887e-58
9.27712223330878e-05
5.0414506937738e-67
2.29260176242379e-39
9.34288348067183e-17
1.25891151685253e-13
0
0.000213437080944887
0.0130206703260555
2.5756722435683e-06
0.0113394444620567
2.03903068193357e-06
0.0108285081169987
0.000137413338255853
0.0103241957758575
0.00694820420734815
1.71289460118766e-06
1.66289739734963e-09
6.86630718134608e-09
0
2.84025951201901e-12
4.42358291093303e-10
4.52668706048609e-27
7.17878641979126e-24
2.4724219435036e-309
0.010029817869037
0.00375539647758573
0.00220782055023239
2.05996040458146e-17
7.06777593724962e-22
1.35329549415515e-22
2.65828671669928e-05
0.000910728484979463
7.13006234864148e-05
7.63745711904133e-42
4.34045612297595e-36
0.00232539264507673
2.2587913142411e-09
0.00443575185798649
0.00916244517575622
0.00188810553928389
9.93260205937373e-07
0.005229966523581
0.00400392403540262
0.000163900236657259
0.000479712614012509
0.0386589702027017
0.000326004219206158
1.96149803665175e-06
5.03870917849015e-14
0
5.33930182052968e-83
0.00565769616435551
9.90204874612383e-11
0.00445542705767039
0.0020953328697426
5.07291611434581e-09
1.42858078936346e-05
0.0196834165748348
0.00542425020001089
6.18112777368152e-40
0.00945197478908173
0.00292588484675813
2.99952940233547e-08
0.0133802472873333
0.00969159477922736
7.0762889769488e-46
1.6988685257103e-52
0.0034335771500382
8.01778436601122e-13
6.26587041261521e-07
0.0188496485104551
0.000317598539949591
3.14397420077584e-07
2.12226825181873e-61
0.00789094827458569
1.33532970958477e-06
2.7852210236571e-05
0.010017006378287
0.00382413031398131
1.89942921908988e-180
0.00775338451664028
0.00525630355593928
1.35664459635365e-08
0
0.000179512459860329
0.0139250066356689
3.15556428817746e-05
0.0204433049751516
0.0113827710830662
6.0177665327267e-07
0.000332768174733926
0.00468316709738047
0.0013637204301143
1.53929818858029e-08
0.000428224506792726
3.59763433467049e-206
1.45223277153677e-06
0.00512588035560487
6.62357018295613e-06
3.20822508922859e-06
0.00852528607774431
0.000245449023536968
1.35348361144163e-06
0.000142678245584684
2.36636716230401e-17
0.00739268468510371
0.00799301131462075
0.0313509281011045
0.0104675196629282
5.30558803838389e-129
0.0032879976786677
1.74578621370689e-29
0.0062711019583928
2.40637780852703e-31
2.23813184548882e-226
1.692524527152e-53
0.0178391304985277
0.0182919147048441
0.000371173743026649
1.60764193775054e-05
0.00377288148514254
0.0091909186660918
2.80628804583505e-07
0.0181819098808057
9.79992686685879e-13
1.75860989253005e-18
0.000353030094079811
2.94455791647612e-40
3.1991850316582e-49
1.79518488263465e-17
4.7686303208526e-11
0.000573763793250995
0.0107555531560918
1.21454621078443e-79
0.000546771605448444
0.00335899883417914
0.0113738936078921
0.00466702213357759
0.0136823503460582
0.000854047342282093
0.00110559522045652
3.2788243141042e-10
0.0213181727782934
0.000604303271933874
1.24000698427548e-06
0.0155043992303447
0.00930483561328655
1.87377173244549e-05
8.28788454170405e-52
0.00275565203382454
8.72423491287715e-11
0.0298897646288938
0.00102506840442421
4.47751047416382e-162
0.00429477747776139
1.07887528941337e-08
6.34099888952264e-16
0.0112980838145405
9.35390412787931e-05
1.66650079966999e-07
3.10523367854237e-06
0.000194458780808872
7.87405633111913e-05
0
0.00761281388227527
5.7362739405524e-08
0.000138988998444069
0.0114465435117081
0.00872719760351427
0.000557016838778951
0.0158111951966569
0.0203190137414344
0.000333319040708207
0.00100516098526571
0.00708788905351585
0.00713529487166931
0.000672019756630375
1.59495939864386e-06
0.0226136721260204
2.62298986957637e-06
0.00793976672320189
0.00196546114523583
0.0124307536943358
1.11305418049988e-10
1.09127318516371e-06
0.00671391518605829
2.03752735119063e-05
5.03984751513828e-72
0.00297144469307063
1.49810500515661e-08
0.00287413518646075
3.80923014845108e-32
8.43414787937548e-07
0.00692937188327383
0.0168221442344314
1.2523177652955e-13
0.011297487118402
2.94642049045897e-21
0.00997783022523419
0.000611746195107754
0.0036054132565895
1.08184974857744e-05
0.01691989252621
0.0234993507355196
4.42294046151434e-08
9.8411736064001e-51
0.00523478727387781
0.00163384857467896
0.00598882550314651
0.00992493539550999
0.0231643093106999
1.83102152880686e-10
0.00612011923727189
3.2713135571133e-07
0.0203153004635542
0.000981829316453437
0.00314364421382695
0.0213517950588259
1.1858347285067e-10
0.00397180994981885
0.00527803553906537
8.39095891608733e-13
0.00459208305310051
1.37595289957588e-06
0.00516355854901438
0.012316257622925
5.23079790122606e-05
4.16852455305914e-06
0.00711651785187245
1.76113878647955e-05
1.15180395540619e-07
0.019605214126035
0.00132891904381235
6.61223356763332e-40
6.87441793719256e-05
0.0237836896459456
4.73399119574639e-22
0.00176999046139522
0.00385134310146153
0.00223151981494354
0.00135277180845457
0.00311189418628281
3.626950439727e-14
4.75231212752491e-07
0.00927792799083982
0.000102023954041669
0.0194666767669262
0.0047554248669387
1.1680957674305e-32
0.000962453164547249
0.00601514656640189
2.65818891849508e-97
0
0.00170175811912755
0.00421267847301054
0.00196133675828058
2.73128234673318e-06
7.08544826421353e-12
3.78464068386522e-20
0.00520351158081485
0.00187625926439556
0.00371678902884102
0.012517379787298
3.30372939905849e-09
0.0107361224300379
0.00483802766811177
0.00398800233814556
1.51486116728689e-05
0.00420453600197513
0.009758952263053
0.00685908480382349
0.00675847903275029
0.00080340236950958
1.41181367115666e-09
2.33919940471499e-25
0.0027783570467471
0.006409251116376
0.00987079246307306
5.27628780219574e-124
3.55315065529184e-38
1.20807028034582e-14
0.000741161812513497
3.59674541832665e-08
1.11878070888579e-06
0.00112941204037314
0.0114440413838014
0.0198001382779512
4.25758479769352e-05
0.000140478767737335
0.00620825186641283
6.96427756071992e-08
1.71719100470442e-104
3.30970143045742e-07
1.91333909755663e-101
0.000208972593112901
0.00510348699108283
2.43966995003234e-12
0.00145187098785112
0.000148344930202272
0.000436022826192804
2.25685945375266e-08
0.0115692045124762
1.64667764174925e-36
5.80650581096911e-06
0.00593306372540676
0.00539504772454453
0.017796080609385
2.73038197373701e-05
0.0226946130338728
0.00175543186223677
0.0182100581920065
5.25138534872734e-05
3.7654298946755e-51
2.38253215297764e-196
0.00815299104268804
0.000100248382041342
0.0139444145454926
2.0748509306052e-06
3.09024782778248e-05
3.72075673639141e-10
0.00052060457084945
0.000271632017297559
1.85397863605833e-75
0.000565364551395305
0.00659341805057675
8.89894326865455e-05
1.06312779350936e-21
1.51712499307302e-17
0.00609757398470956
1.21455353704752e-11
0.00016540914765087
5.92281979179527e-14
0.00665783677590319
0.00287490468571486
0.00761799024219129
0.00918386048505173
8.94146738276311e-09
0.0121451553823895
8.994351717564e-16
1.97172639648413e-47
4.69878173392061e-110
0.00693215614572425
0.00650985364285019
0.00194770611324256
1.56846872963209e-14
0.0152225981063968
0.00628816195299867
1.18901662733222e-171
0.0085416410363216
4.62189698725237e-08
0.00854229896146659
2.27296733162848e-162
2.76992341724935e-05
0.000169200978855417
0.00549779756016598
0.0152380785967539
1.45252076156421e-21
0.00612777156393712
3.89847869236776e-39
6.5164864029608e-15
0.000188016555649804
5.3342795408743e-05
7.42370855033391e-106
1.50201745947105e-68
0.0017609847882123
4.52760696831439e-05
5.11424997326632e-104
7.28133066332614e-27
6.76977254198923e-15
0.0122266549734778
0.00122182583559624
5.62251421843502e-36
0.00417442673141712
0.0179305487863454
0.00892890967143059
0.00675884467361808
0.0202441290830534
0.0280809696865285
0.00174272663840311
3.04375645000465e-06
1.39296419990485e-11
9.80166063703019e-10
0.001223226788408
0.0231445517614486
3.91561081517177e-07
3.78487716392114e-24
0.00181529821623714
5.88745195288053e-13
0.000114236141664946
0.00384937369592353
0.0122548484295305
0.0082743328217929
0.00265738085837535
0.00238574598919441
0.000114096047323798
0.00451613436080112
0.00159075486960194
0.00333872149886472
1.07379093107202e-14
0.0027641043599227
1.43519374612776e-05
0.00560183458422173
0.00524515424144728
1.01732905716022e-07
0.00440153765285465
0.0106740213679761
0
2.33529647395091e-36
0.016031337948068
0.012431821680718
3.24762592504449e-07
6.86629445829423e-49
0.000656877554467613
0.0143670123496026
1.21755701497395e-08
0.0172812152449312
0.018206325921353
0.00019241104174308
2.12146673317941e-05
6.24682437303277e-116
0.000168730193122913
0.00323897725929751
5.60695895360354e-05
3.01832266087431e-05
0.00480982159805337
0.00429610187387652
5.28221383655499e-76
0.00220107578374642
0.00813601130234314
2.10885569637528e-93
0.00545426970162741
0.00259986630523558
0.0222758362246691
0.00833938832206098
3.24747132042887e-70
1.41983500566423e-86
0.00192060209615616
2.45248139042386e-07
3.99536210778213e-12
0.00462725951543377
0.0102624984237824
0.00402678012896347
1.35508909220651e-44
0.0196067994923644
0.000396772758070626
0.0123328797502409
0.00478720791367843
2.02779365128041e-28
0.0183938588901106
2.24081002449938e-07
1.4375508502229e-06
0.00207213823303523
2.06470434545622e-192
3.64971561293485e-121
4.51227084532923e-31
0.00410829264981187
4.06213898196779e-11
4.38419199640189e-08
5.84907843033801e-15
2.5868158409406e-06
0.0164881265428919
0
4.63183384407076e-05
1.55004214591074e-72
7.95392153665179e-06
2.93821917127976e-306
0.00246742060441266
0.0151404123318922
1.67350466777028e-13
4.84826273870014e-07
0.00280845727113768
0.000561839077867657
0.00863667016282544
0.00824659509189138
0.00758317239839677
0.00435618686710449
0.0104813755085537
0.0172757045210984
0.0112582508112421
7.04189375221093e-26
1.45732504735911e-10
0.000121517783758741
0.00146497298439265
0.000185157584966011
0.00526529333056447
0.00161703124639068
0.0201407758887991
0.00745371695872498
0.00500926824702098
0.0083377549241592
0.00131480957483881
0.000495124160460682
1.74322503870585e-09
0.00800894770595737
0.0237956981219017
0.000259009727510339
1.84338612097186e-07
0.00375017200539704
6.50698232258375e-10
9.95824090674767e-10
6.0462177420739e-07
5.04561745542352e-13
1.42638891093505e-05
0
1.65973064667365e-70
5.50705781391576e-06
0.0229548932341541
0.0022157744011046
1.52902029544874e-170
0.00360082438967746
8.08192935830979e-05
0.000569393292486089
1.5582947237229e-07
3.82869209596292e-07
0.00195338924284898
0.00141151242618878
0.00510303430176971
0.00683299745642084
0.00582726768848279
0.000149585274889867
0.00136731754237878
9.77147692049269e-06
0.00122859088387084
0.0180944902065248
0.012341343972926
5.22311712245687e-05
0.010393767230099
0.000843012808597401
3.04848702632111e-77
2.89191190931922e-96
8.01562318961546e-09
4.94592728260206e-27
0.00241744381344602
8.99971707794965e-137
1.78213331884688e-05
0.0060606282655372
1.74755917399257e-10
0.00076344031240287
3.8150575685542e-06
5.68832469421277e-06
0.0103351338813964
2.34686896028484e-12
0.00709853813476792
2.40434670980246e-37
0.00768507038458091
0.00257974509661673
0.0226250536771113
2.43028800159005e-09
0.0063155618966186
0.00141871613634419
0.000507883422088756
0.0018205364758553
7.84353653022578e-28
5.96478622784489e-05
0.01586870687949
0.0125998472014082
0.000195799799215453
3.27869207135475e-05
0.0170172402555793
0.00477224935736453
9.36748416781071e-05
0.0039286769493585
0.00386534625684125
2.5152747832039e-08
1.35383348299467e-77
0.00339244899481727
1.40879493832636e-09
0.014680927432074
0.00331760151425845
0.00765413779035379
2.93655453329288e-180
1.0662478124031e-78
0.0119163705620393
2.52613928950116e-08
1.09469326246475e-05
0.00946897396009502
8.71595267499734e-15
0.0211686077579293
2.64422560940462e-09
0.0011409930691387
8.66772944465755e-104
4.05858525778444e-68
0.0111845443217542
4.64534404002196e-09
0.00672299679446589
5.61331784180106e-17
0.00651893492988705
0.000222772746122317
2.06621228002446e-05
0.015167824368439
0.00504587207031667
0.00422191218933369
1.68227128291848e-17
7.74014072330323e-61
2.38186059920983e-297
1.5496139977337e-34
9.41608142152027e-07
0.00859062060717877
0
0.00491308707048292
0.00598931312101567
0.000823178124912336
0.00691432478025187
1.51241992124496e-17
0.00701827640024987
2.92113911960809e-59
0.00242381689677825
0.00309312258433083
0.00432615423120807
0.000343783792896212
0.00132727766502515
2.88352901242849e-16
0.0342394304577059
3.72266341739527e-06
0.0103049875452829
5.50833013717961e-51
1.01727270192828e-174
0.00265488907485554
0.0061074207868469
8.76384708035961e-11
2.34483251577975e-10
0.000734866669167774
1.2831354602757e-62
1.09649529809535e-06
0.0115821968116556
1.31075115153789e-38
0.0049868563329148
0.0103370573162751
1.04386577306258e-21
0.00128075635464242
0.000398187411941739
0.000257304429866434
0
1.78284775300747e-05
0.000167646061214779
0.00677296919580612
1.09336830039892e-18
0.000893205779023262
0.00315698590612343
8.98289423942155e-06
0.000169151329058348
0.00152077264198504
0.00125663697462989
0.000135116220693721
1.50303362643435e-12
3.83537930283785e-08
0.00138735615930333
0.00274582618922456
0.0080835031132611
6.13878499828747e-162
0.00189583364508989
0.00228689861099177
0.00264605000064196
1.59705428576512e-05
0.00460426185866725
2.75657378759047e-09
9.06410107601465e-98
9.50618176962692e-06
2.30339114378719e-16
2.67036971799914e-47
1.8040196396824e-06
0.000657245792907449
0.00530388696522331
0.00138294889832784
2.75628986833357e-78
0.00773464173053275
3.01354003709502e-12
0.0309268663482379
0.00893403741446605
0.00356661125726927
1.18249099539615e-20
0.0142542062200437
0.00435360093305702
9.80414399068472e-07
1.08543261076074e-88
0.00501311522611812
0.0104600908993858
1.0471926542802e-39
0.0187086206312705
0.0174393213533584
3.52780555218605e-08
3.66798873424994e-36
1.53376651815958e-19
3.04727254700767e-05
1.51234752742589e-23
7.70777973479514e-05
0.0103577774776992
0.0296470336907821
6.20344864304878e-05
0.0140611915716446
0.000431309540212586
0.00095681958259626
0.000724271555559746
0.000193708839704197
7.40834039098894e-11
0.0002957096042695
3.71877917510151e-56
0.00726757371885939
0.000345439002833194
0.00876948847669369
5.40290422246505e-193
0.000391539447704617
0.000937735569260551
0.00517693758645899
0.00263421344487121
0.00759385137668694
9.75245984980695e-89
0.00193594204682463
0.00308557807169759
8.63049637268926e-160
0.0121508009464031
0.004120834353512
9.45668702574771e-70
1.78953147932243e-09
0.0247356540656849
0.012267781082075
0.000267967701264013
0.00677627157944609
1.47053720706968e-05
7.22216986438566e-08
0.00665637659857101
2.91742499231043e-06
0.00236921689713945
0.00221662681602305
1.45143365118655e-06
0.00693662822829777
1.7722500636088e-09
0.000320158980468212
8.38473324228468e-11
2.778647067793e-66
0.00637370071452065
0.00424564476230594
1.8153148227529e-09
0.00188147333924171
5.50788787332808e-05
5.00853154220122e-12
0
6.4239961139229e-88
6.60081610904317e-06
0.0107582397511343
5.85139536774373e-159
0.0100272941062188
0.00909656428181685
5.69956511938397e-08
0.00106970241503104
7.5536032732804e-08
0.00174869946060932
4.00044140848727e-07
0.000465312657461953
0.00524761811224268
0.00294136983690237
7.09149806922459e-09
0
2.36215978278705e-05
0.00506685154583336
0.0057995133082821
2.83950902973326e-21
4.44052550180051e-13
0.0105761583145011
1.87044381591873e-22
1.57066790877766e-06
0.000816393621120379
3.21350316203237e-05
8.65372919572947e-21
0.00608466042021572
0.00236506960544453
3.2167228390181e-08
0.00146815923232333
2.44950969149902e-10
0.0062678895926403
7.14254373426988e-48
0.00154712599439403
1.0491642611748e-07
0.012464938396042
4.26095188797648e-05
3.12910018562043e-16
0.000181938526219915
0.000679398736309748
0.00643536622141317
0.00257123104985905
0.00680651855771376
0.00388046258444154
0.00438034594844592
2.73352672272505e-05
0.000980961189965533
0.000819932050519845
4.88891093622544e-08
2.11073547371543e-119
3.37691055562787e-08
0.00211807174410477
5.93928813349474e-06
0.000312323950541588
0.00245853869367557
0.00464353785550106
4.14509357900334e-24
0.000495973590537541
0.00587676251272876
0.0089538397832431
0.00284591465300548
0.0231559250150476
1.75203466093001e-06
0.0374402390539428
1.22622636788498e-05
0
0.000393631317659697
2.65472429408728e-07
8.2584392489525e-37
0
0.00580737870479487
0.00980843278311437
4.34178642520847e-05
0.000146325767620151
3.14098194212442e-20
1.68094613782475e-52
0.0146063916782479
0.0135705391046405
1.85680485804859e-21
0.00642170886077987
0.00168478633367899
0.00653303135695837
4.34986193848058e-05
0.00530264875154286
0.00228690705036248
1.36052290421757e-180
3.72024040795734e-06
0.0197522855321227
0.0454545454522132
0.0176496524450488
0.00378410459833455
0.00351945941136874
0.00588272500157677
0.00795974805928286
0.00615753745264042
0.000378183531579253
0.00740192988803782
0.000299767090030946
0.0120868350874163
7.45503290694127e-25
0.0138050841025515
0.00088833868538704
2.04899667998762e-13
2.8821431274421e-25
1.83760446430875e-60
0.00337832299871416
1.10959209241013e-07
0.000169618562256986
1.60707291931686e-10
3.62805287318347e-06
0.00521617842625451
2.6996930139106e-102
0.00321657917837986
0.0040094895367802
7.40257548001224e-07
2.51107739818386e-05
0.00681843593712563
6.85681919587599e-07
0.00063651707054145
0.000261864534312104
0.00637307004794
0.0131974280193401
0.00387649994429945
0.0037007048631564
0.0107169441039716
0.00281920505408692
0.0068799380842571
9.9851306650232e-07
0.00522098999419524
4.30609662822383e-13
1.76206926328704e-05
0.0056692179320989
0
2.59757179120054e-12
1.26941267617774e-07
0.00241912220621703
0.0134987222542437
0.00536661379994959
0.0024921916716545
1.11529496525403e-07
1.11875109883188e-09
3.57021039181244e-07
4.11773755282995e-19
8.2374085186076e-07
3.65297947085049e-41
0.000364717736483406
0
0.000424980901193361
0.00121066178602734
2.86742302015791e-18
6.75750342863599e-07
0.0151589521763104
1.3811833118219e-14
0.00565000673743609
1.66982805883087e-255
0.00690644101565256
0.00703195526290701
0.00253783944167275
0.00032774942631509
0.00636762831252368
0.000921302558578149
1.64534413625598e-61
2.53360450726532e-57
0.00554924748599932
0.00417214919744871
8.46748388308536e-14
1.71126900505913e-25
1.08673962627073e-55
0.00372252893505389
0.0076661921946451
0.0173287164683834
0.000206515541330407
0.00607224655348928
0.00671037591843685
0.0229174739142533
0.00609760638586216
1.01910792479751e-09
0.0145902865473458
0.0069856896744022
0.0043596502934451
2.65132175740732e-13
0.00524556373857508
1.86034092284719e-09
0.00468890307563555
3.66134476987482e-06
1.05773732830186e-16
5.76647604048382e-13
0.000110120003448403
4.11866429354959e-06
1.17283629130061e-06
2.72887980779924e-17
0.000867017468861052
3.80873185133891e-94
2.01313467898827e-08
0.0123191912644213
0.0108605759119235
1.18875829366835e-09
1.81651878334757e-21
0.0205690050434871
0.0100751896817957
0.00467262242936771
2.12360068006866e-30
8.55298222799943e-109
8.99463179526485e-05
0.0134032762723125
1.13868463515843e-05
4.62163274907632e-20
0.0109017921327293
0.0225846913126036
0.00434910798820015
0.0119794453709927
0.00175504602692847
0.0048567848184943
2.82474643965993e-07
0.025
4.28785851790711e-18
0.00702524840982204
7.27446934742427e-05
0.00295755070855878
8.25974428058405e-60
0.000125381360957951
0.00151552107183603
0.0113463446492076
0.000611478728860448
0.0148891563815002
0.00570700738122874
0.0159015424195494
6.16217852817263e-298
8.42376737092063e-05
4.1358432732705e-09
0.00959823443024498
0.010887101326924
7.66222959347376e-140
4.56083321517212e-74
0.00392931667069467
1.05970351782401e-17
1.18934679572833e-07
2.05303298360353e-05
0.00242885518715352
3.61699130270493e-66
0.00419089584686096
5.12701479637422e-05
1.51253595596298e-19
0.00852187703716431
8.90532972444616e-05
0.00775038557757348
0.00373309473237708
1.86268882274241e-13
5.83811908760004e-18
0.0246907982235555
0.00436557429921375
0.0285078169259207
0.00638308037051205
0.00371738492902007
4.89851279523722e-13
6.49336896939367e-08
2.20254419194142e-111
0.00611585730547357
5.44761065261126e-19
1.80901505344818e-23
0.00252231504593807
0.00171055170819543
0.000431233972142299
0.00986540713856176
0.0267639140154408
0.000320307293284233
3.74569253104818e-51
0.0185758669053382
1.68200470421867e-15
0.000136007218182625
0.00297487280695248
3.30003962328228e-12
0.0052885781962537
3.22135349518714e-06
3.85809436374439e-06
3.12734223511763e-08
4.48128426856602e-08
0.000125971639661184
2.31455289490699e-79
0.00287477379877647
5.55885108774582e-42
2.7066126077249e-08
7.31323661840964e-11
0.0122411854536865
0.000135505940380811
0.00879265845511961
0.00500818271367792
0.00481387180265198
0.0196631962566537
3.28864471696515e-09
0.00766413646651473
0.00565587584637247
0.0102362570129126
0.00564644726035303
5.82125715539805e-24
3.78258532719154e-06
1.40420382056604e-11
0.0167738375184171
0.000162351525287129
0.00304420739619304
0.00608193420810193
1.10234224502254e-15
0
1.09696353493691e-37
3.92317109693235e-09
8.35020186964994e-11
9.35154393575643e-15
0.00324239445474253
0.00493869239764133
1.24360631877682e-06
1.36046445351451e-05
1.04121905421912e-24
0.00762251558647749
2.94255838479386e-10
0.0143384405844384
0.00173795018003591
0.0118562386112601
0.00646241562358222
1.6686614601529e-05
0.0086960023511631
1.07960305019756e-150
0.00649153224014891
0.00120871687242173
0.00802133595421223
0.0212821236831566
0.00708231455905321
1.21529347016323e-07
0.0049735108225471
0.000741535857757948
8.35629346514756e-302
1.25942138123523e-07
4.20755561068386e-06
0
0.000149989238359993
7.54671377139295e-05
0.00402940998194749
1.06327876743238e-14
0.00447865287342957
1.35081101686971e-10
1.00702212860765e-104
0.003430471888556
3.07425815894502e-06
0.0232267436963124
0
6.00707928408936e-44
0.0121951206770764
1.83223761494646e-12
0.00712463423694731
0.0149923939914533
5.43761177159938e-05
0.00693025575137889
0.00644045283178054
6.59317806836874e-06
2.21130664976064e-08
0.000203214379971865
0.000896051049070109
5.65167360474766e-32
0.000162572288421883
5.7870359149821e-07
1.37295490106618e-06
0.000847309301093741
0.00184828111569374
0.0136581553223381
0.00206624833826659
0.0110763108030176
0.000175224862290976
0.000279091393621552
0.000230388869881599
5.50746970999941e-26
1.42347868889471e-19
0.018011359304206
0.00284714680932132
0.0135424083572028
0.00589560951370282
2.42237622025162e-05
0.0185185185198284
0.000707022713437254
2.79579015131975e-05
1.34083687707787e-82
0.0174251728993177
1.57701378831141e-47
5.6916712793911e-15
0.000916591853354039
0.00448218973642032
1.77323687573288e-05
0.0113840405793815
0.0232895387858416
2.77202002491212e-25
0.0224487845657723
0.00586076755614987
0.00442517110808121
0.00331807370601873
0.0246061527168322
8.14786601706963e-05
0.00116099797627268
0.00275231511353177
0.0127461501162304
0.00124498243128193
0.00252638617662451
1.00355315251894e-13
0.000127100093037938
0.00194630515289345
0.0151240404215408
0.000219996139661916
8.75733660878433e-13
0.0104256020275655
1.54149773179627e-11
9.32801091352926e-07
0.000122931478224246
7.01858749460215e-11
2.39978458956093e-26
1.5080615316075e-11
1.20401376846342e-29
0.000422577341401775
8.95192630241892e-11
0.00901732040598815
0.00261561575567149
0.0103071693522198
0.0010293254163306
2.12576602351514e-06
1.08200961452554e-38
0.0033973161214059
0.00815018069707171
0.00562356435148022
1.4102034903415e-06
1.80466595724861e-145
4.34594310350679e-11
2.68063077533232e-16
0.000240343614287657
9.68543021061109e-05
0.00465029825748088
4.51382406523828e-11
0.0118407059232575
5.56286958254697e-19
4.03297481025252e-23
8.16108864768245e-07
1.64123207074892e-27
3.35617742130664e-05
1.78941788817914e-11
0.0137419375704387
0.00377830860062822
2.87332261085699e-15
0.00380182340019714
0.000924171588206216
0.000740113280453714
0.00176959611831826
1.76034692751237e-29
1.80150894364131e-08
0.00388478191170095
0.00210042037954695
0.00474606880338651
0.000361954313678211
0
0.00816418485015892
4.96884335990655e-06
5.97835573088491e-08
0.013486585791723
6.88831869312371e-09
0.0032588880747152
5.10680920519026e-05
5.59010767204445e-06
8.39871412107704e-05
3.74425280934278e-16
1.79646388033844e-07
0.00179230358956257
0.000116961849829403
1.66860190068207e-12
0.000529133784343858
0.017396287566703
0.0039140430324496
0.0163244751276307
2.45637673879681e-06
0.00345648432736558
0.000282246973143834
0.00899278046227495
3.59087910874916e-66
0.0228149744260463
0.0165997966833658
0.0233153742850165
0.00491453798325003
0.0125647961347278
6.79990521410492e-131
1.98436278788139e-237
4.1438507742276e-44
0.0142832485471025
0.00596653671513381
2.24816601232399e-97
0.0116915487572955
0.00601618846723315
0.00782070423328635
0.0040193905473665
0.000167481364444097
3.85387141588116e-05
0.00300072234666281
0.00436977106783165
0.00621963669518357
0
2.97704570965796e-09
0.00244685347992331
0.00159691876370648
0
0.00130488852699433
0.01015776794857
0.00424130686293425
0.000685341410834131
0.00636431803824264
9.64031644019916e-05
0.000135314132147189
0.00253644791819219
0.000107478464020891
1.75750056875942e-12
1.56361690232268e-255
1.60743784645372e-13
0.00562577838045945
0.000168412951589174
4.01956385373904e-10
0.0112646603204315
0.00859121890485962
2.28669024129554e-24
0.000124279695395693
0
0.00668804102158334
2.37387834697711e-06
3.48357441304565e-07
0.00426436277075703
0.0144190776842945
6.55198979294231e-19
0.00409330277051773
0.0172665440100318
0.00288268500439305
0.000862704234308004
1.37534074597026e-07
5.31402153621993e-35
0.000212000800392498
5.04479207237314e-50
0.00305375117962557
0.00290675333198331
0.0027024981475635
0.00386152784183835
0.0150985931133231
7.42777949974059e-16
1.36703451685382e-30
0.0179740954150068
0.00439693213506625
5.50166005215105e-07
0.0112949328048832
0.00539794714113922
1.29748882205108e-10
0.0245660447558604
0.0058611654795493
0.000182896263297423
7.38303735480683e-07
7.24616679302956e-07
1.98736658680987e-15
0.00605174064008934
1.2086060456331e-09
0.00597923921670611
0.00658158690693976
0.00618830853623045
1.49737324761862e-10
1.60842369503385e-08
2.12711202124227e-06
7.23707360383841e-13
8.34030206410151e-20
0.00161720386240774
0.000312840040864072
0.000125540492402812
0.00640157723318346
0.00272918040789719
0.0112784564645943
8.92798834295915e-06
0.0197441310443956
1.23374679602114e-07
0.00646374636349304
1.55834809348013e-137
0.0025513265292033
0.000221830113254869
0.00020444791434349
0.0117492311360271
0.00729927902208628
7.75746164026045e-05
0.00177083713684991
4.76011574599668e-109
2.64624662985478e-06
0.0147963564669096
0.0182631911798437
0.00468761956710032
7.26911377860057e-14
2.62729907190209e-213
0.0197674417798188
5.81733786310088e-270
1.36657400920253e-23
3.05610546834171e-200
6.22378565730929e-267
0.00607744716161498
0.00585864605027009
0.0153634385111823
2.81261292597561e-49
0.00550763111868287
0.00410393739257061
1.54523673952886e-17
0
2.70784161386341e-29
1.95405017808349e-09
0
3.76933960526404e-14
3.75609073864629e-50
1.81689495189193e-09
4.48443907153289e-19
3.49442099136536e-09
3.04055915981399e-06
0.0283678202959616
9.91285215086624e-07
0.00688635774490503
0.00553703903748426
2.04750134861788e-06
0.0233196475448141
0.0117366071152949
0
0.000287206679413409
0.0129555602572312
1.31267238440047e-05
0.00550426011789059
2.44631903614085e-09
0.00103898336616101
0.00176403859070744
3.17987657236778e-05
1.36102698091913e-08
5.64955531733835e-07
0.0400298252301419
0.000753535535206495
0.00196303140190639
0.00255415922859061
0.00567665124182796
0.00136941910075377
0.00831828697426029
0.00164180239638055
3.07131808889469e-15
0.0215199057153391
1.61550225999656e-06
0.00598782692601017
1.29199294182919e-15
1.82859771099673e-15
0.00314989230253009
7.81674821919392e-05
4.02865690963606e-09
9.87856265205296e-21
2.66697113942499e-11
0.00556054132283354
0.00177138920461575
0.0119296981700003
0.00190834016568743
0.0199723652718544
0.00306692259820783
2.07457900221864e-09
0.000594130151756017
6.60497717644758e-11
1.02331029119082e-05
0.0023038332674669
0.00489405571040833
0.00592967555773364
0.00382069593965126
0.00704317016598219
0.0053468834344144
0.00360243799432123
0.000799700502788169
1.16345543810358e-06
0.000132411029127748
0.00411373059489976
0.000169591875433049
0.0106382974562986
0.00347111998251416
5.55634692840758e-19
0.0018669909465291
4.69376530239909e-28
7.12274891506622e-06
1.53870444626814e-28
0
0.0101397944914106
5.60291785818799e-05
0.00539913042757726
0
3.02438395816741e-05
4.30341925559516e-31
1.92427719877491e-08
0.0064223500500783
0.00550681236568078
3.72824637471743e-07
1.21646400326679e-05
7.82080080693612e-07
0.000362089809872941
0.0126529183298845
6.9573899292472e-29
0
5.01877789824874e-21
3.95136319005593e-23
6.34046809493801e-16
0.00202579349882513
5.67411304819541e-126
5.56302337479558e-11
7.72733355952492e-66
0.0175881535016702
0.0041327858011721
0.00888393919990034
1.47219791865381e-251
5.00815729879102e-41
4.57736304343406e-18
7.81606538644963e-24
0.0256342451992817
2.75631464466461e-06
3.95538318134547e-10
0.0294834177587165
7.15023845663358e-23
4.00851318375317e-09
0.00876750333900802
0.0061694605064054
0.0100569673240535
3.19088126516125e-36
0.000526729333700517
1.12178366920661e-101
0.00907611190968627
2.19140889902154e-22
0.00479019920715165
4.33674945994749e-28
1.85470560558315e-08
0
2.32428605837923e-10
0.00484682431564439
6.00970282617874e-06
0.00773583867904499
0
9.47038745422314e-05
2.75193697587762e-14
2.67168103683533e-06
0.00164879067338286
0.000181252904970935
8.35151063746012e-05
0.000155921731887246
0.0107227242371103
6.93557674216619e-93
1.11998930430814e-12
2.50940862495994e-84
0.00132920256888383
1.99203359806548e-07
0.019186588786313
1.4561445901224e-15
3.47383231417184e-09
9.18425944596613e-06
3.31274147959427e-05
0.00422980612414503
0.000537578608048703
0.005191214840082
0.00305959840052445
1.93231289305559e-10
7.78832823769864e-12
0.00962567654933043
4.96478668717442e-08
0.0135921854298739
0.00498275664696887
0.0303534976925133
2.50643381126145e-09
1.1708772471015e-94
9.67932008678484e-15
0.000996746150598763
0.00414115796709929
1.06419584610965e-189
0.00505747273606473
1.43060402399677e-12
3.70896418083972e-05
3.11809012745523e-06
0.018639088500453
9.42940454789385e-05
0.000112747074098866
0.00231771236026786
4.21531765140292e-35
0.00274526757856224
1.46268630475469e-07
0.00891707551749987
0.00671404691058341
0.0065155987863473
0.00029502537407878
0.00378486681596871
0.00484994542415781
0.0138772744845545
1.22023276738236e-29
7.40279323943276e-36
0.011138651093066
0.00832314304886731
0.00997518556945395
0.00616812698241551
2.88353583952791e-25
0.00144170043970915
0.0142812107987206
0.00543310658349621
0.00680610325187221
0.00966228924341445
0.00281947822750093
4.85316245823025e-20
0.00701031128599365
1.72070647222395e-59
0.00924488432896642
0.00817993847169675
5.729367883926e-14
0.00867797197540124
0.00249771321744643
0.00589467770536375
1.37651890858536e-05
0.00241827514944738
2.28565442173613e-223
0.00336715941463519
9.38504079855451e-10
0.00515125008247263
8.42414980858902e-05
1.61306582594145e-29
0.00184016806145016
0.00129742833542743
8.64325557025205e-26
0.000192171483756797
0.0093747486892867
0.00191767169105509
0.0106844116205075
2.97947818019829e-70
6.14991863853756e-14
4.777248293593e-08
0.000783917640430506
1.33659295865158e-60
2.63012079696236e-05
0.000311950738247217
4.04487216571905e-44
0.00435217405171554
1.61910398093097e-21
0.000635807416629703
0.00568914123430907
1.22537150268176e-09
4.96217902370078e-13
0.000524247019511904
0.00749993705155323
3.38571088647389e-07
0.000702288729728804
0.00381710286825026
0.00861073199969404
2.43730376619302e-111
0.00312551583787255
7.77392379255241e-23
2.29576340786876e-15
0.00711408580801085
0.00220572738646844
3.37076565158759e-11
0.00396480633569224
0.000189879234003456
9.25190863097458e-11
0.000582154497052388
1.00038327455301e-06
0.00499647904269054
0.00422296669554053
0.00772040818627581
0.00283735294071648
2.56191577482206e-07
9.01850487614086e-16
1.77920209327289e-05
1.20350527193773e-09
0.0120339195748465
0.00773195983814502
3.42525168295727e-09
0.00515134648836018
1.94537928331143e-29
0.000757460179456107
0.0214086659394509
3.56463832744226e-08
0.00427566434699148
2.44308145687382e-12
0.000475290556809175
1.45769959816097e-11
2.48460325314929e-12
1.69003176578285e-06
0.00214940754671416
0.0121991885860582
0.00200688360853355
2.57407418922489e-07
0
2.04177606544972e-08
0.00957991291681236
0.00297878730564193
2.0869661526938e-05
1.96714691778514e-15
3.27918183657951e-06
0.00728719114136749
5.12017470538348e-14
0.000234115877596832
0.00827193842988981
8.34015805010414e-08
