0.462783171521036 0.524271844660194 0.0361905195088884
0.511551155115512 0.501650165016502 0.0265872610901712
0.483443708609272 0.52317880794702 0.0285943937871032
0.455737704918033 0.504918032786885 0.0345612915972554
0.513605442176871 0.517006802721088 0.0312421418028783
0.430508474576271 0.505084745762712 0.0349800482896406
0.475409836065574 0.511475409836066 0.031914371621129
0.46 0.43 0.0247137839700117
0.5 0.496688741721854 0.0371036266370177
0.495049504950495 0.514851485148515 0.0297890725366043
0.462328767123288 0.476027397260274 0.0374461929194578
0.459546925566343 0.462783171521036 0.0208129731134774
0.437908496732026 0.428104575163399 0.0257234785580061
0.482200647249191 0.495145631067961 0.026219282150587
0.462585034013605 0.469387755102041 0.0267993927318878
0.494845360824742 0.501718213058419 0.0298937025974363
0.440397350993377 0.470198675496689 0.028151249019777
0.458904109589041 0.479452054794521 0.0308678661740643
0.501618122977346 0.504854368932039 0.0225274838217437
0.474747474747475 0.501683501683502 0.0182260821243697
0.470779220779221 0.49025974025974 0.0249207368786642
0.483766233766234 0.493506493506494 0.0284617472315966
0.476027397260274 0.513698630136986 0.0379006890315559
0.5 0.519867549668874 0.039373365693339
0.467353951890034 0.484536082474227 0.0331240834006066
0.506756756756757 0.523648648648649 0.0341950747301842
0.47766323024055 0.498281786941581 0.0455579503423779
0.498281786941581 0.487972508591065 0.0273830460931713
0.469798657718121 0.51006711409396 0.0329910417842004
0.488524590163934 0.518032786885246 0.0318608981218315
0.465573770491803 0.521311475409836 0.0365783780078214
0.448630136986301 0.520547945205479 0.0329487766948168
0.481481481481481 0.515151515151515 0.0308431288267924
0.444078947368421 0.503289473684211 0.0238818650667844
0.501639344262295 0.531147540983607 0.038822565975626
0.524271844660194 0.559870550161812 0.0387255582711515
0.508250825082508 0.495049504950495 0.0359564350327184
0.515358361774744 0.52901023890785 0.0389958790730942
0.491525423728814 0.491525423728814 0.0329715521004073
0.493464052287582 0.506535947712418 0.0301258205934302
0.523489932885906 0.550335570469799 0.0436738603767803
0.449324324324324 0.496621621621622 0.0339687470127215
0.496598639455782 0.513605442176871 0.0234098903322542
0.455479452054795 0.513698630136986 0.0340247675746763
0.482084690553746 0.537459283387622 0.0298726363946574
0.473509933774834 0.519867549668874 0.0300063087316262
0.487012987012987 0.519480519480519 0.0321142662158358
0.533112582781457 0.52317880794702 0.0257688526398026
0.449180327868852 0.452459016393443 0.0229058067972811
0.483333333333333 0.486666666666667 0.0278528612540565
0.436860068259386 0.474402730375427 0.0300912007509743
0.477815699658703 0.494880546075085 0.0394562424235345
0.436065573770492 0.478688524590164 0.0205827293541166
0.491694352159468 0.518272425249169 0.0382578237136726
0.466216216216216 0.506756756756757 0.0319129741019268
0.505084745762712 0.532203389830509 0.0323932582921221
0.5 0.533557046979866 0.0331443874986081
0.428571428571429 0.471760797342193 0.0343557155884897
0.463333333333333 0.483333333333333 0.0291033896943984
0.515358361774744 0.549488054607508 0.0429823877740976
0.491749174917492 0.485148514851485 0.0321481707491935
0.464882943143813 0.521739130434783 0.032844046009888
0.471380471380471 0.511784511784512 0.0327231827891841
0.459546925566343 0.478964401294498 0.0194339895413107
0.51027397260274 0.523972602739726 0.0337160896977413
0.496598639455782 0.527210884353742 0.0291717317792815
0.477815699658703 0.505119453924915 0.0315165665029671
0.495016611295681 0.514950166112957 0.0290641533680143
0.506493506493506 0.5 0.0234580742960692
0.48122866894198 0.508532423208191 0.0371818771088996
0.444805194805195 0.496753246753247 0.0295917817013281
0.526315789473684 0.516447368421053 0.0368892470322588
0.525252525252525 0.518518518518518 0.044057628592556
0.476666666666667 0.493333333333333 0.0287216684894983
0.47682119205298 0.529801324503311 0.0416753115793797
0.489795918367347 0.510204081632653 0.0354066750181206
0.491803278688525 0.537704918032787 0.0306877549280616
0.494880546075085 0.494880546075085 0.0344781175821368
0.488215488215488 0.515151515151515 0.0280934284429122
0.51505016722408 0.501672240802676 0.0363439582655733
0.503289473684211 0.506578947368421 0.0380544307150465
0.514950166112957 0.534883720930233 0.0440962607192385
0.474916387959866 0.481605351170569 0.0282054361919058
0.534653465346535 0.511551155115512 0.0277837375967289
0.518900343642612 0.553264604810997 0.030347543428549
0.475409836065574 0.501639344262295 0.0457431104937038
0.486754966887417 0.490066225165563 0.0332066053325159
0.534201954397394 0.560260586319218 0.0339441945849431
0.496688741721854 0.509933774834437 0.033686954264731
0.478114478114478 0.498316498316498 0.0277755650827353
0.537671232876712 0.551369863013699 0.0269674279556568
0.510135135135135 0.516891891891892 0.0387062774615245
0.468852459016393 0.491803278688525 0.020317299145476
0.481727574750831 0.508305647840532 0.0368648616120166
0.443298969072165 0.460481099656357 0.0271188594883736
0.471571906354515 0.525083612040134 0.0380161080173812
0.450171821305842 0.450171821305842 0.0372405629140899
0.477124183006536 0.493464052287582 0.0367466545360208
0.51505016722408 0.51505016722408 0.040244768811129
0.437086092715232 0.463576158940397 0.0328080134946664
0.484536082474227 0.549828178694158 0.0322065760008423
0.457236842105263 0.496710526315789 0.0324210240655713
0.468646864686469 0.518151815181518 0.026361129730816
0.51505016722408 0.528428093645485 0.0222514872846509
0.474576271186441 0.511864406779661 0.0380063552300436
0.493377483443709 0.52317880794702 0.0302369362449308
0.466019417475728 0.498381877022654 0.027019190322264
0.491408934707904 0.52233676975945 0.0355314925869368
0.462540716612378 0.498371335504886 0.0267731278875971
0.49025974025974 0.496753246753247 0.0387043731190314
0.464163822525597 0.494880546075085 0.0359969835523506
0.483660130718954 0.5 0.0330388765039805
0.530405405405405 0.52027027027027 0.0266851758884692
0.472312703583062 0.50814332247557 0.0336321893629896
0.511945392491468 0.508532423208191 0.0278113170936938
0.5 0.545454545454545 0.033659140125786
0.47557003257329 0.501628664495114 0.036444578359549
0.495114006514658 0.488599348534202 0.0214756577644829
0.47098976109215 0.464163822525597 0.0211068092041629
0.5 0.532894736842105 0.040412979621428
0.481848184818482 0.534653465346535 0.0336611689464792
0.453074433656958 0.485436893203884 0.0219202735490963
0.5 0.53921568627451 0.0301622898860476
0.462540716612378 0.495114006514658 0.0350842147638838
0.469178082191781 0.51027397260274 0.0236303907781634
0.503246753246753 0.512987012987013 0.0291410216786934
0.494915254237288 0.542372881355932 0.0420459321438152
0.5 0.486394557823129 0.0346947299726861
0.511400651465798 0.530944625407166 0.0259975283949201
0.456310679611651 0.498381877022654 0.0349466004087633
0.508474576271186 0.538983050847458 0.0341826208275663
0.432343234323432 0.468646864686469 0.029836003749162
0.49 0.523333333333333 0.0349040000185232
0.450331125827815 0.45364238410596 0.0310914272520759
0.449838187702265 0.498381877022654 0.0257275886215574
0.498305084745763 0.535593220338983 0.0422049568786982
0.463917525773196 0.487972508591065 0.0331505287067774
0.527397260273973 0.561643835616438 0.0401335937037921
0.40655737704918 0.455737704918033 0.0244014656216065
0.467796610169492 0.505084745762712 0.0437021460119222
0.483108108108108 0.503378378378378 0.0321252306905725
0.506711409395973 0.496644295302013 0.0258301770397227
0.473333333333333 0.493333333333333 0.0265568874585724
0.464882943143813 0.498327759197324 0.02872563087266
0.476973684210526 0.506578947368421 0.0288093231653589
0.434931506849315 0.486301369863014 0.0304349953556755
0.486394557823129 0.493197278911565 0.0393267173082856
0.482876712328767 0.530821917808219 0.0252319311330529
0.472789115646259 0.510204081632653 0.0299231328114635
0.498338870431894 0.511627906976744 0.0302563161969263
0.496575342465753 0.486301369863014 0.0307442499404965
0.493197278911565 0.506802721088435 0.046177853121812
0.478405315614618 0.498338870431894 0.0324420013696954
0.45364238410596 0.483443708609272 0.0336119007864476
0.458471760797342 0.461794019933555 0.0288281908828624
0.474402730375427 0.505119453924915 0.0310870542199708
0.451505016722408 0.498327759197324 0.0336326052699938
0.449664429530201 0.479865771812081 0.0310095088588126
0.483108108108108 0.47972972972973 0.0343722555097691
0.495016611295681 0.538205980066445 0.0389858416254499
0.491638795986622 0.505016722408027 0.0320801939758547
0.5 0.513422818791946 0.0377714579150353
0.481967213114754 0.495081967213115 0.0243138460414983
0.489864864864865 0.493243243243243 0.0244194481570123
0.488372093023256 0.518272425249169 0.0341288857124737
0.468852459016393 0.498360655737705 0.0224292186344207
0.498381877022654 0.537216828478964 0.0359358017712396
0.486928104575163 0.555555555555556 0.037570136251383
0.465798045602606 0.501628664495114 0.0402307989970646
0.51864406779661 0.471186440677966 0.035345924995069
0.480519480519481 0.503246753246753 0.0320562682778044
0.463815789473684 0.480263157894737 0.0227353418958607
0.450171821305842 0.498281786941581 0.0341213961262685
0.460264900662252 0.516556291390728 0.0285935599078975
0.466442953020134 0.506711409395973 0.0371755473109824
0.498293515358362 0.508532423208191 0.0287843076919274
0.479452054794521 0.523972602739726 0.0319751834917506
0.49025974025974 0.50974025974026 0.0284760614484673
0.47557003257329 0.52442996742671 0.0325108376985878
0.491909385113269 0.550161812297735 0.0306658993404417
0.456081081081081 0.47972972972973 0.0262978453419911
0.461038961038961 0.496753246753247 0.024523923740277
0.465116279069767 0.478405315614618 0.0286765096235235
0.45360824742268 0.487972508591065 0.0308599744988692
0.496575342465753 0.506849315068493 0.0388273429522138
0.481967213114754 0.504918032786885 0.0397948941516291
0.491803278688525 0.501639344262295 0.0377481612474733
0.526490066225166 0.556291390728477 0.0345958599260395
0.469798657718121 0.526845637583893 0.0334213527506677
0.525423728813559 0.525423728813559 0.039117755895985
0.466216216216216 0.513513513513513 0.0356235757447173
0.462295081967213 0.475409836065574 0.0294088507724871
0.479865771812081 0.5 0.0374132987853317
0.467532467532468 0.496753246753247 0.0380571985745977
0.484848484848485 0.481481481481481 0.0294478722647563
0.510135135135135 0.493243243243243 0.0335746145364306
0.479865771812081 0.5 0.0302322786226219
0.488448844884488 0.495049504950495 0.0343216220665953
0.470198675496689 0.503311258278146 0.0270754121325524
0.453074433656958 0.517799352750809 0.0289653545130658
0.5 0.503289473684211 0.0398819383475501
0.478688524590164 0.498360655737705 0.0414355664608606
0.415584415584416 0.461038961038961 0.0256674583509172
0.447811447811448 0.461279461279461 0.0302690638959219
0.475409836065574 0.504918032786885 0.0287567324168154
0.478964401294498 0.495145631067961 0.0340396769950068
0.481848184818482 0.511551155115512 0.0287860914561896
0.519480519480519 0.587662337662338 0.0199894187726959
0 0 0
0.501089324618736 0.533769063180828 0.0189632815653319
0.476718403547672 0.545454545454545 0.0248744782574402
0.497267759562842 0.516393442622951 0.0274782760305333
0.450980392156863 0.42156862745098 0.070834084419031
0.497695852534562 0.516129032258065 0.0286307109840611
0.458227848101266 0.534177215189873 0.0232753911176999
0.50395256916996 0.567193675889328 0.0255451834224754
0.473429951690821 0.492753623188406 0.0510430724049517
0.48 0.53 0.026284901152178
0.506802721088435 0.517006802721088 0.0405011326424553
0.513081395348837 0.597383720930233 0.0142521954220386
0.446629213483146 0.5 0.0298767241631902
0.514018691588785 0.514018691588785 0.0448198529476791
0.500671140939597 0.595973154362416 0.0139427387998586
0.424242424242424 0.474747474747475 0.0503009555486801
0.514705882352941 0.532352941176471 0.0331673808923709
0.5 0.25 0.333723154451139
0.517073170731707 0.590243902439024 0.0146608261082491
0.51257253384913 0.55899419729207 0.0191933908370383
0.460869565217391 0.48695652173913 0.0714597877447363
0.50755939524838 0.550755939524838 0.0236995108120947
0 0 NA
0.494949494949495 0.474747474747475 0.0871345783938282
0.471810089020772 0.528189910979229 0.0237316790095396
0.442231075697211 0.466135458167331 0.0331566513283668
0.451127819548872 0.484962406015038 0.0322678195428203
0.492401215805471 0.563829787234043 0.0159167754879204
0.495744680851064 0.536170212765957 0.024775990950955
0.462121212121212 0.537878787878788 0.0182238017701696
0.5 0.556896551724138 0.0180524919893761
0.465346534653465 0.544554455445545 0.0237163360433782
0 0 NA
0.488372093023256 0.511627906976744 0.0388778011021089
0.470862470862471 0.508158508158508 0.0264352867370872
0.469055374592834 0.47557003257329 0.0305237722582872
0.491304347826087 0.55 0.0232902799361942
0.4671875 0.571875 0.0161009941552082
0.482213438735178 0.505928853754941 0.0452839991175265
0.456475583864119 0.53927813163482 0.0249507900676579
0.501187648456057 0.539192399049881 0.0250654408073612
0.481481481481481 0.493827160493827 0.0684266328740308
0.471299093655589 0.531722054380665 0.0332029070135201
0.468 0.456 0.0336540905109234
0.483622350674374 0.549132947976879 0.0195263898032219
0.505494505494505 0.505494505494505 0.105780280615904
0 0 NA
0.427927927927928 0.477477477477477 0.0383384910463133
0.5 0.5 0.666665424453647
0.444444444444444 0.481481481481481 0.0441031877183905
0.75 0.75 1
0 0 NA
0 0 0
0.476340694006309 0.460567823343849 0.0250672076291627
0.460410557184751 0.472140762463343 0.0301320184743418
0 0 0
0.448680351906158 0.50733137829912 0.0302653115945244
0.502923976608187 0.54093567251462 0.0342581086848125
0.578947368421053 0.368421052631579 0.226857281770003
0 0 NA
0.487551867219917 0.526970954356846 0.0194304855401441
0.491150442477876 0.558997050147493 0.0144820587255577
0.558139534883721 0.488372093023256 0.227270292997201
0.465553235908142 0.55741127348643 0.0191502011158077
0.506903353057199 0.550295857988166 0.0231770327118265
0.5 0.488888888888889 0.0332733857849259
0.507430997876858 0.560509554140127 0.025833271536195
0.502083333333333 0.547916666666667 0.0194534818748096
0 0 NA
0 0 NA
0.453510436432638 0.516129032258065 0.0178057174901597
0 0 NA
0.475 0.48125 0.0225870401851151
0.49901768172888 0.55992141453831 0.0215349585001667
0.5015625 0.58125 0.0194929450729707
0.497109826589595 0.491329479768786 0.0654982026045327
0.433566433566434 0.498834498834499 0.0263034670889629
0.516129032258065 0.387096774193548 0.212715269004037
0.489082969432314 0.532751091703057 0.0200912232712781
0.4 0.4 0.499999970052511
0.477326968973747 0.529832935560859 0.0204456705043465
0.488322717622081 0.549893842887473 0.0221224948917128
0.486842105263158 0.460526315789474 0.0930794138839688
0.506896551724138 0.567241379310345 0.014498496526599
0.46572934973638 0.569420035149385 0.0181078555680979
0.541666666666667 0.533333333333333 0.0776467135997516
0 0 NA
0.435185185185185 0.516203703703704 0.0230657705638439
0.467415730337079 0.521348314606742 0.0229527629370446
0.469135802469136 0.518518518518518 0.0274305537512397
0.333333333333333 0.333333333333333 0.5
0 0 NA
0.462222222222222 0.506666666666667 0.0400518609190941
0.42156862745098 0.401960784313726 0.0688813351366307
0.49244060475162 0.548596112311015 0.0219484302651685
0.484894259818731 0.581570996978852 0.0147113742664251
0.491408934707904 0.474226804123711 0.0331726097158423
0 0 NA
0.488063660477454 0.525198938992042 0.0228384092881924
0 0 0
0.513470681458003 0.556259904912837 0.0165994809955058
0.515075376884422 0.555276381909548 0.0227539802472861
0.5 0.333333333333333 0.599919103700432
0.466666666666667 0.416666666666667 0.131279899690923
0.460154241645244 0.498714652956298 0.0274118107192381
0.524945770065076 0.579175704989154 0.0238228887100684
0.504895104895105 0.601398601398601 0.0169035323890559
0.474747474747475 0.548821548821549 0.0183994004585793
0.465 0.5275 0.0241551013574684
0.528771384136858 0.578538102643857 0.0181817404814841
0 0 0
0.483260553129549 0.583697234352256 0.016068279491315
0.473684210526316 0.502392344497608 0.0422203967500155
0 0 0
0.490445859872611 0.477707006369427 0.0559450370889509
0.480337078651685 0.539325842696629 0.031368980530481
0.485981308411215 0.557009345794393 0.0189526323748891
0 0 NA
0.477695167286245 0.524163568773234 0.0194838659368534
0.5 0.5 1
0 0 NA
0.503018108651911 0.55533199195171 0.0233989463689124
0.666666666666667 0.666666666666667 1
0.5 0.5 1
0.506211180124224 0.590062111801242 0.0145745983623813
0 0 NA
0.512941176470588 0.541176470588235 0.0265576329047475
0.491017964071856 0.508982035928144 0.0484043273326524
0.49203187250996 0.525896414342629 0.0180106741370677
0.44047619047619 0.380952380952381 0.10007902875582
0.485380116959064 0.526315789473684 0.0341742935132875
0.333333333333333 0.333333333333333 0.5
0 0 NA
0 0 NA
0.507874015748031 0.515748031496063 0.0397391262047695
0.472303206997085 0.516034985422741 0.0296959835452013
0.477508650519031 0.487889273356401 0.038886203406966
0.459770114942529 0.471264367816092 0.0960546990250529
0.522788203753351 0.533512064343164 0.0242052098816344
0.496363636363636 0.572727272727273 0.0168201924339276
0.48502994011976 0.542914171656687 0.0193227133190931
0.48502994011976 0.570858283433134 0.0186993640648413
0.464285714285714 0.469387755102041 0.0405894709460263
0 0 NA
0.48014440433213 0.514440433212996 0.0122957086758402
0.494565217391304 0.532608695652174 0.0266369183262367
0.4 0.4 0.5
0.47682119205298 0.516556291390728 0.0415366117169349
0.491379310344828 0.487068965517241 0.0373869907726136
0.502293577981651 0.552752293577982 0.0232968687160153
0.444705882352941 0.482352941176471 0.0244753514237851
0 0 NA
0.518518518518518 0.570707070707071 0.0209292382058195
0 0 NA
0.507462686567164 0.485074626865672 0.0857436812903239
0.517350157728707 0.558359621451104 0.0148024713183787
0.49452269170579 0.579029733959311 0.0178928678602673
0.50390625 0.560546875 0.0224993112670327
0.485074626865672 0.507462686567164 0.0507934437809741
0.433155080213904 0.433155080213904 0.0360687571352148
0.585365853658537 0.463414634146341 0.20210885345213
0.496732026143791 0.538126361655773 0.0248868465813602
0.487068965517241 0.543103448275862 0.0229955557427304
0.494117647058824 0.552941176470588 0.0224971297234382
0.502347417840376 0.483568075117371 0.0345495993365898
0 0 NA
0.727272727272727 0.636363636363636 0.635950006917407
0.506389776357827 0.613418530351438 0.0215611651042574
0.434782608695652 0.423913043478261 0.101455364808424
0.4688995215311 0.526315789473684 0.0493040414582539
0.455968688845401 0.520547945205479 0.0155897204603582
0.333333333333333 0.333333333333333 0.5
0.474789915966387 0.533613445378151 0.0242975058076169
0.5 0.5 1
0.475504322766571 0.564841498559078 0.0131529874104625
0.470198675496689 0.493377483443709 0.0324822868347996
0.372881355932203 0.254237288135593 0.0752733675352603
0.486425339366516 0.495475113122172 0.0231964630559991
0.508474576271186 0.511864406779661 0.0377636845967196
0.536964980544747 0.568093385214008 0.0209163717546671
0.518987341772152 0.430379746835443 0.0830732522135171
0.496978851963746 0.598187311178248 0.0172377621411772
0.469945355191257 0.524590163934426 0.0252040613813755
0.452914798206278 0.457399103139013 0.0389926307686415
0 0 NA
0.50297619047619 0.508928571428571 0.0246032039030224
0.478070175438596 0.552631578947368 0.0241381597945693
0.478395061728395 0.537037037037037 0.0270208063486835
0.5 0.25 0.65747157259107
0.48159057437408 0.584683357879234 0.0156836264257143
0.503267973856209 0.5 0.023663763711624
0.457142857142857 0.540816326530612 0.0244059894294252
0.477611940298507 0.485074626865672 0.0200317445028812
0 0 NA
0.477611940298507 0.474626865671642 0.0261473368911428
0.463806970509383 0.517426273458445 0.0318254311795083
0.467153284671533 0.478102189781022 0.0340647093617547
0.468531468531469 0.440559440559441 0.0500170049220671
0.474320241691843 0.589123867069486 0.0164371533646426
0.489177489177489 0.564935064935065 0.024940106432654
0.476780185758514 0.560371517027864 0.0141871639642463
0.5 0.5 1
0.489607390300231 0.533487297921478 0.0244813654605312
0.450892857142857 0.441964285714286 0.038104429983275
0 0 NA
0.453389830508475 0.466101694915254 0.0301213604960853
0.465408805031447 0.5 0.0216401878129701
0.346153846153846 0.346153846153846 0.168136126077854
0.488095238095238 0.476190476190476 0.11997887509077
0.472268907563025 0.541176470588235 0.0171954813570736
0.45578231292517 0.45578231292517 0.0518318212834507
0 0 NA
0.50625 0.534375 0.0343641257535591
0.498432601880878 0.573667711598746 0.018956606404301
0.493150684931507 0.452054794520548 0.131004259224411
0.522593320235756 0.593320235756385 0.0215787178523448
0.470914127423823 0.50415512465374 0.022953643018421
0.493877551020408 0.551020408163265 0.0222290876552757
0.523255813953488 0.517441860465116 0.0606594466992529
0 0 NA
0.484848484848485 0.531986531986532 0.0312503163991055
0.48 0.5632 0.0187483018795059
0.494296577946768 0.536121673003802 0.0144665584351166
0.479553903345725 0.516728624535316 0.0355876299829386
0.454545454545455 0.475524475524476 0.0329393190846679
0 0 NA
0.469740634005764 0.512968299711816 0.0258280953603281
0.476404494382022 0.519101123595506 0.0255364852330661
0.459610027855153 0.504178272980501 0.0345341050391108
0.482905982905983 0.56980056980057 0.0155520513108352
0.431506849315068 0.486301369863014 0.0305572940185739
0 0 NA
0.4575 0.5225 0.0297104561543294
0.503067484662577 0.576687116564417 0.0195829505462355
0.491841491841492 0.529137529137529 0.0285029789706681
0.460280373831776 0.523364485981308 0.0188513326386534
0.503289473684211 0.564144736842105 0.0173241937622657
0.507829977628635 0.559284116331096 0.0182199018250998
0.468085106382979 0.446808510638298 0.0990486649044103
0.483116883116883 0.524675324675325 0.0223414411278983
0.41304347826087 0.427536231884058 0.0647226453451321
0 0 0
0.497709923664122 0.551145038167939 0.013741159300574
0.480851063829787 0.472340425531915 0.0294883236845983
0.497354497354497 0.444444444444444 0.049663288303259
0.482142857142857 0.464285714285714 0.0898034570979733
0.509933774834437 0.519867549668874 0.0288959804977056
0.475822050290135 0.566731141199226 0.0197369910577546
0.484615384615385 0.538461538461538 0.0309746605397281
0.515657620041754 0.576200417536534 0.0250960355761545
0 0 NA
0.451724137931034 0.479310344827586 0.0403833344942486
0.514957264957265 0.564102564102564 0.0213359811236451
0.45625 0.560416666666667 0.0205542846148861
0.488188976377953 0.574803149606299 0.02009993990845
0 0 NA
0.497017892644135 0.52286282306163 0.018452973476198
0.5 0.458333333333333 0.0554698624100582
0.46112600536193 0.517426273458445 0.0228380716481381
0 0 0
0 0 NA
0.469248291571754 0.542141230068337 0.0224954142843127
0.438972162740899 0.50321199143469 0.0152416099957661
0 0 NA
0.501246882793017 0.5785536159601 0.0307690431108822
0.5 0.484375 0.122932130227218
0.504926108374384 0.536945812807882 0.0229022982360763
0.477572559366755 0.532981530343008 0.0316610479324486
0.486257928118393 0.553911205073996 0.0244720190464306
0.483739837398374 0.48780487804878 0.0395114151953028
0.501199040767386 0.537170263788969 0.0234810426601337
0 0 NA
0.487915407854985 0.584592145015106 0.0153672534341451
0.474576271186441 0.546995377503852 0.017541403560911
0.445652173913043 0.445652173913043 0.0871385564173352
0.49047619047619 0.582539682539683 0.0162294360120434
0.46078431372549 0.457516339869281 0.0340328273441159
0 0 NA
0.509433962264151 0.484276729559748 0.0651808556139306
0.456359102244389 0.553615960099751 0.0256267819242211
0.5 0.5 1
0.460106382978723 0.518617021276596 0.0219364241806841
0.464454976303318 0.530805687203792 0.0186097319503061
0.492537313432836 0.569029850746269 0.0201525266030565
0.447513812154696 0.497237569060773 0.0640454639501783
0.425742574257426 0.502475247524752 0.0227687596324403
0.516778523489933 0.572147651006711 0.0158488651442624
0.50531914893617 0.554964539007092 0.0202343457191043
0.503076923076923 0.572307692307692 0.0172055569365878
0.525252525252525 0.53030303030303 0.0500292622007291
0.478540772532189 0.527896995708155 0.0243869505045854
0.476377952755905 0.492125984251969 0.0360815255313778
0.498039215686275 0.505882352941176 0.0357358777429239
0.666666666666667 0.666666666666667 1
0.426229508196721 0.426229508196721 0.0518959448106027
0.4543429844098 0.527839643652561 0.0227977558301863
0.451282051282051 0.502564102564103 0.0415913768972783
0 0 NA
0.5 0.574404761904762 0.0167667247222103
0.489539748953975 0.531380753138075 0.0418198222970306
0.470319634703196 0.567732115677321 0.0155226872709274
0.491071428571429 0.473214285714286 0.0738332393823104
0.512084592145015 0.56797583081571 0.0159300242327266
0 0 NA
0.481081081081081 0.510810810810811 0.0368007301491282
0.464516129032258 0.496774193548387 0.0715683621683238
0 0 NA
0.485458612975392 0.583892617449664 0.0280587547026047
0.510245901639344 0.551229508196721 0.0239879711742054
0.469982847341338 0.542024013722127 0.0182797698451612
0.508250825082508 0.577557755775578 0.0166274669915631
0.486862442040185 0.545595054095827 0.0173484714728283
0.458333333333333 0.472222222222222 0.0362005484750748
0.495073891625616 0.551724137931034 0.0273614793373906
0.505804311774461 0.572139303482587 0.020233065884896
0.449799196787149 0.457831325301205 0.0337337443484379
0.2 0.2 0.0907423013799013
0.490566037735849 0.528301886792453 0.0418478712622773
0.51840490797546 0.570552147239264 0.0172743357039367
0.464692482915718 0.55125284738041 0.0295300296931757
0.5 0.479166666666667 0.165611944702894
0.497058823529412 0.576470588235294 0.0161724145659463
0.494672754946728 0.584474885844749 0.0188724817576072
0.494720965309201 0.59577677224736 0.0164387699430351
0.492354740061162 0.579510703363914 0.0156654397995
0.5 0.5 1
0.469798657718121 0.483221476510067 0.0579160310019513
0.333333333333333 0.333333333333333 0.5
0 0 NA
0.484375 0.502604166666667 0.0231341548741618
0.473846153846154 0.510769230769231 0.0271975121836781
0.504043126684636 0.514824797843666 0.0240781862520104
0.504132231404959 0.479338842975207 0.0227263964924844
0.506578947368421 0.559210526315789 0.0250103737197455
0.486631016042781 0.427807486631016 0.0368008004262631
0.474358974358974 0.442307692307692 0.041824758581217
0.47682119205298 0.496688741721854 0.0373522727707392
0.459893048128342 0.502673796791444 0.0568885307051756
0.517241379310345 0.604197901049475 0.0171501239404736
0.517241379310345 0.482758620689655 0.219723470205185
0.49811320754717 0.558490566037736 0.017673123531717
0.714285714285714 0.428571428571429 0.833333333333333
0 0 NA
0.48036253776435 0.48036253776435 0.0324484406024229
0.469879518072289 0.44578313253012 0.101330289839677
0.451612903225806 0.419354838709677 0.28401355887486
0.495145631067961 0.495145631067961 0.110466749166863
0.491566265060241 0.532530120481928 0.0302832573304957
0.46875 0.524038461538462 0.0259877224358536
0.492354740061162 0.532110091743119 0.0357428251023542
0.474916387959866 0.48494983277592 0.0335690611106991
0.47239263803681 0.550613496932515 0.0163109081342597
0 0 0
0.484662576687117 0.49079754601227 0.0316289110013207
0.460410557184751 0.56158357771261 0.0128445016154005
0.510460251046025 0.564853556485356 0.0195194654876137
0.485714285714286 0.514285714285714 0.0384332870320198
0.469879518072289 0.475903614457831 0.0545072013803599
0 0 NA
0.491841491841492 0.529137529137529 0.016234929644149
0.469298245614035 0.473684210526316 0.0534549685054864
0.478494623655914 0.489247311827957 0.0459857536541488
0.458333333333333 0.395833333333333 0.154889720208646
0 0 NA
0.485523385300668 0.5456570155902 0.024504751147109
0.486973947895792 0.555110220440882 0.0181221223203565
0 0 NA
0.503340757238307 0.567928730512249 0.0213629034216588
0.515290519877676 0.577981651376147 0.0185729968835152
0.490196078431373 0.474509803921569 0.0308188613456959
0.514285714285714 0.578151260504202 0.0208941697748778
0.489953632148377 0.544049459041731 0.016448952260253
0.485714285714286 0.4 0.179581329739803
0.491467576791809 0.581911262798635 0.0167120356387989
0.497975708502024 0.502024291497976 0.0394550179695319
0.471734892787524 0.553606237816764 0.02259777078803
0.451977401129944 0.435028248587571 0.0415428926828123
0.5 0.5 1
0.502824858757062 0.55743879472693 0.02409242230552
0.477203647416413 0.504559270516717 0.0284202875887341
0.496212121212121 0.492424242424242 0.0398404874235388
0 0 NA
0.52093023255814 0.493023255813954 0.0388912806148432
0 0 NA
0.497245179063361 0.597796143250689 0.0165931185064537
0.51033386327504 0.575516693163752 0.0174438803144463
0.495535714285714 0.517857142857143 0.0507040640279164
0.483009708737864 0.533980582524272 0.023578736400436
0.468421052631579 0.494736842105263 0.0568583341518904
0.492021276595745 0.484042553191489 0.0262479057043548
0.5 0.567460317460317 0.0185962923885896
0.477088948787062 0.514824797843666 0.0244393200070449
0.457725947521866 0.495626822157434 0.0282240439908613
0.412698412698413 0.428571428571429 0.0365475353973024
0.471428571428571 0.478571428571429 0.0277654995707666
0.515625 0.57421875 0.0203865242754468
0.5 0 1
0.514018691588785 0.504672897196262 0.0650193207330066
0.462809917355372 0.446280991735537 0.0754247597867311
0.474666666666667 0.514666666666667 0.0326083169498254
0.2 0.2 0.249981288443122
0.5 0.5 0.666666666666667
0.448087431693989 0.469945355191257 0.0277936792550689
0.493392070484582 0.550660792951542 0.0217189052976662
0 0 0
0.538461538461538 0.384615384615385 0.168606538682285
0.452127659574468 0.556737588652482 0.0188438699155544
0.462857142857143 0.540952380952381 0.0160384781828556
0.454545454545455 0.415584415584416 0.0949134906919265
0.495821727019499 0.580779944289694 0.0174921115898722
0.4765625 0.4375 0.0713322007279857
0.489690721649485 0.494845360824742 0.0441865295377031
0.50761421319797 0.517766497461929 0.0598211511782862
0.333333333333333 0 0.5
0 0 NA
0.444444444444444 0.444444444444444 0.421063523397194
0.43859649122807 0.403508771929825 0.0702415933458604
0 0 NA
0 0 NA
0.483516483516484 0.457875457875458 0.0340369089984689
0 0 NA
0.50584307178631 0.585976627712855 0.0187516407756209
0.5 0.528985507246377 0.049048992589833
0.462686567164179 0.447761194029851 0.146715627620574
0.496598639455782 0.54421768707483 0.0171226002575506
0.487329434697856 0.530214424951267 0.0224334536119672
0 0 NA
0.495511669658887 0.574506283662478 0.0178723594388548
0.489690721649485 0.520618556701031 0.0624798093052856
0.333333333333333 0 0.5
0.507874015748031 0.561023622047244 0.0197223912471199
0.508982035928144 0.550898203592814 0.0215664603363825
0.470338983050847 0.502118644067797 0.0180321140429407
0.506666666666667 0.56952380952381 0.0205151346071732
0.477611940298507 0.447761194029851 0.132356772579719
0.489291598023064 0.5667215815486 0.0178764918615512
0.5 0 1
0.501730103806228 0.484429065743945 0.0341679150053095
0.48109243697479 0.533613445378151 0.0223728577903028
0.461059190031153 0.510903426791277 0.0257870233600049
0 0 NA
0.486761710794297 0.564154786150713 0.0212324272972921
0.48 0.48 0.331934132967112
0.495283018867925 0.575471698113208 0.0172839108181762
0.5 0.5 1
0.494214876033058 0.571900826446281 0.0173739908725482
0.571428571428571 0.428571428571429 0.456377082405959
0.455792682926829 0.545731707317073 0.018003641340008
0.51394422310757 0.50996015936255 0.0365585437758427
0.466666666666667 0.544761904761905 0.0243210919121219
0.478260869565217 0.521739130434783 0.0312664903173656
0.473384030418251 0.522813688212928 0.0179545742921932
0.493975903614458 0.457831325301205 0.11476588921876
0.465227817745803 0.49400479616307 0.0240157914801157
0.504716981132076 0.495283018867925 0.0490726981793056
0.478571428571429 0.435714285714286 0.0542658027477066
0.45974025974026 0.490909090909091 0.0213933214994503
0.487858719646799 0.549668874172185 0.0235285194436001
0 0 NA
0.51307847082495 0.567404426559356 0.0244006901609577
0.475770925110132 0.563876651982379 0.023754751068406
0.497175141242938 0.545197740112994 0.0379815248560061
0.506607929515419 0.559471365638767 0.0228590517883337
0.563380281690141 0.47887323943662 0.125576111182475
0.467741935483871 0.490322580645161 0.031111877275793
0.428571428571429 0.428571428571429 0.31215631914032
0.52572706935123 0.563758389261745 0.0208107180911775
0.489461358313817 0.529274004683841 0.0248413758391102
0.490338164251208 0.507246376811594 0.0255098538257265
0.480818414322251 0.514066496163683 0.0298011671420651
0.505988023952096 0.529940119760479 0.033273471170661
0.496753246753247 0.5 0.0409344006464776
0 0 NA
0.5 0.5 0.666666666662829
0.5 0.5 1
0.333333333333333 0.222222222222222 0.375
0 0 NA
0.466321243523316 0.512953367875648 0.0214556515090251
0.5 0.5 1
0.463768115942029 0.501035196687371 0.0194827874846051
0.464516129032258 0.458064516129032 0.0625902909842283
0.49811320754717 0.516981132075472 0.0443623290527348
0 0 NA
0.503692762186115 0.577548005908419 0.016800170405879
0.480857580398162 0.572741194486983 0.0168265750252877
0.486251808972504 0.589001447178003 0.0136380817784996
0.488636363636364 0.534090909090909 0.039056880759761
0.285714285714286 0.285714285714286 0.333322157473509
0.474576271186441 0.406779661016949 0.0733601785047616
0.477611940298507 0.51044776119403 0.0309187160084103
0 0 NA
0.409574468085106 0.457446808510638 0.0682309163317588
0.666666666666667 0.666666666666667 1
0.47979797979798 0.5 0.045876974059588
0.490238611713666 0.533622559652928 0.0222304223059734
0.462616822429907 0.448598130841121 0.0307998557760811
0.464285714285714 0.521978021978022 0.0216119943889783
0 0 NA
0.514970059880239 0.550898203592814 0.0383095410694455
0.471766848816029 0.53551912568306 0.0160395352316742
0.524017467248908 0.541484716157205 0.0417378999826384
0.478827361563518 0.504885993485342 0.0299030094393061
0.511627906976744 0.476744186046512 0.12380191016447
0.511530398322851 0.563941299790356 0.0223556342115173
0.533333333333333 0.476190476190476 0.0833568404084772
0.4875 0.4625 0.0796864096592605
0.55 0.55 0.472453165462798
0.47752808988764 0.51310861423221 0.018398631406447
0.460215053763441 0.531182795698925 0.0188638607240164
0.5 0.5 1
0.486772486772487 0.571428571428571 0.0154785402433469
0.469648562300319 0.511182108626198 0.0395483494110585
0.501838235294118 0.571691176470588 0.0252122948931627
0.49537037037037 0.490740740740741 0.0407194502082602
0.45 0.45 0.0603443067483008
0.464396284829721 0.510835913312694 0.0339208851051372
0.509090909090909 0.540909090909091 0.0234880155966324
0 0 NA
0.48876404494382 0.546816479400749 0.0196116877863595
0.409090909090909 0.318181818181818 0.122089087646289
0.474662162162162 0.557432432432432 0.0194695344909896
0.465116279069767 0.372093023255814 0.148898850112155
0.53125 0.575520833333333 0.0282472402688901
0.490774907749078 0.544280442804428 0.0220586913157641
0.489425981873112 0.498489425981873 0.020850565495129
0.470468431771894 0.517311608961303 0.0146061162849688
0.452554744525547 0.416058394160584 0.0804214769276348
0 0 NA
0.514577259475219 0.593294460641399 0.0184822465315863
0.476584022038567 0.542699724517906 0.0242025513072571
0.466442953020134 0.496644295302013 0.029857018399279
0.583333333333333 0.583333333333333 0.590582423931827
0.5 0.5 1
0.666666666666667 0.666666666666667 1
0.466666666666667 0.496969696969697 0.051465697181644
0.508771929824561 0.546365914786967 0.0226343228074355
0.446540880503145 0.50314465408805 0.0311278842815377
0.518115942028985 0.539855072463768 0.0467297719791128
0.5 0.5 1
0 0 NA
0.51685393258427 0.50561797752809 0.0963827115837225
0.5 0 1
0.476923076923077 0.504615384615385 0.0257941212778025
0.5 0.5 0.589317731966385
0.528753993610224 0.599041533546326 0.0167287849217703
0.478371501272265 0.511450381679389 0.0194398075526523
0.483870967741935 0.467741935483871 0.0415975508768231
0.497142857142857 0.57 0.0131997665961536
0 0 0
0.487712665406427 0.561436672967864 0.0191860653549478
0 0 NA
0.503584229390681 0.578853046594982 0.0205710047607992
0.4 0.2 0.250014572816415
0.49812030075188 0.567669172932331 0.0200985075403831
0 0 NA
0.505231689088191 0.588938714499253 0.0158481870026215
0.455696202531646 0.462025316455696 0.0454178476902866
0.474060822898032 0.549194991055456 0.0210115981706416
0.48018648018648 0.552447552447552 0.0281627956622074
0.508547008547009 0.508547008547009 0.0462607468208351
0 0 NA
0 0 NA
0 0 NA
0.5054704595186 0.542669584245077 0.0152325077984558
0.491525423728814 0.566101694915254 0.0184394240575068
0.477379095163807 0.599063962558502 0.0187530583103054
0.50253807106599 0.50253807106599 0.0441121030261622
0 0 NA
0.463087248322148 0.436241610738255 0.0644358180874503
0.484674329501916 0.53448275862069 0.0198268899207191
0.456289978678038 0.547974413646055 0.0202436344550416
0.449438202247191 0.426966292134831 0.0833289865059899
0.461538461538462 0.423076923076923 0.0727358425331576
0.469982847341338 0.555746140651801 0.0186605466267831
0.493129770992366 0.583206106870229 0.0202449591634794
0.501408450704225 0.543661971830986 0.0245005174828851
0.50561797752809 0.5 0.0525200735801853
0.496919917864476 0.548254620123203 0.0211981014954204
0.504215851602024 0.57504215851602 0.0190742183803764
0.47 0.46 0.0862811578610868
0.485074626865672 0.529850746268657 0.0313397821010084
0 0 NA
0.528473804100228 0.555808656036446 0.0224470262714844
0.451745379876797 0.527720739219713 0.0244872446534645
0.481481481481481 0.470899470899471 0.0515003387021944
0.508500772797527 0.590417310664606 0.0201482244120489
0.49601593625498 0.573705179282869 0.0274091742773556
0.508474576271186 0.577574967405476 0.0124699038951066
0.492307692307692 0.581196581196581 0.0183624147547398
0.47242206235012 0.517985611510791 0.0144469290260171
0.545454545454545 0.454545454545455 0.465216263267272
0 0 NA
0.46978021978022 0.589285714285714 0.0158037635715631
0.493670886075949 0.518987341772152 0.0662578722387482
0 0 NA
0 0 NA
0.48314606741573 0.519101123595506 0.0228751497989697
0.479820627802691 0.497757847533632 0.0437850216534154
0.439393939393939 0.454545454545455 0.083951550135195
0.470149253731343 0.5 0.01835376269322
0.435 0.445 0.0546001642470239
0.470707070707071 0.555555555555556 0.0214592487891084
0.506912442396313 0.516129032258065 0.0616251507189603
0 0 NA
0.5 0.5 1
0 0 NA
0.495260663507109 0.559241706161137 0.0227623294278557
0 0 NA
0.492201039861352 0.55632582322357 0.0193491395856238
0.467780429594272 0.491646778042959 0.0202217666261449
0.509615384615385 0.555288461538462 0.0292511242250489
0.485849056603774 0.564465408805031 0.0133265182017812
0 0 NA
0 0 NA
0.478902953586498 0.548523206751055 0.020867674819794
0.469107551487414 0.528604118993135 0.0246558617161816
0.454128440366972 0.534403669724771 0.0237181534326678
0.482658959537572 0.528901734104046 0.0248614112626567
0.516233766233766 0.558441558441558 0.0352613418261976
0.489184692179701 0.56738768718802 0.0176843305858078
0 0 NA
0.489711934156379 0.497942386831276 0.0276134182542105
0.488076311605723 0.578696343402226 0.015050609541886
0 0 NA
0.666666666666667 0 1
0.505357142857143 0.5875 0.0202595890026854
0.512455516014235 0.523131672597865 0.0405430679985813
0.508221225710015 0.582959641255605 0.0141248321895506
0.6125 0.575 0.132947412117526
0.494949494949495 0.553872053872054 0.0193308207716324
0.516666666666667 0.45 0.133538031995734
0.452914798206278 0.497757847533632 0.0305548903755048
0.506607929515419 0.604992657856094 0.0185023563628453
0.476190476190476 0.494047619047619 0.0508170595306398
0.455223880597015 0.477611940298507 0.0698156649335716
0.484162895927602 0.531674208144796 0.0201170695717589
0.494176372712146 0.544093178036606 0.0138461245037222
0.459641255605381 0.547085201793722 0.0259545885388917
0.495664739884393 0.604046242774566 0.0136823570909727
0.333333333333333 0.333333333333333 0.45745047749649
0 0 NA
0.5 0.5 1
0.470899470899471 0.497354497354497 0.0479882024923995
0.509933774834437 0.483443708609272 0.0686809363864196
0.467836257309941 0.508771929824561 0.029599421481983
0.5 0.5 1
0 0 NA
0 0 NA
0.473262032085562 0.53475935828877 0.0223556019368111
0 0 NA
0.468503937007874 0.484251968503937 0.0328676386978206
0.493955094991364 0.582037996545769 0.019298560159941
0.518018018018018 0.527027027027027 0.0271994677496048
0.515539305301645 0.542961608775137 0.0193423881743682
0.498412698412698 0.53015873015873 0.0231483899071773
0.375 0.375 0.209733966695491
0.476603119584055 0.559792027729636 0.0194686842541074
0.666666666666667 0.333333333333333 1
0.507853403141361 0.523560209424084 0.0628650470927914
0.513661202185792 0.562841530054645 0.0281894948223124
0.483695652173913 0.567028985507246 0.0181306840772554
0.502692998204668 0.565529622980251 0.022065510693392
0.479099678456592 0.511254019292605 0.0319882464184324
0.472168905950096 0.529750479846449 0.0180176536537789
0.489411764705882 0.531764705882353 0.0207404316185856
0.434782608695652 0.440217391304348 0.0469233790307881
0.520710059171598 0.571005917159763 0.0141156870500198
0.461756373937677 0.509915014164306 0.0319581112257024
0 0 NA
0.490566037735849 0.583190394511149 0.0174218135744238
0.509054325955734 0.549295774647887 0.0172045035761028
0.47906976744186 0.548837209302326 0.0254791523605069
0.460526315789474 0.533834586466165 0.0159223797907534
0 0 0
0.5 0.5 1
0.494363929146538 0.581320450885668 0.0147193227151262
0.473880597014925 0.462686567164179 0.0331361304045303
0.486815415821501 0.551724137931034 0.0248878631910759
0.46242774566474 0.511560693641618 0.0337253313227701
0.487972508591065 0.508591065292096 0.0407550634418721
0.468164794007491 0.49812734082397 0.0388738872514321
0.482014388489209 0.534772182254197 0.0258691054145292
0.473568281938326 0.513215859030837 0.0247823083045768
0 0 NA
0 0 NA
0.507853403141361 0.471204188481675 0.0480510717944028
0.483812949640288 0.539568345323741 0.0181166807113876
0.503921568627451 0.541176470588235 0.021857514773331
0.495711835334477 0.540308747855918 0.0167939754709429
0.475609756097561 0.439024390243902 0.104965623563432
0.487031700288184 0.577809798270893 0.0163710180018502
0.495327102803738 0.467289719626168 0.0939049674449077
0.440366972477064 0.444954128440367 0.046151993594615
0.5 0 1
0.513586956521739 0.540760869565217 0.0308550116918613
0.482336956521739 0.582880434782609 0.0169808657238451
0.452449567723343 0.478386167146974 0.0254900309670879
0.445086705202312 0.505780346820809 0.0228742811509588
0.48314606741573 0.51685393258427 0.020013309632541
0.5 0.5 1
0.484193011647255 0.54242928452579 0.0158483174130352
0.498062015503876 0.556201550387597 0.0203181907563992
0.469740634005764 0.489913544668588 0.0269265439014593
0.489421720733427 0.586741889985896 0.0166103395865747
0.466019417475728 0.511326860841424 0.0323034005363019
0 0 NA
0.48995983935743 0.556224899598394 0.0217799544188508
0.464285714285714 0.428571428571429 0.238634174878233
0.454545454545455 0.471074380165289 0.0844027449778967
0.476430976430976 0.570707070707071 0.0180500043103442
0.508620689655172 0.575431034482759 0.0176440697047439
0.425 0.375 0.159843754982055
0.5 0.465686274509804 0.0402127416470235
0 0 NA
0 0 NA
0.475138121546961 0.524861878453039 0.0153091208740878
0.478260869565217 0.434782608695652 0.194663525995536
0.497435897435897 0.546153846153846 0.0335265732304678
0.476190476190476 0.565217391304348 0.0238147046988506
0.451428571428571 0.491428571428571 0.050697978464386
0.477966101694915 0.515254237288136 0.035928696302627
0.45141065830721 0.492163009404389 0.0289836655581764
0 0 NA
0.504405286343612 0.539647577092511 0.0224981963843069
0.522598870056497 0.542372881355932 0.0255531606913757
0 0 NA
0 0 NA
0 0 NA
0.451327433628319 0.442477876106195 0.0829939245134551
0.451298701298701 0.480519480519481 0.0382430044827141
0.502415458937198 0.531400966183575 0.0458683071828266
0 0 NA
0 0 NA
0.407608695652174 0.418478260869565 0.043516307672607
0.455223880597015 0.534825870646766 0.0295224566620652
0.508050089445438 0.565295169946333 0.0207672390057692
0.484507042253521 0.585915492957746 0.0146401139141356
0.457765667574932 0.498637602179836 0.0259840103509169
0.48747591522158 0.547206165703276 0.0228948465584847
0.477308294209703 0.555555555555556 0.0157032601361018
0.5 0 1
0.506849315068493 0.484018264840183 0.0446147651931775
0.485961123110151 0.526997840172786 0.0199598215978232
0.440594059405941 0.5 0.0549778847347617
0 0 NA
0.407407407407407 0.388888888888889 0.097914364590295
0.538461538461538 0.538461538461538 0.397091729967412
0.53019145802651 0.581737849779087 0.0151679093277324
0.484536082474227 0.528350515463918 0.0233059827386849
0.532374100719424 0.517985611510791 0.0541236896987847
0.5 0.5 0.666666666666641
0.467532467532468 0.487012987012987 0.0202654127963748
0.497237569060773 0.505524861878453 0.0337724937407276
0.489669421487603 0.551652892561983 0.021497265448292
0.493589743589744 0.519230769230769 0.0670129989711254
0.5 0.5 1
0.514285714285714 0.478571428571429 0.0756494966959029
0.466981132075472 0.514150943396226 0.0245590509587385
0.474747474747475 0.501683501683502 0.0332474273901947
0.431372549019608 0.418300653594771 0.0652213897966433
0.419354838709677 0.32258064516129 0.22272012704204
0.475524475524476 0.527972027972028 0.0158378756738694
0.497257769652651 0.552102376599634 0.0161722277423209
0.485804416403785 0.50788643533123 0.0358033132066714
0.404040404040404 0.363636363636364 0.0609107616413359
0.479099678456592 0.52411575562701 0.0331683893229253
0.525 0.4875 0.107921607130759
0 0 NA
0.493577981651376 0.548623853211009 0.020039922965683
0.49822695035461 0.574468085106383 0.0221094877260425
0.469387755102041 0.45578231292517 0.0604266544570256
0.6 0.6 0.75
0.462962962962963 0.398148148148148 0.0665385261948842
0.478747203579418 0.568232662192394 0.0235144203670513
0.498938428874735 0.545647558386412 0.0235864817424743
0.520979020979021 0.506993006993007 0.0440773626743419
0.420382165605096 0.468152866242038 0.0253061684567033
0.51219512195122 0.463414634146341 0.172933403028643
0.450292397660819 0.450292397660819 0.059789518589261
0.441860465116279 0.441860465116279 0.167086078373907
0.507299270072993 0.551094890510949 0.0174165620748123
0.49390243902439 0.565040650406504 0.0262312480527259
0.461538461538462 0.440559440559441 0.0487435242219247
0.436363636363636 0.436363636363636 0.0302085825803411
0.432432432432432 0.472972972972973 0.116559883054084
0.516129032258065 0.595430107526882 0.0145403827719409
0.5 0.528301886792453 0.0396842255018612
0.493016759776536 0.582402234636871 0.0149325721460123
0.457142857142857 0.539495798319328 0.0128962146264238
0 0 NA
0.498338870431894 0.501661129568106 0.0406075960591372
0.462783171521036 0.524271844660194 0.0361905195088884
