0.238095238095238 0.119047619047619 0.0399077519352484
0.239130434782609 0.217391304347826 0.073394655351042
0.25 0.208333333333333 0.0826120292638311
0.297872340425532 0.212765957446809 0.0273681981112218
0.245283018867925 0.150943396226415 0.0233970459682006
0.244444444444444 0.133333333333333 0.0558911525515381
0.285714285714286 0.26530612244898 0.0717289849039657
0.22 0.24 0.0706520442617369
0.204545454545455 0.181818181818182 0.0296423152266637
0.244444444444444 0.222222222222222 0.0419364497152098
0.292682926829268 0.292682926829268 0.0773277809353454
0.222222222222222 0.155555555555556 0.0427333476440111
0.285714285714286 0.261904761904762 0.0841399718217374
0.228070175438596 0.175438596491228 0.0282034461090952
0.263157894736842 0.245614035087719 0.0535215755169597
0.232558139534884 0.232558139534884 0.0580513414376975
0.266666666666667 0.222222222222222 0.0817330462461206
0.224489795918367 0.224489795918367 0.0632185799418842
0.283018867924528 0.264150943396226 0.0580307683289072
0.24390243902439 0.195121951219512 0.0481186725893746
0.209302325581395 0.13953488372093 0.0224236095129612
0.295454545454545 0.25 0.0732528627206883
0.238095238095238 0.238095238095238 0.0585217950699772
0.206896551724138 0.172413793103448 0.0243983178547457
0.215686274509804 0.156862745098039 0.0487272918782869
0.212765957446809 0.212765957446809 0.0785971432505725
0.291666666666667 0.270833333333333 0.0914267486451521
0.292682926829268 0.24390243902439 0.0562704581968576
0.25531914893617 0.191489361702128 0.0525879236320635
0.254545454545455 0.218181818181818 0.0423155550481829
0.25531914893617 0.234042553191489 0.0616010721222878
0.276595744680851 0.191489361702128 0.0498358507657749
0.232558139534884 0.209302325581395 0.0791669094583629
0.232558139534884 0.162790697674419 0.0526441364392736
0.27906976744186 0.27906976744186 0.0673185190418263
0.270833333333333 0.25 0.0708947596769083
0.224137931034483 0.206896551724138 0.0531122820301252
0.24 0.22 0.0553427771713923
0.283018867924528 0.207547169811321 0.0393164212629536
0.203703703703704 0.166666666666667 0.0572720260544136
0.208333333333333 0.1875 0.0422008296985915
0.285714285714286 0.285714285714286 0.0842652045552425
0.229166666666667 0.25 0.0358319722782232
0.219512195121951 0.219512195121951 0.0985339422332333
0.26530612244898 0.224489795918367 0.0321757856378434
0.25 0.181818181818182 0.0416194153076223
0.272727272727273 0.25 0.0598008770594283
0.204545454545455 0.181818181818182 0.0531223458707554
0.22 0.22 0.0597761439835068
0.280701754385965 0.192982456140351 0.0357393313224691
0.232558139534884 0.209302325581395 0.0754442481220335
0.24390243902439 0.195121951219512 0.0370744457374936
0.219512195121951 0.146341463414634 0.0403527523904638
0.232558139534884 0.209302325581395 0.0574538370830669
0.209302325581395 0.186046511627907 0.043897928978503
0.24390243902439 0.121951219512195 0.0702689667227674
0.219512195121951 0.195121951219512 0.0827047291348874
0.219512195121951 0.195121951219512 0.0656559535290918
0.219512195121951 0.219512195121951 0.070088387652757
0.25 0.211538461538462 0.0563022117014468
0.260869565217391 0.173913043478261 0.0323707008417164
0.25 0.227272727272727 0.058555043087295
0.297872340425532 0.297872340425532 0.0617376937774439
0.204081632653061 0.204081632653061 0.0277655407336339
0.217391304347826 0.195652173913043 0.0696955080033215
0.274509803921569 0.215686274509804 0.0390300350102209
0.211538461538462 0.192307692307692 0.0565115765917094
0.211538461538462 0.192307692307692 0.0450939405004717
0.26 0.22 0.0554654986444814
0.266666666666667 0.222222222222222 0.110566246132935
0.215686274509804 0.196078431372549 0.0667953912938995
0.211538461538462 0.173076923076923 0.0394001690262555
0.263157894736842 0.210526315789474 0.030124032578318
0.209302325581395 0.209302325581395 0.0523189183046707
0.285714285714286 0.285714285714286 0.0822775351953082
0.245283018867925 0.150943396226415 0.0183317419430644
0.266666666666667 0.222222222222222 0.0663608909175111
0.208333333333333 0.166666666666667 0.0530008548357122
0.245614035087719 0.192982456140351 0.0394789339234571
0.25 0.25 0.0317812136700524
0.26 0.22 0.0733461970526798
0.203389830508475 0.169491525423729 0.0310861302628575
0.25531914893617 0.234042553191489 0.058422984418888
0.25 0.178571428571429 0.0646202537539785
0.245283018867925 0.169811320754717 0.0467366071547788
0.209302325581395 0.186046511627907 0.0790556819019337
0.25 0.229166666666667 0.0751689070230413
0.211538461538462 0.192307692307692 0.0366405157960096
0.272727272727273 0.25 0.0551780101024738
0.244444444444444 0.177777777777778 0.0547803096860335
0.266666666666667 0.266666666666667 0.0304734196811458
0.290909090909091 0.218181818181818 0.0526494876369494
0.232558139534884 0.232558139534884 0.0533735039667834
0.261904761904762 0.142857142857143 0.0699591188455932
0.240740740740741 0.259259259259259 0.0332222335489027
0.215686274509804 0.196078431372549 0.0490514202580443
0.239130434782609 0.195652173913043 0.0402763266431133
0.204545454545455 0.136363636363636 0.0268828003273878
0.272727272727273 0.295454545454545 0.101695858590129
0.28 0.26 0.0345245607903987
0.220338983050847 0.186440677966102 0.0300361493478783
0.212765957446809 0.170212765957447 0.0393651629488632
0.285714285714286 0.306122448979592 0.0870418869539418
0.212765957446809 0.170212765957447 0.0524920157762777
0.218181818181818 0.163636363636364 0.0338496600076029
0.293103448275862 0.206896551724138 0.0382522264349207
0.263157894736842 0.263157894736842 0.0401333507439023
0.219512195121951 0.195121951219512 0.050704311420572
0.26530612244898 0.244897959183673 0.0537407764427321
0.296296296296296 0.240740740740741 0.0893351321920501
0.276595744680851 0.212765957446809 0.0380992864155723
0.285714285714286 0.285714285714286 0.0378382959667314
0.226415094339623 0.245283018867925 0.0701406406058658
0.217391304347826 0.217391304347826 0.0246551419631726
0.282608695652174 0.217391304347826 0.0576193676451003
0.270833333333333 0.25 0.0420106994484231
0.245283018867925 0.207547169811321 0.0341732229263966
0.26530612244898 0.163265306122449 0.0534939091982584
0.220338983050847 0.254237288135593 0.0418245043653827
0.209302325581395 0.186046511627907 0.0651283639217387
0.236363636363636 0.236363636363636 0.0457167928160074
0.294117647058824 0.274509803921569 0.062009026795712
0.276595744680851 0.234042553191489 0.0602110619793867
0.227272727272727 0.227272727272727 0.0728630879910418
0.268292682926829 0.24390243902439 0.0680313357386308
0.241379310344828 0.206896551724138 0.0529821145263458
0.229166666666667 0.1875 0.0299762272275262
0.244897959183673 0.224489795918367 0.0468007536114264
0.27906976744186 0.232558139534884 0.118785137181624
0.214285714285714 0.160714285714286 0.0255741200098813
0.297872340425532 0.25531914893617 0.0548079291098513
0.214285714285714 0.119047619047619 0.0418481950709718
0.291666666666667 0.229166666666667 0.105833593165521
0.25 0.166666666666667 0.0482074985631584
0.244897959183673 0.224489795918367 0.0515292590595963
0.291666666666667 0.229166666666667 0.0502106688872162
0.204545454545455 0.181818181818182 0.0641172819070518
0.22 0.16 0.0371369288526816
0.224489795918367 0.183673469387755 0.0599069417165049
0.22 0.2 0.0447358260472077
0.272727272727273 0.25 0.0914672354835027
0.232558139534884 0.232558139534884 0.0605588081680231
0.227272727272727 0.204545454545455 0.0553446313022943
0.219512195121951 0.195121951219512 0.0732553090680585
0.288461538461538 0.307692307692308 0.089199777571391
0.285714285714286 0.244897959183673 0.0852388461004356
0.208333333333333 0.208333333333333 0.0322363745626779
0.222222222222222 0.2 0.0442935484589484
0.210526315789474 0.175438596491228 0.0310367420801708
0.25 0.181818181818182 0.0463961693097206
0.204545454545455 0.204545454545455 0.0601100735559895
0.25 0.196428571428571 0.0345871442250625
0.25 0.25 0.0321423481957015
0.224137931034483 0.206896551724138 0.0529473359163646
0.224489795918367 0.163265306122449 0.029870550496445
0.222222222222222 0.155555555555556 0.0322606391876027
0.292682926829268 0.317073170731707 0.0691692170230118
0.232558139534884 0.186046511627907 0.0667449628178705
0.224137931034483 0.172413793103448 0.0255512976945132
0.274509803921569 0.274509803921569 0.0595674361993122
0.232142857142857 0.178571428571429 0.0340492423589362
0.244444444444444 0.177777777777778 0.106034960083269
0.25 0.159090909090909 0.0622999626620054
0.204545454545455 0.159090909090909 0.0564851788283846
0.283018867924528 0.30188679245283 0.0569421678548214
0.267857142857143 0.267857142857143 0.0686346568245116
0.255813953488372 0.209302325581395 0.070655260233737
0.209302325581395 0.209302325581395 0.0665633905181018
0.266666666666667 0.2 0.0686185778588301
0.240740740740741 0.148148148148148 0.0134188358930909
0.25 0.204545454545455 0.0666843788728217
0.209302325581395 0.186046511627907 0.0533871529100861
0.24390243902439 0.195121951219512 0.0517470778509364
0.25 0.229166666666667 0.0643401326992177
0.214285714285714 0.19047619047619 0.0521339156460137
0.219512195121951 0.121951219512195 0.0277505987869161
0.288461538461538 0.211538461538462 0.0542659561776231
0.274509803921569 0.274509803921569 0.0888110551185766
0.244897959183673 0.183673469387755 0.028629917089742
0.204081632653061 0.163265306122449 0.0283369967136555
0.26530612244898 0.244897959183673 0.107385425975239
0.254901960784314 0.215686274509804 0.0269118259335036
0.269230769230769 0.269230769230769 0.0686307539857495
0.292682926829268 0.219512195121951 0.0482544234721697
0.285714285714286 0.224489795918367 0.0687072487460556
0.26 0.2 0.0762031974651605
0.25 0.211538461538462 0.057297109479355
0.203389830508475 0.152542372881356 0.0300527721405308
0.277777777777778 0.259259259259259 0.0685372282508593
0.222222222222222 0.244444444444444 0.0624378753825531
0.244444444444444 0.2 0.0528010565292541
0.245614035087719 0.228070175438596 0.0412822399031776
0.244444444444444 0.244444444444444 0.0716075544743994
0.290909090909091 0.290909090909091 0.0733218914489073
0.283018867924528 0.226415094339623 0.0549996689840584
0.234042553191489 0.191489361702128 0.056859648173649
0.229166666666667 0.208333333333333 0.0958011872021381
0.219512195121951 0.170731707317073 0.0728871606217976
0.261904761904762 0.238095238095238 0.0505399884337337
0.217391304347826 0.173913043478261 0.036679319429739
0.222222222222222 0.185185185185185 0.0471067844612538
0.215686274509804 0.235294117647059 0.0546622177521681
0.291666666666667 0.270833333333333 0.0882233055817148
0.219512195121951 0.170731707317073 0.0364093337478823
0.26 0.22 0.109977564886594
0.244444444444444 0.222222222222222 0.0370512188260293
0.235294117647059 0.196078431372549 0.0374064408010779
0.22 0.24 0.0465313712800272
0.25 0.229166666666667 0.0803685824236537
0.282608695652174 0.260869565217391 0.0752008227547215
0.23728813559322 0.186440677966102 0.053088017679629
0.298245614035088 0.228070175438596 0.0771783823118284
0.234042553191489 0.212765957446809 0.0681719142846445
0.232558139534884 0.232558139534884 0.0874537237360043
0.229166666666667 0.1875 0.0212058622915498
0.229166666666667 0.208333333333333 0.0791502929641269
0.230769230769231 0.211538461538462 0.0547751665536991
0.238095238095238 0.214285714285714 0.0534898718974169
0.219512195121951 0.146341463414634 0.0333521046998037
0.25531914893617 0.212765957446809 0.0484631312410251
0.209302325581395 0.186046511627907 0.0737291452660223
0.288888888888889 0.244444444444444 0.0682140443739744
0.260869565217391 0.152173913043478 0.0321196649020855
0.24 0.2 0.0559300697095618
0.259259259259259 0.259259259259259 0.038063574506493
0.245283018867925 0.245283018867925 0.0572327177574343
0.255813953488372 0.255813953488372 0.0707899344277996
0.204081632653061 0.183673469387755 0.0447704394137013
0.207547169811321 0.188679245283019 0.0479352355386638
0.204545454545455 0.159090909090909 0.0328527473720066
0.255813953488372 0.27906976744186 0.0788696186938704
0.218181818181818 0.163636363636364 0.0473435824699984
0.227272727272727 0.181818181818182 0.0662061177824302
0.212765957446809 0.148936170212766 0.0653708274561067
0.232558139534884 0.186046511627907 0.040137223626236
0.214285714285714 0.19047619047619 0.0542371793888258
0.210526315789474 0.157894736842105 0.0288242630388853
0.239130434782609 0.217391304347826 0.0573968019889032
0.22 0.18 0.0285983612766459
0.272727272727273 0.227272727272727 0.0655929506328565
0.226415094339623 0.207547169811321 0.0466649516319997
0.215686274509804 0.196078431372549 0.0694495242535234
0.238095238095238 0.142857142857143 0.0374709955436137
0.204545454545455 0.113636363636364 0.022365539466248
0.276595744680851 0.25531914893617 0.0581322480763743
0.204545454545455 0.181818181818182 0.0420404571568087
0.27906976744186 0.209302325581395 0.096893123577206
0.266666666666667 0.244444444444444 0.0920418568123967
0.245283018867925 0.207547169811321 0.0462961593917374
0.210526315789474 0.192982456140351 0.029601751167202
0.25 0.192307692307692 0.0375517590666946
0.212765957446809 0.148936170212766 0.0195431918806559
0.239130434782609 0.195652173913043 0.0292639706719795
0.229166666666667 0.270833333333333 0.0502898634761587
0.275862068965517 0.241379310344828 0.07352693508609
0.222222222222222 0.155555555555556 0.0824021496784505
0.255813953488372 0.27906976744186 0.0818652084803779
0.222222222222222 0.177777777777778 0.0509484574654213
0.208333333333333 0.229166666666667 0.0858375451953629
0.295454545454545 0.272727272727273 0.0639278341620468
0.217391304347826 0.195652173913043 0.0758647469423184
0.282608695652174 0.239130434782609 0.0409841198658343
0.24390243902439 0.121951219512195 0.0335242664999749
0.27906976744186 0.232558139534884 0.0529682344885626
0.226415094339623 0.264150943396226 0.0585574264342802
0.217391304347826 0.173913043478261 0.0467086207116694
0.222222222222222 0.177777777777778 0.02930645355679
0.24390243902439 0.219512195121951 0.0768244441103985
0.24390243902439 0.268292682926829 0.066013228492692
0.244897959183673 0.26530612244898 0.0709153553146
0.244444444444444 0.266666666666667 0.0564218130596443
0.25 0.229166666666667 0.0449825265737478
0.285714285714286 0.26530612244898 0.0374310544900831
0.241379310344828 0.241379310344828 0.0758212115113987
0.297872340425532 0.276595744680851 0.0338453005998851
0.204545454545455 0.227272727272727 0.0497160604527688
0.277777777777778 0.277777777777778 0.0454653173636058
0.254901960784314 0.196078431372549 0.0445227323459228
0.214285714285714 0.196428571428571 0.0277301047269378
0.204545454545455 0.136363636363636 0.0652456296113197
0.239130434782609 0.239130434782609 0.0735420339438927
0.207547169811321 0.188679245283019 0.0387700545142007
0.244444444444444 0.222222222222222 0.0570558434964521
0.232558139534884 0.162790697674419 0.0725699718874082
0.298245614035088 0.263157894736842 0.0439027399696801
0.238095238095238 0.19047619047619 0.0593372986456668
0.285714285714286 0.244897959183673 0.0297143288397493
0.214285714285714 0.214285714285714 0.0490159126595222
0.298245614035088 0.245614035087719 0.0419254089607684
0.235294117647059 0.215686274509804 0.0609709444868211
0.244897959183673 0.224489795918367 0.0444158378919571
0.245614035087719 0.245614035087719 0.0555076917821054
0.208333333333333 0.25 0.0339215520646025
0.244897959183673 0.204081632653061 0.0611771256169864
0.264150943396226 0.245283018867925 0.0675706034608714
0.277777777777778 0.222222222222222 0.049240174971653
0.267857142857143 0.214285714285714 0.0594236099215116
0.212765957446809 0.191489361702128 0.0731907895276976
0.211538461538462 0.211538461538462 0.0641185575839964
0.229166666666667 0.229166666666667 0.0858615985898026
0.25 0.208333333333333 0.0522900597553219
0.219512195121951 0.195121951219512 0.0434172407956921
0.204545454545455 0.204545454545455 0.043616715904317
0.224489795918367 0.204081632653061 0.0465190921886487
0.235294117647059 0.215686274509804 0.0292193902311796
0.24390243902439 0.219512195121951 0.0567530560872432
0.232558139534884 0.209302325581395 0.0970511598283141
0.25 0.1875 0.0472896378562763
0.26530612244898 0.26530612244898 0.121059953372925
0.276595744680851 0.297872340425532 0.0988865187393081
0.261904761904762 0.214285714285714 0.0448266101254697
0.288888888888889 0.311111111111111 0.0942248802613142
0.219512195121951 0.195121951219512 0.0206782686315013
0.288888888888889 0.288888888888889 0.109778716911164
0.27906976744186 0.27906976744186 0.109422040749613
0.264150943396226 0.226415094339623 0.0251602224205241
0.24 0.26 0.0570347331842488
0.244444444444444 0.2 0.048629631755767
0.227272727272727 0.159090909090909 0.0635275898238443
0.25 0.196428571428571 0.0581993870994065
0.291666666666667 0.3125 0.0791824235740879
0.230769230769231 0.211538461538462 0.0683863410000409
0.238095238095238 0.214285714285714 0.0761536132864236
0.227272727272727 0.25 0.0535948881492168
0.26 0.22 0.0686922298473194
0.222222222222222 0.2 0.0467955712565828
0.214285714285714 0.238095238095238 0.0332450736017456
0.209302325581395 0.186046511627907 0.0466556466742049
0.285714285714286 0.224489795918367 0.0827899826188026
0.24390243902439 0.195121951219512 0.0454622138375888
0.211538461538462 0.134615384615385 0.0265199289541879
0.292682926829268 0.24390243902439 0.100643687608776
0.222222222222222 0.222222222222222 0.0553818673472264
0.26530612244898 0.183673469387755 0.0620036820010843
0.269230769230769 0.211538461538462 0.0608264643499248
0.229166666666667 0.208333333333333 0.0473956969670997
0.272727272727273 0.272727272727273 0.0860249871227471
0.290909090909091 0.290909090909091 0.059187010281644
0.277777777777778 0.277777777777778 0.0868146980238809
0.255813953488372 0.186046511627907 0.06168225825303
0.238095238095238 0.238095238095238 0.0484896641320318
0.25 0.196428571428571 0.0555659133556284
0.230769230769231 0.115384615384615 0.0241574902096853
0.269230769230769 0.25 0.0528131928660725
0.291666666666667 0.208333333333333 0.0343446795667516
0.206896551724138 0.206896551724138 0.0323224563270941
0.22 0.18 0.027956382842638
0.261904761904762 0.238095238095238 0.0539501654590513
0.282608695652174 0.239130434782609 0.0727764563331328
0.240740740740741 0.185185185185185 0.0520169485163639
0.227272727272727 0.204545454545455 0.04792338817894
0.270833333333333 0.291666666666667 0.101718288524473
0.260869565217391 0.195652173913043 0.0508888683789678
0.282608695652174 0.217391304347826 0.0487264759361529
0.295454545454545 0.25 0.0642001370640579
0.234042553191489 0.191489361702128 0.0481670266775702
0.25531914893617 0.212765957446809 0.0473959192387296
0.241379310344828 0.241379310344828 0.0741159678626159
0.28 0.22 0.0377756374107132
0.212765957446809 0.191489361702128 0.0428777562822275
0.282608695652174 0.195652173913043 0.0548557112721071
0.232558139534884 0.209302325581395 0.0528008512534674
0.207547169811321 0.169811320754717 0.0633922944055078
0.232558139534884 0.232558139534884 0.0692733611009716
0.224489795918367 0.183673469387755 0.0384002131399221
0.263157894736842 0.228070175438596 0.0722037966853846
0.283018867924528 0.264150943396226 0.051125750153307
0.207547169811321 0.207547169811321 0.0271685960048714
0.204545454545455 0.181818181818182 0.0295417393221027
0.260869565217391 0.195652173913043 0.0407866679969224
0.294117647058824 0.254901960784314 0.06057939631977
0.238095238095238 0.214285714285714 0.0490904777744746
0.212765957446809 0.148936170212766 0.0391155207162571
0.226415094339623 0.226415094339623 0.0512388558392768
0.209302325581395 0.186046511627907 0.0393301124874836
0.27906976744186 0.27906976744186 0.108908688060193
0.203703703703704 0.240740740740741 0.0509797577665439
0.285714285714286 0.238095238095238 0.0984878049587972
0.239130434782609 0.173913043478261 0.0357849205454946
0.211538461538462 0.192307692307692 0.0589387287038428
0.209302325581395 0.162790697674419 0.042933402915103
0.25531914893617 0.234042553191489 0.0766361840257244
0.25531914893617 0.234042553191489 0.0625627989382239
0.272727272727273 0.272727272727273 0.0377356503895518
0.209302325581395 0.162790697674419 0.0381976889241493
0.26530612244898 0.183673469387755 0.0615296104805067
0.212765957446809 0.127659574468085 0.00988814254434261
0.244897959183673 0.142857142857143 0.0799583631319486
0.266666666666667 0.266666666666667 0.0821432194606622
0.222222222222222 0.177777777777778 0.0743771575523021
0.208333333333333 0.145833333333333 0.0508991868085658
0.290909090909091 0.272727272727273 0.0864272638575819
0.276595744680851 0.212765957446809 0.091574788533719
0.204545454545455 0.181818181818182 0.0675567025233799
0.25 0.227272727272727 0.0890376113299384
0.204545454545455 0.159090909090909 0.0266797926969071
0.229166666666667 0.25 0.0332175792756324
0.25 0.134615384615385 0.0284088499073785
0.295454545454545 0.25 0.0938020952822152
0.209302325581395 0.162790697674419 0.0262071390841706
0.239130434782609 0.195652173913043 0.0448833401702282
0.276595744680851 0.276595744680851 0.122959912013102
0.214285714285714 0.142857142857143 0.0433275914997949
0.296296296296296 0.277777777777778 0.0734648800084885
0.261904761904762 0.238095238095238 0.0556771081417685
0.25 0.25 0.0813369906329353
0.214285714285714 0.142857142857143 0.0290068680225622
0.215686274509804 0.176470588235294 0.0521653117910306
0.255813953488372 0.186046511627907 0.0684854093059537
0.217391304347826 0.152173913043478 0.0534931639210334
0.204545454545455 0.181818181818182 0.0385647860927516
0.222222222222222 0.177777777777778 0.0473052951083824
0.294117647058824 0.254901960784314 0.101002944706826
0.238095238095238 0.214285714285714 0.0618348061437115
0.239130434782609 0.239130434782609 0.0617334825710634
0.260869565217391 0.260869565217391 0.0705225476438319
0.282608695652174 0.260869565217391 0.126747244782567
0.227272727272727 0.181818181818182 0.039182669639776
0.227272727272727 0.181818181818182 0.0910026944575014
0.254901960784314 0.235294117647059 0.0569895521974456
0.203703703703704 0.222222222222222 0.0606738714919784
0.267857142857143 0.267857142857143 0.0463896300927619
0.239130434782609 0.152173913043478 0.0760223603875064
0.204081632653061 0.183673469387755 0.0654232938189105
0.288888888888889 0.244444444444444 0.0926241526664062
0.232142857142857 0.25 0.0342896729072501
0.22 0.28 0.0531657153159712
0.26530612244898 0.244897959183673 0.0415762125482706
0.203703703703704 0.203703703703704 0.0296605196711648
0.203703703703704 0.166666666666667 0.0529258087916837
0.22 0.2 0.0581296556909966
0.292682926829268 0.24390243902439 0.0356324120340324
0.25531914893617 0.25531914893617 0.0666714107808019
0.224489795918367 0.244897959183673 0.0787809287730566
0.276595744680851 0.25531914893617 0.092917735751962
0.24 0.22 0.0530329649687653
0.244444444444444 0.155555555555556 0.0524157551398528
0.209302325581395 0.162790697674419 0.0424656002369671
0.235294117647059 0.235294117647059 0.0302296205321786
0.272727272727273 0.204545454545455 0.0554423923320107
0.294117647058824 0.215686274509804 0.0622712566696996
0.204081632653061 0.122448979591837 0.0264650566258435
0.240740740740741 0.203703703703704 0.0346327724279622
0.229166666666667 0.208333333333333 0.0776902017579509
0.283018867924528 0.245283018867925 0.0244531703003893
0.204081632653061 0.183673469387755 0.0252313166608926
0.239130434782609 0.260869565217391 0.0585946549919461
0.290909090909091 0.254545454545455 0.0549371234873625
0.24390243902439 0.195121951219512 0.0441384438699479
0.208333333333333 0.208333333333333 0.096460538323604
0.26 0.18 0.0643780735356748
0.269230769230769 0.25 0.0415083040033657
0.208333333333333 0.1875 0.0184266050447459
0.224489795918367 0.142857142857143 0.0410812355020056
0.224137931034483 0.172413793103448 0.0418373488593608
0.274509803921569 0.215686274509804 0.0337007000112799
0.24390243902439 0.219512195121951 0.0593164515544247
0.209302325581395 0.186046511627907 0.0214700123286369
0.261904761904762 0.19047619047619 0.0597301563880995
0.254545454545455 0.2 0.0520242403246946
0.219512195121951 0.0731707317073171 0.0228528799650254
0.204545454545455 0.204545454545455 0.0625758792096671
0.217391304347826 0.195652173913043 0.0663247181908266
0.277777777777778 0.222222222222222 0.0513150421119944
0.217391304347826 0.195652173913043 0.0466815610244435
0.25531914893617 0.212765957446809 0.0545102009483827
0.259259259259259 0.240740740740741 0.0877248722241077
0.25 0.25 0.0770111747055993
0.267857142857143 0.232142857142857 0.0453416445555261
0.244897959183673 0.204081632653061 0.0597799720934292
0.229166666666667 0.1875 0.0646346957750125
0.266666666666667 0.177777777777778 0.0300159118303757
0.230769230769231 0.153846153846154 0.024713524194278
0.214285714285714 0.214285714285714 0.0509882218874861
0.238095238095238 0.214285714285714 0.0985785816874527
0.22 0.2 0.0476345721061615
0.264150943396226 0.245283018867925 0.0553414075218137
0.285714285714286 0.204081632653061 0.047673737362401
0.217391304347826 0.239130434782609 0.0675212461852343
0.276595744680851 0.25531914893617 0.0873784717681955
0.210526315789474 0.140350877192982 0.0448092826262605
0.219512195121951 0.195121951219512 0.0397994665432137
0.204545454545455 0.181818181818182 0.0289518197604328
0.215686274509804 0.117647058823529 0.0199610166358267
0.25531914893617 0.25531914893617 0.0782585602855355
0.245614035087719 0.175438596491228 0.0396208970789595
0.214285714285714 0.19047619047619 0.0679634410401697
0.228070175438596 0.228070175438596 0.038230124701714
0.234042553191489 0.234042553191489 0.0715194717168229
0.254237288135593 0.203389830508475 0.0652219876115736
0.26 0.22 0.0686880730693213
0.244444444444444 0.222222222222222 0.0911646006925748
0.245614035087719 0.175438596491228 0.0161281079722256
0.217391304347826 0.195652173913043 0.0593869226393509
0.245283018867925 0.207547169811321 0.0344081979288442
0.234042553191489 0.234042553191489 0.0418803921452592
0.260869565217391 0.173913043478261 0.0302731211250792
0.288461538461538 0.269230769230769 0.0714196484944623
0.227272727272727 0.204545454545455 0.0387519399481748
0.24 0.24 0.0758308963561043
0.294117647058824 0.274509803921569 0.0898516561629473
0.24390243902439 0.24390243902439 0.0582779142239125
0.282608695652174 0.239130434782609 0.0727488937575044
0.26 0.24 0.0437392202562662
0.222222222222222 0.177777777777778 0.0726318487418639
0.229166666666667 0.208333333333333 0.0721274699945892
0.227272727272727 0.159090909090909 0.0371469183427758
0.235294117647059 0.196078431372549 0.0395678796260767
0.285714285714286 0.285714285714286 0.0557758227930594
0.214285714285714 0.214285714285714 0.041345528697737
0.24390243902439 0.219512195121951 0.108224976896887
0.245614035087719 0.175438596491228 0.0473894848876569
0.290909090909091 0.181818181818182 0.0293204091309235
0.26530612244898 0.224489795918367 0.0731301569245898
0.25 0.272727272727273 0.0800346655126014
0.266666666666667 0.222222222222222 0.0514706325310527
0.282608695652174 0.260869565217391 0.0655635676518114
0.240740740740741 0.222222222222222 0.0668726522985097
0.232558139534884 0.162790697674419 0.0526852661719134
0.219512195121951 0.24390243902439 0.0763817729301004
0.214285714285714 0.166666666666667 0.0260753334587974
0.226415094339623 0.207547169811321 0.0576079592189185
0.26530612244898 0.183673469387755 0.0405426550366414
0.244444444444444 0.266666666666667 0.0416549265287126
0.254901960784314 0.176470588235294 0.0498235529427232
0.288888888888889 0.244444444444444 0.0464512819794871
0.232558139534884 0.255813953488372 0.0946084975377832
0.267857142857143 0.232142857142857 0.0537378735828738
0.25 0.192307692307692 0.0655441059309095
0.203389830508475 0.169491525423729 0.0166544828340797
0.288888888888889 0.244444444444444 0.0415225909686593
0.244897959183673 0.244897959183673 0.0735174655909969
0.234042553191489 0.234042553191489 0.0660950410042766
0.238095238095238 0.19047619047619 0.0378891699739858
0.267857142857143 0.214285714285714 0.0491793048225003
0.277777777777778 0.222222222222222 0.0453960675743999
0.229166666666667 0.25 0.0806653637435706
0.232558139534884 0.186046511627907 0.0267424113360463
0.22 0.18 0.0366088852677152
0.25 0.269230769230769 0.0543322880697582
0.211538461538462 0.192307692307692 0.0540706816298888
0.211538461538462 0.153846153846154 0.0738919233414729
0.214285714285714 0.142857142857143 0.0599463995637234
0.25 0.25 0.0594446054701219
0.239130434782609 0.195652173913043 0.0460287706109769
0.285714285714286 0.285714285714286 0.0949389082585554
0.25 0.204545454545455 0.0487053929449945
0.270833333333333 0.25 0.0936620351258875
0.25 0.25 0.0704353912637012
0.288888888888889 0.244444444444444 0.069007515303972
0.285714285714286 0.285714285714286 0.0883482178962263
0.254237288135593 0.203389830508475 0.0406550433293444
0.261904761904762 0.214285714285714 0.0192045135183796
0.239130434782609 0.195652173913043 0.0448249530217273
0.204545454545455 0.204545454545455 0.0340921936421415
0.238095238095238 0.214285714285714 0.0636300613115088
0.285714285714286 0.224489795918367 0.0551260703949373
0.26530612244898 0.26530612244898 0.0774926286449822
0.235294117647059 0.196078431372549 0.0457523516234807
0.219512195121951 0.121951219512195 0.0352713819202389
0.203389830508475 0.169491525423729 0.0318807956683749
0.244444444444444 0.266666666666667 0.0533715961847404
0.258620689655172 0.258620689655172 0.0652455299928759
0.294117647058824 0.274509803921569 0.0686687471776859
0.25 0.227272727272727 0.0894969731246876
0.214285714285714 0.166666666666667 0.0878704243164127
0.244444444444444 0.244444444444444 0.0570938602971907
0.255813953488372 0.232558139534884 0.0482702198685691
0.25 0.208333333333333 0.0476785373613781
0.212765957446809 0.212765957446809 0.042918415011768
0.222222222222222 0.2 0.0468495861874924
0.277777777777778 0.222222222222222 0.0588662933053941
0.215686274509804 0.215686274509804 0.0652582824051903
0.263157894736842 0.228070175438596 0.0314256029145484
0.238095238095238 0.19047619047619 0.092282389871656
0.25 0.181818181818182 0.036665864128639
0.227272727272727 0.227272727272727 0.0788005988383254
0.254901960784314 0.196078431372549 0.0464992785701924
0.204081632653061 0.142857142857143 0.028989179080767
0.292682926829268 0.24390243902439 0.0769682397021627
0.270833333333333 0.291666666666667 0.0787424365275254
0.288888888888889 0.311111111111111 0.115944273536324
0.212765957446809 0.212765957446809 0.0268655686049211
0.204545454545455 0.181818181818182 0.0263048155878087
0.292682926829268 0.292682926829268 0.0545147262727919
0.232558139534884 0.186046511627907 0.0668170250869225
0.254545454545455 0.254545454545455 0.0693406987313981
0.232142857142857 0.214285714285714 0.0491470653296454
0.224137931034483 0.172413793103448 0.0276064938070312
0.218181818181818 0.181818181818182 0.0249091755820155
0.24390243902439 0.24390243902439 0.0586603793827469
0.212765957446809 0.234042553191489 0.0589898258675109
0.261904761904762 0.166666666666667 0.0830570262373221
0.259259259259259 0.240740740740741 0.0602446077278986
0.229166666666667 0.1875 0.0486160029331063
0.26 0.2 0.069335272964727
0.234042553191489 0.127659574468085 0.0385465159346655
0.27906976744186 0.232558139534884 0.0464011590119892
0.211538461538462 0.211538461538462 0.053319758347288
0.255813953488372 0.209302325581395 0.0597196396719182
0.25 0.173076923076923 0.0208515395927235
0.212765957446809 0.212765957446809 0.0871345004496087
0.25 0.227272727272727 0.0603963436486216
0.25 0.208333333333333 0.045263828022883
0.214285714285714 0.19047619047619 0.0519439880199226
0.215686274509804 0.176470588235294 0.0372768272031128
0.222222222222222 0.177777777777778 0.0794600329425537
0.215686274509804 0.235294117647059 0.0382604157347278
0.297872340425532 0.25531914893617 0.0638831933886976
0.260869565217391 0.173913043478261 0.0234930172947494
0.222222222222222 0.222222222222222 0.0952600042883407
0.288461538461538 0.25 0.0951625420096858
0.232558139534884 0.162790697674419 0.0310807983175818
0.24390243902439 0.268292682926829 0.0621381571226198
0.228070175438596 0.175438596491228 0.0307216583109696
0.244444444444444 0.177777777777778 0.0386231103103815
0.204081632653061 0.183673469387755 0.0368213308611932
0.212765957446809 0.0851063829787234 0.0127818723000837
0.229166666666667 0.208333333333333 0.0732901112741912
0.24 0.22 0.0608139320545257
0.25531914893617 0.170212765957447 0.0300009170755815
0.268292682926829 0.219512195121951 0.0643573896378708
0.224489795918367 0.204081632653061 0.0351481820977463
0.26 0.24 0.0661868240200972
0.217391304347826 0.195652173913043 0.056131012451682
0.238095238095238 0.238095238095238 0.0432852360660461
0.214285714285714 0.19047619047619 0.0867530894530721
0.25 0.272727272727273 0.09269091461075
0.217391304347826 0.152173913043478 0.0474024795150236
0.26 0.22 0.0505478368937377
0.288461538461538 0.25 0.0611957653266676
0.260869565217391 0.282608695652174 0.071035082133665
0.219512195121951 0.195121951219512 0.0427171239132056
0.229166666666667 0.229166666666667 0.0477098385759086
0.232558139534884 0.232558139534884 0.0812155798143364
0.204545454545455 0.136363636363636 0.0250107589332451
0.260869565217391 0.217391304347826 0.0543508106436726
0.230769230769231 0.192307692307692 0.0470298691048843
0.204081632653061 0.244897959183673 0.0520627751306481
0.260869565217391 0.195652173913043 0.0439055524575245
0.206896551724138 0.137931034482759 0.019799281533654
0.25531914893617 0.148936170212766 0.0342393626799999
0.277777777777778 0.148148148148148 0.0230555055349348
0.27906976744186 0.209302325581395 0.0623512179953678
0.266666666666667 0.244444444444444 0.0846417683347704
0.291666666666667 0.291666666666667 0.0478638483397011
0.291666666666667 0.270833333333333 0.0704750597605927
0.255813953488372 0.186046511627907 0.0316934355553159
0.208333333333333 0.125 0.049191866786364
0.25531914893617 0.212765957446809 0.0844221419628538
0.24 0.22 0.0516466009020668
0.235294117647059 0.215686274509804 0.0593594311562215
0.275862068965517 0.258620689655172 0.0524655893341389
0.245283018867925 0.226415094339623 0.0718827529233242
0.282608695652174 0.239130434782609 0.0556239386156301
0.27906976744186 0.232558139534884 0.0704002092254238
0.244444444444444 0.177777777777778 0.0738072076066417
0.212765957446809 0.191489361702128 0.0214882863035339
0.212765957446809 0.234042553191489 0.0813107991815896
0.209302325581395 0.162790697674419 0.0260255852487414
0.234042553191489 0.25531914893617 0.0740943580000391
0.285714285714286 0.214285714285714 0.0688255938174362
0.214285714285714 0.19047619047619 0.0757640780936384
0.26 0.16 0.0374097289446061
0.280701754385965 0.245614035087719 0.0454503651974507
0.212765957446809 0.234042553191489 0.0547166610344741
0.218181818181818 0.163636363636364 0.0351449950460469
0.209302325581395 0.186046511627907 0.0611006202368113
0.214285714285714 0.166666666666667 0.0369898289891772
0.227272727272727 0.227272727272727 0.0490706693175334
0.244444444444444 0.222222222222222 0.0817789985286814
0.25 0.230769230769231 0.0749020631193569
0.260869565217391 0.260869565217391 0.101328032601152
0.25 0.227272727272727 0.0933537281967908
0.291666666666667 0.25 0.0523074589296346
0.238095238095238 0.19047619047619 0.0198326701852496
0.235294117647059 0.196078431372549 0.0314231032133576
0.25 0.269230769230769 0.072820905533348
0.259259259259259 0.222222222222222 0.0785485625926999
0.26 0.22 0.0507031503789372
0.254901960784314 0.196078431372549 0.0340102823082254
0.214285714285714 0.166666666666667 0.0388249815112792
0.234042553191489 0.212765957446809 0.0620379121756843
0.25531914893617 0.212765957446809 0.044766737187302
0.238095238095238 0.214285714285714 0.0537460988612633
0.266666666666667 0.222222222222222 0.0609901972825632
0.230769230769231 0.211538461538462 0.0310356275591073
0.22 0.2 0.038900115268826
0.222222222222222 0.2 0.0325908417943065
0.268292682926829 0.24390243902439 0.0710154945122391
0.209302325581395 0.209302325581395 0.0339261526313012
0.295454545454545 0.25 0.0784499144815829
0.285714285714286 0.261904761904762 0.0662426903135766
0.288888888888889 0.288888888888889 0.0854800550438862
0.244444444444444 0.266666666666667 0.055462973675689
0.28 0.24 0.0399469079567298
0.28 0.18 0.0665225776070148
0.204545454545455 0.159090909090909 0.0255936388791322
0.270833333333333 0.270833333333333 0.0771520028840278
0.239130434782609 0.195652173913043 0.0224699955988111
0.261904761904762 0.238095238095238 0.0937715630042761
0.291666666666667 0.25 0.0810894923179446
0.232142857142857 0.196428571428571 0.0469221623731178
0.224489795918367 0.183673469387755 0.0397154464986721
0.288888888888889 0.244444444444444 0.0825632999246988
0.209302325581395 0.209302325581395 0.0514977267446752
0.291666666666667 0.229166666666667 0.0451282794815694
0.23728813559322 0.203389830508475 0.027259696482476
0.222222222222222 0.240740740740741 0.0412225184917768
0.270833333333333 0.1875 0.0679184548570656
0.264150943396226 0.226415094339623 0.0597584053388162
0.217391304347826 0.173913043478261 0.0623303985491456
0.268292682926829 0.170731707317073 0.0808064469877793
0.271186440677966 0.220338983050847 0.0488515880737662
0.296296296296296 0.296296296296296 0.0617067262240038
0.283018867924528 0.245283018867925 0.0569139236967125
0.224137931034483 0.189655172413793 0.0321514966042351
0.27906976744186 0.186046511627907 0.0624285503452151
0.25 0.25 0.048804241201675
0.238095238095238 0.238095238095238 0.0536623148082241
0.25 0.196428571428571 0.0365608794057747
0.229166666666667 0.1875 0.0604057025697284
0.255813953488372 0.209302325581395 0.0333410362640772
0.245283018867925 0.150943396226415 0.0379396118388705
0.238095238095238 0.19047619047619 0.0446337850321818
0.255813953488372 0.209302325581395 0.073145522126482
0.25 0.204545454545455 0.0584271976088305
0.204081632653061 0.183673469387755 0.0456254537791269
0.229166666666667 0.25 0.0541752922114087
0.296296296296296 0.222222222222222 0.0537666859781536
0.222222222222222 0.155555555555556 0.059523106902013
0.255813953488372 0.232558139534884 0.0389219670780938
0.258620689655172 0.275862068965517 0.0473318581519134
0.296296296296296 0.240740740740741 0.051779930051294
0.214285714285714 0.166666666666667 0.0460127557421283
0.24390243902439 0.146341463414634 0.0386732048354526
0.222222222222222 0.203703703703704 0.039875797655042
0.275862068965517 0.224137931034483 0.0807338946707423
0.222222222222222 0.155555555555556 0.0205028836715936
0.215686274509804 0.215686274509804 0.065597537614389
0.261904761904762 0.285714285714286 0.0501394771396763
0.203703703703704 0.240740740740741 0.0483208874517637
0.238095238095238 0.238095238095238 0.0410311977309102
0.25 0.159090909090909 0.0531504587051865
0.204545454545455 0.181818181818182 0.0684913126965928
0.25 0.204545454545455 0.0388084787505125
0.263157894736842 0.263157894736842 0.0558271147964143
0.270833333333333 0.229166666666667 0.0596281926555916
0.282608695652174 0.260869565217391 0.0559599825379399
0.263157894736842 0.210526315789474 0.0406185640024386
0.232558139534884 0.209302325581395 0.0643855915075419
0.239130434782609 0.217391304347826 0.0585398486424874
0.227272727272727 0.136363636363636 0.0406218500183274
0.288888888888889 0.222222222222222 0.04870080456679
0.24390243902439 0.146341463414634 0.0465321055654337
0.211538461538462 0.173076923076923 0.0491272720696585
0.267857142857143 0.214285714285714 0.0540374107454607
0.24 0.22 0.0751667895817314
0.269230769230769 0.211538461538462 0.0695805772850076
0.268292682926829 0.24390243902439 0.0814666048440778
0.227272727272727 0.227272727272727 0.038134218010177
0.254237288135593 0.220338983050847 0.0516704261571903
0.208333333333333 0.1875 0.0807682950741741
0.227272727272727 0.159090909090909 0.0386866097381948
0.227272727272727 0.227272727272727 0.0447946859436405
0.239130434782609 0.195652173913043 0.0926739893675196
0.255813953488372 0.186046511627907 0.0424744417589279
0.204545454545455 0.159090909090909 0.0414928315063918
0.207547169811321 0.150943396226415 0.0282947834626559
0.229166666666667 0.1875 0.05360159921467
0.232558139534884 0.232558139534884 0.0581103114779309
0.274509803921569 0.254901960784314 0.0556273258345316
0.24390243902439 0.219512195121951 0.0571569672182376
0.232142857142857 0.214285714285714 0.0586097413413163
0.269230769230769 0.211538461538462 0.0592910100868076
0.272727272727273 0.218181818181818 0.062639860764255
0.238095238095238 0.214285714285714 0.0404429388518662
0.219512195121951 0.195121951219512 0.0706567484765354
0.244444444444444 0.222222222222222 0.062627009461616
0.217391304347826 0.239130434782609 0.0645566356768136
0.214285714285714 0.214285714285714 0.0926731266897286
0.204081632653061 0.183673469387755 0.0283542235263596
0.234042553191489 0.212765957446809 0.0334405611184668
0.254901960784314 0.196078431372549 0.0471465738597151
0.291666666666667 0.270833333333333 0.0497801928324473
0.269230769230769 0.192307692307692 0.064026471221745
0.224489795918367 0.183673469387755 0.0454714487016105
0.245614035087719 0.140350877192982 0.0242452427649791
0.282608695652174 0.195652173913043 0.0543475140115355
0.25 0.192307692307692 0.0244144112441623
0.22 0.16 0.0649879427304918
0.285714285714286 0.214285714285714 0.0742825781956165
0.222222222222222 0.2 0.0418716753404398
0.24 0.2 0.0388179943287763
0.288461538461538 0.211538461538462 0.0624245010510621
0.204545454545455 0.136363636363636 0.0333304343557596
0.25 0.214285714285714 0.0396536042715691
0.227272727272727 0.25 0.0739924640163133
0.207547169811321 0.169811320754717 0.0420604762847758
0.245614035087719 0.210526315789474 0.0469880386433838
0.234042553191489 0.234042553191489 0.0587288995192702
0.222222222222222 0.177777777777778 0.0491396396403188
0.234042553191489 0.212765957446809 0.0405053033761829
0.229166666666667 0.166666666666667 0.0189565380450621
0.288888888888889 0.244444444444444 0.0530116790707569
0.26 0.22 0.0989391777951795
0.234042553191489 0.212765957446809 0.0419465327629906
0.227272727272727 0.204545454545455 0.0583139518083033
0.26530612244898 0.183673469387755 0.038336498539326
0.24 0.2 0.0589504878020637
0.239130434782609 0.217391304347826 0.0352372736863236
0.212765957446809 0.170212765957447 0.0302543381234813
0.270833333333333 0.229166666666667 0.0689747050886873
0.288888888888889 0.244444444444444 0.0797777872738671
0.203703703703704 0.12962962962963 0.0179803401664949
0.239130434782609 0.173913043478261 0.0416521362201843
0.219512195121951 0.219512195121951 0.0547469825535566
0.270833333333333 0.25 0.0750195758882553
0.244444444444444 0.177777777777778 0.0637777465010421
0.204081632653061 0.183673469387755 0.0498182261007144
0.211538461538462 0.230769230769231 0.0978203736761006
0.271186440677966 0.254237288135593 0.0838801728452109
0.282608695652174 0.239130434782609 0.0874085349500154
0.266666666666667 0.244444444444444 0.0827688572326892
0.214285714285714 0.178571428571429 0.0607300306843782
0.26530612244898 0.285714285714286 0.0588290264521361
0.211538461538462 0.173076923076923 0.0680698004510732
0.240740740740741 0.203703703703704 0.0767098141471658
0.260869565217391 0.195652173913043 0.0698970270188409
0.212765957446809 0.191489361702128 0.0822106177726711
0.232558139534884 0.232558139534884 0.0557010326621636
0.266666666666667 0.266666666666667 0.0556720701288541
0.270833333333333 0.25 0.0654881547347266
0.244444444444444 0.177777777777778 0.0419425781160189
0.209302325581395 0.186046511627907 0.0533506321177823
0.24 0.22 0.0442617822296306
0.283018867924528 0.226415094339623 0.0341010494022552
0.229166666666667 0.229166666666667 0.0824876010899445
0.245283018867925 0.207547169811321 0.0443406938616642
0.238095238095238 0.0952380952380952 0.0278295658831156
0.222222222222222 0.166666666666667 0.0595599149469504
0.26530612244898 0.204081632653061 0.0215229977616544
0.203703703703704 0.185185185185185 0.033418126662663
0.238095238095238 0.166666666666667 0.0845384055447651
0.270833333333333 0.25 0.0583968519672899
0.26530612244898 0.204081632653061 0.068492753762377
0.288888888888889 0.155555555555556 0.0850055643883629
0.268292682926829 0.170731707317073 0.0603414581331316
0.285714285714286 0.232142857142857 0.0710332917306053
0.255813953488372 0.232558139534884 0.0971877494735138
0.215686274509804 0.137254901960784 0.0390238888879144
0.291666666666667 0.229166666666667 0.0594757160492811
0.239130434782609 0.195652173913043 0.0501934349366079
0.268292682926829 0.268292682926829 0.0586900889384015
0.25 0.307692307692308 0.0567860626011614
0.214285714285714 0.166666666666667 0.0377578159936478
0.234042553191489 0.191489361702128 0.0589357367360449
0.291666666666667 0.229166666666667 0.0469970772940773
0.294117647058824 0.254901960784314 0.0698566544698552
0.215686274509804 0.215686274509804 0.0213887454624902
0.22 0.18 0.048381598460363
0.294117647058824 0.235294117647059 0.052556759646056
0.229166666666667 0.166666666666667 0.0479714904939503
0.264150943396226 0.245283018867925 0.0679857721281497
0.292682926829268 0.268292682926829 0.10712575527007
0.222222222222222 0.0888888888888889 0.0274075989848966
0.232142857142857 0.25 0.0416619471437167
0.269230769230769 0.211538461538462 0.0454958654212889
0.25 0.229166666666667 0.0666462450407521
0.28 0.2 0.070451586260942
0.25 0.25 0.0655544128726388
0.297872340425532 0.234042553191489 0.0590283789123167
0.224137931034483 0.224137931034483 0.0783900651494625
0.204545454545455 0.181818181818182 0.0799961129919144
0.215686274509804 0.176470588235294 0.0644309770360423
0.240740740740741 0.166666666666667 0.0322088653651313
0.209302325581395 0.162790697674419 0.0822575039795035
0.259259259259259 0.240740740740741 0.0619782450076688
0.222222222222222 0.2 0.0223511971352564
0.27906976744186 0.232558139534884 0.0372842951946266
0.285714285714286 0.267857142857143 0.0610195457755385
0.214285714285714 0.142857142857143 0.0349056709117525
0.219512195121951 0.195121951219512 0.0454225093037091
0.255813953488372 0.255813953488372 0.0804582527708495
0.254545454545455 0.218181818181818 0.060764298108898
0.293103448275862 0.275862068965517 0.0516825219976106
0.285714285714286 0.285714285714286 0.0679416413997971
0.25 0.229166666666667 0.0558977943384744
0.270833333333333 0.270833333333333 0.0445909450370448
0.276595744680851 0.276595744680851 0.0602294283361425
0.244897959183673 0.204081632653061 0.0147150386039373
0.25 0.230769230769231 0.0903053108520346
0.203389830508475 0.11864406779661 0.0389892463086469
0.269230769230769 0.269230769230769 0.0948096691030007
0.204545454545455 0.181818181818182 0.0344180508937904
0.219512195121951 0.146341463414634 0.0588018066825344
0.255813953488372 0.209302325581395 0.0862968313810932
0.234042553191489 0.191489361702128 0.0309819884910289
0.211538461538462 0.173076923076923 0.0477772467137219
0.245283018867925 0.188679245283019 0.0365197890167927
0.25 0.214285714285714 0.0365786741357983
0.263157894736842 0.263157894736842 0.0569253671801126
0.274509803921569 0.215686274509804 0.0585558833250708
0.230769230769231 0.211538461538462 0.0607812380476785
0.227272727272727 0.25 0.033349371046962
0.224489795918367 0.142857142857143 0.0272070920329741
0.271186440677966 0.152542372881356 0.0429995939737723
0.214285714285714 0.214285714285714 0.0544143701023241
0.219512195121951 0.146341463414634 0.0267402894812836
0.204545454545455 0.181818181818182 0.0422160764552189
0.222222222222222 0.177777777777778 0.0549643810952341
0.204081632653061 0.142857142857143 0.0470895359130611
0.234042553191489 0.234042553191489 0.086832795101276
0.240740740740741 0.148148148148148 0.0232314182579624
0.207547169811321 0.226415094339623 0.0365079119143411
0.204545454545455 0.0681818181818182 0.0120656756668951
0.204545454545455 0.181818181818182 0.05656614505232
0.272727272727273 0.181818181818182 0.0732949882287952
0.283018867924528 0.264150943396226 0.0425285965156858
0.294117647058824 0.254901960784314 0.0850245741888588
0.212765957446809 0.212765957446809 0.0551451273853278
0.232558139534884 0.162790697674419 0.039067647238457
0.228070175438596 0.228070175438596 0.0514263663428549
0.276595744680851 0.212765957446809 0.0604928374403414
0.211538461538462 0.211538461538462 0.103427874920098
0.240740740740741 0.203703703703704 0.0603333684500354
0.285714285714286 0.267857142857143 0.0562964435561126
0.207547169811321 0.169811320754717 0.0735583704604111
0.217391304347826 0.152173913043478 0.0477733308781638
0.26530612244898 0.26530612244898 0.0625627257396759
0.276595744680851 0.25531914893617 0.0636596464244348
0.232558139534884 0.255813953488372 0.0808806012425336
0.244444444444444 0.177777777777778 0.042664895793172
0.266666666666667 0.2 0.0872966698770669
0.270833333333333 0.270833333333333 0.0654750732373521
0.232558139534884 0.209302325581395 0.0337137436495772
0.219512195121951 0.170731707317073 0.0771526332553507
0.214285714285714 0.214285714285714 0.0554886403585286
0.222222222222222 0.166666666666667 0.0199475622156635
0.274509803921569 0.294117647058824 0.0737385093297436
0.244897959183673 0.204081632653061 0.0689112060261043
0.244444444444444 0.133333333333333 0.0426044024513596
0.268292682926829 0.219512195121951 0.0947131343202533
0.232558139534884 0.162790697674419 0.052575365644913
0.24390243902439 0.219512195121951 0.0610677471677278
0.244444444444444 0.244444444444444 0.0688867743820423
0.22 0.22 0.0480133120385918
0.217391304347826 0.195652173913043 0.0846121413954893
0.232142857142857 0.196428571428571 0.0500887083821812
0.266666666666667 0.222222222222222 0.106872558406844
0.232558139534884 0.232558139534884 0.0602824669590302
0.271186440677966 0.220338983050847 0.0796476088421088
0.208333333333333 0.229166666666667 0.0670145128501455
0.290909090909091 0.218181818181818 0.0467849529655649
0.235294117647059 0.196078431372549 0.0475432645630372
0.288135593220339 0.254237288135593 0.0258785640766592
0.274509803921569 0.235294117647059 0.0794283670098198
0.224489795918367 0.183673469387755 0.0261900922243178
0.26 0.28 0.0814538924807498
0.255813953488372 0.232558139534884 0.0393564171846019
0.269230769230769 0.25 0.0626818312649356
0.266666666666667 0.266666666666667 0.079406757783997
0.211538461538462 0.192307692307692 0.0683728320835094
0.285714285714286 0.214285714285714 0.0436388391111002
0.209302325581395 0.162790697674419 0.0421727778185126
0.232558139534884 0.232558139534884 0.0488544677115497
0.209302325581395 0.186046511627907 0.0440036024150723
0.25 0.288461538461538 0.11370247461611
0.26 0.28 0.0937269401028862
0.25 0.192307692307692 0.0287161875213924
0.24 0.34 0.100179312207911
0.245283018867925 0.226415094339623 0.0596893022917804
0.214285714285714 0.214285714285714 0.0851125309755787
0.229166666666667 0.229166666666667 0.0591886166477251
0.217391304347826 0.195652173913043 0.0526927260497288
0.27906976744186 0.255813953488372 0.0489025204629993
0.238095238095238 0.238095238095238 0.0546716477400595
0.269230769230769 0.211538461538462 0.0569593693195035
0.212765957446809 0.170212765957447 0.0529380204281014
0.290909090909091 0.272727272727273 0.0803905845990917
0.236363636363636 0.218181818181818 0.0363922938111972
0.288135593220339 0.23728813559322 0.0568155686666137
0.224489795918367 0.224489795918367 0.0707261884055904
0.25 0.211538461538462 0.0202650195881294
0.297872340425532 0.25531914893617 0.0494909578953146
0.24390243902439 0.195121951219512 0.0648654358294407
0.222222222222222 0.177777777777778 0.0648805147741215
0.209302325581395 0.209302325581395 0.0924965128731532
0.288888888888889 0.222222222222222 0.0845198751736122
0.255813953488372 0.232558139534884 0.0827571088159634
0.212765957446809 0.191489361702128 0.0541156831900552
0.258620689655172 0.241379310344828 0.0560281961117865
0.230769230769231 0.192307692307692 0.0344135033526139
0.272727272727273 0.25 0.0914576937603035
0.288461538461538 0.326923076923077 0.0797079126786742
0.217391304347826 0.217391304347826 0.0730876904549004
0.215686274509804 0.176470588235294 0.049725283187157
0.274509803921569 0.235294117647059 0.05929564487923
0.204545454545455 0.181818181818182 0.0469435572909749
0.222222222222222 0.240740740740741 0.061297083979899
