10.0927087910683
8.93581943105564
8.907702124209
11.3062355625554
11.3062355625554
11.3062355625554
11.3062355625554
11.3062355625554
11.3062355625554
11.3062355625554
11.3062355625554
11.3062355625554
11.3062355625554
11.3062355625554
11.3062355625554
11.3062355625554
11.3062355625554
11.3062355625554
11.3062355625554
11.3062355625554
11.3062355625554
11.3062355625554
11.3062355625554
11.3062355625554
9.01935563818081
10.1980623328885
10.1980623328885
10.1980623328885
10.1980623328885
10.1980623328885
9.41087287564951
9.41087287564951
9.41087287564951
9.41087287564951
9.2267812417856
8.74161129359862
8.26953051631727
7.97264247543968
8.21427109151456
7.58533813529952
7.25479357224327
7.25479357224327
7.26532491047611
7.31268750254509
7.49208519352591
6.8080984877737
6.62385276165039
6.73761873718956
6.62462876996672
6.45934294866663
6.63699205392363
6.09332478835963
6.1493991272655
6.32142180939801
6.32142180939801
6.59513288929684
6.73802647181443
6.926470712129
7.2405311056364
6.72082396371954
6.77133939238459
6.84592627776714
7.35229877982585
8.11504447533037
7.33678055260321
7.47144661380656
7.73538301828593
8.29466524488397
8.29466524488397
7.92061432478163
7.73690229440524
7.73690229440524
8.60473982255235
8.60473982255235
8.24732611288367
7.5015974402107
7.31679522246134
8.07099463580996
8.47752063356804
8.47752063356804
11.2226311166804
10.2393183405169
10.2393183405169
9.66989601973987
9.66989601973987
9.66989601973987
9.66989601973987
9.66989601973987
8.06569654253919
8.86080686231548
8.86080686231548
9.06801672431536
9.06801672431536
7.05261186358621
6.79590700588276
7.43307768894838
8.77451520475632
7.76324811375975
8.00172375473868
7.53619464794213
7.53619464794213
7.53619464794213
7.01008116103527
7.13903670237364
7.67799882351907
7.67799882351907
8.10823132946809
7.73535982794572
7.83288667616117
8.2237064149591
7.95460592238791
8.92817194404606
10.5446045567971
10.5446045567971
10.5446045567971
10.5446045567971
8.53409095341942
8.53409095341942
8.32904987626043
8.32904987626043
8.32904987626043
10.0398344746288
9.91025129990963
9.91025129990963
10.9764486288712
10.9764486288712
10.9764486288712
10.9764486288712
10.9764486288712
10.9764486288712
10.9764486288712
10.9764486288712
10.3890287312322
12.6060670511596
12.6060670511596
12.6060670511596
12.6060670511596
12.6060670511596
12.6060670511596
12.6060670511596
12.6060670511596
11.1213249524543
11.1213249524543
11.1213249524543
11.1213249524543
11.1213249524543
11.1213249524543
11.1213249524543
12.0654323525664
12.0654323525664
12.0654323525664
12.0654323525664
11.1464717041523
11.1464717041523
11.1464717041523
11.1464717041523
11.085522752454
11.085522752454
11.085522752454
11.085522752454
10.9170215450392
10.9170215450392
10.7619893952042
10.7619893952042
10.7619893952042
10.7619893952042
10.7619893952042
10.7619893952042
10.7619893952042
10.7619893952042
10.7619893952042
10.7619893952042
10.7619893952042
10.7619893952042
10.7619893952042
10.7619893952042
11.9166189351774
11.9166189351774
11.9166189351774
10.4292043375315
10.7444681157024
10.7444681157024
11.9514429003334
11.9514429003334
10.9604119572343
10.9604119572343
10.9604119572343
8.89572940510061
9.17139923543666
9.17139923543666
NA
NA
NA
NA
NA
NA
NA
NA
NA
NA
NA
NA
NA
NA
NA
NA
NA
NA
NA
NA
NA
NA
NA
NA
NA
NA
NA
NA
NA
NA
NA
NA
NA
NA
NA
NA
NA
NA
NA
NA
NA
NA
NA
NA
NA
NA
NA
NA
NA
NA
NA
NA
NA
NA
NA
NA
NA
NA
NA
NA
NA
NA
NA
NA
NA
NA
NA
NA
NA
NA
NA
NA
NA
NA
NA
NA
NA
NA
NA
NA
NA
NA
NA
NA
NA
NA
NA
NA
NA
NA
NA
NA
NA
NA
NA
NA
NA
NA
NA
NA
NA
NA
NA
NA
NA
NA
NA
NA
NA
NA
NA
NA
NA
NA
NA
NA
NA
NA
NA
NA
NA
NA
NA
NA
NA
NA
NA
NA
NA
NA
NA
NA
NA
NA
NA
NA
NA
NA
NA
NA
NA
NA
NA
NA
NA
NA
NA
NA
NA
NA
NA
NA
NA
NA
NA
NA
NA
NA
NA
NA
NA
NA
NA
NA
NA
NA
NA
NA
NA
NA
NA
NA
NA
NA
NA
NA
NA
NA
NA
NA
NA
NA
NA
NA
NA
NA
NA
NA
NA
NA
NA
NA
NA
NA
NA
NA
NA
NA
NA
NA
NA
NA
NA
NA
NA
NA
NA
NA
NA
NA
NA
NA
NA
NA
NA
NA
NA
NA
NA
NA
NA
NA
NA
NA
NA
NA
NA
NA
NA
NA
NA
NA
NA
NA
NA
NA
NA
NA
NA
NA
NA
NA
NA
NA
NA
NA
NA
NA
NA
NA
NA
NA
NA
NA
NA
NA
NA
NA
NA
NA
NA
NA
NA
NA
NA
NA
NA
NA
NA
NA
NA
NA
NA
NA
NA
NA
NA
NA
NA
NA
NA
NA
NA
NA
NA
NA
NA
NA
NA
NA
NA
NA
NA
NA
NA
NA
NA
NA
NA
NA
NA
NA
NA
NA
NA
NA
NA
NA
NA
NA
NA
NA
NA
NA
NA
NA
NA
NA
NA
NA
NA
NA
NA
NA
NA
NA
NA
NA
NA
NA
NA
NA
NA
NA
NA
NA
NA
NA
NA
NA
NA
NA
NA
NA
NA
NA
NA
NA
NA
NA
NA
NA
NA
NA
NA
NA
NA
NA
NA
NA
NA
NA
NA
NA
NA
NA
NA
NA
NA
NA
NA
NA
NA
NA
NA
NA
NA
NA
NA
NA
NA
NA
NA
NA
NA
NA
NA
NA
NA
NA
NA
NA
NA
NA
NA
NA
NA
NA
NA
NA
NA
NA
NA
NA
NA
NA
NA
NA
NA
NA
NA
NA
NA
NA
NA
NA
NA
NA
NA
NA
NA
NA
NA
NA
NA
NA
NA
NA
NA
NA
NA
NA
NA
NA
NA
NA
NA
NA
NA
NA
NA
NA
NA
NA
NA
NA
NA
NA
NA
NA
NA
NA
NA
NA
NA
NA
NA
NA
NA
NA
NA
NA
NA
NA
NA
NA
NA
NA
NA
NA
NA
NA
NA
NA
NA
NA
NA
NA
NA
NA
NA
NA
NA
NA
NA
NA
NA
NA
NA
NA
NA
NA
NA
NA
NA
NA
NA
NA
NA
NA
NA
NA
NA
NA
NA
NA
NA
NA
NA
NA
NA
NA
NA
NA
NA
NA
NA
NA
NA
NA
NA
NA
NA
NA
NA
NA
NA
NA
NA
NA
NA
NA
NA
NA
NA
NA
NA
NA
NA
NA
NA
NA
NA
NA
NA
NA
NA
NA
NA
NA
NA
NA
NA
NA
NA
NA
NA
NA
NA
NA
NA
NA
NA
NA
NA
NA
NA
NA
NA
NA
NA
NA
NA
NA
NA
NA
NA
NA
NA
NA
NA
NA
NA
NA
NA
NA
NA
NA
NA
NA
NA
NA
NA
NA
NA
NA
NA
NA
NA
NA
NA
NA
NA
NA
NA
NA
NA
NA
NA
NA
NA
NA
NA
NA
NA
NA
NA
NA
NA
NA
NA
NA
NA
NA
NA
NA
NA
NA
NA
NA
NA
NA
NA
NA
NA
NA
NA
NA
NA
NA
NA
NA
NA
NA
NA
NA
NA
NA
NA
NA
NA
NA
NA
NA
NA
NA
NA
NA
NA
NA
NA
NA
NA
NA
NA
NA
NA
NA
NA
NA
NA
NA
NA
NA
NA
NA
NA
NA
NA
NA
NA
NA
NA
NA
NA
NA
NA
NA
NA
NA
NA
NA
NA
NA
NA
NA
NA
NA
NA
NA
NA
NA
NA
NA
NA
NA
NA
NA
NA
NA
NA
NA
NA
NA
NA
NA
NA
NA
NA
NA
NA
NA
NA
NA
NA
NA
NA
NA
NA
NA
NA
NA
NA
NA
NA
NA
NA
NA
NA
NA
NA
NA
NA
NA
NA
NA
NA
NA
NA
NA
NA
NA
NA
NA
NA
NA
NA
NA
NA
NA
NA
NA
NA
NA
NA
NA
NA
NA
NA
NA
NA
NA
NA
NA
NA
NA
NA
NA
NA
NA
NA
NA
NA
NA
NA
NA
NA
NA
NA
NA
NA
NA
NA
NA
NA
NA
NA
NA
NA
NA
NA
NA
NA
NA
NA
NA
NA
NA
NA
NA
NA
