56.5997291895948 0.0662600954950668
57.1092325121386 0.0611196507748163
56.5879947029969 0.0619536652205785
56.8623328129784 0.0704915032307843
56.8623328129784 0.0704915032307843
56.8623328129784 0.0704915032307843
56.8623328129784 0.0704915032307843
56.8623328129784 0.0704915032307843
56.8623328129784 0.0704915032307843
56.8623328129784 0.0704915032307843
56.8623328129784 0.0704915032307843
56.8623328129784 0.0704915032307843
56.8623328129784 0.0704915032307843
56.8623328129784 0.0704915032307843
56.8623328129784 0.0704915032307843
56.8623328129784 0.0704915032307843
56.8623328129784 0.0704915032307843
56.8623328129784 0.0704915032307843
56.8623328129784 0.0704915032307843
56.8623328129784 0.0704915032307843
56.8623328129784 0.0704915032307843
56.8623328129784 0.0704915032307843
56.8623328129784 0.0704915032307843
56.8623328129784 0.0704915032307843
57.1044979159631 0.0674341570441148
57.3387600693138 0.0650086428908901
57.3387600693138 0.0650086428908901
57.3387600693138 0.0650086428908901
57.3387600693138 0.0650086428908901
57.3387600693138 0.0650086428908901
56.7973147576936 0.0646830006629929
56.7973147576936 0.0646830006629929
56.7973147576936 0.0646830006629929
56.7973147576936 0.0646830006629929
57.0891752090802 0.0651619975458761
56.4321547826721 0.0627948283376082
55.4660662527349 0.0606478937112899
55.6858669368323 0.0593618001956452
55.3827072848382 0.0622987264226536
56.3736013744358 0.0555663358137767
57.2324109765232 0.0546158500890715
57.2324109765232 0.0546158500890715
57.8552987236893 0.052259281044031
57.3150424759021 0.0542787733314623
57.0638649012837 0.0562565449834994
57.6665137765671 0.047779301137247
57.5701924548944 0.0448825147250557
58.1006247541411 0.0457376519189932
58.4466502988089 0.0414044536428428
57.8597593767266 0.0409170034220155
57.4572353305932 0.042540447127562
57.7547945061862 0.0391789826045617
57.1792124264507 0.0376238163849934
57.2005999455206 0.0359599068844155
57.2005999455206 0.0359599068844155
56.9458744532098 0.0452235181280663
57.3519606317228 0.0433680317444118
56.9710366043371 0.0544156325646664
55.9521310028934 0.0522790247327251
55.3800922609826 0.0465427993539654
54.7207549177654 0.0463872384197727
53.6978068728091 0.0503944949168421
53.0297033459587 0.0603663956482735
53.2727435372926 0.0646961556790289
53.2353779377193 0.0580423368949236
53.5716240130972 0.0613519597549614
54.0858948291807 0.0581793246026809
53.4131881227064 0.0628983211301782
53.4131881227064 0.0628983211301782
53.4237455401838 0.0653861451373649
53.3449571102729 0.070192361472744
53.3449571102729 0.070192361472744
52.8884645544086 0.0692212926692985
52.8884645544086 0.0692212926692985
53.5718729944593 0.0726568113855285
52.8623835124738 0.0788413591461729
53.1961532910191 0.0794515113924165
53.2796256171262 0.0768580661276027
54.0658346874193 0.0731006290545947
54.0658346874193 0.0731006290545947
54.3928085595959 0.0711181824581173
54.3776867755184 0.066225605700111
54.3776867755184 0.066225605700111
54.5554442202667 0.0659009895691169
54.5554442202667 0.0659009895691169
54.5554442202667 0.0659009895691169
54.5554442202667 0.0659009895691169
54.5554442202667 0.0659009895691169
54.3215713651106 0.0608614510357082
53.827644340215 0.0696234017579774
53.827644340215 0.0696234017579774
53.347372925956 0.0688638488958116
53.347372925956 0.0688638488958116
53.6626068544888 0.0544605517234235
54.1742906091333 0.0483138893504462
54.2770683486998 0.0562528335806147
54.1091857258378 0.0654341903897777
54.2533115451736 0.0628090899440865
55.0509511869155 0.0586111815725197
54.9895611795224 0.0571569614296223
54.9895611795224 0.0571569614296223
54.9895611795224 0.0571569614296223
54.2093811171521 0.0511623700062621
54.4660897047202 0.0520555106933661
54.34030883096 0.0580043498177878
54.34030883096 0.0580043498177878
54.3413208006926 0.0629158446802739
55.4130458103925 0.0610293665491508
54.9134790024485 0.0585988733458509
54.4649425275189 0.0627666053903991
54.7314176542186 0.0653014717570995
55.1129312304012 0.0635283037324749
55.4803080931431 0.0673370020519732
55.4803080931431 0.0673370020519732
55.4803080931431 0.0673370020519732
55.4803080931431 0.0673370020519732
54.5731388702224 0.0608998826500648
54.5731388702224 0.0608998826500648
54.7891418906428 0.0605572359502977
54.7891418906428 0.0605572359502977
54.7891418906428 0.0605572359502977
55.0366779339182 0.0669087051020215
55.1811835619631 0.0676489617042107
55.1811835619631 0.0676489617042107
55.4723060876372 0.0690693609132683
55.4723060876372 0.0690693609132683
55.4723060876372 0.0690693609132683
55.4723060876372 0.0690693609132683
55.4723060876372 0.0690693609132683
55.4723060876372 0.0690693609132683
55.4723060876372 0.0690693609132683
55.4723060876372 0.0690693609132683
56.2503769805433 0.0688353512529703
56.2348166792159 0.0690656636591525
56.2348166792159 0.0690656636591525
56.2348166792159 0.0690656636591525
56.2348166792159 0.0690656636591525
56.2348166792159 0.0690656636591525
56.2348166792159 0.0690656636591525
56.2348166792159 0.0690656636591525
56.2348166792159 0.0690656636591525
55.5766120475278 0.0673016892758313
55.5766120475278 0.0673016892758313
55.5766120475278 0.0673016892758313
55.5766120475278 0.0673016892758313
55.5766120475278 0.0673016892758313
55.5766120475278 0.0673016892758313
55.5766120475278 0.0673016892758313
56.0562992879738 0.068333724043271
56.0562992879738 0.068333724043271
56.0562992879738 0.068333724043271
56.0562992879738 0.068333724043271
55.1221512334615 0.0691626109843059
55.1221512334615 0.0691626109843059
55.1221512334615 0.0691626109843059
55.1221512334615 0.0691626109843059
55.3119772933952 0.0685702887193193
55.3119772933952 0.0685702887193193
55.3119772933952 0.0685702887193193
55.3119772933952 0.0685702887193193
56.4394742780806 0.0703064312184951
56.4394742780806 0.0703064312184951
56.3313469021921 0.070188278765051
56.3313469021921 0.070188278765051
56.3313469021921 0.070188278765051
56.3313469021921 0.070188278765051
56.3313469021921 0.070188278765051
56.3313469021921 0.070188278765051
56.3313469021921 0.070188278765051
56.3313469021921 0.070188278765051
56.3313469021921 0.070188278765051
56.3313469021921 0.070188278765051
56.3313469021921 0.070188278765051
56.3313469021921 0.070188278765051
56.3313469021921 0.070188278765051
56.3313469021921 0.070188278765051
56.7722893174802 0.0663431748376789
56.7722893174802 0.0663431748376789
56.7722893174802 0.0663431748376789
56.6251889042972 0.0703989491745223
56.7149020861622 0.0715684583964474
56.7149020861622 0.0715684583964474
56.7295581042695 0.0670708599405313
56.7295581042695 0.0670708599405313
57.2674492942314 0.0693742905173592
57.2674492942314 0.0693742905173592
57.2674492942314 0.0693742905173592
57.2260821550122 0.0706834238598651
56.6345675539654 0.0718081163820121
56.6345675539654 0.0718081163820121
NA NA
NA NA
NA NA
NA NA
NA NA
NA NA
NA NA
NA NA
NA NA
NA NA
NA NA
NA NA
NA NA
NA NA
NA NA
NA NA
NA NA
NA NA
NA NA
NA NA
NA NA
NA NA
NA NA
NA NA
NA NA
NA NA
NA NA
NA NA
NA NA
NA NA
NA NA
NA NA
NA NA
NA NA
NA NA
NA NA
NA NA
NA NA
NA NA
NA NA
NA NA
NA NA
NA NA
NA NA
NA NA
NA NA
NA NA
NA NA
NA NA
NA NA
NA NA
NA NA
NA NA
NA NA
NA NA
NA NA
NA NA
NA NA
NA NA
NA NA
NA NA
NA NA
NA NA
NA NA
NA NA
NA NA
NA NA
NA NA
NA NA
NA NA
NA NA
NA NA
NA NA
NA NA
NA NA
NA NA
NA NA
NA NA
NA NA
NA NA
NA NA
NA NA
NA NA
NA NA
NA NA
NA NA
NA NA
NA NA
NA NA
NA NA
NA NA
NA NA
NA NA
NA NA
NA NA
NA NA
NA NA
NA NA
NA NA
NA NA
NA NA
NA NA
NA NA
NA NA
NA NA
NA NA
NA NA
NA NA
NA NA
NA NA
NA NA
NA NA
NA NA
NA NA
NA NA
NA NA
NA NA
NA NA
NA NA
NA NA
NA NA
NA NA
NA NA
NA NA
NA NA
NA NA
NA NA
NA NA
NA NA
NA NA
NA NA
NA NA
NA NA
NA NA
NA NA
NA NA
NA NA
NA NA
NA NA
NA NA
NA NA
NA NA
NA NA
NA NA
NA NA
NA NA
NA NA
NA NA
NA NA
NA NA
NA NA
NA NA
NA NA
NA NA
NA NA
NA NA
NA NA
NA NA
NA NA
NA NA
NA NA
NA NA
NA NA
NA NA
NA NA
NA NA
NA NA
NA NA
NA NA
NA NA
NA NA
NA NA
NA NA
NA NA
NA NA
NA NA
NA NA
NA NA
NA NA
NA NA
NA NA
NA NA
NA NA
NA NA
NA NA
NA NA
NA NA
NA NA
NA NA
NA NA
NA NA
NA NA
NA NA
NA NA
NA NA
NA NA
NA NA
NA NA
NA NA
NA NA
NA NA
NA NA
NA NA
NA NA
NA NA
NA NA
NA NA
NA NA
NA NA
NA NA
NA NA
NA NA
NA NA
NA NA
NA NA
NA NA
NA NA
NA NA
NA NA
NA NA
NA NA
NA NA
NA NA
NA NA
NA NA
NA NA
NA NA
NA NA
NA NA
NA NA
NA NA
NA NA
NA NA
NA NA
NA NA
NA NA
NA NA
NA NA
NA NA
NA NA
NA NA
NA NA
NA NA
NA NA
NA NA
NA NA
NA NA
NA NA
NA NA
NA NA
NA NA
NA NA
NA NA
NA NA
NA NA
NA NA
NA NA
NA NA
NA NA
NA NA
NA NA
NA NA
NA NA
NA NA
NA NA
NA NA
NA NA
NA NA
NA NA
NA NA
NA NA
NA NA
NA NA
NA NA
NA NA
NA NA
NA NA
NA NA
NA NA
NA NA
NA NA
NA NA
NA NA
NA NA
NA NA
NA NA
NA NA
NA NA
NA NA
NA NA
NA NA
NA NA
NA NA
NA NA
NA NA
NA NA
NA NA
NA NA
NA NA
NA NA
NA NA
NA NA
NA NA
NA NA
NA NA
NA NA
NA NA
NA NA
NA NA
NA NA
NA NA
NA NA
NA NA
NA NA
NA NA
NA NA
NA NA
NA NA
NA NA
NA NA
NA NA
NA NA
NA NA
NA NA
NA NA
NA NA
NA NA
NA NA
NA NA
NA NA
NA NA
NA NA
NA NA
NA NA
NA NA
NA NA
NA NA
NA NA
NA NA
NA NA
NA NA
NA NA
NA NA
NA NA
NA NA
NA NA
NA NA
NA NA
NA NA
NA NA
NA NA
NA NA
NA NA
NA NA
NA NA
NA NA
NA NA
NA NA
NA NA
NA NA
NA NA
NA NA
NA NA
NA NA
NA NA
NA NA
NA NA
NA NA
NA NA
NA NA
NA NA
NA NA
NA NA
NA NA
NA NA
NA NA
NA NA
NA NA
NA NA
NA NA
NA NA
NA NA
NA NA
NA NA
NA NA
NA NA
NA NA
NA NA
NA NA
NA NA
NA NA
NA NA
NA NA
NA NA
NA NA
NA NA
NA NA
NA NA
NA NA
NA NA
NA NA
NA NA
NA NA
NA NA
NA NA
NA NA
NA NA
NA NA
NA NA
NA NA
NA NA
NA NA
NA NA
NA NA
NA NA
NA NA
NA NA
NA NA
NA NA
NA NA
NA NA
NA NA
NA NA
NA NA
NA NA
NA NA
NA NA
NA NA
NA NA
NA NA
NA NA
NA NA
NA NA
NA NA
NA NA
NA NA
NA NA
NA NA
NA NA
NA NA
NA NA
NA NA
NA NA
NA NA
NA NA
NA NA
NA NA
NA NA
NA NA
NA NA
NA NA
NA NA
NA NA
NA NA
NA NA
NA NA
NA NA
NA NA
NA NA
NA NA
NA NA
NA NA
NA NA
NA NA
NA NA
NA NA
NA NA
NA NA
NA NA
NA NA
NA NA
NA NA
NA NA
NA NA
NA NA
NA NA
NA NA
NA NA
NA NA
NA NA
NA NA
NA NA
NA NA
NA NA
NA NA
NA NA
NA NA
NA NA
NA NA
NA NA
NA NA
NA NA
NA NA
NA NA
NA NA
NA NA
NA NA
NA NA
NA NA
NA NA
NA NA
NA NA
NA NA
NA NA
NA NA
NA NA
NA NA
NA NA
NA NA
NA NA
NA NA
NA NA
NA NA
NA NA
NA NA
NA NA
NA NA
NA NA
NA NA
NA NA
NA NA
NA NA
NA NA
NA NA
NA NA
NA NA
NA NA
NA NA
NA NA
NA NA
NA NA
NA NA
NA NA
NA NA
NA NA
NA NA
NA NA
NA NA
NA NA
NA NA
NA NA
NA NA
NA NA
NA NA
NA NA
NA NA
NA NA
NA NA
NA NA
NA NA
NA NA
NA NA
NA NA
NA NA
NA NA
NA NA
NA NA
NA NA
NA NA
NA NA
NA NA
NA NA
NA NA
NA NA
NA NA
NA NA
NA NA
NA NA
NA NA
NA NA
NA NA
NA NA
NA NA
NA NA
NA NA
NA NA
NA NA
NA NA
NA NA
NA NA
NA NA
NA NA
NA NA
NA NA
NA NA
NA NA
NA NA
NA NA
NA NA
NA NA
NA NA
NA NA
NA NA
NA NA
NA NA
NA NA
NA NA
NA NA
NA NA
NA NA
NA NA
NA NA
NA NA
NA NA
NA NA
NA NA
NA NA
NA NA
NA NA
NA NA
NA NA
NA NA
NA NA
NA NA
NA NA
NA NA
NA NA
NA NA
NA NA
NA NA
NA NA
NA NA
NA NA
NA NA
NA NA
NA NA
NA NA
NA NA
NA NA
NA NA
NA NA
NA NA
NA NA
NA NA
NA NA
NA NA
NA NA
NA NA
NA NA
NA NA
NA NA
NA NA
NA NA
NA NA
NA NA
NA NA
NA NA
NA NA
NA NA
NA NA
NA NA
NA NA
NA NA
NA NA
NA NA
NA NA
NA NA
NA NA
NA NA
NA NA
NA NA
NA NA
NA NA
NA NA
NA NA
NA NA
NA NA
NA NA
NA NA
NA NA
NA NA
NA NA
NA NA
NA NA
NA NA
NA NA
NA NA
NA NA
NA NA
NA NA
NA NA
NA NA
NA NA
NA NA
NA NA
NA NA
NA NA
NA NA
NA NA
NA NA
NA NA
NA NA
NA NA
NA NA
NA NA
NA NA
NA NA
NA NA
NA NA
NA NA
NA NA
NA NA
NA NA
NA NA
NA NA
NA NA
NA NA
NA NA
NA NA
NA NA
NA NA
NA NA
NA NA
NA NA
NA NA
NA NA
NA NA
NA NA
NA NA
NA NA
NA NA
NA NA
NA NA
NA NA
NA NA
NA NA
NA NA
NA NA
NA NA
NA NA
NA NA
NA NA
NA NA
NA NA
NA NA
NA NA
NA NA
NA NA
NA NA
NA NA
NA NA
NA NA
NA NA
NA NA
NA NA
NA NA
NA NA
NA NA
NA NA
NA NA
NA NA
NA NA
NA NA
NA NA
NA NA
NA NA
NA NA
NA NA
NA NA
NA NA
NA NA
NA NA
NA NA
NA NA
NA NA
NA NA
NA NA
NA NA
NA NA
NA NA
NA NA
NA NA
NA NA
NA NA
NA NA
NA NA
NA NA
NA NA
NA NA
NA NA
NA NA
NA NA
NA NA
NA NA
NA NA
NA NA
NA NA
NA NA
NA NA
NA NA
NA NA
NA NA
NA NA
NA NA
NA NA
NA NA
NA NA
NA NA
NA NA
NA NA
NA NA
NA NA
NA NA
NA NA
NA NA
NA NA
NA NA
NA NA
NA NA
NA NA
NA NA
