53.651 0.121
53.9098747196095 0.121663830361992
53.9098747196095 0.121663830361992
53.9098747196095 0.121663830361992
53.9098747196095 0.121663830361992
53.3030788408577 0.120863137917018
53.3030788408577 0.120863137917018
53.5198056378915 0.120584726929473
53.5198056378915 0.120584726929473
53.5198056378915 0.120584726929473
53.5198056378915 0.120584726929473
53.7072583458071 0.123725824119963
53.2853998411034 0.120900820756369
53.2853998411034 0.120900820756369
52.6607962607388 0.116685656080116
52.5292048293013 0.126021722290415
52.3035589794262 0.125538175828674
51.6062582670272 0.123565304737966
51.6062582670272 0.123565304737966
51.6062582670272 0.123565304737966
51.6062582670272 0.123565304737966
51.6154964165744 0.12333018770021
51.6154964165744 0.12333018770021
51.6154964165744 0.12333018770021
51.6154964165744 0.12333018770021
51.6154964165744 0.12333018770021
51.4805676867761 0.122834404193949
51.4805676867761 0.122834404193949
51.4805676867761 0.122834404193949
51.4805676867761 0.122834404193949
51.4805676867761 0.122834404193949
51.4805676867761 0.122834404193949
50.3310459176598 0.124166770598677
50.8503375602994 0.125820348237767
50.2736555767084 0.128345913676364
49.8014572122687 0.128070594843538
49.0415568797817 0.129698835798072
49.448994506705 0.129720844462438
49.0644401373611 0.128904101159805
49.9128927687263 0.136627449251257
50.1016182360466 0.134598943044505
50.0454238843426 0.129933678616669
50.0454238843426 0.129933678616669
50.1941509304311 0.131045664286578
50.3153548354991 0.126821550435849
50.0597672009788 0.127105568438438
50.1730591234994 0.123410804829275
49.8821042838698 0.125780405351568
50.4350813977346 0.122353205810169
50.692033818477 0.117749930527523
50.4931082833101 0.118605628442223
50.4931082833101 0.118605628442223
51.002006776513 0.117283126799502
51.002006776513 0.117283126799502
50.966782614909 0.116945546884245
50.5927907113041 0.120910527405425
50.5927907113041 0.120910527405425
50.5927907113041 0.120910527405425
50.6303592889799 0.125872744243305
50.9883514824616 0.124437752936343
50.9883514824616 0.124437752936343
50.9883514824616 0.124437752936343
50.9883514824616 0.124437752936343
50.9883514824616 0.124437752936343
50.9883514824616 0.124437752936343
50.9883514824616 0.124437752936343
50.9883514824616 0.124437752936343
50.9883514824616 0.124437752936343
50.9883514824616 0.124437752936343
50.1282742252038 0.122488738399524
50.06893590599 0.121695847056988
49.0014818530646 0.124217023066648
48.5922123729613 0.123406862466466
49.3933228448039 0.118850793560524
49.3933228448039 0.118850793560524
49.7232692647203 0.125862286519098
49.7232692647203 0.125862286519098
49.7232692647203 0.125862286519098
49.7232692647203 0.125862286519098
48.9944941099979 0.130619505178414
48.9944941099979 0.130619505178414
48.9944941099979 0.130619505178414
48.9944941099979 0.130619505178414
48.6755933913613 0.129691554659242
48.6755933913613 0.129691554659242
48.6755933913613 0.129691554659242
48.6755933913613 0.129691554659242
48.6755933913613 0.129691554659242
48.6755933913613 0.129691554659242
48.3017594440608 0.126378059455853
48.3017594440608 0.126378059455853
48.5598761691726 0.118906634043309
48.5598761691726 0.118906634043309
49.5785925585509 0.121225871660945
49.3435808307602 0.117040195017179
49.0641951865367 0.120897056062304
49.0033338602682 0.131536787091934
48.6494657815034 0.124908997328977
48.6494657815034 0.124908997328977
48.6494657815034 0.124908997328977
48.6494657815034 0.124908997328977
48.6494657815034 0.124908997328977
48.6494657815034 0.124908997328977
48.6494657815034 0.124908997328977
48.6494657815034 0.124908997328977
48.6494657815034 0.124908997328977
48.6494657815034 0.124908997328977
49.6082988393391 0.125693612116445
49.077929843476 0.121886338816957
49.390486220991 0.121082419900345
49.8728801106299 0.11603784696397
49.45743044139 0.116695840383087
50.0942440886848 0.119392840840142
49.7984107720918 0.123911391773593
50.198012314071 0.11877996920277
50.198012314071 0.11877996920277
50.198012314071 0.11877996920277
50.198012314071 0.11877996920277
50.198012314071 0.11877996920277
50.1804468094956 0.123219183164662
49.9641028233982 0.126416358305556
49.9641028233982 0.126416358305556
49.9641028233982 0.126416358305556
49.9988900424356 0.127317544977169
49.9988900424356 0.127317544977169
51.0445286830374 0.121204701701626
51.0445286830374 0.121204701701626
51.8450078029656 0.121361180598094
51.8450078029656 0.121361180598094
52.2549224024725 0.120759718574903
53.1374730602262 0.118071555780762
53.1374730602262 0.118071555780762
53.1374730602262 0.118071555780762
53.1374730602262 0.118071555780762
53.5811459707417 0.109927204716739
53.5811459707417 0.109927204716739
52.7409850870453 0.113789258400295
52.4326176162025 0.117513127516821
51.8661162285317 0.122247439529875
51.8661162285317 0.122247439529875
51.8661162285317 0.122247439529875
51.8661162285317 0.122247439529875
51.8661162285317 0.122247439529875
51.8661162285317 0.122247439529875
51.8661162285317 0.122247439529875
51.8661162285317 0.122247439529875
51.8661162285317 0.122247439529875
51.8661162285317 0.122247439529875
51.8661162285317 0.122247439529875
51.8661162285317 0.122247439529875
51.8661162285317 0.122247439529875
51.8661162285317 0.122247439529875
51.8661162285317 0.122247439529875
51.8661162285317 0.122247439529875
51.8661162285317 0.122247439529875
51.8661162285317 0.122247439529875
51.8661162285317 0.122247439529875
51.8661162285317 0.122247439529875
51.8661162285317 0.122247439529875
51.8661162285317 0.122247439529875
51.8661162285317 0.122247439529875
51.8661162285317 0.122247439529875
51.8661162285317 0.122247439529875
51.8661162285317 0.122247439529875
51.8661162285317 0.122247439529875
51.8661162285317 0.122247439529875
51.5090165903916 0.118714616972268
51.7713279894025 0.12218485503018
51.7713279894025 0.12218485503018
50.9110307731064 0.123313193221965
50.9110307731064 0.123313193221965
50.9042800853234 0.125395636856775
50.8082720431218 0.124099771569031
50.8082720431218 0.124099771569031
51.0852694434125 0.124011828477582
51.0852694434125 0.124011828477582
51.0852694434125 0.124011828477582
51.0852694434125 0.124011828477582
51.0852694434125 0.124011828477582
51.0852694434125 0.124011828477582
51.0852694434125 0.124011828477582
51.0852694434125 0.124011828477582
51.2386100875685 0.122167209713071
51.2386100875685 0.122167209713071
51.2386100875685 0.122167209713071
51.2386100875685 0.122167209713071
51.2386100875685 0.122167209713071
51.2386100875685 0.122167209713071
51.2386100875685 0.122167209713071
51.2386100875685 0.122167209713071
51.2386100875685 0.122167209713071
51.2386100875685 0.122167209713071
51.2386100875685 0.122167209713071
51.2386100875685 0.122167209713071
51.2386100875685 0.122167209713071
51.2386100875685 0.122167209713071
51.2386100875685 0.122167209713071
51.2386100875685 0.122167209713071
51.2386100875685 0.122167209713071
51.2386100875685 0.122167209713071
51.2386100875685 0.122167209713071
51.2386100875685 0.122167209713071
51.2386100875685 0.122167209713071
51.2386100875685 0.122167209713071
51.2386100875685 0.122167209713071
51.2386100875685 0.122167209713071
51.2386100875685 0.122167209713071
51.2386100875685 0.122167209713071
51.2386100875685 0.122167209713071
51.2386100875685 0.122167209713071
51.2386100875685 0.122167209713071
51.2386100875685 0.122167209713071
NA NA
NA NA
NA NA
NA NA
NA NA
NA NA
NA NA
NA NA
NA NA
NA NA
NA NA
NA NA
NA NA
NA NA
NA NA
NA NA
NA NA
NA NA
NA NA
NA NA
NA NA
NA NA
NA NA
NA NA
NA NA
NA NA
NA NA
NA NA
NA NA
NA NA
NA NA
NA NA
NA NA
NA NA
NA NA
NA NA
NA NA
NA NA
NA NA
NA NA
NA NA
NA NA
NA NA
NA NA
NA NA
NA NA
NA NA
NA NA
NA NA
NA NA
NA NA
NA NA
NA NA
NA NA
NA NA
NA NA
NA NA
NA NA
NA NA
NA NA
NA NA
NA NA
NA NA
NA NA
NA NA
NA NA
NA NA
NA NA
NA NA
NA NA
NA NA
NA NA
NA NA
NA NA
NA NA
NA NA
NA NA
NA NA
NA NA
NA NA
NA NA
NA NA
NA NA
NA NA
NA NA
NA NA
NA NA
NA NA
NA NA
NA NA
NA NA
NA NA
NA NA
NA NA
NA NA
NA NA
NA NA
NA NA
NA NA
NA NA
NA NA
NA NA
NA NA
NA NA
NA NA
NA NA
NA NA
NA NA
NA NA
NA NA
NA NA
NA NA
NA NA
NA NA
NA NA
NA NA
NA NA
NA NA
NA NA
NA NA
NA NA
NA NA
NA NA
NA NA
NA NA
NA NA
NA NA
NA NA
NA NA
NA NA
NA NA
NA NA
NA NA
NA NA
NA NA
NA NA
NA NA
NA NA
NA NA
NA NA
NA NA
NA NA
NA NA
NA NA
NA NA
NA NA
NA NA
NA NA
NA NA
NA NA
NA NA
NA NA
NA NA
NA NA
NA NA
NA NA
NA NA
NA NA
NA NA
NA NA
NA NA
NA NA
NA NA
NA NA
NA NA
NA NA
NA NA
NA NA
NA NA
NA NA
NA NA
NA NA
NA NA
NA NA
NA NA
NA NA
NA NA
NA NA
NA NA
NA NA
NA NA
NA NA
NA NA
NA NA
NA NA
NA NA
NA NA
NA NA
NA NA
NA NA
NA NA
NA NA
NA NA
NA NA
NA NA
NA NA
NA NA
NA NA
NA NA
NA NA
NA NA
NA NA
NA NA
NA NA
NA NA
NA NA
NA NA
NA NA
NA NA
NA NA
NA NA
NA NA
NA NA
NA NA
NA NA
NA NA
NA NA
NA NA
NA NA
NA NA
NA NA
NA NA
NA NA
NA NA
NA NA
NA NA
NA NA
NA NA
NA NA
NA NA
NA NA
NA NA
NA NA
NA NA
NA NA
NA NA
NA NA
NA NA
NA NA
NA NA
NA NA
NA NA
NA NA
NA NA
NA NA
NA NA
NA NA
NA NA
NA NA
NA NA
NA NA
NA NA
NA NA
NA NA
NA NA
NA NA
NA NA
NA NA
NA NA
NA NA
NA NA
NA NA
NA NA
NA NA
NA NA
NA NA
NA NA
NA NA
NA NA
NA NA
NA NA
NA NA
NA NA
NA NA
NA NA
NA NA
NA NA
NA NA
NA NA
NA NA
NA NA
NA NA
NA NA
NA NA
NA NA
NA NA
NA NA
NA NA
NA NA
NA NA
NA NA
NA NA
NA NA
NA NA
NA NA
NA NA
NA NA
NA NA
NA NA
NA NA
NA NA
NA NA
NA NA
NA NA
NA NA
NA NA
NA NA
NA NA
NA NA
NA NA
NA NA
NA NA
NA NA
NA NA
NA NA
NA NA
NA NA
NA NA
NA NA
NA NA
NA NA
NA NA
NA NA
NA NA
NA NA
NA NA
NA NA
NA NA
NA NA
NA NA
NA NA
NA NA
NA NA
NA NA
NA NA
NA NA
NA NA
NA NA
NA NA
NA NA
NA NA
NA NA
NA NA
NA NA
NA NA
NA NA
NA NA
NA NA
NA NA
NA NA
NA NA
NA NA
NA NA
NA NA
NA NA
NA NA
NA NA
NA NA
NA NA
NA NA
NA NA
NA NA
NA NA
NA NA
NA NA
NA NA
NA NA
NA NA
NA NA
NA NA
NA NA
NA NA
NA NA
NA NA
NA NA
NA NA
NA NA
NA NA
NA NA
NA NA
NA NA
NA NA
NA NA
NA NA
NA NA
NA NA
NA NA
NA NA
NA NA
NA NA
NA NA
NA NA
NA NA
NA NA
NA NA
NA NA
NA NA
NA NA
NA NA
NA NA
NA NA
NA NA
NA NA
NA NA
NA NA
NA NA
NA NA
NA NA
NA NA
NA NA
NA NA
NA NA
NA NA
NA NA
NA NA
NA NA
NA NA
NA NA
NA NA
NA NA
NA NA
NA NA
NA NA
NA NA
NA NA
NA NA
NA NA
NA NA
NA NA
NA NA
NA NA
NA NA
NA NA
NA NA
NA NA
NA NA
NA NA
NA NA
NA NA
NA NA
NA NA
NA NA
NA NA
NA NA
NA NA
NA NA
NA NA
NA NA
NA NA
NA NA
NA NA
NA NA
NA NA
NA NA
NA NA
NA NA
NA NA
NA NA
NA NA
NA NA
NA NA
NA NA
NA NA
NA NA
NA NA
NA NA
NA NA
NA NA
NA NA
NA NA
NA NA
NA NA
NA NA
NA NA
NA NA
NA NA
NA NA
NA NA
NA NA
NA NA
NA NA
NA NA
NA NA
NA NA
NA NA
NA NA
NA NA
NA NA
NA NA
NA NA
NA NA
NA NA
NA NA
NA NA
NA NA
NA NA
NA NA
NA NA
NA NA
NA NA
NA NA
NA NA
NA NA
NA NA
NA NA
NA NA
NA NA
NA NA
NA NA
NA NA
NA NA
NA NA
NA NA
NA NA
NA NA
NA NA
NA NA
NA NA
NA NA
NA NA
NA NA
NA NA
NA NA
NA NA
NA NA
NA NA
NA NA
NA NA
NA NA
NA NA
NA NA
NA NA
NA NA
NA NA
NA NA
NA NA
NA NA
NA NA
NA NA
NA NA
NA NA
NA NA
NA NA
NA NA
NA NA
NA NA
NA NA
NA NA
NA NA
NA NA
NA NA
NA NA
NA NA
NA NA
NA NA
NA NA
NA NA
NA NA
NA NA
NA NA
NA NA
NA NA
NA NA
NA NA
NA NA
NA NA
NA NA
NA NA
NA NA
NA NA
NA NA
NA NA
NA NA
NA NA
NA NA
NA NA
NA NA
NA NA
NA NA
NA NA
NA NA
NA NA
NA NA
NA NA
NA NA
NA NA
NA NA
NA NA
NA NA
NA NA
NA NA
NA NA
NA NA
NA NA
NA NA
NA NA
NA NA
NA NA
NA NA
NA NA
NA NA
NA NA
NA NA
NA NA
NA NA
NA NA
NA NA
NA NA
NA NA
NA NA
NA NA
NA NA
NA NA
NA NA
NA NA
NA NA
NA NA
NA NA
NA NA
NA NA
NA NA
NA NA
NA NA
NA NA
NA NA
NA NA
NA NA
NA NA
NA NA
NA NA
NA NA
NA NA
NA NA
NA NA
NA NA
NA NA
NA NA
NA NA
NA NA
NA NA
NA NA
NA NA
NA NA
NA NA
NA NA
NA NA
NA NA
NA NA
NA NA
NA NA
NA NA
NA NA
NA NA
NA NA
NA NA
NA NA
NA NA
NA NA
NA NA
NA NA
NA NA
NA NA
NA NA
NA NA
NA NA
NA NA
NA NA
NA NA
NA NA
NA NA
NA NA
NA NA
NA NA
NA NA
NA NA
NA NA
NA NA
NA NA
NA NA
NA NA
NA NA
NA NA
NA NA
NA NA
NA NA
NA NA
NA NA
NA NA
NA NA
NA NA
NA NA
NA NA
NA NA
NA NA
NA NA
NA NA
NA NA
NA NA
NA NA
NA NA
NA NA
NA NA
NA NA
NA NA
NA NA
NA NA
NA NA
NA NA
NA NA
NA NA
NA NA
NA NA
NA NA
NA NA
NA NA
NA NA
NA NA
NA NA
NA NA
NA NA
NA NA
NA NA
NA NA
NA NA
NA NA
NA NA
NA NA
NA NA
NA NA
NA NA
NA NA
NA NA
NA NA
NA NA
NA NA
NA NA
NA NA
NA NA
NA NA
NA NA
NA NA
NA NA
NA NA
NA NA
NA NA
NA NA
NA NA
NA NA
NA NA
NA NA
NA NA
NA NA
NA NA
NA NA
NA NA
NA NA
NA NA
NA NA
NA NA
NA NA
NA NA
NA NA
NA NA
NA NA
NA NA
NA NA
NA NA
NA NA
NA NA
NA NA
NA NA
NA NA
NA NA
NA NA
NA NA
NA NA
NA NA
NA NA
NA NA
NA NA
NA NA
NA NA
NA NA
NA NA
NA NA
NA NA
NA NA
NA NA
NA NA
