0
0
0
0
2e-09
1.3e-08
1.547e-06
3.526e-06
7.7062e-05
8.7472e-05
0.000794051
0.000573518
0.003413564
0.001878965
0.008812287
0.004098682
0.016619457
0.006920262
0.025515689
0.009844255
0.034017555
0.01243831
0.040997619
0.014412589
0.045919182
0.015667062
0.048645832
0.016230022
0.049425393
0.016198184
0.048561251
0.015704827
0.046530253
0.014879171
0.043634839
0.013827084
0.040274949
0.012672701
0.036681782
0.011464879
0.033030716
0.010277209
0.029474609
0.009136533
0.026121544
0.008076769
0.02302049
0.007092354
0.020167024
0.006208913
0.017610775
0.005414281
0.015329963
0.004702137
0.013306145
0.004076449
0.011524544
0.003528545
0.009961787
0.003049347
0.008602618
0.002631917
0.007424115
0.002270953
0.006401585
0.001957075
0.005516348
0.001684793
0.004751594
0.001450601
0.004093441
0.001252319
0.003524084
0.001078105
0.003041017
0.000928305
0.002616844
0.00080047
0.002253727
0.00068738
0.001944332
0.000594629
0.001677755
0.000513287
0.001447978
0.000441563
0.001252236
0.000383171
0.00108083
0.000331803
0.000935451
0.00028622
0.0008111
0.000248171
0.000700298
0.000214812
0.000607589
0.000186315
0.000528022
0.000161418
0.000458952
0.000140219
0.000397243
0.000122054
0.000347632
0.00010594
0.000299921
9.2108e-05
0.000262314
8.1e-05
0.000228188
6.985e-05
0.000199334
6.113e-05
0.000173981
5.3525e-05
0.000152704
4.6799e-05
0.000133365
4.1074e-05
0.000116948
3.5839e-05
0.000101596
3.1452e-05
8.9572e-05
2.7462e-05
7.8193e-05
2.4109e-05
6.8806e-05
2.124e-05
6.0688e-05
1.8784e-05
5.2975e-05
1.6462e-05
4.7109e-05
1.4665e-05
4.1117e-05
1.2704e-05
3.6172e-05
1.1416e-05
3.2161e-05
9.982e-06
2.8276e-05
8.812e-06
2.5132e-05
7.831e-06
2.2459e-05
6.839e-06
1.9636e-05
6.066e-06
1.7355e-05
5.298e-06
1.5524e-05
4.632e-06
1.3717e-05
4.265e-06
1.2041e-05
3.812e-06
1.0854e-05
3.35e-06
9.633e-06
3.085e-06
8.6e-06
2.771e-06
7.59e-06
2.275e-06
6.767e-06
2.029e-06
6.072e-06
1.851e-06
5.282e-06
1.658e-06
4.812e-06
1.427e-06
4.276e-06
1.314e-06
3.778e-06
1.249e-06
3.333e-06
1.093e-06
3.05e-06
9.38e-07
2.742e-06
8.63e-07
2.52e-06
7.48e-07
2.194e-06
6.8e-07
1.919e-06
6.06e-07
1.754e-06
5.58e-07
1.662e-06
5.18e-07
1.434e-06
4.49e-07
1.304e-06
4.08e-07
1.127e-06
3.44e-07
1.022e-06
3.03e-07
9.71e-07
2.97e-07
7.94e-07
2.55e-07
7.66e-07
2.34e-07
6.73e-07
2.11e-07
6.36e-07
1.98e-07
5.41e-07
1.81e-07
4.67e-07
1.62e-07
4.18e-07
1.46e-07
4.37e-07
1.24e-07
4.12e-07
1.23e-07
3.47e-07
1.1e-07
3.19e-07
9.9e-08
2.58e-07
8.3e-08
2.82e-07
9.3e-08
2.25e-07
7.9e-08
2.09e-07
6.4e-08
1.87e-07
4.8e-08
1.99e-07
7.1e-08
1.48e-07
5.3e-08
1.48e-07
4.5e-08
1.24e-07
4e-08
1.14e-07
3.1e-08
1.03e-07
4.3e-08
1e-07
3.1e-08
7.7e-08
2.1e-08
8.4e-08
2e-08
7.9e-08
3.5e-08
7.1e-08
3.1e-08
6.9e-08
1.9e-08
4.3e-08
2e-08
6e-08
1e-08
4.1e-08
1e-08
4e-08
1.3e-08
3.5e-08
7e-09
3.8e-08
1.3e-08
3e-08
1.5e-08
3e-08
5e-09
2.5e-08
8e-09
1.5e-08
4e-09
2.3e-08
3e-09
2.2e-08
4e-09
2.1e-08
6e-09
1.8e-08
5e-09
1.5e-08
3e-09
1.3e-08
5e-09
1.3e-08
4e-09
6e-09
7e-09
1.1e-08
3e-09
1.2e-08
3e-09
1.1e-08
5e-09
8e-09
4e-09
8e-09
3e-09
2e-09
2e-09
7e-09
1e-09
1e-08
3e-09
7e-09
3e-09
8e-09
3e-09
2e-09
3e-09
4e-09
1e-09
7e-09
0
4e-09
0
6e-09
2e-09
3e-09
0
6e-09
1e-09
2e-09
1e-09
2e-09
0
1e-09
0
1e-09
1e-09
1e-09
0
2e-09
0
5e-09
0
2e-09
0
2e-09
0
1e-09
0
3e-09
1e-09
1e-09
0
0
0
1e-09
0
0
1e-09
1e-09
0
3e-09
0
0
0
2e-09
1e-09
1e-09
0
0
1e-09
0
1e-09
0
0
1e-09
0
0
0
2e-09
0
0
0
0
0
0
0
2e-09
0
0
1e-09
0
0
0
0
0
0
0
0
0
0
0
0
0
0
0
0
0
0
1e-09
1e-09
0
0
0
0
0
0
0
0
0
0
0
0
0
0
0
0
0
1e-09
1e-09
0
0
0
0
0
0
0
0
0
0
0
0
0
0
0
0
1e-09
