0.001
0.006
0.035
0.002
0.001
0.001
0.17
0.213
0.001
0.063
0.036
0.001
0.003
0.007
0.004
0.001
0.091
0.084
0.004
0.17
0.001
0.002
0.056
0.003
0.147
0.102
0.045
0.046
0.005
0.055
0.097
0.048
0.001
0.019
0.001
0.001
0.034
0.001
0.003
0.148
0.109
0.065
0.244
0.234
0.011
0.138
0.221
0.01
0.175
0.022
0.147
0.002
0.006
0.001
0.268
0.008
0.011
0.001
0.271
0.129
0.035
0.061
0.003
0.053
0.089
0.076
0.004
0.001
0.193
0.004
0.009
0.145
0.005
0.195
0.002
0.017
0.001
0.025
0.004
0.007
0.021
0.008
0.008
0.053
0.006
0.001
0.022
0.029
0.001
0.011
0.007
0.071
0.183
0.021
0.004
0.002
0.077
0.002
0.006
0.081
0.004
0.049
0.001
0.009
0.028
0.057
0.008
0.008
0.004
0.001
0.439
0.139
0.002
0.017
0.043
0.068
0.119
0.022
0.001
0.124
0.085
0.091
0.131
0.069
0.091
0.088
0.08
0.04
0.001
0.09
0.034
0.145
0.005
0.001
0.004
0.04
0.116
0.001
0.124
0.001
0.002
0.037
0.046
0.002
0.194
0.002
0.007
0.027
0.006
0.042
0.004
0.191
0.006
0.293
0.024
0.002
0.018
0.054
0.113
0.001
0.068
0.001
0.001
0.001
0.123
0.249
0.107
0.032
0.09
0.003
0.055
0.048
0.065
0.001
0.051
0.004
0.045
0.003
0.003
0.073
0.012
0.005
0.081
0.09
0.122
0.001
0.188
0.088
0.022
0.006
0.001
0.07
0.122
0.004
0.005
0.088
0.004
0.001
0.01
0.029
0.001
0.002
0.003
0.013
0.007
0.111
0.061
0.169
0.009
0.057
0.003
0.002
0.006
0.09
0.184
0.004
0.002
0.005
0.001
0.076
0.001
0.022
0.04
0.004
0.084
0.027
0.017
0.004
0.001
0.003
0.003
0.003
0.177
0.005
0.005
0.002
0.002
0.007
0.001
0.004
0.002
0.002
0.23
0.009
0.013
0.101
0.051
0.007
0.188
0.016
0.001
0.004
0.271
0.003
0.022
0.052
0.001
0.005
0.258
0.002
0.002
0.062
0.174
0.011
0.005
0.001
0.002
0.09
0.052
0.121
0.036
0.034
0.001
0.001
0.196
0.019
0.131
0.086
0.002
0.024
0.005
0.017
0.001
0.001
0.01
0.037
0.004
0.083
0.011
0.005
0.207
0.023
0.001
0.006
0.054
0.164
0.106
0.001
0.011
0.001
0.001
0.088
0.083
0.002
0.003
0.12
0.103
0.002
0.002
0.033
0.002
0.199
0.001
0.025
0.096
0.015
0.001
0.005
0.001
0.057
0.001
0.109
0.031
0.003
0.001
0.081
0.106
0.24
0.001
0.034
0.002
0.182
0.001
0.01
0.01
0.003
0.001
0.13
0.069
0.006
0.001
0.12
0.075
0.008
0.098
0.004
0.233
0.004
0.002
0.199
0.001
0.114
0.002
0.131
0.143
0.029
0.232
0.002
0.001
0.002
0.08
0.002
0.114
0.001
0.016
0.04
0.168
0.102
0.024
0.188
0.063
0.158
0.002
0.004
0.035
0.015
0.003
0.049
0.002
0.039
0.072
0.05
0.002
0.007
0.06
0.039
0.001
0.225
0.116
0.189
0.146
0.001
0.232
0.105
0.133
0.22
0.001
0.064
0.044
0.003
0.108
0.166
0.002
0.001
0.002
0.001
0.155
0.082
0.002
0.005
0.005
0.048
0.104
0.057
0.019
0.001
0.016
0.116
0.007
0.081
0.192
0.001
0.076
0.001
0.001
0.069
0.001
0.168
0.02
0.044
0.111
0.007
0.007
0.241
0.053
0.002
0.202
0.288
0.001
0.001
0.055
0.004
0.056
0.005
0.125
0.004
0.225
0.045
0.06
0.092
0.001
0.105
0.001
0.001
0.169
0.001
0.229
0.173
0.004
0.001
0.032
0.007
0.07
0.005
0.199
0.069
0.003
0.005
0.103
0.002
0.002
0.003
0.121
0.034
0.059
0.033
0.045
0.065
0.046
0.005
0.016
0.082
0.002
0.009
0.044
0.002
0.196
0.005
0.086
0.034
0.163
0.036
0.002
0.002
0.002
0.163
0.001
0.001
0.098
0.012
0.053
0.009
0.003
0.001
0.015
0.031
0.002
0.005
0.001
0.266
0.019
0.01
0.046
0.072
0.09
0.316
0.011
0.001
0.001
0.003
0.015
0.073
0.004
0.004
0.173
0.046
0.098
0.052
0.098
0.002
0.125
0.001
0.012
0.017
0.057
0.121
0.13
0.064
0.176
0.08
0.088
0.001
0.006
0.049
0.01
0.027
0.087
0.006
0.098
0.068
0.043
0.001
0.001
0.001
0.024
0.001
0.005
0.003
0.247
0.022
0.003
0.001
0.007
0.001
0.096
0.001
0.081
0.011
0.034
0.006
0.109
0.004
0.164
0.025
0.138
0.001
0.001
0.022
0.031
0.002
0.138
0.098
0.196
0.002
0.069
0.001
0.146
0.002
0.005
0.03
0.117
0.09
0.002
0.001
0.001
0.001
0.035
0.033
0.017
0.001
0.005
0.005
0.009
0.002
0.003
0.002
0.003
0.003
0.304
0.09
0.021
0.293
0.159
0.057
0.031
0.001
0.011
0.067
0.127
0.002
0.001
0.003
0.008
0.002
0.008
0.022
0.177
0.002
0.043
0.023
0.07
0.062
0.181
0.094
0.25
0.051
0.121
0.174
0.161
0.001
0.024
0.001
0.174
0.019
0.038
0.234
0.001
0.002
0.1
0.038
0.195
0.13
0.097
0.01
0.07
0.15
0.001
0.003
0.018
0.004
0.035
0.159
0.003
0.14
0.006
0.153
0.108
0.004
0.144
0.004
0.062
0.002
0.006
0.098
0.064
0.209
0.093
0.001
0.14
0.167
0.003
0.001
0.002
0.006
0.001
0.001
0.311
0.142
0.001
0.132
0.066
0.001
0.005
0.006
0.005
0.028
0.03
0.046
0.029
0.109
0.021
0.03
0.001
0.076
0.001
0.001
0.143
0.101
0.117
0.152
0.001
0.001
0.005
0.028
0.096
0.003
0.101
0.071
0.08
0.078
0.001
0.047
0.002
0.002
0.073
0.001
0.187
0.001
0.034
0.003
0.005
0.001
0.003
0.048
0.004
0.004
0.01
0.166
0.001
0.295
0.003
0.12
0.004
0.154
0.027
0.006
0.003
0.162
0.097
0.002
0.011
0.058
0.003
0.106
0.027
0.044
0.026
0.003
0.061
0.054
0.001
0.09
0.059
0.08
0.017
0.079
0.116
0.084
0.004
0.006
0.197
0.003
0.001
0.089
0.127
0.048
0.1
0.005
0.001
0.013
0.192
0.006
0.156
0.001
0.157
0.001
0.046
0.009
0.166
0.006
0.043
0.084
0.261
0.033
0.005
0.001
0.006
0.206
0.034
0.002
0.003
0.05
0.189
0.001
0.038
0.002
0.004
0.079
0.168
0.165
0.038
0.001
0.039
0.002
0.006
0.006
0.032
0.03
0.01
0.002
0.005
0.128
0.122
0.004
0.061
0.045
0.096
0.126
0.05
0.001
0.311
0.023
0.004
0.003
0.001
0.002
0.001
0.001
0.007
0.036
0.002
0.114
0.222
0.01
0.196
0.002
0.01
0.052
0.115
0.152
0.037
0.023
0.11
0.104
0.022
0.072
0.283
0.072
0.003
0.001
0.002
0.087
0.001
0.002
0.171
0.007
0.001
0.007
0.006
0.001
0.158
0.064
0.165
0.001
0.006
0.001
0.077
0.288
0.075
0.052
0.001
0.004
0.043
0.006
0.003
0.024
0.004
0.002
0.079
0.122
0.026
0.104
0.004
0.047
0.006
0.001
0.301
0.002
0.095
0.002
0.001
0.187
0.001
0.01
0.004
0.052
0.175
0.001
0.001
0.056
0.001
0.001
0.066
0.001
0.003
0.159
0.001
0.029
0.003
0.001
0.044
0.009
0.004
0.039
0.003
0.001
0.001
0.069
0.001
0.006
0.086
0.137
0.004
0.001
0.116
0.23
0.002
0.093
0.182
0.137
0.002
0.136
0.002
0.002
0.002
0.11
0.002
0.051
0.141
0.011
0.053
0.079
0.01
0.003
0.109
0.047
0.001
0.01
0.069
0.104
0.008
0.001
0.062
0.001
0.024
0.001
0.002
0.003
0.055
0.156
0.233
0.011
0.073
0.059
0.059
0.007
0.09
0.029
0.003
0.004
0.017
0.001
0.008
0.001
0.087
0.004
0.15
0.004
0.21
0.065
0.045
0.042
0.111
0.003
0.001
0.004
0.129
0.001
0.001
0.006
0.082
0.003
0.027
0.01
0.131
0.059
0.005
0.001
0.009
0.2
0.033
0.033
0.002
0.008
0.105
0.245
0.164
0.023
0.102
0.069
0.182
0.004
0.116
0.018
0.02
0.118
0.004
0.004
0.009
0.009
0.105
0.179
0.003
0.125
0.047
0.097
0.001
0.001
0.172
0.001
0.001
0.164
0.211
0.32
0.156
0.045
0.046
0.047
0.178
0.209
0.001
0.001
0.022
0.001
0.001
0.004
0.055
0.004
0.071
0.15
0.118
0.04
0.003
0.044
0.001
0.001
0.041
0.002
0.144
0.038
0.012
0.228
0.039
0.002
0.054
0.005
0.135
0.002
0.013
0.109
0.046
0.04
0.001
0.001
0.061
0.116
0.025
0.001
0.149
0.182
0.15
0.111
0.014
0.087
0.001
0.055
0.159
0.001
0.171
0.165
0.159
0.066
0.009
0.139
0.174
0.193
0.002
0.09
0.14
0.001
0.159
0.004
0.04
0.017
0.006
0.102
0.157
0.001
0.079
0.038
0.001
0.006
0.033
0.165
0.001
0.04
0.075
0.001
0.001
0.005
0.015
0.001
0.016
0.001
0.066
0.003
0.032
0.005
0.055
0.085
0.061
0.003
0.089
0.003
0.095
0.002
0.084
0.058
0.061
0.001
0.021
0.005
0.004
0.124
0.054
0.036
0.105
0.002
0.085
0.001
0.002
0.019
0.078
0.225
0.047
0.005
0.038
0.055
0.184
0.003
0.028
0.142
0.001
0.009
0.073
0.076
0.103
0.016
0.004
0.001
0.169
0.183
0.182
0.067
0.012
0.126
0.054
0.058
0.105
0.164
0.067
0.005
0.001
0.001
0.058
0.008
0.004
0.223
0.024
0.155
0.001
0.04
0.029
0.023
0.002
0.001
0.01
0.003
0.015
0.016
0.003
0.059
0.005
0.15
0.173
0.157
0.003
0.001
0.001
0.045
0.038
0.003
0.185
0.012
0.085
0.196
0.001
0.001
0.127
0.074
0.072
0.024
0.001
0.162
0.002
0.047
0.188
0.002
0.138
0.005
0.005
0.011
0.02
0.004
0.002
0.125
0.138
0.001
0.006
0.091
0.003
0.002
0.002
0.05
0.002
0.003
0.132
0.011
0.18
0.005
0.204
0.271
0.05
0.001
0.028
0.026
0.061
0.128
0.114
0.049
0.135
0.102
0.012
0.174
0.007
0.001
0.001
0.115
0.001
0.009
0.16
0.001
0.001
0.004
0.005
0.14
0.035
0.003
0.052
0.004
0.06
0.025
0.003
0.067
0.184
0.006
0.06
0.004
0.001
0.082
0.001
0.111
0.002
0.015
0.238
0.071
0.107
0.066
0.004
0.003
0.002
0.193
0.207
0.114
0.066
0.116
0.021
0.016
0.003
0.081
0.008
0.001
0.33
0.061
0.059
0.172
0.009
0.016
0.007
0.001
0.026
0.06
0.227
0.001
0.078
0.048
0.001
0.001
0.004
0.047
0.13
0.128
0.001
0.001
0.001
0.001
0.003
0.002
0.002
0.165
0.001
0.003
0.046
0.228
0.002
0.012
0.072
0.003
0.074
0.057
0.045
0.07
0.001
0.002
0.045
0.042
0.002
0.13
0.022
0.001
0.233
0.174
0.113
0.006
0.04
0.055
0.007
0.001
0.006
0.035
0.127
0.089
0.155
0.17
0.162
0.064
0.009
0.072
0.102
0.07
0.055
0.378
0.003
0.018
0.184
0.011
0.001
0.002
0.012
0.166
0.128
0.003
0.084
0.001
0.008
0.031
0.027
0.086
0.007
0.011
0.004
0.099
0.062
0.003
0.001
0.004
0.04
0.13
0.003
0.153
0.065
0.062
0.127
0.001
0.171
0.07
0.053
0.001
0.228
0.268
0.001
0.001
0.001
0.001
0.01
0.155
0.003
0.001
0.001
0.1
0.122
0.205
0.059
0.037
0.004
0.001
0.132
0.05
0.029
0.026
0.039
0.288
0.127
0.001
0.014
0.048
0.053
0.122
0.007
0.077
0.033
0.006
0.194
0.003
0.018
0.063
0.072
0.003
0.003
0.045
0.017
0.012
0.001
0.001
0.001
0.006
0.037
0.006
0.169
0.071
0.001
0.02
0.095
0.004
0.116
0.061
0.054
0.095
0.002
0.231
0.034
0.147
0.261
0.001
0.004
0.001
0.171
0.001
0.002
0.032
0.003
0.005
0.001
0.001
0.277
0.004
0.082
0.088
0.06
0.087
0.073
0.103
0.003
0.002
0.19
0.041
0.154
0.002
0.091
0.078
0.137
0.133
0.059
0.002
0.216
0.09
0.094
0.001
0.095
0.097
0.002
0.011
0.003
0.002
0.008
0.001
0.002
0.051
0.238
0.006
0.069
0.076
0.125
0.001
0.073
0.083
0.002
0.193
0.05
0.036
0.081
0.149
0.242
0.001
0.002
0.048
0.003
0.002
0.001
0.007
0.001
0.257
0.001
0.001
0.001
0.001
0.059
0.001
0.196
0.104
0.002
0.002
0.001
0.179
0.008
0.003
0.076
0.026
0.001
0.034
0.001
0.075
0.001
0.15
0.233
0.005
0.127
0.104
0.001
0.051
0.087
0.058
0.088
0.156
0.002
0.001
0.049
0.066
0.002
0.066
0.119
0.001
0.047
0.006
0.004
0.197
0.003
0.068
0.136
0.06
0.044
0.108
0.006
0.001
0.212
0.167
0.001
0.038
0.001
0.137
0.1
0.016
0.21
0.101
0.001
0.002
0.007
0.047
0.002
0.208
0.143
0.025
0.034
0.017
0.162
0.129
0.001
0.001
0.096
0.004
0.073
0.005
0.023
0.001
0.002
0.06
0.014
0.001
0.001
0.139
0.001
0.001
0.002
0.123
0.052
0.02
0.001
0.022
0.044
0.054
0.001
0.076
0.139
0.067
0.007
0.001
0.108
0.031
0.063
0.111
0.054
0.001
0.034
0.066
0.04
0.003
0.001
0.006
0.183
0.003
0.005
0.173
0.007
0.045
0.002
0.161
0.036
0.002
0.055
0.002
0.045
0.001
0.107
0.051
0.027
0.122
0.065
0.001
0.001
0.027
0.002
0.027
0.004
0.106
0.04
0.008
0.022
0.034
0.067
0.015
0.001
0.143
0.033
0.056
0.001
0.006
0.069
0.048
0.003
0.142
0.044
0.001
0.014
0.06
0.001
0.068
0.034
0.153
0.005
0.003
0.135
0.06
0.102
0.002
0.141
0.001
0.006
0.099
0.004
0.038
0.1
0.004
0.17
0.001
0.007
0.006
0.037
0.155
0.068
0.001
0.001
0.001
0.033
0.236
0.009
0.025
0.03
0.03
0.156
0.124
0.095
0.069
0.002
0.005
0.035
0.004
0.001
0.107
0.096
0.001
0.116
0.001
0.001
0.004
0.001
0.134
0.081
0.001
0.007
0.137
0.004
0.008
0.001
0.23
0.003
0.001
0.154
0.041
0.008
0.148
0.005
0.207
0.038
0.002
0.005
0.074
0.001
0.004
0.151
0.026
0.028
0.247
0.006
0.097
0.172
0.001
0.133
0.003
0.003
0.123
0.004
0.126
0.01
0.112
0.155
0.005
0.049
0.247
0.002
0.003
0.051
0.073
0.001
0.001
0.09
0.001
0.05
0.004
0.001
0.022
0.198
0.008
0.097
0.001
0.135
0.002
0.001
0.002
0.132
0.005
0.01
0.002
0.01
0.033
0.001
0.068
0.005
0.124
0.265
0.16
0.003
0.057
0.002
0.052
0.039
0.031
0.001
0.281
0.007
0.001
0.116
0.001
0.114
0.14
0.091
0.009
0.185
0.002
0.133
0.004
0.001
0.131
0.001
0.002
0.006
0.132
0.001
0.002
0.002
0.015
0.123
0.001
0.001
0.001
0.055
0.071
0.004
0.01
0.206
0.098
0.09
0.07
0.099
0.053
0.005
0.001
0.045
0.008
0.104
0.095
0.001
0.031
0.031
0.001
0.002
0.059
0.037
0.001
0.01
0.052
0.074
0.002
0.001
0.001
0.008
0.002
0.002
0.232
0.044
0.202
0.275
0.002
0.001
0.006
0.001
0.165
0.001
0.034
0.145
0.012
0.169
0.062
0.033
0.001
0.004
0.091
0.004
0.099
0.042
0.16
0.053
0.053
0.07
0.002
0.004
0.002
0.032
0.001
0.101
0.003
0.002
0.043
0.001
0.016
0.049
0.03
0.044
0.018
0.002
0.002
0.018
0.151
0.298
0.004
0.065
0.037
0.002
0.051
0.168
0.216
0.002
0.001
0.137
0.066
0.056
0.196
0.08
0.019
0.008
0.119
0.027
0.012
0.001
0.169
0.141
0.06
0.001
0.005
0.096
0.003
0.245
0.079
0.012
0.056
0.103
0.013
0.002
0.066
0.03
0.031
0.015
0.114
0.027
0.058
0.002
0.001
0.001
0.108
0.003
0.001
0.045
0.01
0.106
0.002
0.001
0.001
0.022
0.002
0.002
0.005
0.036
0.017
0.134
0.04
0.109
0.115
0.058
0.111
0.01
0.002
0.125
0.004
0.004
0.001
0.176
0.006
0.006
0.003
0.158
0.039
0.002
0.007
0.001
0.006
0.001
0.032
0.025
0.047
0.004
0.085
0.014
0.059
0.001
0.001
0.165
0.146
0.067
0.085
0.114
0.064
0.004
0.236
0.004
0.248
0.244
0.026
0.065
0.141
0.003
0.004
0.05
0.001
0.165
0.006
0.001
0.141
0.088
0.002
0.005
0.001
0.035
0.088
0.001
0.022
0.086
0.005
0.097
0.037
0.01
0.019
0.026
0.064
0.079
0.005
0.004
0.184
0.006
0.096
0.003
0.01
0.005
0.001
0.096
0.001
0.081
0.097
0.128
0.009
0.115
0.122
0.03
0.002
0.001
0.004
0.008
0.068
0.086
0.049
0.039
0.005
0.001
0.001
0.014
0.007
0.005
0.026
0.001
0.18
0.07
0.002
0.129
0.048
0.011
0.076
0.004
0.25
0.054
0.003
0.016
0.001
0.001
0.031
0.001
0.019
0.003
0.172
0.002
0.185
0.103
0.004
0.081
0.112
0.206
0.003
0.079
0.156
0.218
0.199
0.004
0.045
0.001
0.017
0.012
0.003
0.001
0.005
0.001
0.105
0.023
0.093
0.002
0.167
0.115
0.076
0.001
0.13
0.006
0.217
0.009
0.002
0.071
0.004
0.085
0.033
0.005
0.201
0.002
0.001
0.113
0.084
0.045
0.003
0.001
0.148
0.256
0.18
0.113
0.164
0.001
0.088
0.002
0.033
0.006
0.098
0.001
0.001
0.002
0.001
0.004
0.001
0.07
0.088
0.173
0.007
0.078
0.001
0.123
0.195
0.092
0.004
0.001
0.037
0.161
0.037
0.002
0.081
0.047
0.004
0.002
0.266
0.077
0.003
0.012
0.057
0.051
0.001
0.123
0.14
0.109
0.097
0.006
0.02
0.003
0.005
0.099
0.009
0.072
0.059
0.113
0.039
0.001
0.078
0.011
0.005
0.01
0.009
0.019
0.11
0.001
0.001
0.057
0.162
0.109
0.002
0.016
0.007
0.004
0.014
0.03
0.006
0.001
0.037
0.097
0.293
0.001
0.214
0.004
0.014
0.017
0.106
0.001
0.219
0.206
0.039
0.001
0.005
0.001
0.095
0.006
0.09
0.001
0.012
0.003
0.073
0.005
0.01
0.189
0.035
0.002
0.001
0.001
0.186
0.001
0.207
0.073
0.012
0.076
0.137
0.004
0.002
0.096
0.003
0.066
0.058
0.158
0.043
0.002
0.065
0.001
0.003
0.002
0.012
0.196
0.003
0.001
0.13
0.051
0.128
0.003
0.001
0.003
0.081
0.001
0.01
0.002
0.137
0.001
0.168
0.002
0.154
0.036
0.08
0.049
0.053
0.063
0.003
0.005
0.001
0.201
0.001
0.116
0.055
0.264
0.002
0.01
0.001
0.148
0.001
0.055
0.001
0.01
0.05
0.041
0.002
0.111
0.001
0.157
0.11
0.144
0.006
0.001
0.008
0.214
0.167
0.09
0.001
0.165
0.008
0.205
0.192
0.151
0.132
0.007
0.104
0.003
0.231
0.005
0.14
0.031
0.131
0.001
0.013
0.217
0.082
0.163
0.001
0.009
0.017
0.101
0.054
0.046
0.002
0.036
0.17
0.001
0.001
0.001
0.005
0.224
0.002
0.244
0.058
0.006
0.131
0.002
0.005
0.148
0.036
0.005
0.027
0.086
0.14
0.068
0.128
0.081
0.013
0.002
0.001
0.072
0.002
0.077
0.037
0.116
0.002
0.001
0.179
0.066
0.001
0.149
0.001
0.004
0.001
0.003
0.151
0.004
0.027
0.199
0.231
0.115
0.001
0.001
0.001
0.003
0.031
0.03
0.001
0.009
0.151
0.011
0.078
0.002
0.002
0.013
0.001
0.106
0.116
0.13
0.085
0.002
0.001
0.001
0.001
0.002
0.005
0.058
0.022
0.266
0.036
0.068
0.12
0.001
0.153
0.001
0.185
0.058
0.07
0.005
0.005
0.03
0.053
0.003
0.129
0.031
0.003
0.089
0.186
0.04
0.078
0.03
0.179
0.112
0.097
0.081
0.001
0.007
0.112
0.022
0.003
0.22
0.202
0.081
0.018
0.001
0.001
0.101
0.001
0.19
0.03
0.019
0.092
0.086
0.081
0.003
0.001
0.192
0.104
0.001
0.122
0.001
0.001
0.004
0.095
0.286
0.003
0.001
0.004
0.002
0.002
0.003
0.045
0.001
0.098
0.084
0.027
0.001
0.198
0.016
0.064
0.003
0.002
0.177
0.001
0.001
0.109
0.002
0.001
0.009
0.004
0.003
0.002
0.038
0.092
0.022
0.058
0.231
0.023
0.025
0.168
0.005
0.044
0.026
0.117
0.001
0.085
0.007
0.002
0.115
0.115
0.003
0.148
0.146
0.117
0.003
0.101
0.001
0.114
0.008
0.003
0.004
0.075
0.134
0.193
0.123
0.096
0.108
0.003
0.001
0.187
0.013
0.039
0.001
0.153
0.001
0.018
0.006
0.006
0.002
0.166
0.001
0.002
0.09
0.001
0.009
0.203
0.04
0.006
0.041
0.137
0.001
0.001
0.072
0.109
0.147
0.03
0.216
0.072
0.004
0.001
0.002
0.005
0.02
0.008
0.047
0.149
0.115
0.098
0.013
0.121
0.21
0.003
0.002
0.003
0.071
0.128
0.085
0.117
0.009
0.134
0.003
0.002
0.061
0.003
0.039
0.007
0.036
0.001
0.039
0.149
0.009
0.001
0.141
0.047
0.001
0.02
0.169
0.116
0.039
0.001
0.15
0.002
0.018
0.036
0.001
0.001
0.008
0.053
0.001
0.013
0.001
0.001
0.038
0.01
0.009
0.026
0.009
0.003
0.053
0.003
0.05
0.009
0.16
0.004
0.001
0.005
0.18
0.092
0.109
0.099
0.028
0.003
0.154
0.004
0.104
0.001
0.219
0.001
0.009
0.071
0.001
0.122
0.004
0.087
0.064
0.09
0.002
0.094
0.068
0.089
0.002
0.05
0.001
0.003
0.008
0.062
0.003
0.047
0.276
0.052
0.001
0.094
0.08
0.005
0.002
0.106
0.102
0.004
0.003
0.044
0.144
0.004
0.191
0.219
0.01
0.19
0.001
0.004
0.015
0.114
0.032
0.004
0.003
0.007
0.181
0.001
0.003
0.003
0.005
0.003
0.004
0.005
0.002
0.037
0.061
0.12
0.001
0.006
0.001
0.001
0.097
0.003
0.069
0.004
0.002
0.008
0.201
0.001
0.005
0.005
0.018
0.062
0.034
0.009
0.076
0.003
0.085
0.004
0.013
0.001
0.009
0.007
0.001
0.004
0.058
0.001
0.08
0.084
0.004
0.001
0.001
0.001
0.21
0.001
0.12
0.104
0.002
0.098
0.053
0.003
0.063
0.002
0.188
0.001
0.001
0.014
0.005
0.182
0.006
0.002
0.008
0.003
0.005
0.043
0.034
0.001
0.004
0.062
0.028
0.062
0.07
0.066
0.001
0.122
0.05
0.144
0.013
0.036
0.001
0.001
0.003
0.07
0.001
0.001
0.001
0.07
0.094
0.057
0.03
0.136
0.096
0.007
0.001
0.01
0.003
0.03
0.342
0.012
0.001
0.117
0.026
0.006
0.004
0.003
0.003
0.001
0.049
0.046
0.146
0.197
0.091
0.002
0.064
0.126
0.007
0.003
0.002
0.004
0.155
0.09
0.003
0.001
0.054
0.002
0.059
0.003
0.005
0.002
0.054
0.1
0.156
0.001
0.057
0.003
0.144
0.162
0.165
0.003
0.138
0.238
0.07
0.002
0.001
0.003
0.116
0.002
0.057
0.002
0.008
0.051
0.216
0.001
0.006
0.045
0.001
0.095
0.057
0.01
0.041
0.201
0.076
0.003
0.101
0.048
0.01
0.001
0.002
0.136
0.053
0.001
0.217
0.001
0.096
0.005
0.001
0.001
0.002
0.05
0.101
0.307
0.169
0.019
0.063
0.03
0.001
0.303
0.126
0.001
0.001
0.047
0.001
0.004
0.197
0.003
0.003
0.023
0.005
0.001
0.007
0.005
0.05
0.004
0.064
0.082
0.001
0.107
0.005
0.004
0.068
0.113
0.087
0.162
0.206
0.002
0.072
0.001
0.07
0.024
0.006
0.002
0.075
0.005
0.004
0.304
0.004
0.002
0.146
0.009
0.061
0.008
0.227
0.013
0.001
0.064
0.133
0.096
0.002
0.048
0.009
0.247
0.001
0.13
0.002
0.001
0.001
0.043
0.194
0.103
0.13
0.017
0.026
0.002
0.003
0.002
0.242
0.087
0.055
0.01
0.105
0.028
0.094
0.137
0.058
0.004
0.118
0.087
0.144
0.001
0.048
0.06
0.007
0.089
0.006
0.038
0.001
0.099
0.003
0.001
0.012
0.004
0.024
0.027
0.028
0.121
0.032
0.067
0.09
0.038
0.01
0.011
0.001
0.051
0.063
0.036
0.154
0.033
0.013
0.001
0.095
0.056
0.078
0.123
0.205
0.049
0.05
0.004
0.002
0.056
0.033
0.003
0.02
0.002
0.002
0.001
0.002
0.09
0.002
0.007
0.004
0.03
0.141
0.007
0.006
0.115
0.123
0.012
0.133
0.001
0.008
0.004
0.005
0.151
0.006
0.004
0.001
0.113
0.016
0.142
0.069
0.005
0.154
0.019
0.162
0.003
0.002
0.181
0.041
0.195
0.002
0.172
0.042
0.092
0.056
0.001
0.165
0.208
0.001
0.001
0.049
0.209
0.021
0.099
0.102
0.097
0.004
0.009
0.002
0.08
0.002
0.13
0.093
0.003
0.012
0.139
0.071
0.002
0.003
0.15
0.001
0.01
0.05
0.001
0.012
0.002
0.003
0.153
0.034
0.003
0.028
0.002
0.058
0.006
0.031
0.041
0.002
0.001
0.096
0.001
0.001
0.077
0.027
0.001
0.003
0.004
0.021
0.004
0.084
0.011
0.061
0.049
0.146
0.001
0.178
0.036
0.001
0.004
0.009
0.007
0.201
0.001
0.003
0.003
0.004
0.045
0.011
0.137
0.052
0.07
0.145
0.065
0.002
0.076
0.255
0.037
0.001
0.003
0.004
0.024
0.073
0.057
0.046
0.002
0.086
0.003
0.114
0.003
0.002
0.001
0.032
0.011
0.031
0.093
0.001
0.048
0.001
0.106
0.206
0.099
0.002
0.063
0.093
0.008
0.075
0.006
0.253
0.001
0.052
0.005
0.002
0.034
0.18
0.112
0.001
0.011
0.017
0.002
0.007
0.008
0.008
0.1
0.167
0.209
0.041
0.003
0.042
0.071
0.002
0.078
0.158
0.001
0.001
0.112
0.001
0.045
0.049
0.032
0.065
0.002
0.002
0.047
0.15
0.191
0.001
0.009
0.105
0.006
0.024
0.008
0.215
0.066
0.06
0.007
0.007
0.002
0.056
0.01
0.085
0.035
0.004
0.187
0.122
0.357
0.002
0.005
0.01
0.236
0.049
0.001
0.003
0.132
0.091
0.013
0.001
0.052
0.002
0.207
0.013
0.011
0.001
0.001
0.269
0.165
0.023
0.066
0.002
0.001
0.012
0.006
0.013
0.004
0.001
0.222
0.198
0.067
0.002
0.057
0.081
0.001
0.001
0.281
0.142
0.001
0.114
0.002
0.004
0.075
0.074
0.001
0.065
0.05
0.055
0.077
0.048
0.001
0.002
0.003
0.125
0.098
0.132
0.11
0.054
0.16
0.006
0.003
0.041
0.06
0.114
0.001
0.002
0.161
0.054
0.001
0.002
0.001
0.195
0.015
0.105
0.023
0.002
0.001
0.003
0.001
0.003
0.122
0.081
0.004
0.272
0.169
0.191
0.056
0.002
0.106
0.1
0.131
0.073
0.015
0.003
0.008
0.001
0.069
0.192
0.046
0.004
0.211
0.08
0.001
0.14
0.001
0.014
0.083
0.001
0.004
0.134
0.094
0.02
0.075
0.003
0.002
0.264
0.067
0.028
0.068
0.044
0.203
0.169
0.281
0.001
0.001
0.102
0.075
0.005
0.03
0.126
0.001
0.001
0.208
0.082
0.003
0.056
0.001
0.047
0.132
0.002
0.003
0.074
0.061
0.127
0.001
0.004
0.091
0.085
0.003
0.001
0.004
0.006
0.079
0.061
0.003
0.001
0.004
0.001
0.012
0.003
0.009
0.078
0.112
0.004
0.007
0.11
0.079
0.036
0.055
0.006
0.001
0.013
0.007
0.001
0.001
0.002
0.001
0.001
0.001
0.005
0.13
0.038
0.079
0.004
0.001
0.127
0.016
0.001
0.004
0.001
0.001
0.003
0.06
0.001
0.006
0.198
0.053
0.045
0.263
0.234
0.101
0.217
0.002
0.006
0.093
0.002
0.079
0.012
0.143
0.002
0.001
0.008
0.043
0.068
0.002
0.07
0.056
0.186
0.011
0.116
0.262
0.001
0.001
0.114
0.19
0.128
0.037
0.001
0.004
0.002
0.001
0.195
0.065
0.267
0.052
0.095
0.009
0.001
0.033
0.004
0.001
0.016
0.057
0.001
0.046
0.008
0.001
0.073
0.002
0.002
0.039
0.004
0.101
0.054
0.064
0.026
0.001
0.025
0.05
0.002
0.011
0.003
0.004
0.038
0.001
0.102
0.113
0.102
0.001
0.054
0.052
0.034
0.272
0.139
0.162
0.104
0.101
0.002
0.008
0.013
0.036
0.001
0.002
0.246
0.104
0.003
0.143
0.13
0.042
0.084
0.09
0.107
0.001
0.017
0.089
0.003
0.001
0.002
0.058
0.116
0.102
0.004
0.02
0.001
0.01
0.249
0.089
0.001
0.069
0.283
0.181
0.004
0.001
0.001
0.003
0.001
0.001
0.143
0.006
0.197
0.002
0.002
0.005
0.006
0.001
0.111
0.214
0.066
0.003
0.156
0.036
0.001
0.143
0.026
0.057
0.087
0.091
0.034
0.099
0.003
0.001
0.062
0.001
0.114
0.109
0.054
0.009
0.079
0.128
0.035
0.145
0.001
0.002
0.001
0.164
0.03
0.044
0.002
0.124
0.313
0.166
0.026
0.005
0.002
0.113
0.06
0.018
0.03
0.134
0.007
0.103
0.123
0.152
0.064
0.072
0.001
0.001
0.083
0.036
0.003
0.354
0.005
0.001
0.153
0.001
0.062
0.16
0.04
0.005
0.162
0.005
0.001
0.031
0.026
0.052
0.001
0.002
0.023
0.044
0.003
0.087
0.001
0.001
0.004
0.003
0.034
0.002
0.001
0.008
0.001
0.002
0.003
0.166
0.091
0.063
0.01
0.007
0.001
0.002
0.001
0.052
0.004
0.002
0.001
0.001
0.009
0.054
0.001
0.102
0.002
0.022
0.007
0.001
0.007
0.051
0.001
0.182
0.072
0.01
0.002
0.102
0.106
0.001
0.133
0.001
0.007
0.084
0.081
0.083
0.006
0.179
0.117
0.018
0.03
0.043
0.001
0.04
0.003
0.192
0.003
0.14
0.078
0.045
0.281
0.049
0.013
0.075
0.149
0.07
0.165
0.004
0.004
0.072
0.07
0.06
0.003
0.135
0.001
0.01
0.001
0.145
0.092
0.203
0.032
0.19
0.042
0.082
0.072
0.14
0.005
0.005
0.036
0.188
0.008
0.235
0.002
0.003
0.023
0.015
0.098
0.004
0.025
0.001
0.095
0.037
0.012
0.001
0.006
0.07
0.303
0.003
0.008
0.001
0.057
0.064
0.098
0.206
0.001
0.039
0.055
0.178
0.002
0.056
0.071
0.086
0.001
0.061
0.029
0.004
0.005
0.038
0.029
0.002
0.095
0.006
0.085
0.211
0.054
0.263
0.049
0.173
0.216
0.001
0.003
0.003
0.001
0.003
0.121
0.127
0.121
0.002
0.118
0.123
0.067
0.008
0.001
0.002
0.204
0.004
0.003
0.175
0.002
0.059
0.027
0.049
0.002
0.001
0.148
0.001
0.005
0.067
0.359
0.144
0.003
0.029
0.069
0.101
0.005
0.104
0.139
0.001
0.082
0.003
0.189
0.106
0.152
0.001
0.042
0.004
0.002
0.261
0.001
0.203
0.002
0.02
0.08
0.002
0.063
0.002
0.069
0.001
0.005
0.001
0.064
0.005
0.009
0.001
0.03
0.063
0.001
0.001
0.014
0.014
0.003
0.081
0.124
0.001
0.015
0.001
0.016
0.004
0.001
0.063
0.002
0.106
0.001
0.118
0.103
0.008
0.045
0.072
0.005
0.003
0.063
0.013
0.05
0.001
0.087
0.056
0.008
0.001
0.08
0.046
0.001
0.142
0.178
0.001
0.112
0.002
0.176
0.053
0.008
0.002
0.032
0.004
0.024
0.002
0.092
0.223
0.001
0.088
0.052
0.185
0.001
0.004
0.001
0.004
0.175
0.029
0.001
0.194
0.005
0.004
0.002
0.001
0.007
0.001
0.028
0.001
0.054
0.005
0.008
0.004
0.109
0.043
0.211
0.055
0.007
0.158
0.273
0.054
0.081
0.188
0.075
0.077
0.002
0.002
0.039
0.169
0.004
0.001
0.002
0.001
0.001
0.04
0.099
0.065
0.004
0.178
0.001
0.001
0.117
0.005
0.001
0.065
0.025
0.017
0.007
0.001
0.003
0.002
0.091
0.042
0.028
0.044
0.061
0.059
0.001
0.007
0.175
0.001
0.106
0.001
0.082
0.013
0.032
0.004
0.006
0.001
0.01
0.005
0.022
0.113
0.114
0.001
0.018
0.057
0.001
0.001
0.082
0.001
0.001
0.001
0.005
0.045
0.062
0.069
0.001
0.001
0.177
0.14
0.026
0.008
0.125
0.001
0.001
0.094
0.179
0.001
0.001
0.001
0.002
0.002
0.001
0.001
0.044
0.001
0.003
0.133
0.14
0.004
0.075
0.001
0.002
0.006
0.001
0.002
0.045
0.003
0.001
0.05
0.001
0.013
0.115
0.002
0.009
0.002
0.004
0.002
0.003
0.001
0.064
0.072
0.001
0.002
0.001
0.098
0.212
0.001
0.001
0.002
0.105
0.019
0.001
0.062
0.024
0.002
0.002
0.002
0.144
0.137
0.251
0.013
0.148
0.028
0.029
0.035
0.001
0.013
0.01
0.001
0.041
0.062
0.028
0.11
0.002
0.005
0.004
0.202
0.086
0.054
0.242
0.128
0.241
0.087
0.062
0.007
0.186
0.268
0.052
0.001
0.001
0.001
0.01
0.004
0.114
0.06
0.113
0.001
0.001
0.129
0.006
0.004
0.003
0.001
0.027
0.048
0.215
0.039
0.032
0.041
0.004
0.003
0.18
0.067
0.262
0.011
0.014
0.078
0.001
0.012
0.096
0.002
0.001
0.087
0.008
0.112
0.208
0.001
0.129
0.031
0.002
0.079
0.001
0.002
0.004
0.004
0.073
0.023
0.004
0.007
0.002
0.048
0.006
0.004
0.001
0.002
0.079
0.289
0.02
0.001
0.008
0.002
0.004
0.021
0.272
0.001
0.056
0.005
0.063
0.001
0.089
0.05
0.005
0.008
0.228
0.065
0.029
0.005
0.163
0.004
0.101
0.032
0.089
0.04
0.009
0.034
0.041
0.008
0.074
0.059
0.153
0.195
0.001
0.152
0.04
0.117
0.276
0.001
0.001
0.001
0.006
0.058
0.002
0.002
0.011
0.001
0.033
0.157
0.01
0.008
0.002
0.15
0.018
0.069
0.222
0.063
0.116
0.057
0.001
0.001
0.002
0.089
0.143
0.064
0.003
0.001
0.002
0.003
0.159
0.004
0.004
0.032
0.003
0.009
0.002
0.214
0.125
0.056
0.091
0.068
0.2
0.013
0.001
0.319
0.001
0.049
0.006
0.045
0.052
0.003
0.019
0.075
0.024
0.006
0.051
0.038
0.013
0.082
0.074
0.094
0.005
0.006
0.002
0.003
0.002
0.031
0.013
0.011
0.005
0.037
0.091
0.019
0.003
0.033
0.021
0.001
0.002
0.092
0.002
0.002
0.023
0.006
0.001
0.014
0.006
0.197
0.067
0.001
0.001
0.118
0.076
0.001
0.002
0.156
0.096
0.007
0.004
0.129
0.001
0.037
0.001
0.004
0.07
0.065
0.124
0.144
0.014
0.032
0.025
0.001
0.003
0.086
0.16
0.003
0.004
0.064
0.008
0.05
0.048
0.003
0.002
0.002
0.068
0.005
0.12
0.029
0.001
0.005
0.205
0.005
0.014
0.023
0.001
0.001
0.027
0.001
0.155
0.012
0.183
0.252
0.001
0.081
0.001
0.081
0.055
0.026
0.001
0.059
0.007
0.001
0.125
0.003
0.003
0.161
0.012
0.068
0.001
0.021
0.002
0.035
0.001
0.001
0.109
0.083
0.349
0.089
0.007
0.001
0.055
0.054
0.01
0.001
0.003
0.152
0.136
0.001
0.001
0.085
0.108
0.006
0.001
0.001
0.009
0.021
0.034
0.002
0.002
0.006
0.162
0.153
0.001
0.103
0.064
0.311
0.125
0.158
0.005
0.031
0.201
0.016
0.129
0.176
0.113
0.035
0.203
0.029
0.058
0.128
0.002
0.003
0.001
0.001
0.002
0.035
0.12
0.002
0.033
0.004
0.001
0.14
0.136
0.211
0.006
0.099
0.008
0.002
0.168
0.002
0.006
0.031
0.305
0.106
0.008
0.008
0.088
0.172
0.047
0.004
0.006
0.083
0.002
0.001
0.055
0.003
0.012
0.001
0.131
0.09
0.077
0.065
0.001
0.259
0.001
0.137
0.004
0.132
0.133
0.003
0.09
0.001
0.005
0.002
0.001
0.078
0.001
0.001
0.117
0.04
0.004
0.001
0.05
0.148
0.146
0.038
0.064
0.053
0.001
0.157
0.12
0.094
0.029
0.004
0.06
0.044
0.011
0.039
0.002
0.001
0.01
0.001
0.004
0.189
0.001
0.062
0.001
0.107
0.069
0.01
0.009
0.025
0.001
0.097
0.065
0.002
0.047
0.045
0.003
0.003
0.224
0.001
0.001
0.009
0.194
0.181
0.058
0.179
0.073
0.042
0.185
0.011
0.121
0.026
0.072
0.098
0.232
0.004
0.065
0.002
0.004
0.001
0.077
0.003
0.002
0.142
0.04
0.003
0.054
0.053
0.239
0.129
0.004
0.096
0.006
0.001
0.038
0.001
0.013
0.001
0.001
0.126
0.05
0.131
0.004
0.003
0.002
0.005
0.005
0.001
0.007
0.07
0.011
0.001
0.002
0.28
0.002
0.002
0.159
0.004
0.001
0.035
0.005
0.069
0.001
0.041
0.001
0.149
0.003
0.001
0.029
0.239
0.034
0.03
0.171
0.088
0.049
0.012
0.008
0.008
0.002
0.041
0.009
0.136
0.095
0.115
0.049
0.034
0.047
0.071
0.025
0.001
0.142
0.014
0.158
0.001
0.001
0.001
0.02
0.011
0.097
0.003
0.001
0.151
0.001
0.043
0.001
0.002
0.007
0.005
0.183
0.001
0.001
0.05
0.001
0.001
0.002
0.012
0.09
0.002
0.156
0.142
0.009
0.253
0.099
0.182
0.18
0.002
0.147
0.021
0.004
0.001
0.006
0.023
0.003
0.001
0.002
0.201
0.161
0.001
0.143
0.268
0.038
0.068
0.004
0.001
0.035
0.002
0.07
0.001
0.002
0.123
0.01
0.007
0.001
0.002
0.034
0.068
0.002
0.084
0.003
0.021
0.002
0.191
0.092
0.025
0.005
0.057
0.001
0.051
0.003
0.113
0.005
0.002
0.036
0.001
0.022
0.002
0.131
0.153
0.05
0.002
0.116
0.102
0.049
0.004
0.002
0.001
0.006
0.036
0.001
0.001
0.009
0.001
0.051
0.002
0.063
0.003
0.005
0.123
0.044
0.001
0.004
0.115
0.001
0.002
0.061
0.163
0.013
0.089
0.003
0.007
0.001
0.038
0.064
0.001
0.001
0.13
0.09
0.005
0.002
0.102
0.014
0.001
0.002
0.135
0.001
0.066
0.159
0.001
0.034
0.107
0.106
0.128
0.047
0.135
0.001
0.015
0.008
0.057
0.063
0.133
0.08
0.106
0.013
0.139
0.095
0.006
0.003
0.072
0.001
0.006
0.101
0.073
0.068
0.001
0.02
0.124
0.014
0.113
0.002
0.001
0.001
0.044
0.003
0.108
0.054
0.034
0.021
0.052
0.031
0.19
0.001
0.108
0.002
0.001
0.139
0.002
0.001
0.042
0.03
0.139
0.227
0.001
0.205
0.001
0.004
0.005
0.245
0.003
0.009
0.104
0.116
0.062
0.001
0.049
0.031
0.28
0.094
0.028
0.015
0.079
0.006
0.004
0.001
0.006
0.011
0.001
0.001
0.003
0.058
0.314
0.044
0.001
0.001
0.048
0.063
0.143
0.001
0.087
0.227
0.021
0.171
0.005
0.069
0.077
0.158
0.109
0.002
0.054
0.003
0.11
0.102
0.132
0.043
0.001
0.146
0.001
0.128
0.131
0.183
0.032
0.003
0.003
0.047
0.001
0.004
0.12
0.015
0.044
0.114
0.001
0.009
0.002
0.001
0.002
0.001
0.001
0.004
0.076
0.046
0.059
0.015
0.082
0.004
0.002
0.001
0.223
0.009
0.04
0.136
0.304
0.07
0.003
0.002
0.031
0.001
0.055
0.045
0.103
0.159
0.001
0.07
0.001
0.008
0.002
0.034
0.062
0.189
0.01
0.003
0.019
0.08
0.151
0.001
0.07
0.139
0.005
0.001
0.004
0.122
0.08
0.003
0.006
0.157
0.002
0.102
0.148
0.001
0.003
0.006
0.209
0.187
0.001
0.003
0.119
0.001
0.01
0.196
0.003
0.149
0.002
0.115
0.228
0.003
0.037
0.005
0.003
0.001
0.098
0.015
0.004
0.003
0.001
0.001
0.011
0.113
0.001
0.147
0.086
0.093
0.158
0.073
0.197
0.005
0.117
0.088
0.004
0.004
0.056
0.011
0.03
0.008
0.007
0.132
0.009
0.021
0.043
0.042
0.341
0.059
0.133
0.001
0.002
0.072
0.044
0.123
0.001
0.186
0.021
0.064
0.001
0.004
0.001
0.001
0.015
0.034
0.013
0.001
0.004
0.178
0.002
0.107
0.001
0.079
0.001
0.075
0.047
0.109
0.054
0.148
0.001
0.001
0.051
0.029
0.177
0.286
0.038
0.074
0.036
0.053
0.001
0.005
0.063
0.003
0.005
0.221
0.078
0.001
0.121
0.001
0.037
0.032
0.036
0.002
0.017
0.001
0.138
0.001
0.001
0.001
0.037
0.007
0.142
0.054
0.007
0.088
0.001
0.02
0.192
0.203
0.063
0.004
0.001
0.049
0.199
0.058
0.235
0.001
0.078
0.118
0.232
0.106
0.015
0.007
0.075
0.003
0.046
0.001
0.105
0.004
0.004
0.034
0.005
0.24
0.001
0.006
0.013
0.117
0.01
0.034
0.018
0.001
0.076
0.002
0.182
0.001
0.038
0.006
0.103
0.039
0.002
0.043
0.089
0.003
0.001
0.071
0.014
0.007
0.001
0.04
0.005
0.096
0.03
0.002
0.01
0.059
0.001
0.002
0.094
0.199
0.156
0.142
0.003
0.01
0.057
0.004
0.198
0.037
0.056
0.137
0.001
0.138
0.103
0.028
0.096
0.026
0.001
0.01
0.001
0.058
0.013
0.015
0.001
0.028
0.003
0.002
0.006
0.146
0.06
0.161
0.006
0.107
0.005
0.008
0.253
0.044
0.192
0.183
0.141
0.016
0.034
0.123
0.005
0.084
0.02
0.2
0.003
0.164
0.208
0.001
0.079
0.189
0.002
0.038
0.042
0.001
0.029
0.001
0.102
0.002
0.159
0.177
0.03
0.296
0.14
0.051
0.004
0.035
0.243
0.112
0.018
0.258
0.001
0.075
0.014
0.127
0.039
0.073
0.001
0.079
0.006
0.004
0.004
0.003
0.037
0.142
0.003
0.002
0.001
0.001
0.1
0.001
0.001
0.002
0.001
0.006
0.001
0.122
0.016
0.001
0.229
0.086
0.009
0.001
0.042
0.235
0.003
0.176
0.005
0.001
0.084
0.112
0.003
0.076
0.179
0.001
0.006
0.005
0.001
0.005
0.001
0.043
0.125
0.044
0.013
0.011
0.075
0.011
0.242
0.004
0.001
0.19
0.001
0.214
0.001
0.203
0.003
0.001
0.004
0.027
0.21
0.006
0.004
0.003
0.068
0.001
0.004
0.002
0.001
0.039
0.054
0.006
0.118
0.002
0.004
0.011
0.247
0.013
0.001
0.002
0.129
0.003
0.171
0.039
0.002
0.002
0.027
0.037
0.043
0.024
0.085
0.002
0.009
0.063
0.057
0.001
0.004
0.002
0.071
0.166
0.003
0.094
0.085
0.133
0.001
0.007
0.017
0.014
0.123
0.026
0.026
0.004
0.005
0.054
0.001
0.005
0.035
0.238
0.152
0.005
0.004
0.006
0.005
0.003
0.12
0.001
0.066
0.007
0.001
0.027
0.001
0.001
0.082
0.003
0.006
0.001
0.185
0.147
0.004
0.001
0.001
0.141
0.096
0.009
0.001
0.005
0.004
0.01
0.011
0.005
0.011
0.046
0.037
0.038
0.001
0.005
0.001
0.144
0.001
0.001
0.112
0.008
0.034
0.054
0.085
0.087
0.122
0.179
0.202
0.079
0.003
0.091
0.001
0.006
0.178
0.084
0.086
0.022
0.086
0.046
0.054
0.095
0.069
0.003
0.002
0.062
0.001
0.013
0.001
0.041
0.087
0.011
0.008
0.007
0.001
0.093
0.029
0.036
0.001
0.05
0.064
0.037
0.072
0.008
0.041
0.026
0.002
0.006
0.001
0.038
0.001
0.061
0.227
0.001
0.054
0.016
0.002
0.004
0.092
0.007
0.082
0.001
0.137
0.001
0.005
0.001
0.002
0.001
0.076
0.2
0.073
0.044
0.137
0.037
0.157
0.024
0.001
0.001
0.171
0.057
0.14
0.195
0.13
0.051
0.005
0.006
0.001
0.122
0.003
0.047
0.18
0.01
0.046
0.056
0.138
0.001
0.012
0.224
0.007
0.167
0.001
0.088
0.004
0.099
0.041
0.057
0.001
0.004
0.001
0.009
0.089
0.006
0.069
0.001
0.08
0.188
0.015
0.005
0.036
0.001
0.028
0.072
0.001
0.138
0.001
0.003
0.003
0.089
0.101
0.001
0.189
0.191
0.011
0.105
0.004
0.001
0.001
0.031
0.003
0.262
0.016
0.001
0.002
0.005
0.227
0.202
0.089
0.096
0.2
0.149
0.144
0.139
0.001
0.071
0.004
0.001
0.111
0.007
0.002
0.001
0.04
0.139
0.26
0.072
0.112
0.064
0.005
0.002
0.03
0.096
0.001
0.001
0.106
0.003
0.052
0.019
0.001
0.063
0.004
0.003
0.001
0.114
0.001
0.118
0.041
0.098
0.108
0.004
0.24
0.251
0.06
0.042
0.161
0.043
0.001
0.002
0.013
0.108
0.002
0.001
0.018
0.005
0.003
0.001
0.105
0.003
0.003
0.009
0.078
0.129
0.096
0.035
0.002
0.274
0.185
0.001
0.01
0.013
0.002
0.001
0.013
0.047
0.002
0.007
0.102
0.017
0.254
0.209
0.002
0.003
0.004
0.001
0.014
0.055
0.156
0.017
0.334
0.001
0.153
0.051
0.001
0.139
0.003
0.065
0.003
0.001
0.024
0.105
0.027
0.126
0.08
0.045
0.114
0.039
0.001
0.168
0.001
0.006
0.067
0.022
0.097
0.008
0.087
0.013
0.184
0.094
0.001
0.007
0.303
0.001
0.007
0.003
0.003
0.053
0.003
0.097
0.069
0.003
0.315
0.001
0.003
0.001
0.007
0.054
0.092
0.001
0.01
0.014
0.008
0.169
0.014
0.025
0.001
0.001
0.004
0.196
0.001
0.088
0.005
0.001
0.004
0.017
0.119
0.053
0.041
0.001
0.079
0.085
0.001
0.012
0.005
0.001
0.026
0.001
0.15
0.048
0.001
0.166
0.001
0.001
0.002
0.045
0.002
0.004
0.001
0.033
0.001
0.095
0.001
0.003
0.266
0.001
0.001
0.071
0.05
0.11
0.002
0.008
0.106
0.103
0.004
0.028
0.004
0.266
0.025
0.001
0.001
0.078
0.073
0.14
0.024
0.107
0.001
0.004
0.037
0.191
0.044
0.096
0.206
0.047
0.108
0.101
0.139
0.074
0.003
0.02
0.001
0.034
0.005
0.025
0.001
0.087
0.115
0.002
0.001
0.277
0.006
0.001
0.004
0.145
0.045
0.203
0.016
0.147
0.004
0.002
0.255
0.003
0.003
0.001
0.005
0.223
0.001
0.001
0.172
0.005
0.003
0.104
0.049
0.091
0.145
0.187
0.014
0.003
0.019
0.18
0.143
0.021
0.244
0.002
0.065
0.002
0.001
0.001
0.001
0.001
0.081
0.025
0.002
0.158
0.005
0.005
0.091
0.004
0.005
0.002
0.001
0.081
0.011
0.051
0.125
0.168
0.01
0.002
0.131
0.047
0.002
0.001
0.001
0.003
0.048
0.118
0.294
0.187
0.001
0.002
0.001
0.216
0.031
0.003
0.054
0.001
0.008
0.002
0.021
0.036
0.004
0.086
0.001
0.059
0.009
0.067
0.016
0.14
0.001
0.006
0.002
0.001
0.16
0.007
0.085
0.026
0.056
0.001
0.221
0.001
0.003
0.004
0.001
0.001
0.108
0.001
0.216
0.029
0.013
0.092
0.007
0.033
0.182
0.088
0.119
0.246
0.197
0.002
0.008
0.009
0.002
0.003
0.054
0.002
0.184
0.082
0.009
0.083
0.026
0.016
0.036
0.001
0.001
0.039
0.001
0.003
0.03
0.003
0.079
0.022
0.003
0.118
0.004
0.007
0.166
0.001
0.105
0.145
0.2
0.003
0.003
0.009
0.101
0.048
0.066
0.102
0.005
0.009
0.168
0.165
0.015
0.089
0.071
0.001
0.016
0.013
0.001
0.001
0.019
0.146
0.04
0.006
0.002
0.151
0.001
0.092
0.01
0.189
0.003
0.008
0.001
0.097
0.003
0.002
0.003
0.001
0.182
0.077
0.001
0.071
0.054
0.006
0.315
0.001
0.284
0.023
0.157
0.002
0.001
0.21
0.061
0.004
0.004
0.101
0.034
0.014
0.002
0.133
0.001
0.035
0.005
0.001
0.007
0.003
0.078
0.104
0.004
0.077
0.173
0.079
0.028
0.002
0.003
0.006
0.005
0.048
0.057
0.106
0.243
0.131
0.065
0.186
0.074
0.136
0.082
0.3
0.151
0.017
0.001
0.002
0.05
0.001
0.006
0.001
0.18
0.106
0.133
0.051
0.04
0.041
0.097
0.004
0.042
0.001
0.059
0.005
0.107
0.001
0.061
0.031
0.001
0.132
0.007
0.094
0.002
0.001
0.155
0.007
0.004
0.001
0.029
0.01
0.001
0.104
0.008
0.004
0.001
0.09
0.001
0.001
0.001
0.001
0.002
0.001
0.135
0.081
0.055
0.001
0.058
0.134
0.095
0.071
0.001
0.132
0.001
0.001
0.015
0.003
0.001
0.001
0.001
0.001
0.093
0.159
0.153
0.09
0.117
0.14
0.018
0.001
0.004
0.005
0.006
0.003
0.039
0.055
0.003
0.104
0.092
0.001
0.165
0.001
0.027
0.001
0.035
0.071
0.047
0.04
0.033
0.001
0.001
0.15
0.001
0.08
0.002
0.057
0.086
0.074
0.001
0.002
0.002
0.028
0.091
0.171
0.11
0.003
0.009
0.001
0.119
0.073
0.158
0.076
0.054
0.004
0.006
0.072
0.031
0.138
0.006
0.077
0.056
0.005
0.007
0.083
0.066
0.035
0.264
0.001
0.001
0.156
0.001
0.036
0.006
0.153
0.003
0.189
0.057
0.01
0.021
0.002
0.003
0.005
0.022
0.143
0.158
0.14
0.001
0.001
0.001
0.033
0.243
0.005
0.003
0.214
0.034
0.002
0.001
0.001
0.029
0.001
0.001
0.275
0.003
0.161
0.2
0.074
0.003
0.009
0.007
0.11
0.148
0.001
0.001
0.013
0.001
0.001
0.003
0.03
0.103
0.005
0.001
0.041
0.041
0.048
0.002
0.005
0.001
0.122
0.005
0.11
0.001
0.142
0.002
0.059
0.002
0.163
0.104
0.001
0.142
0.001
0.001
0.051
0.087
0.035
0.003
0.062
0.048
0.005
0.178
0.005
0.001
0.068
0.088
0.034
0.109
0.001
0.105
0.086
0.002
0.073
0.149
0.004
0.082
0.006
0.002
0.04
0.079
0.064
0.092
0.001
0.01
0.034
0.007
0.236
0.085
0.114
0.004
0.087
0.003
0.003
0.123
0.077
0.003
0.004
0.003
0.003
0.001
0.001
0.093
0.049
0.004
0.001
0.019
0.091
0.06
0.027
0.004
0.012
0.122
0.002
0.001
0.197
0.001
0.003
0.101
0.054
0.001
0.002
0.094
0.03
0.003
0.002
0.003
0.007
0.091
0.041
0.101
0.071
0.078
0.141
0.002
0.139
0.001
0.042
0.001
0.003
0.001
0.017
0.005
0.116
0.039
0.003
0.012
0.003
0.135
0.154
0.001
0.001
0.007
0.004
0.001
0.004
0.072
0.066
0.001
0.003
0.13
0.004
0.034
0.001
0.041
0.058
0.068
0.102
0.005
0.043
0.001
0.001
0.175
0.127
0.002
0.157
0.014
0.002
0.006
0.092
0.032
0.19
0.002
0.034
0.001
0.001
0.017
0.005
0.01
0.062
0.066
0.15
0.003
0.226
0.002
0.002
0.038
0.001
0.001
0.071
0.059
0.002
0.001
0.004
0.009
0.143
0.07
0.002
0.001
0.02
0.008
0.11
0.099
0.081
0.137
0.034
0.001
0.126
0.198
0.093
0.014
0.035
0.071
0.034
0.155
0.088
0.003
0.049
0.046
0.001
0.002
0.005
0.094
0.072
0.002
0.092
0.05
0.093
0.101
0.003
0.001
0.07
0.003
0.001
0.005
0.043
0.012
0.001
0.001
0.011
0.003
0.001
0.001
0.004
0.002
0.042
0.001
0.238
0.001
0.002
0.004
0.113
0.001
0.005
0.035
0.002
0.062
0.085
0.001
0.096
0.267
0.001
0.001
0.007
0.007
0.137
0.037
0.006
0.041
0.005
0.003
0.079
0.116
0.17
0.064
0.004
0.004
0.115
0.12
0.002
0.035
0.001
0.038
0.001
0.004
0.004
0.022
0.005
0.101
0.007
0.002
0.132
0.002
0.002
0.001
0.01
0.001
0.175
0.056
0.081
0.103
0.154
0.081
0.066
0.074
0.068
0.075
0.007
0.256
0.013
0.075
0.002
0.051
0.131
0.019
0.001
0.014
0.01
0.001
0.054
0.073
0.013
0.004
0.002
0.004
0.036
0.003
0.163
0.032
0.093
0.061
0.037
0.004
0.001
0.004
0.004
0.249
0.101
0.083
0.026
0.096
0.003
0.001
0.106
0.007
0.001
0.055
0.371
0.08
0.092
0.045
0.065
0.045
0.097
0.002
0.147
0.002
0.081
0.098
0.004
0.002
0.063
0.001
0.003
0.025
0.001
0.018
0.065
0.052
0.08
0.01
0.008
0.147
0.002
0.078
0.086
0.038
0.187
0.068
0.007
0.003
0.09
0.045
0.109
0.238
0.001
0.003
0.002
0.101
0.002
0.058
0.002
0.044
0.103
0.003
0.077
0.005
0.005
0.141
0.016
0.004
0.02
0.152
0.038
0.027
0.001
0.074
0.001
0.001
0.002
0.017
0.123
0.044
0.002
0.004
0.102
0.007
0.02
0.01
0.001
0.005
0.001
0.34
0.003
0.033
0.182
0.004
0.053
0.003
0.058
0.03
0.1
0.142
0.114
0.095
0.001
0.001
0.151
0.099
0.155
0.001
0.041
0.116
0.027
0.001
0.007
0.045
0.004
0.084
0.02
0.002
0.059
0.058
0.225
0.001
0.108
0.2
0.005
0.043
0.006
0.001
0.001
0.05
0.07
0.005
0.139
0.106
0.083
0.055
0.089
0.002
0.115
0.008
0.001
0.049
0.08
0.002
0.004
0.011
0.176
0.002
0.001
0.004
0.004
0.109
0.001
0.066
0.002
0.001
0.005
0.003
0.001
0.006
0.002
0.067
0.002
0.003
0.041
0.001
0.002
0.001
0.16
0.151
0.115
0.001
0.004
0.051
0.132
0.078
0.044
0.001
0.164
0.279
0.003
0.005
0.096
0.005
0.094
0.001
0.006
0.022
0.024
0.003
0.009
0.029
0.004
0.001
0.21
0.002
0.002
0.003
0.001
0.001
0.002
0.001
0.013
0.114
0.095
0.04
0.001
0.004
0.001
0.037
0.001
0.048
0.03
0.205
0.02
0.081
0.13
0.076
0.016
0.145
0.031
0.016
0.081
0.117
0.084
0.001
0.001
0.002
0.079
0.004
0.088
0.088
0.143
0.002
0.004
0.079
0.053
0.184
0.002
0.002
0.001
0.004
0.001
0.008
0.004
0.001
0.084
0.122
0.01
0.002
0.002
0.003
0.002
0.002
0.098
0.117
0.001
0.037
0.118
0.005
0.02
0.001
0.154
0.069
0.003
0.001
0.227
0.088
0.001
0.003
0.015
0.002
0.05
0.001
0.002
0.015
0.018
0.002
0.001
0.056
0.001
0.001
0.107
0.002
0.067
0.001
0.148
0.003
0.005
0.068
0.003
0.052
0.102
0.024
0.002
0.131
0.01
0.081
0.147
0.014
0.001
0.004
0.11
0.091
0.018
0.058
0.001
0.045
0.003
0.002
0.17
0.004
0.008
0.002
0.008
0.108
0.011
0.052
0.108
0.008
0.111
0.007
0.001
0.003
0.006
0.081
0.051
0.001
0.241
0.001
0.075
0.003
0.112
0.098
0.019
0.092
0.015
0.087
0.001
0.075
0.002
0.003
0.136
0.264
0.002
0.003
0.233
0.17
0.009
0.123
0.003
0.138
0.059
0.05
0.004
0.001
0.001
0.002
0.124
0.001
0.002
0.001
0.09
0.214
0.084
0.001
0.037
0.317
0.001
0.133
0.002
0.061
0.184
0.151
0.171
0.004
0.002
0.04
0.035
0.19
0.006
0.067
0.1
0.098
0.126
0.121
0.009
0.023
0.005
0.028
0.054
0.005
0.051
0.09
0.001
0.011
0.114
0.001
0.001
0.118
0.003
0.001
0.001
0.006
0.062
0.114
0.016
0.162
0.174
0.002
0.001
0.056
0.052
0.001
0.03
0.053
0.004
0.001
0.061
0.001
0.102
0.001
0.121
0.003
0.003
0.002
0.142
0.109
0.029
0.002
0.001
0.004
0.003
0.248
0.002
0.003
0.116
0.071
0.129
0.133
0.018
0.001
0.026
0.001
0.001
0.09
0.002
0.052
0.002
0.002
0.001
0.091
0.135
0.092
0.009
0.002
0.004
0.259
0.065
0.014
0.217
0.069
0.007
0.001
0.006
0.035
0.003
0.002
0.083
0.046
0.001
0.006
0.189
0.001
0.071
0.015
0.006
0.062
0.005
0.001
0.152
0.014
0.008
0.026
0.007
0.112
0.088
0.004
0.242
0.214
0.038
0.083
0.002
0.104
0.173
0.006
0.292
0.001
0.004
0.002
0.165
0.111
0.163
0.005
0.139
0.009
0.007
0.044
0.004
0.005
0.049
0.001
0.004
0.017
0.052
0.006
0.182
0.072
0.077
0.002
0.057
0.028
0.106
0.069
0.001
0.005
0.001
0.083
0.151
0.006
0.126
0.023
0.002
0.161
0.126
0.003
0.06
0.018
0.118
0.002
0.03
0.003
0.14
0.005
0.132
0.082
0.01
0.002
0.169
0.002
0.003
0.002
0.061
0.004
0.001
0.011
0.011
0.001
0.154
0.064
0.001
0.176
0.215
0.076
0.002
0.002
0.005
0.072
0.004
0.109
0.027
0.233
0.041
0.009
0.047
0.001
0.077
0.015
0.15
0.16
0.06
0.004
0.051
0.241
0.091
0.152
0.017
0.003
0.175
0.007
0.021
0.044
0.031
0.116
0.073
0.005
0.06
0.057
0.017
0.001
0.004
0.002
0.34
0.052
0.123
0.003
0.006
0.001
0.287
0.017
0.172
0.001
0.033
0.164
0.142
0.067
0.015
0.004
0.001
0.028
0.03
0.027
0.102
0.001
0.007
0.115
0.115
0.081
0.202
0.066
0.001
0.003
0.015
0.001
0.002
0.219
0.002
0.003
0.001
0.002
0.017
0.001
0.064
0.058
0.039
0.004
0.21
0.001
0.037
0.158
0.164
0.025
0.02
0.021
0.015
0.102
0.049
0.098
0.001
0.082
0.138
0.146
0.002
0.001
0.003
0.003
0.018
0.057
0.187
0.089
0.003
0.063
0.009
0.064
0.004
0.008
0.043
0.001
0.011
0.016
0.029
0.016
0.006
0.193
0.042
0.001
0.13
0.001
0.184
0.002
0.011
0.095
0.161
0.003
0.14
0.082
0.001
0.001
0.006
0.001
0.039
0.001
0.149
0.001
0.001
0.009
0.103
0.002
0.173
0.002
0.163
0.124
0.001
0.066
0.003
0.001
0.001
0.004
0.002
0.001
0.003
0.136
0.011
0.003
0.005
0.095
0.018
0.231
0.004
0.101
0.018
0.016
0.046
0.001
0.001
0.009
0.11
0.002
0.211
0.001
0.091
0.008
0.005
0.302
0.064
0.076
0.258
0.001
0.001
0.001
0.11
0.009
0.018
0.06
0.102
0.011
0.132
0.137
0.007
0.214
0.01
0.005
0.001
0.007
0.088
0.001
0.391
0.183
0.041
0.119
0.05
0.001
0.002
0.025
0.159
0.069
0.025
0.029
0.066
0.001
0.245
0.001
0.026
0.122
0.259
0.005
0.024
0.003
0.003
0.001
0.073
0.001
0.003
0.001
0.003
0.001
0.048
0.092
0.235
0.014
0.085
0.007
0.001
0.046
0.003
0.03
0.003
0.001
0.002
0.109
0.002
0.036
0.012
0.093
0.183
0.03
0.048
0.001
0.001
0.119
0.003
0.174
0.006
0.014
0.001
0.001
0.114
0.015
0.008
0.002
0.163
0.004
0.001
0.001
0.083
0.147
0.007
0.074
0.045
0.001
0.115
0.069
0.001
0.08
0.14
0.047
0.009
0.001
0.023
0.03
0.001
0.127
0.001
0.001
0.002
0.064
0.115
0.027
0.001
0.088
0.002
0.09
0.09
0.006
0.11
0.069
0.016
0.078
0.095
0.143
0.001
0.001
0.056
0.087
0.09
0.01
0.157
0.016
0.002
0.008
0.021
0.239
0.069
0.139
0.023
0.002
0.005
0.168
0.001
0.001
0.001
0.004
0.001
0.152
0.002
0.002
0.011
0.12
0.001
0.006
0.002
0.124
0.107
0.001
0.001
0.001
0.003
0.08
0.159
0.244
0.002
0.015
0.001
0.013
0.003
0.114
0.031
0.001
0.136
0.278
0.118
0.004
0.003
0.001
0.117
0.05
0.002
0.003
0.012
0.021
0.001
0.093
0.168
0.093
0.001
0.003
0.003
0.07
0.004
0.059
0.001
0.114
0.002
0.001
0.01
0.006
0.083
0.179
0.108
0.048
0.003
0.009
0.001
0.002
0.003
0.133
0.143
0.001
0.001
0.039
0.004
0.229
0.005
0.001
0.009
0.002
0.007
0.005
0.01
0.189
0.007
0.002
0.245
0.095
0.042
0.07
0.118
0.057
0.178
0.003
0.142
0.076
0.002
0.174
0.006
0.112
0.001
0.033
0.062
0.005
0.184
0.151
0.212
0.049
0.013
0.076
0.162
0.005
0.092
0.001
0.04
0.001
0.051
0.036
0.005
0.043
0.089
0.031
0.002
0.184
0.065
0.001
0.077
0.001
0.003
0.002
0.11
0.007
0.001
0.001
0.15
0.07
0.003
0.084
0.016
0.047
0.006
0.007
0.072
0.124
0.009
0.017
0.128
0.002
0.104
0.031
0.003
0.051
0.001
0.25
0.147
0.006
0.188
0.093
0.001
0.156
0.122
0.205
0.02
0.005
0.227
0.137
0.191
0.001
0.002
0.124
0.002
0.035
0.008
0.05
0.001
0.024
0.085
0.006
0.009
0.072
0.085
0.001
0.053
0.006
0.178
0.009
0.033
0.008
0.001
0.101
0.001
0.029
0.148
0.113
0.199
0.135
0.001
0.071
0.053
0.32
0.074
0.002
0.062
0.054
0.01
0.001
0.001
0.005
0.106
0.088
0.317
0.12
0.004
0.079
0.247
0.012
0.204
0.002
0.118
0.027
0.003
0.003
0.036
0.112
0.039
0.071
0.001
0.001
0.068
0.068
0.002
0.005
0.004
0.193
0.063
0.002
0.018
0.001
0.246
0.006
0.001
0.057
0.11
0.001
0.141
0.029
0.227
0.202
0.001
0.001
0.005
0.06
0.253
0.092
0.002
0.004
0.046
0.007
0.007
0.104
0.093
0.059
0.039
0.106
0.002
0.001
0.282
0.172
0.011
0.194
0.128
0.004
0.026
0.064
0.001
0.062
0.006
0.004
0.001
0.001
0.005
0.008
0.101
0.024
0.08
0.002
0.207
0.042
0.001
0.114
0.13
0.001
0.005
0.001
0.011
0.026
0.001
0.127
0.109
0.162
0.076
0.111
0.002
0.001
0.177
0.113
0.002
0.001
0.001
0.056
0.002
0.001
0.021
0.059
0.185
0.067
0.001
0.002
0.03
0.002
0.005
0.002
0.02
0.001
0.126
0.001
0.068
0.001
0.001
0.053
0.053
0.089
0.004
0.023
0.001
0.005
0.022
0.128
0.003
0.063
0.024
0.004
0.004
0.104
0.005
0.047
0.087
0.007
0.004
0.17
0.144
0.073
0.001
0.022
0.001
0.046
0.005
0.001
0.097
0.004
0.13
0.129
0.041
0.001
0.064
0.132
0.005
0.002
0.088
0.006
0.001
0.005
0.04
0.026
0.003
0.089
0.003
0.001
0.019
0.13
0.084
0.002
0.056
0.078
0.003
0.074
0.077
0.004
0.005
0.001
0.002
0.001
0.002
0.054
0.001
0.047
0.001
0.002
0.002
0.128
0.003
0.001
0.006
0.001
0.093
0.046
0.014
0.006
0.105
0.01
0.002
0.005
0.075
0.012
0.009
0.004
0.002
0.072
0.087
0.151
0.08
0.095
0.014
0.046
0.092
0.057
0.085
0.043
0.003
0.045
0.045
0.001
0.054
0.187
0.09
0.07
0.123
0.089
0.001
0.199
0.005
0.068
0.058
0.001
0.002
0.005
0.13
0.023
0.051
0.001
0.08
0.002
0.001
0.036
0.02
0.111
0.002
0.095
0.141
0.008
0.017
0.002
0.014
0.058
0.123
0.023
0.027
0.006
0.015
0.151
0.016
0.007
0.15
0.041
0.024
0.112
0.215
0.001
0.003
0.004
0.004
0.002
0.002
0.009
0.118
0.001
0.001
0.009
0.076
0.001
0.03
0.032
0.036
0.266
0.001
0.074
0.001
0.156
0.033
0.274
0.002
0.251
0.003
0.003
0.045
0.109
0.019
0.001
0.003
0.171
0.002
0.011
0.06
0.003
0.059
0.021
0.089
0.062
0.001
0.052
0.122
0.231
0.006
0.002
0.002
0.053
0.001
0.007
0.08
0.038
0.134
0.085
0.109
0.075
0.065
0.063
0.096
0.009
0.001
0.061
0.001
0.03
0.001
0.001
0.037
0.103
0.001
0.02
0.001
0.018
0.053
0.046
0.053
0.042
0.001
0.001
0.001
0.034
0.002
0.001
0.112
0.001
0.139
0.001
0.161
0.03
0.007
0.001
0.026
0.114
0.001
0.064
0.001
0.072
0.006
0.009
0.129
0.002
0.003
0.005
0.239
0.053
0.002
0.079
0.001
0.001
0.001
0.002
0.005
0.182
0.004
0.009
0.044
0.159
0.061
0.063
0.038
0.137
0.073
0.121
0.054
0.061
0.009
0.002
0.001
0.003
0.019
0.032
0.003
0.093
0.005
0.024
0.051
0.026
0.247
0.119
0.003
0.001
0.002
0.051
0.002
0.026
0.001
0.19
0.022
0.001
0.001
0.007
0.011
0.001
0.148
0.175
0.051
0.005
0.002
0.013
0.011
0.001
0.067
0.08
0.002
0.075
0.002
0.003
0.001
0.017
0.028
0.173
0.048
0.025
0.008
0.189
0.062
0.011
0.011
0.002
0.001
0.005
0.001
0.008
0.145
0.053
0.011
0.047
0.065
0.001
0.09
0.135
0.165
0.035
0.073
0.098
0.001
0.01
0.001
0.002
0.171
0.001
0.048
0.001
0.001
0.212
0.02
0.002
0.172
0.001
0.203
0.001
0.055
0.002
0.24
0.022
0.139
0.001
0.009
0.132
0.207
0.003
0.001
0.003
0.001
0.088
0.001
0.009
0.076
0.201
0.001
0.078
0.052
0.102
0.126
0.001
0.047
0.175
0.01
0.008
0.008
0.047
0.091
0.083
0.12
0.084
0.001
0.054
0.001
0.003
0.001
0.002
0.012
0.073
0.102
0.054
0.03
0.033
0.121
0.014
0.086
0.011
0.027
0.006
0.002
0.001
0.034
0.113
0.026
0.09
0.013
0.015
0.056
0.004
0.028
0.002
0.129
0.079
0.006
0.004
0.168
0.007
0.003
0.153
0.325
0.001
0.092
0.022
0.027
0.046
0.006
0.273
0.148
0.001
0.123
0.004
0.07
0.007
0.037
0.003
0.002
0.049
0.002
0.004
0.003
0.002
0.286
0.019
0.001
0.178
0.007
0.146
0.011
0.002
0.167
0.092
0.039
0.004
0.112
0.003
0.024
0.005
0.001
0.001
0.058
0.01
0.018
0.033
0.26
0.104
0.014
0.051
0.001
0.023
0.029
0.116
0.001
0.042
0.048
0.041
0.005
0.232
0.266
0.001
0.003
0.015
0.001
0.003
0.135
0.004
0.024
0.014
0.001
0.001
0.043
0.001
0.001
0.002
0.059
0.003
0.071
0.005
0.001
0.002
0.003
0.002
0.049
0.002
0.001
0.008
0.001
0.002
0.001
0.13
0.1
0.012
0.078
0.006
0.003
0.085
0.048
0.01
0.095
0.043
0.119
0.001
0.143
0.085
0.069
0.001
0.028
0.09
0.092
0.302
0.032
0.254
0.002
0.022
0.248
0.001
0.037
0.002
0.032
0.044
0.001
0.007
0.17
0.201
0.001
0.172
0.003
0.165
0.004
0.004
0.009
0.001
0.003
0.003
0.007
0.012
0.001
0.033
0.093
0.042
0.181
0.016
0.08
0.006
0.048
0.029
0.001
0.038
0.009
0.063
0.09
0.204
0.005
0.002
0.011
0.002
0.191
0.001
0.081
0.213
0.001
0.018
0.008
0.254
0.001
0.055
0.002
0.055
0.144
0.271
0.001
0.094
0.122
0.036
0.173
0.173
0.103
0.005
0.04
0.001
0.004
0.168
0.245
0.038
0.19
0.002
0.004
0.001
0.024
0.125
0.003
0.003
0.003
0.099
0.001
0.001
0.061
0.002
0.026
0.001
0.068
0.134
0.002
0.052
0.002
0.054
0.154
0.097
0.106
0.001
0.001
0.001
0.001
0.001
0.02
0.001
0.056
0.185
0.016
0.026
0.001
0.114
0.069
0.126
0.135
0.021
0.001
0.001
0.032
0.003
0.01
0.014
0.067
0.038
0.015
0.135
0.003
0.047
0.001
0.003
0.134
0.066
0.1
0.009
0.032
0.044
0.037
0.002
0.26
0.002
0.001
0.13
0.002
0.001
0.136
0.001
0.164
0.099
0.011
0.001
0.022
0.001
0.001
0.004
0.004
0.01
0.018
0.005
0.001
0.067
0.153
0.003
0.059
0.005
0.123
0.234
0.046
0.001
0.001
0.067
0.001
0.133
0.002
0.194
0.004
0.021
0.027
0.007
0.002
0.054
0.011
0.003
0.006
0.102
0.205
0.03
0.004
0.02
0.094
0.001
0.05
0.001
0.059
0.001
0.001
0.003
0.099
0.007
0.122
0.007
0.001
0.064
0.074
0.004
0.177
0.003
0.004
0.056
0.091
0.171
0.006
0.113
0.001
0.193
0.009
0.006
0.199
0.003
0.001
0.013
0.092
0.001
0.004
0.001
0.073
0.002
0.02
0.059
0.001
0.111
0.002
0.289
0.09
0.006
0.071
0.002
0.053
0.001
0.002
0.262
0.122
0.081
0.113
0.007
0.093
0.022
0.009
0.014
0.001
0.002
0.043
0.063
0.048
0.001
0.003
0.104
0.105
0.05
0.08
0.001
0.127
0.006
0.001
0.108
0.119
0.007
0.129
0.132
0.034
0.041
0.001
0.007
0.103
0.003
0.003
0.033
0.002
0.034
0.059
0.003
0.005
0.004
0.022
0.001
0.004
0.032
0.005
0.055
0.133
0.007
0.009
0.116
0.001
0.002
0.001
0.003
0.252
0.001
0.003
0.006
0.004
0.086
0.006
0.043
0.033
0.002
0.001
0.068
0.003
0.073
0.003
0.027
0.061
0.023
0.054
0.002
0.001
0.079
0.009
0.001
0.001
0.185
0.009
0.072
0.108
0.003
0.05
0.084
0.086
0.072
0.037
0.005
0.131
0.001
0.001
0.187
0.192
0.008
0.281
0.101
0.001
0.015
0.005
0.12
0.001
0.169
0.029
0.006
0.005
0.001
0.09
0.013
0.241
0.001
0.203
0.002
0.038
0.139
0.213
0.259
0.002
0.107
0.16
0.01
0.051
0.171
0.002
0.025
0.096
0.03
0.005
0.002
0.003
0.009
0.001
0.022
0.003
0.079
0.078
0.077
0.008
0.203
0.003
0.327
0.002
0.008
0.008
0.087
0.067
0.001
0.103
0.165
0.043
0.002
0.012
0.047
0.129
0.002
0.002
0.139
0.096
0.142
0.004
0.005
0.01
0.004
0.159
0.177
0.001
0.002
0.026
0.002
0.043
0.002
0.003
0.004
0.004
0.003
0.071
0.001
0.002
0.065
0.111
0.196
0.019
0.104
0.024
0.001
0.212
0.001
0.003
0.051
0.081
0.081
0.001
0.052
0.127
0.033
0.11
0.065
0.055
0.011
0.112
0.001
0.078
0.109
0.002
0.002
0.002
0.022
0.194
0.005
0.059
0.16
0.019
0.112
0.057
0.009
0.001
0.069
0.027
0.001
0.04
0.001
0.03
0.088
0.058
0.244
0.155
0.001
0.072
0.002
0.064
0.101
0.004
0.095
0.003
0.055
0.054
0.001
0.006
0.001
0.136
0.001
0.131
0.089
0.031
0.001
0.003
0.068
0.043
0.005
0.001
0.027
0.004
0.006
0.233
0.001
0.006
0.005
0.105
0.002
0.002
0.139
0.043
0.017
0.001
0.003
0.106
0.084
0.004
0.02
0.002
0.001
0.015
0.218
0.058
0.043
0.12
0.001
0.274
0.002
0.096
0.296
0.001
0.002
0.039
0.006
0.087
0.001
0.112
0.001
0.01
0.095
0.001
0.099
0.013
0.001
0.276
0.225
0.035
0.001
0.006
0.147
0.005
0.024
0.039
0.003
0.078
0.182
0.146
0.187
0.083
0.002
0.001
0.001
0.166
0.001
0.004
0.115
0.063
0.098
0.017
0.109
0.126
0.001
0.064
0.001
0.169
0.001
0.026
0.073
0.003
0.132
0.004
0.001
0.019
0.102
0.085
0.056
0.047
0.031
0.004
0.064
0.083
0.082
0.002
0.006
0.002
0.065
0.145
0.001
0.002
0.09
0.067
0.119
0.009
0.094
0.066
0.026
0.231
0.004
0.217
0.094
0.167
0.011
0.001
0.189
0.089
0.046
0.047
0.036
0.054
0.001
0.001
0.017
0.003
0.003
0.003
0.015
0.092
0.013
0.002
0.001
0.011
0.004
0.001
0.007
0.002
0.001
0.025
0.103
0.002
0.009
0.004
0.01
0.073
0.018
0.002
0.034
0.001
0.005
0.191
0.08
0.06
0.034
0.094
0.123
0.001
0.047
0.001
0.006
0.005
0.004
0.001
0.002
0.196
0.105
0.012
0.012
0.003
0.028
0.002
0.164
0.096
0.008
0.051
0.002
0.001
0.001
0.001
0.004
0.005
0.058
0.001
0.082
0.1
0.05
0.111
0.001
0.002
0.001
0.001
0.011
0.001
0.035
0.052
0.004
0.093
0.044
0.001
0.179
0.129
0.021
0.12
0.002
0.099
0.001
0.085
0.147
0.001
0.006
0.002
0.028
0.001
0.113
0.007
0.074
0.008
0.001
0.01
0.014
0.008
0.004
0.001
0.005
0.111
0.112
0.082
0.011
0.046
0.051
0.087
0.001
0.236
0.001
0.136
0.001
0.168
0.001
0.097
0.112
0.013
0.004
0.032
0.098
0.001
0.042
0.013
0.01
0.013
0.268
0.116
0.002
0.103
0.001
0.046
0.127
0.001
0.02
0.033
0.001
0.042
0.001
0.001
0.091
0.094
0.154
0.189
0.003
0.107
0.073
0.054
0.029
0.051
0.053
0.118
0.115
0.002
0.012
0.087
0.216
0.041
0.001
0.004
0.001
0.157
0.112
0.069
0.004
0.155
0.001
0.002
0.108
0.001
0.033
0.004
0.001
0.008
0.104
0.008
0.074
0.001
0.001
0.012
0.002
0.258
0.003
0.046
0.003
0.12
0.001
0.006
0.005
0.133
0.002
0.038
0.003
0.057
0.127
0.02
0.01
0.081
0.155
0.016
0.032
0.001
0.007
0.28
0.369
0.045
0.105
0.096
0.003
0.003
0.12
0.096
0.069
0.035
0.002
0.067
0.134
0.074
0.057
0.102
0.027
0.001
0.07
0.143
0.004
0.009
0.004
0.273
0.192
0.002
0.058
0.001
0.089
0.001
0.003
0.007
0.003
0.003
0.001
0.002
0.008
0.002
0.011
0.078
0.004
0.137
0.111
0.137
0.001
0.026
0.096
0.001
0.123
0.143
0.116
0.019
0.011
0.02
0.076
0.001
0.024
0.005
0.076
0.133
0.007
0.112
0.138
0.015
0.001
0.001
0.128
0.084
0.001
0.039
0.027
0.001
0.003
0.006
0.122
0.052
0.017
0.153
0.013
0.018
0.154
0.049
0.139
0.172
0.142
0.131
0.264
0.117
0.001
0.047
0.001
0.07
0.002
0.001
0.006
0.004
0.196
0.067
0.003
0.086
0.012
0.021
0.001
0.012
0.162
0.005
0.001
0.001
0.003
0.165
0.034
0.006
0.01
0.002
0.15
0.013
0.077
0.002
0.22
0.002
0.044
0.016
0.15
0.056
0.179
0.016
0.001
0.006
0.032
0.048
0.07
0.001
0.003
0.04
0.002
0.182
0.132
0.039
0.04
0.089
0.003
0.002
0.184
0.001
0.004
0.008
0.159
0.006
0.144
0.003
0.17
0.119
0.011
0.001
0.305
0.08
0.149
0.088
0.005
0.011
0.037
0.002
0.206
0.117
0.006
0.002
0.001
0.001
0.005
0.055
0.023
0.022
0.249
0.001
0.001
0.043
0.003
0.001
0.002
0.171
0.068
0.003
0.111
0.002
0.214
0.002
0.002
0.058
0.001
0.023
0.153
0.217
0.259
0.117
0.048
0.262
0.023
0.15
0.003
0.126
0.042
0.039
0.097
0.004
0.061
0.068
0.003
0.058
0.071
0.058
0.001
0.007
0.012
0.191
0.046
0.096
0.099
0.077
0.003
0.113
0.001
0.034
0.088
0.028
0.216
0.004
0.076
0.002
0.262
0.14
0.227
0.163
0.005
0.004
0.147
0.147
0.001
0.074
0.026
0.06
0.094
0.001
0.002
0.131
0.001
0.054
0.005
0.247
0.002
0.001
0.125
0.001
0.004
0.004
0.012
0.003
0.045
0.002
0.041
0.099
0.001
0.163
0.016
0.003
0.165
0.001
0.045
0.001
0.08
0.009
0.004
0.013
0.002
0.011
0.007
0.001
0.039
0.02
0.025
0.152
0.083
0.002
0.004
0.217
0.208
0.006
0.013
0.001
0.067
0.06
0.008
0.003
0.001
0.063
0.102
0.01
0.108
0.108
0.006
0.018
0.049
0.007
0.161
0.181
0.095
0.001
0.001
0.144
0.003
0.004
0.001
0.15
0.001
0.09
0.02
0.173
0.154
0.002
0.061
0.002
0.006
0.063
0.001
0.136
0.001
0.061
0.017
0.001
0.01
0.044
0.001
0.102
0.007
0.004
0.12
0.16
0.095
0.067
0.045
0.001
0.018
0.022
0.258
0.077
0.282
0.057
0.001
0.006
0.002
0.019
0.132
0.001
0.003
0.04
0.107
0.001
0.012
0.037
0.002
0.005
0.056
0.11
0.174
0.187
0.052
0.006
0.075
0.021
0.003
0.11
0.006
0.05
0.081
0.033
0.06
0.045
0.002
0.086
0.001
0.067
0.002
0.219
0.006
0.001
0.041
0.169
0.009
0.136
0.126
0.005
0.002
0.039
0.074
0.003
0.173
0.088
0.004
0.061
0.001
0.131
0.001
0.001
0.001
0.122
0.162
0.003
0.095
0.08
0.035
0.008
0.051
0.004
0.001
0.018
0.113
0.061
0.11
0.001
0.009
0.003
0.001
0.159
0.117
0.002
0.01
0.005
0.004
0.153
0.048
0.006
0.07
0.061
0.001
0.008
0.004
0.126
0.073
0.015
0.002
0.05
0.082
0.01
0.014
0.09
0.026
0.007
0.001
0.001
0.007
0.002
0.038
0.001
0.227
0.002
0.008
0.064
0.008
0.086
0.001
0.028
0.001
0.001
0.005
0.017
0.001
0.004
0.001
0.246
0.034
0.006
0.021
0.012
0.121
0.071
0.041
0.016
0.001
0.076
0.001
0.072
0.001
0.064
0.001
0.046
0.007
0.205
0.002
0.005
0.292
0.001
0.001
0.056
0.041
0.037
0.001
0.051
0.001
0.002
0.036
0.076
0.025
0.001
0.064
0.013
0.271
0.078
0.001
0.001
0.001
0.001
0.015
0.003
0.009
0.198
0.071
0.001
0.093
0.029
0.061
0.058
0.003
0.007
0.056
0.069
0.003
0.027
0.003
0.006
0.009
0.131
0.069
0.002
0.006
0.168
0.236
0.02
0.15
0.169
0.027
0.117
0.031
0.181
0.001
0.002
0.002
0.001
0.006
0.057
0.093
0.029
0.001
0.036
0.257
0.15
0.091
0.058
0.001
0.007
0.094
0.059
0.001
0.158
0.005
0.001
0.143
0.024
0.033
0.039
0.073
0.007
0.098
0.042
0.067
0.002
0.037
0.053
0.106
0.134
0.001
0.013
0.001
0.141
0.001
0.19
0.044
0.001
0.001
0.003
0.001
0.153
0.075
0.202
0.065
0.042
0.008
0.003
0.222
0.156
0.048
0.002
0.119
0.18
0.163
0.131
0.003
0.006
0.121
0.002
0.214
0.005
0.121
0.001
0.15
0.002
0.004
0.039
0.029
0.102
0.001
0.054
0.051
0.071
0.001
0.129
0.076
0.297
0.006
0.065
0.004
0.001
0.004
0.005
0.095
0.006
0.001
0.06
0.001
0.114
0.068
0.01
0.001
0.094
0.017
0.01
0.242
0.039
0.004
0.001
0.125
0.215
0.137
0.001
0.002
0.178
0.049
0.071
0.058
0.001
0.231
0.022
0.279
0.004
0.099
0.002
0.006
0.001
0.068
0.014
0.045
0.003
0.001
0.096
0.001
0.002
0.002
0.003
0.049
0.384
0.077
0.001
0.076
0.033
0.113
0.199
0.001
0.067
0.043
0.184
0.036
0.074
0.181
0.087
0.001
0.025
0.075
0.007
0.205
0.003
0.017
0.094
0.012
0.039
0.001
0.087
0.006
0.005
0.002
0.001
0.095
0.048
0.003
0.18
0.051
0.096
0.002
0.189
0.06
0.001
0.048
0.01
0.004
0.004
0.109
0.001
0.018
0.214
0.001
0.219
0.085
0.043
0.013
0.19
0.116
0.001
0.068
0.087
0.001
0.03
0.001
0.001
0.106
0.009
0.046
0.001
0.211
0.013
0.001
0.005
0.059
0.082
0.042
0.09
0.006
0.007
0.061
0.048
0.008
0.001
0.001
0.007
0.008
0.107
0.001
0.048
0.172
0.103
0.005
0.014
0.275
0.07
0.004
0.008
0.047
0.004
0.02
0.001
0.002
0.001
0.147
0.002
0.004
0.052
0.031
0.005
0.098
0.002
0.232
0.001
0.109
0.025
0.015
0.067
0.041
0.003
0.103
0.001
0.002
0.02
0.296
0.009
0.05
0.002
0.01
0.001
0.212
0.001
0.005
0.155
0.002
0.083
0.155
0.006
0.073
0.001
0.001
0.067
0.001
0.003
0.006
0.243
0.009
0.104
0.114
0.09
0.063
0.028
0.002
0.123
0.001
0.002
0.243
0.005
0.136
0.002
0.001
0.013
0.053
0.065
0.03
0.02
0.001
0.066
0.001
0.003
0.027
0.002
0.001
0.094
0.001
0.001
0.092
0.069
0.215
0.136
0.19
0.02
0.025
0.01
0.084
0.103
0.182
0.003
0.001
0.001
0.004
0.191
0.219
0.004
0.01
0.001
0.113
0.002
0.056
0.208
0.024
0.001
0.009
0.003
0.165
0.149
0.168
0.009
0.12
0.165
0.041
0.003
0.006
0.008
0.151
0.121
0.049
0.028
0.005
0.098
0.227
0.001
0.113
0.022
0.198
0.02
0.105
0.001
0.052
0.001
0.136
0.049
0.172
0.005
0.002
0.001
0.046
0.012
0.004
0.001
0.004
0.003
0.047
0.001
0.036
0.006
0.132
0.016
0.001
0.185
0.099
0.095
0.001
0.001
0.001
0.056
0.001
0.001
0.12
0.182
0.013
0.002
0.043
0.01
0.005
0.008
0.005
0.017
0.323
0.001
0.249
0.143
0.016
0.001
0.004
