0.209302325581395 0.22093023255814 0.0351145887714157
0.285714285714286 0.21978021978022 0.0259322978435494
0.277777777777778 0.231481481481481 0.0152307506576351
0.181818181818182 0.202020202020202 0.0373248589679652
0.147058823529412 0.117647058823529 0.0169264010793663
0.296875 0.28125 0.0235736906116557
0.285714285714286 0.294117647058824 0.040827546506703
0.271186440677966 0.26271186440678 0.030650411556054
0.223404255319149 0.202127659574468 0.0406290888458993
0.23 0.26 0.0370400431650368
0.173469387755102 0.183673469387755 0.0199325604120288
0.21505376344086 0.182795698924731 0.0196244712611472
0.252336448598131 0.224299065420561 0.0216072274065838
0.219047619047619 0.219047619047619 0.024840283852488
0.222222222222222 0.191919191919192 0.033763351614966
0.28125 0.239583333333333 0.036393894755027
0.269230769230769 0.278846153846154 0.0328164621512573
0.319444444444444 0.319444444444444 0.0189546496539706
0.277777777777778 0.266666666666667 0.0472151438001643
0.195876288659794 0.144329896907216 0.0233335932039926
0.179775280898876 0.179775280898876 0.0268155795754678
0.226086956521739 0.182608695652174 0.0137703822622311
0.158415841584158 0.178217821782178 0.0165196792355065
0.252336448598131 0.224299065420561 0.0265399331297837
0.258620689655172 0.25 0.0239769205120673
0.188118811881188 0.158415841584158 0.0217152712456831
0.261538461538462 0.253846153846154 0.0270696220003263
0.238095238095238 0.219047619047619 0.0296706309870643
0.26890756302521 0.260504201680672 0.0308919284704814
0.195876288659794 0.185567010309278 0.0170163288686089
0.252525252525253 0.242424242424242 0.0403842382308995
0.276190476190476 0.247619047619048 0.0318374385451251
0.26530612244898 0.275510204081633 0.0282449438444173
0.218181818181818 0.2 0.0181594559064359
0.310344827586207 0.28735632183908 0.0360093677285436
0.290322580645161 0.282258064516129 0.0304695778922815
0.275590551181102 0.283464566929134 0.0299095837570791
0.327586206896552 0.318965517241379 0.0433558030995378
0.268518518518519 0.231481481481481 0.0275603560620618
0.30327868852459 0.278688524590164 0.0386142725412279
0.0886075949367089 0.139240506329114 0.0187692033309912
0.317307692307692 0.25 0.0359580057725513
0.232323232323232 0.222222222222222 0.0336891003045915
0.212765957446809 0.265957446808511 0.0173745856267681
0.237623762376238 0.217821782178218 0.0294618645419549
0.1875 0.208333333333333 0.0306483121900949
0.160919540229885 0.172413793103448 0.0294304071744607
0.261261261261261 0.27027027027027 0.0362112767176275
0.245098039215686 0.235294117647059 0.0200625169218332
0.31 0.3 0.0435263937034727
0.234234234234234 0.243243243243243 0.0234335623632018
0.174418604651163 0.162790697674419 0.0319172315514507
0.266129032258065 0.225806451612903 0.0209828755093624
0.241379310344828 0.198275862068966 0.0205642124029109
0.213592233009709 0.213592233009709 0.0174939967577723
0.346774193548387 0.282258064516129 0.0368400332459766
0.22 0.2 0.0319444986298195
0.228571428571429 0.238095238095238 0.0346767496716001
0.271929824561404 0.263157894736842 0.0289402698287427
0.231481481481481 0.268518518518519 0.0324462977297605
0.20952380952381 0.247619047619048 0.0365542246349153
0.134831460674157 0.146067415730337 0.0280559553653535
0.241071428571429 0.232142857142857 0.0370697180394299
0.19811320754717 0.179245283018868 0.0165210498978822
0.208791208791209 0.241758241758242 0.0390379286778309
0.186813186813187 0.197802197802198 0.0217213630739489
0.245283018867925 0.207547169811321 0.0219473244746351
0.237623762376238 0.207920792079208 0.0340504892056331
0.197368421052632 0.197368421052632 0.0273926939390124
0.18 0.19 0.0265808761633714
0.330275229357798 0.302752293577982 0.0437103416703261
0.248062015503876 0.24031007751938 0.0304952387292498
0.206896551724138 0.206896551724138 0.0325845187295481
0.231578947368421 0.157894736842105 0.0188373718277342
0.226415094339623 0.188679245283019 0.030698729331492
0.207207207207207 0.198198198198198 0.0214495163198496
0.185567010309278 0.164948453608247 0.0151976631074996
0.261682242990654 0.224299065420561 0.0256932197741238
0.203703703703704 0.175925925925926 0.0234265087316269
0.294117647058824 0.274509803921569 0.0339088967435636
0.254901960784314 0.235294117647059 0.0304894993176651
0.296296296296296 0.231481481481481 0.0212591680779691
0.325 0.3 0.0329004538933271
0.260416666666667 0.239583333333333 0.0172944500214217
0.231481481481481 0.185185185185185 0.0219307534965435
0.276785714285714 0.276785714285714 0.0240867813717571
0.229166666666667 0.239583333333333 0.0457778132763989
0.155844155844156 0.0909090909090909 0.010933739582652
0.142857142857143 0.153846153846154 0.0106665112014491
0.261904761904762 0.253968253968254 0.0317507503789281
0.298245614035088 0.245614035087719 0.0339655047341622
0.238532110091743 0.229357798165138 0.0393526672483743
0.235294117647059 0.225490196078431 0.0270449523611887
0.258426966292135 0.213483146067416 0.0644263603413498
0.3359375 0.328125 0.0325582900604188
0.235294117647059 0.164705882352941 0.0311986263241464
0.310344827586207 0.327586206896552 0.0313326177476622
0.207317073170732 0.195121951219512 0.0305942562986033
0.188888888888889 0.177777777777778 0.0415843389080602
0.25 0.201923076923077 0.0202324040872664
0.241935483870968 0.25 0.0332718122954852
0.32258064516129 0.290322580645161 0.034877737738736
0.221238938053097 0.212389380530973 0.0359889515705064
0.25 0.25 0.0478628184820947
0.30188679245283 0.264150943396226 0.0307486992356092
0.240384615384615 0.211538461538462 0.0191972191205801
0.25 0.25 0.0312344557427413
0.174418604651163 0.186046511627907 0.0197310670820343
0.21505376344086 0.161290322580645 0.0168992178432286
0.160714285714286 0.133928571428571 0.0137235406852116
0.241071428571429 0.241071428571429 0.0207983454422504
0.220338983050847 0.211864406779661 0.0312417787536289
0.160919540229885 0.172413793103448 0.025999172484712
0.239583333333333 0.21875 0.0270277833330545
0.213483146067416 0.213483146067416 0.0373457343247967
0.290909090909091 0.254545454545455 0.0362401819176026
0.220183486238532 0.211009174311927 0.0314915851495752
0.276923076923077 0.230769230769231 0.0203397916573098
0.25 0.214285714285714 0.0272236491969351
0.268292682926829 0.292682926829268 0.0259648406468188
0.213483146067416 0.168539325842697 0.0178775723631103
0.262135922330097 0.203883495145631 0.0297296481206424
0.263636363636364 0.263636363636364 0.0258950902418484
0.269662921348315 0.258426966292135 0.0202781426310972
0.221153846153846 0.115384615384615 0.00889429480849678
0.25 0.23 0.0249881777350246
0.23728813559322 0.245762711864407 0.0261370943167062
0.177570093457944 0.214953271028037 0.027408590644467
0.265486725663717 0.238938053097345 0.016473838948216
0.21 0.22 0.0508611673759997
0.166666666666667 0.166666666666667 0.0368719635520428
0.19 0.19 0.0275351088045873
0.220183486238532 0.192660550458716 0.0358044000801655
0.184782608695652 0.141304347826087 0.0303276986068738
0.256637168141593 0.221238938053097 0.0150009912163332
0.268817204301075 0.279569892473118 0.0216172307552864
0.245283018867925 0.264150943396226 0.0413545350454274
0.194805194805195 0.181818181818182 0.0265496659404359
0.28695652173913 0.252173913043478 0.0364321099274335
0.175824175824176 0.142857142857143 0.0231094693161168
0.22 0.2 0.0222043816074795
0.245762711864407 0.23728813559322 0.0205457579353959
0.280701754385965 0.298245614035088 0.0371969536806715
0.288288288288288 0.279279279279279 0.0377424495312113
0.0952380952380952 0.0833333333333333 0.0223745023368571
0.237113402061856 0.247422680412371 0.0486357200170997
0.286821705426357 0.255813953488372 0.0416595296986836
0.236220472440945 0.228346456692913 0.0230959554784629
0.264150943396226 0.264150943396226 0.0281884019799862
0.21875 0.1875 0.0229838571779394
0.238532110091743 0.211009174311927 0.0231127176251443
0.194174757281553 0.184466019417476 0.0244168523089041
0.209302325581395 0.244186046511628 0.0256852771536522
0.316831683168317 0.277227722772277 0.0254600314042514
0.283333333333333 0.275 0.0302460830590065
0.233009708737864 0.242718446601942 0.0306842649891811
0.195402298850575 0.183908045977011 0.0221404979731367
0.278260869565217 0.252173913043478 0.0292265078323349
0.282051282051282 0.290598290598291 0.0292847798322814
0.266666666666667 0.25 0.0275012900181482
0.19047619047619 0.171428571428571 0.0127305879674465
0.19047619047619 0.166666666666667 0.0159711684593706
0.2 0.155555555555556 0.0280371751952967
0.1375 0.1875 0.0388319295502147
0.212962962962963 0.185185185185185 0.0332106244611084
0.240740740740741 0.231481481481481 0.0332967154671926
0.26 0.27 0.0345913654569258
0.226190476190476 0.166666666666667 0.0213479301220282
0.184210526315789 0.197368421052632 0.0415259665792002
0.333333333333333 0.313131313131313 0.0393249757269442
0.247524752475248 0.267326732673267 0.0278666152656763
0.207920792079208 0.178217821782178 0.0202504597266047
0.252525252525253 0.252525252525253 0.0352796703384209
0.231578947368421 0.178947368421053 0.0374001268010352
0.290598290598291 0.256410256410256 0.0274467969614848
0.275862068965517 0.275862068965517 0.0242345705539397
0.241071428571429 0.214285714285714 0.0221845842913526
0.205882352941176 0.186274509803922 0.0297172732774309
0.263157894736842 0.273684210526316 0.0349438709682047
0.242718446601942 0.233009708737864 0.030949813404778
0.228571428571429 0.161904761904762 0.016945066134229
0.232323232323232 0.232323232323232 0.0347575876154803
0.285714285714286 0.241071428571429 0.0423623135164278
0.225490196078431 0.215686274509804 0.0300327482627656
0.225806451612903 0.236559139784946 0.0221875214374741
0.315384615384615 0.276923076923077 0.0295509974646701
0.258928571428571 0.205357142857143 0.0119344565672516
0.191011235955056 0.191011235955056 0.0195498707439238
0.327272727272727 0.290909090909091 0.0321557471796934
0.304347826086957 0.271739130434783 0.0383515465454682
0.173913043478261 0.152173913043478 0.0256389568816327
0.235294117647059 0.225490196078431 0.0281123305822117
0.285714285714286 0.194805194805195 0.0244753656909517
0.170212765957447 0.138297872340426 0.0375351310105564
0.231707317073171 0.207317073170732 0.0521563556154827
0.247191011235955 0.202247191011236 0.0239241895735432
0.224299065420561 0.214953271028037 0.0425016596898442
0.295238095238095 0.247619047619048 0.0202470865832718
0.17 0.18 0.0214861661284244
0.230769230769231 0.221153846153846 0.0201936187531651
0.197802197802198 0.164835164835165 0.0251159100172888
0.194174757281553 0.194174757281553 0.0473033440662881
0.21875 0.197916666666667 0.0624493609566523
0.22680412371134 0.22680412371134 0.0354974142920839
0.254385964912281 0.263157894736842 0.0410171680003427
0.233644859813084 0.233644859813084 0.0330547079599821
0.272727272727273 0.212121212121212 0.0253068996801442
0.283185840707965 0.292035398230089 0.0393023288568339
0.229166666666667 0.25 0.0254421096224714
0.151898734177215 0.113924050632911 0.0166499527428318
0.175925925925926 0.166666666666667 0.0174939838462612
0.221052631578947 0.189473684210526 0.0398990657639097
0.278846153846154 0.288461538461538 0.0460262978019979
0.297872340425532 0.287234042553192 0.0442854376146214
0.206521739130435 0.206521739130435 0.0332589216544624
0.258333333333333 0.291666666666667 0.0324111273373609
0.233009708737864 0.233009708737864 0.0345400452457696
0.244186046511628 0.232558139534884 0.0319378871147166
0.289719626168224 0.280373831775701 0.0354216583276113
0.193548387096774 0.172043010752688 0.021355247526123
0.181818181818182 0.181818181818182 0.0305934032553746
0.164835164835165 0.186813186813187 0.0339828014076841
0.252100840336134 0.260504201680672 0.0224266152022974
0.232758620689655 0.232758620689655 0.0244638631859308
0.171717171717172 0.171717171717172 0.023195114033479
0.280373831775701 0.308411214953271 0.0325530110707526
0.136363636363636 0.193181818181818 0.0342666901545068
0.153846153846154 0.115384615384615 0.0224722683955364
0.245283018867925 0.226415094339623 0.0252654028816729
0.207920792079208 0.198019801980198 0.0194109695691371
0.300813008130081 0.32520325203252 0.0410843781943161
0.26 0.23 0.0335476586601245
0.3 0.291666666666667 0.0291907443121904
0.237113402061856 0.175257731958763 0.026410285032406
0.274809160305344 0.244274809160305 0.0295968887630398
0.24468085106383 0.265957446808511 0.0338333067908135
0.294642857142857 0.276785714285714 0.0361827086810005
0.225225225225225 0.243243243243243 0.031328934363583
0.202380952380952 0.142857142857143 0.0288270065577719
0.264150943396226 0.235849056603774 0.0213829204018535
0.238095238095238 0.266666666666667 0.0354421772877953
0.244897959183673 0.204081632653061 0.0336823203408666
0.22093023255814 0.232558139534884 0.0515038167945599
0.195402298850575 0.206896551724138 0.026126792455307
0.325 0.3 0.0379844864866277
0.22 0.21 0.0542249845881127
0.23728813559322 0.177966101694915 0.0176307418331498
0.142857142857143 0.142857142857143 0.0248626949259628
0.242424242424242 0.212121212121212 0.0164953995674241
0.183908045977011 0.160919540229885 0.0293202270979158
0.224137931034483 0.206896551724138 0.0245685810285024
0.305084745762712 0.288135593220339 0.0329800573220612
0.147368421052632 0.126315789473684 0.012358535097349
0.274509803921569 0.225490196078431 0.03002168826197
0.237113402061856 0.206185567010309 0.0324559479589909
0.260162601626016 0.24390243902439 0.0538638274312009
0.236842105263158 0.228070175438596 0.0271803876969617
0.206185567010309 0.185567010309278 0.017269578665623
0.196078431372549 0.166666666666667 0.0241153867491563
0.260869565217391 0.182608695652174 0.0196283855320722
0.271028037383178 0.242990654205607 0.0212047284903723
0.295238095238095 0.295238095238095 0.0308780549975107
0.189473684210526 0.210526315789474 0.0193371985143738
0.259615384615385 0.259615384615385 0.0405370984190305
0.194174757281553 0.16504854368932 0.0187647853158857
0.208333333333333 0.225 0.0241945292323982
0.310924369747899 0.26890756302521 0.0238629939904078
0.244897959183673 0.214285714285714 0.0253283011404709
0.276190476190476 0.20952380952381 0.0245849812772674
0.225806451612903 0.225806451612903 0.0211970791654057
0.221153846153846 0.201923076923077 0.0362381022069346
0.257731958762887 0.237113402061856 0.0421672711413846
0.264957264957265 0.230769230769231 0.0243395076550904
0.212121212121212 0.171717171717172 0.0358401386809685
0.25 0.19 0.0285360296283937
0.229166666666667 0.239583333333333 0.0389131820088167
0.233333333333333 0.216666666666667 0.0190921210733069
0.201923076923077 0.201923076923077 0.0298647002248637
0.254098360655738 0.254098360655738 0.02920988088963
0.222222222222222 0.222222222222222 0.018942434254219
0.234782608695652 0.208695652173913 0.0273859201356897
0.245454545454545 0.2 0.0184985223441507
0.165137614678899 0.165137614678899 0.0263906624268244
0.260504201680672 0.277310924369748 0.0233899838532167
0.288659793814433 0.237113402061856 0.0373279896457779
0.228571428571429 0.2 0.0251672560861507
0.216981132075472 0.160377358490566 0.0203554216218404
0.189473684210526 0.178947368421053 0.0214504271336106
0.208333333333333 0.25 0.0210238994856514
0.247619047619048 0.180952380952381 0.0249186940048233
0.274509803921569 0.254901960784314 0.0399065058587918
0.247619047619048 0.257142857142857 0.036441931837212
0.163265306122449 0.163265306122449 0.0251517407694971
0.255102040816327 0.275510204081633 0.0258221029122862
0.273584905660377 0.245283018867925 0.0275855094300553
0.212121212121212 0.212121212121212 0.0296489067070746
0.252631578947368 0.189473684210526 0.0255826806987374
0.166666666666667 0.166666666666667 0.0199087021554909
0.230088495575221 0.221238938053097 0.0198573560109099
0.252525252525253 0.191919191919192 0.0287046301556081
0.290909090909091 0.290909090909091 0.0278418927980735
0.213675213675214 0.196581196581197 0.0196310234833202
0.19 0.14 0.0294158657240136
0.24468085106383 0.265957446808511 0.0441484092702859
0.145833333333333 0.125 0.0206387825908014
0.155555555555556 0.155555555555556 0.0260936034478108
0.256410256410256 0.247863247863248 0.0240465010635622
0.259842519685039 0.228346456692913 0.019516947012174
0.25 0.259615384615385 0.040863737446845
0.330508474576271 0.313559322033898 0.0373677986960774
0.164835164835165 0.164835164835165 0.0233615652484894
0.231578947368421 0.178947368421053 0.0273260410815902
0.262626262626263 0.262626262626263 0.0360576985239368
0.2 0.181818181818182 0.0174245758188762
0.284313725490196 0.264705882352941 0.0335635925514619
0.151515151515152 0.131313131313131 0.0155456630217492
0.232142857142857 0.267857142857143 0.0250872320272907
0.278688524590164 0.254098360655738 0.020770323632472
0.142857142857143 0.153846153846154 0.0273730701156127
0.264705882352941 0.254901960784314 0.0386205316047931
0.255813953488372 0.267441860465116 0.0348408317380089
0.239130434782609 0.217391304347826 0.0338855593012219
0.263636363636364 0.263636363636364 0.0354938455187301
0.316239316239316 0.290598290598291 0.0372196451811014
0.277777777777778 0.298611111111111 0.0274135560985344
0.3125 0.258928571428571 0.037160050463178
0.210526315789474 0.231578947368421 0.0443799029069724
0.228571428571429 0.180952380952381 0.0172958855206458
0.258064516129032 0.258064516129032 0.0289007095483603
0.214285714285714 0.202380952380952 0.0226583947994135
0.226415094339623 0.226415094339623 0.0378602320503291
0.247787610619469 0.20353982300885 0.0217229261965143
0.234234234234234 0.243243243243243 0.0191716109509015
0.27 0.25 0.0255808836782716
0.24 0.26 0.0336344960491474
0.233766233766234 0.220779220779221 0.0495701379439806
0.247706422018349 0.247706422018349 0.0287212800297154
0.29126213592233 0.223300970873786 0.0276244807623641
0.172043010752688 0.150537634408602 0.0177301310007399
0.186046511627907 0.186046511627907 0.025778312874386
0.232323232323232 0.171717171717172 0.0401442447220442
0.218390804597701 0.195402298850575 0.0242951350596109
0.216216216216216 0.189189189189189 0.0215021842183962
0.229885057471264 0.172413793103448 0.0289269118712548
0.154639175257732 0.144329896907216 0.0267514257924235
0.22 0.19 0.0197655502949108
0.256637168141593 0.292035398230089 0.0310971134035733
0.178947368421053 0.189473684210526 0.0440633733249107
0.216494845360825 0.206185567010309 0.0299819678050725
0.26 0.24 0.0303142154832516
0.263157894736842 0.228070175438596 0.020840449032306
0.278846153846154 0.25 0.0246910053363629
0.157894736842105 0.157894736842105 0.0265515357664053
0.215686274509804 0.196078431372549 0.028135841324942
0.245283018867925 0.207547169811321 0.035025386011088
0.185840707964602 0.194690265486726 0.0212388802009064
0.310344827586207 0.241379310344828 0.0215836319145139
0.283185840707965 0.300884955752212 0.0389951828557222
0.252525252525253 0.232323232323232 0.0351872829338577
0.193181818181818 0.136363636363636 0.0287642509078265
0.194690265486726 0.194690265486726 0.0152041910711602
0.241379310344828 0.21551724137931 0.0198743149191927
0.207547169811321 0.216981132075472 0.0261386507965203
0.177215189873418 0.126582278481013 0.0149991330107517
0.245454545454545 0.209090909090909 0.0186132658255838
0.313559322033898 0.288135593220339 0.0306758611919128
0.217391304347826 0.239130434782609 0.0320966706999151
0.18348623853211 0.165137614678899 0.0241283901467447
0.202380952380952 0.19047619047619 0.0266407018994104
0.255102040816327 0.255102040816327 0.0406465319291114
0.221153846153846 0.230769230769231 0.0241430196458232
0.234042553191489 0.202127659574468 0.0341707939872585
0.23 0.21 0.0340086897950981
0.193548387096774 0.172043010752688 0.0321382379354914
0.261261261261261 0.234234234234234 0.0388381263270585
0.242105263157895 0.231578947368421 0.0321319259069839
0.178571428571429 0.178571428571429 0.0277226291106168
0.225806451612903 0.193548387096774 0.0258933579333957
0.178947368421053 0.168421052631579 0.0259680728352708
0.298245614035088 0.280701754385965 0.0343294846938209
0.256637168141593 0.274336283185841 0.0322553442736161
0.215909090909091 0.25 0.0354832079252293
0.245614035087719 0.219298245614035 0.0214987901321559
0.268518518518519 0.277777777777778 0.0335880361322198
0.257142857142857 0.257142857142857 0.0384079972783386
0.1875 0.197916666666667 0.0337979558552013
0.214285714285714 0.19047619047619 0.0176307442351853
0.247706422018349 0.229357798165138 0.028835880201007
0.333333333333333 0.306306306306306 0.0461783631077445
0.284552845528455 0.268292682926829 0.028605152703132
0.232323232323232 0.171717171717172 0.021184883958561
0.237113402061856 0.195876288659794 0.0284086000988895
0.203883495145631 0.194174757281553 0.0157241816785683
0.242424242424242 0.202020202020202 0.013421216800583
0.223404255319149 0.180851063829787 0.0145946465081
0.213483146067416 0.179775280898876 0.0242711549364354
0.205882352941176 0.205882352941176 0.00979032872163149
0.21875 0.166666666666667 0.0138813241407154
0.33 0.26 0.0665044595756134
0.236363636363636 0.227272727272727 0.0282102414453862
0.25531914893617 0.234042553191489 0.0329205300356353
0.225806451612903 0.21505376344086 0.0195774849104097
0.256637168141593 0.221238938053097 0.0190736141114788
0.237623762376238 0.237623762376238 0.0265510112907672
0.188679245283019 0.179245283018868 0.0308896313795779
0.25 0.221153846153846 0.0277266239338575
0.265957446808511 0.191489361702128 0.0233833899677479
0.2 0.190909090909091 0.0162214008762526
0.164835164835165 0.153846153846154 0.0116418464840655
0.265957446808511 0.191489361702128 0.0323778831767221
0.255555555555556 0.188888888888889 0.0206943157559549
0.31858407079646 0.283185840707965 0.0377653406366338
0.228070175438596 0.228070175438596 0.0301745569032904
0.213592233009709 0.194174757281553 0.0355439245746335
0.22093023255814 0.22093023255814 0.0248401510268829
0.274336283185841 0.274336283185841 0.034950432778755
0.1875 0.177083333333333 0.0465950586796812
0.212389380530973 0.185840707964602 0.0392861665706558
0.258064516129032 0.247311827956989 0.0399425126437105
0.310679611650485 0.262135922330097 0.0327265308544833
0.174418604651163 0.151162790697674 0.0202419946788657
0.300884955752212 0.292035398230089 0.036579816988752
0.245283018867925 0.235849056603774 0.0270370050456441
0.218181818181818 0.227272727272727 0.0240094760260555
0.211009174311927 0.165137614678899 0.0162531749407491
0.1 0.144444444444444 0.0201451025996837
0.239583333333333 0.239583333333333 0.0284255279419117
0.252747252747253 0.263736263736264 0.0292778436914657
0.27027027027027 0.252252252252252 0.0212891842070809
0.191919191919192 0.191919191919192 0.0224400846540938
0.243478260869565 0.208695652173913 0.0275060835754736
0.232323232323232 0.232323232323232 0.0226628149472601
0.255813953488372 0.232558139534884 0.0435302933952886
0.216981132075472 0.19811320754717 0.0330246408987579
0.231707317073171 0.182926829268293 0.0248647197655175
0.304761904761905 0.238095238095238 0.0344853355649114
0.226666666666667 0.173333333333333 0.0191984256117567
0.301204819277108 0.240963855421687 0.0234450174457363
0.303921568627451 0.274509803921569 0.026079502947265
0.309090909090909 0.3 0.0403345029615752
0.316666666666667 0.266666666666667 0.0221549537559499
0.279661016949153 0.288135593220339 0.0274892822372632
0.230769230769231 0.240384615384615 0.038412507698629
0.205607476635514 0.233644859813084 0.0249191791828541
0.236220472440945 0.220472440944882 0.0196859315161974
0.170454545454545 0.159090909090909 0.0294088538206304
0.175824175824176 0.197802197802198 0.0261842437808158
0.272727272727273 0.254545454545455 0.0369623997132781
0.19811320754717 0.188679245283019 0.0247187438575036
0.2 0.172727272727273 0.0260468707525676
0.257142857142857 0.247619047619048 0.0359975113540851
0.266666666666667 0.276190476190476 0.0337490388438455
0.291666666666667 0.275 0.0247281512144984
0.318181818181818 0.272727272727273 0.0443111354948072
0.235849056603774 0.226415094339623 0.0201178847340444
0.181034482758621 0.206896551724138 0.0361580682605985
0.321428571428571 0.285714285714286 0.0460810594962751
0.233009708737864 0.262135922330097 0.0325308510264036
0.240740740740741 0.212962962962963 0.0244518881750446
0.206896551724138 0.206896551724138 0.027604313975393
0.178294573643411 0.186046511627907 0.0206163700721477
0.285714285714286 0.266666666666667 0.0423497748001563
0.23469387755102 0.183673469387755 0.0273547412267826
0.212121212121212 0.212121212121212 0.0399019120108583
0.277777777777778 0.253968253968254 0.0202624743699737
0.207920792079208 0.188118811881188 0.0395630460703818
0.268041237113402 0.237113402061856 0.0309248461843326
0.252252252252252 0.243243243243243 0.0320061033059187
0.205882352941176 0.176470588235294 0.0160003044461388
0.298387096774194 0.298387096774194 0.0325433832324519
0.203703703703704 0.194444444444444 0.0241348214892942
0.247863247863248 0.230769230769231 0.0327147509404994
0.28125 0.239583333333333 0.0310707789877568
0.267326732673267 0.297029702970297 0.0451989166591893
0.259259259259259 0.212962962962963 0.0207542272472019
0.265957446808511 0.212765957446809 0.0379264574598515
0.25609756097561 0.25609756097561 0.0382637935079615
0.298245614035088 0.298245614035088 0.0283574924100118
0.13953488372093 0.116279069767442 0.020583966997501
0.224137931034483 0.206896551724138 0.0213269452896426
0.230769230769231 0.211538461538462 0.0233246785244806
0.228260869565217 0.217391304347826 0.02870741768778
0.209090909090909 0.209090909090909 0.0214486577062587
0.236363636363636 0.245454545454545 0.0296741289657788
0.22 0.18 0.0419291331212709
0.30327868852459 0.245901639344262 0.0206835228433891
0.213675213675214 0.239316239316239 0.0201088804060734
0.325757575757576 0.287878787878788 0.0203058106753886
0.29126213592233 0.310679611650485 0.0345318175443424
0.21505376344086 0.204301075268817 0.0265619372739078
0.318965517241379 0.267241379310345 0.0415357615335199
0.239669421487603 0.239669421487603 0.0309981562552451
0.290598290598291 0.222222222222222 0.0105103925535664
0.244444444444444 0.188888888888889 0.0230492486087438
0.236842105263158 0.219298245614035 0.0274481898744962
0.195402298850575 0.172413793103448 0.027552045508633
0.266666666666667 0.208333333333333 0.0152354956918082
0.233644859813084 0.214953271028037 0.0230275788584958
0.153061224489796 0.173469387755102 0.0321737142770413
0.290909090909091 0.309090909090909 0.0609603624329886
0.16 0.16 0.0202828463307454
0.240740740740741 0.25 0.0196538361338191
0.288135593220339 0.330508474576271 0.0402463739067465
0.23728813559322 0.228813559322034 0.0369562816107993
0.288135593220339 0.26271186440678 0.0321092870758958
0.183673469387755 0.193877551020408 0.0226215501468515
0.297709923664122 0.183206106870229 0.0190433293811842
0.206896551724138 0.218390804597701 0.040478534576741
0.22 0.14 0.0148164925774891
0.230769230769231 0.230769230769231 0.0278343767115891
0.1875 0.135416666666667 0.0113077721698228
0.186274509803922 0.205882352941176 0.0258556357474301
0.166666666666667 0.205882352941176 0.0270220170100249
0.194444444444444 0.240740740740741 0.0296039854996913
0.311475409836066 0.311475409836066 0.0368131645154117
0.277227722772277 0.257425742574257 0.0276953018039562
0.258064516129032 0.279569892473118 0.0363866988981346
0.278688524590164 0.213114754098361 0.0285070518053778
0.193548387096774 0.172043010752688 0.0260095564597655
0.244444444444444 0.188888888888889 0.0248339629123971
0.29126213592233 0.29126213592233 0.0453020479959955
0.258064516129032 0.217741935483871 0.0288687811240845
0.208695652173913 0.208695652173913 0.0274073600266137
0.280373831775701 0.261682242990654 0.0205238853138209
0.174418604651163 0.209302325581395 0.0278704626958012
0.275862068965517 0.241379310344828 0.017292489133488
0.236363636363636 0.209090909090909 0.0236659430974658
0.23015873015873 0.23015873015873 0.0253855276936481
0.236559139784946 0.21505376344086 0.0323722808324788
0.289256198347107 0.256198347107438 0.025023227443771
0.222222222222222 0.212121212121212 0.020660102482451
0.238532110091743 0.238532110091743 0.0360783638525947
0.296 0.304 0.0281968348762101
0.208791208791209 0.142857142857143 0.0102017908656901
0.258426966292135 0.280898876404494 0.0660822087680293
0.256880733944954 0.220183486238532 0.0315500526988015
0.299145299145299 0.299145299145299 0.0459493858065589
0.263565891472868 0.24031007751938 0.0216462363062581
0.221153846153846 0.211538461538462 0.02579230114946
0.25531914893617 0.205673758865248 0.0175990241740282
0.183673469387755 0.163265306122449 0.0253315511924636
0.212765957446809 0.191489361702128 0.0245839982201585
0.236842105263158 0.254385964912281 0.0195441556852597
0.269565217391304 0.278260869565217 0.0253579354338914
0.251851851851852 0.237037037037037 0.0300382145132461
0.22 0.22 0.0284461356779322
0.213675213675214 0.196581196581197 0.0284610349159206
0.247933884297521 0.198347107438017 0.0294926663426326
0.18 0.12 0.0140169490110785
0.281818181818182 0.227272727272727 0.0284920264093381
0.284403669724771 0.229357798165138 0.0296249498421667
0.239583333333333 0.229166666666667 0.0313383739748347
0.234782608695652 0.208695652173913 0.0317144921826865
0.264705882352941 0.213235294117647 0.0222914761990544
0.25 0.25 0.0286132150838899
0.211764705882353 0.2 0.0456324763552061
0.326315789473684 0.315789473684211 0.0396705333294356
0.266129032258065 0.25 0.0237680971464167
0.258064516129032 0.233870967741935 0.0296751797704534
0.192660550458716 0.18348623853211 0.0148283754287757
0.196261682242991 0.177570093457944 0.0148391931384858
0.205607476635514 0.214953271028037 0.0239666047861076
0.301587301587302 0.333333333333333 0.0306809856633026
0.184466019417476 0.213592233009709 0.0270288289508673
0.293103448275862 0.28448275862069 0.042355473877116
0.188888888888889 0.222222222222222 0.0282430361157253
0.228571428571429 0.180952380952381 0.0221089726938781
0.256 0.24 0.0298151102366745
0.244897959183673 0.214285714285714 0.0294651718714749
0.232558139534884 0.22093023255814 0.0402474740237136
0.233009708737864 0.203883495145631 0.02717241444979
0.25 0.25 0.0534600396217238
0.227272727272727 0.193181818181818 0.0288446593710203
0.305084745762712 0.26271186440678 0.0228582367613331
0.219047619047619 0.152380952380952 0.0134371849787494
0.188679245283019 0.179245283018868 0.02118391370209
0.246153846153846 0.269230769230769 0.0228336864442384
0.221238938053097 0.194690265486726 0.0240328117164721
0.195121951219512 0.195121951219512 0.0299775277294669
0.178217821782178 0.148514851485149 0.0191856344412713
0.285714285714286 0.247619047619048 0.0393729765119861
0.252100840336134 0.260504201680672 0.0175452190161746
0.177777777777778 0.122222222222222 0.0173318826456195
0.22 0.2 0.0276545826610881
0.188679245283019 0.132075471698113 0.0144592711631277
0.21875 0.197916666666667 0.0332504817994815
0.278260869565217 0.217391304347826 0.0305856299677467
0.298245614035088 0.219298245614035 0.0163231831949606
0.328 0.32 0.0269065834618473
0.282828282828283 0.323232323232323 0.0485740717001702
0.341880341880342 0.273504273504274 0.031860827274842
0.284210526315789 0.263157894736842 0.0282975951442731
0.210084033613445 0.243697478991597 0.0281963382404614
0.235294117647059 0.225490196078431 0.0307666054824237
0.264957264957265 0.264957264957265 0.0345750034623479
0.343434343434343 0.303030303030303 0.0355174666106637
0.22 0.27 0.028008521165203
0.254545454545455 0.245454545454545 0.0259051892924779
0.26 0.24 0.0256823548142894
0.276190476190476 0.285714285714286 0.0632526809579731
0.21551724137931 0.198275862068966 0.0260427264727021
0.238938053097345 0.221238938053097 0.0240437095781312
0.186046511627907 0.127906976744186 0.0188214507304481
0.256 0.248 0.0214596886305763
0.2 0.15 0.0294487992556735
0.266666666666667 0.2 0.020120742309228
0.271844660194175 0.233009708737864 0.0246861092258598
0.367924528301887 0.358490566037736 0.044783902702628
0.154639175257732 0.134020618556701 0.017699406677086
0.221238938053097 0.212389380530973 0.0140851621235774
0.24390243902439 0.195121951219512 0.0175128236134556
0.2375 0.2625 0.0388036652901347
0.173469387755102 0.163265306122449 0.0179698373184966
0.245098039215686 0.196078431372549 0.0190905321588637
0.276190476190476 0.238095238095238 0.035567108864592
0.263736263736264 0.21978021978022 0.0334161030678663
0.238532110091743 0.238532110091743 0.0321457479799687
0.231578947368421 0.2 0.0255440777750373
0.274336283185841 0.247787610619469 0.0330180723217878
0.194174757281553 0.213592233009709 0.0217965543527962
0.236559139784946 0.258064516129032 0.0404593520379648
0.245762711864407 0.194915254237288 0.022372809911439
0.358333333333333 0.341666666666667 0.0372277119229749
0.271186440677966 0.26271186440678 0.0282805395717627
0.152380952380952 0.123809523809524 0.0104569307841844
0.198019801980198 0.237623762376238 0.0249144738882198
0.188118811881188 0.148514851485149 0.0154304859332297
0.231707317073171 0.219512195121951 0.0253846886867005
0.25 0.260869565217391 0.0318673388186074
0.240384615384615 0.230769230769231 0.0398318306975736
0.238938053097345 0.238938053097345 0.0224598749999031
0.304347826086957 0.243478260869565 0.0311555785865656
0.204545454545455 0.238636363636364 0.0270565150250114
0.317307692307692 0.269230769230769 0.0499333645007807
0.215909090909091 0.227272727272727 0.0383756659745797
0.258823529411765 0.2 0.0295586337159799
0.223300970873786 0.242718446601942 0.0281253646980504
0.207547169811321 0.19811320754717 0.0217013085169297
0.295652173913043 0.28695652173913 0.0303268787305121
0.245762711864407 0.271186440677966 0.0325884794050255
0.182795698924731 0.150537634408602 0.0235390872353259
0.308411214953271 0.271028037383178 0.0385050843835943
0.3125 0.265625 0.0406725908076485
0.220183486238532 0.238532110091743 0.0204808736505507
0.215686274509804 0.186274509803922 0.0271316071666811
0.268817204301075 0.236559139784946 0.0368928245883908
0.282258064516129 0.258064516129032 0.0406729398903077
0.188888888888889 0.177777777777778 0.0199668697609264
0.18018018018018 0.198198198198198 0.0187944250672817
0.21 0.18 0.0214662596834851
0.291666666666667 0.239583333333333 0.0431856592812327
0.23 0.21 0.0260113999169889
0.206896551724138 0.172413793103448 0.021223594260819
0.296296296296296 0.287037037037037 0.0312993213728312
0.263157894736842 0.242105263157895 0.0251252792185565
0.223529411764706 0.223529411764706 0.0352891389026658
0.205882352941176 0.176470588235294 0.0220217752570944
0.166666666666667 0.142857142857143 0.0338014633895097
0.173913043478261 0.147826086956522 0.0276169177928448
0.282352941176471 0.258823529411765 0.0321890576687215
0.277777777777778 0.25 0.0215253679032312
0.222222222222222 0.234567901234568 0.0303893146141489
0.285714285714286 0.261904761904762 0.0525026504758458
0.204301075268817 0.193548387096774 0.0204199432740903
0.224299065420561 0.224299065420561 0.0246356735440691
0.25 0.205357142857143 0.030498682593958
0.247863247863248 0.247863247863248 0.0179692257397296
0.271844660194175 0.262135922330097 0.032548809553358
0.292035398230089 0.256637168141593 0.0359632607932552
0.3 0.233333333333333 0.0244760250936978
0.280701754385965 0.219298245614035 0.0292425449614529
0.228260869565217 0.195652173913043 0.0293395377152016
0.225490196078431 0.225490196078431 0.0294209090038591
0.333333333333333 0.284552845528455 0.0382188658178639
0.184873949579832 0.201680672268908 0.0159902170539965
0.31 0.26 0.0336287913792638
0.202247191011236 0.202247191011236 0.0329101360626974
0.176991150442478 0.212389380530973 0.0237273943573614
0.226086956521739 0.217391304347826 0.0365954523173979
0.242424242424242 0.212121212121212 0.0328864526368833
0.232558139534884 0.232558139534884 0.0288203507222568
0.254545454545455 0.281818181818182 0.036910057027894
0.235849056603774 0.226415094339623 0.0307612053702966
0.224137931034483 0.224137931034483 0.0246600443080784
0.216417910447761 0.238805970149254 0.0210399607503066
0.202702702702703 0.202702702702703 0.0361948145544516
0.325396825396825 0.349206349206349 0.0425507643725814
0.232323232323232 0.212121212121212 0.0280062177784549
0.219298245614035 0.228070175438596 0.0317491552651817
0.217391304347826 0.234782608695652 0.0174555283941807
0.292682926829268 0.231707317073171 0.0413795819885004
0.252336448598131 0.242990654205607 0.0341551375837847
0.231481481481481 0.212962962962963 0.0242027481973655
0.30327868852459 0.270491803278689 0.0246078669736224
0.209302325581395 0.209302325581395 0.057919844206881
0.247706422018349 0.238532110091743 0.0392938572573097
0.2 0.247058823529412 0.0378810409593427
0.261261261261261 0.288288288288288 0.0293492826719856
0.26605504587156 0.229357798165138 0.0290397434768663
0.197916666666667 0.197916666666667 0.0372228866321347
0.235294117647059 0.215686274509804 0.0352800427801637
0.24 0.224 0.028628064864051
0.225490196078431 0.205882352941176 0.0242909976203038
0.270833333333333 0.28125 0.0318752409503814
0.247863247863248 0.247863247863248 0.0322138542019638
0.261261261261261 0.252252252252252 0.0328072618242826
0.258928571428571 0.223214285714286 0.0217370643513189
0.261261261261261 0.234234234234234 0.025212986893338
0.265957446808511 0.212765957446809 0.0228813502584662
0.154929577464789 0.183098591549296 0.0375352832010355
0.320388349514563 0.310679611650485 0.0682104828060538
0.258426966292135 0.202247191011236 0.0354333034281267
0.238532110091743 0.256880733944954 0.0372800274801261
0.195876288659794 0.123711340206186 0.0401216063051326
0.193181818181818 0.170454545454545 0.0335065001833741
0.252525252525253 0.272727272727273 0.0467514901070223
0.310679611650485 0.271844660194175 0.027159352181558
0.210526315789474 0.178947368421053 0.0162926355481985
0.259615384615385 0.173076923076923 0.0285195191034675
0.271186440677966 0.254237288135593 0.0243288976386639
0.171428571428571 0.171428571428571 0.0201030387897258
0.242105263157895 0.231578947368421 0.0384183005007302
0.26605504587156 0.192660550458716 0.0181157820962124
0.235294117647059 0.211764705882353 0.024439666689734
0.206521739130435 0.152173913043478 0.0213047854114475
0.252427184466019 0.242718446601942 0.0318456413555016
0.24468085106383 0.212765957446809 0.03187291425372
0.238095238095238 0.180952380952381 0.0395802946747975
0.288659793814433 0.309278350515464 0.0562703512769182
0.335820895522388 0.32089552238806 0.0290377003829159
0.248 0.264 0.0261921549434408
0.169811320754717 0.141509433962264 0.021611528252844
0.252631578947368 0.242105263157895 0.0317079434096896
0.233333333333333 0.266666666666667 0.0460330715148898
0.233333333333333 0.255555555555556 0.0401780093388568
0.148148148148148 0.160493827160494 0.0146308482334502
0.254098360655738 0.229508196721311 0.0236360096396038
0.259615384615385 0.25 0.0430252635521775
0.27027027027027 0.216216216216216 0.0280989201598223
0.21875 0.135416666666667 0.0144524473432481
0.28695652173913 0.252173913043478 0.0244940051579789
0.282051282051282 0.247863247863248 0.0195612376400349
0.23 0.24 0.0348007288543203
0.225490196078431 0.147058823529412 0.0142260426292774
0.225352112676056 0.253521126760563 0.0423484190571156
0.21505376344086 0.21505376344086 0.0423918377837978
0.232758620689655 0.224137931034483 0.0262332183378776
0.256880733944954 0.247706422018349 0.0430151812944517
0.336283185840708 0.31858407079646 0.046754993495078
0.284552845528455 0.276422764227642 0.030583822078045
0.204545454545455 0.204545454545455 0.0215515320231649
0.188679245283019 0.226415094339623 0.0283974154746159
0.26530612244898 0.275510204081633 0.0324416439814038
0.235849056603774 0.245283018867925 0.039554898112557
0.297520661157025 0.305785123966942 0.0278860754571395
0.161904761904762 0.123809523809524 0.0261526321388692
0.264 0.24 0.0269338776842183
0.307017543859649 0.263157894736842 0.0295755894367637
0.285714285714286 0.241758241758242 0.073047169530957
0.186813186813187 0.164835164835165 0.0407225261254124
0.2 0.177777777777778 0.0246273207679722
0.21875 0.208333333333333 0.0259946865648623
0.307017543859649 0.271929824561404 0.0356766682553982
0.195876288659794 0.175257731958763 0.0360698830222754
0.264150943396226 0.235849056603774 0.0292709935403004
0.25 0.233333333333333 0.030714497669459
0.161290322580645 0.204301075268817 0.0410138087603949
0.261682242990654 0.280373831775701 0.0192578797568261
0.266666666666667 0.233333333333333 0.0337017011399406
0.2 0.164705882352941 0.0252804708744025
0.292929292929293 0.262626262626263 0.0457880103970074
0.174757281553398 0.184466019417476 0.0290191575551622
0.211538461538462 0.144230769230769 0.0082835013011862
0.28448275862069 0.28448275862069 0.0477287660858575
0.259259259259259 0.25 0.0353299578377241
0.215909090909091 0.238636363636364 0.0248224997073399
0.219047619047619 0.247619047619048 0.0335022947543863
0.174757281553398 0.174757281553398 0.0225670680880675
0.26605504587156 0.275229357798165 0.0317827910622187
0.153846153846154 0.175824175824176 0.0290311638155886
0.20353982300885 0.176991150442478 0.0226880685184299
0.168539325842697 0.202247191011236 0.0411193055514086
0.205882352941176 0.176470588235294 0.0290125103285634
0.280701754385965 0.245614035087719 0.0294046419284094
0.191489361702128 0.170212765957447 0.035892789021484
0.223300970873786 0.155339805825243 0.0154836382912687
0.25 0.240740740740741 0.0378327266930294
0.282051282051282 0.256410256410256 0.0412337518591661
0.313559322033898 0.305084745762712 0.036645527899193
0.308943089430894 0.300813008130081 0.0343392022821822
0.26865671641791 0.23134328358209 0.042904920299125
0.225490196078431 0.235294117647059 0.0248378271477791
0.107692307692308 0.0769230769230769 0.0188638477691853
0.242105263157895 0.242105263157895 0.0391423040827875
0.244444444444444 0.211111111111111 0.0260560079628977
0.196428571428571 0.169642857142857 0.0121145661395416
0.234042553191489 0.159574468085106 0.0394908187460633
0.205882352941176 0.186274509803922 0.0265944961849867
0.189655172413793 0.206896551724138 0.0302802867545197
0.201923076923077 0.201923076923077 0.0296113231951462
0.221052631578947 0.189473684210526 0.030376967956096
0.15 0.125 0.0257542910700723
0.183908045977011 0.160919540229885 0.0268619249493116
0.302158273381295 0.294964028776978 0.0276390203190843
0.226415094339623 0.179245283018868 0.0226775959272142
0.321100917431193 0.284403669724771 0.0464345279958512
0.3203125 0.3203125 0.0396834030820017
0.346153846153846 0.278846153846154 0.0429987025824889
0.252747252747253 0.252747252747253 0.0326744163514812
0.280898876404494 0.258426966292135 0.0503648623320696
0.276190476190476 0.219047619047619 0.0290949082817464
0.3046875 0.2109375 0.0243055681397222
0.288288288288288 0.243243243243243 0.0276340835921363
0.247619047619048 0.257142857142857 0.0296319071029527
0.297297297297297 0.252252252252252 0.0345532101254173
0.205882352941176 0.186274509803922 0.0242347675061387
0.319672131147541 0.295081967213115 0.0288344564466406
0.266129032258065 0.306451612903226 0.0343661094758152
0.228070175438596 0.201754385964912 0.03946835240736
0.302083333333333 0.3125 0.0693976369079847
0.179775280898876 0.134831460674157 0.0188291245171309
0.247706422018349 0.220183486238532 0.0229929861131525
0.277777777777778 0.259259259259259 0.041105158208716
0.215189873417722 0.151898734177215 0.0229998345668301
0.245098039215686 0.205882352941176 0.0166653621332939
0.230769230769231 0.211538461538462 0.0286866118444495
0.275510204081633 0.244897959183673 0.0482453064847043
0.322314049586777 0.264462809917355 0.0221947301945503
0.172727272727273 0.136363636363636 0.00905981439819876
0.254545454545455 0.209090909090909 0.0165409084435998
0.277777777777778 0.231481481481481 0.0273218928844518
0.239130434782609 0.217391304347826 0.0394676899550814
0.208333333333333 0.1875 0.0243773035295089
0.25 0.2265625 0.0240337884318246
0.258333333333333 0.225 0.0232316776454729
0.182692307692308 0.211538461538462 0.0272455533451733
0.21875 0.21875 0.0251257033969276
0.15 0.15 0.0250038346630692
0.25 0.229166666666667 0.0265472090295463
0.22 0.23 0.0349667110227677
0.205357142857143 0.223214285714286 0.0303900119572178
0.225490196078431 0.215686274509804 0.0214798794174828
0.129411764705882 0.105882352941176 0.0312902402541804
0.264150943396226 0.264150943396226 0.034792000356098
0.252747252747253 0.263736263736264 0.056306423340912
0.279569892473118 0.279569892473118 0.0440422576914486
0.206611570247934 0.198347107438017 0.0312570607059398
0.2 0.17 0.0186688946924002
0.220183486238532 0.211009174311927 0.0192771332635813
0.236842105263158 0.228070175438596 0.0288906442294241
0.288135593220339 0.254237288135593 0.0366738005980427
0.206521739130435 0.184782608695652 0.0209325723064653
0.163461538461538 0.163461538461538 0.0153232747063404
0.287234042553192 0.319148936170213 0.0586064483028705
0.254237288135593 0.220338983050847 0.0173748199425844
0.191011235955056 0.157303370786517 0.0314269819391316
0.170454545454545 0.147727272727273 0.0296010780281258
0.183673469387755 0.183673469387755 0.0265691530636996
0.193877551020408 0.163265306122449 0.0413925361465025
0.215686274509804 0.205882352941176 0.0274996398611334
0.242718446601942 0.262135922330097 0.0314105785108542
0.266666666666667 0.20952380952381 0.0403548029261927
0.2 0.19 0.0217495041209295
0.26 0.26 0.0234442997062229
0.223214285714286 0.214285714285714 0.0300710171908091
0.228070175438596 0.201754385964912 0.0249980069584572
0.226086956521739 0.2 0.0226742154070745
0.164835164835165 0.164835164835165 0.0148693386723862
0.228813559322034 0.177966101694915 0.0197013236033922
0.241071428571429 0.196428571428571 0.0309669582034234
0.230769230769231 0.186813186813187 0.0315644856866338
0.258620689655172 0.224137931034483 0.0186113768823524
0.232558139534884 0.244186046511628 0.042956238848244
0.36 0.31 0.0442851275960461
0.170731707317073 0.146341463414634 0.0280119118198343
0.247191011235955 0.269662921348315 0.0355510049422995
0.231481481481481 0.231481481481481 0.0284317238188214
0.219512195121951 0.227642276422764 0.0365658180881622
0.182795698924731 0.161290322580645 0.0157378501679882
0.234042553191489 0.223404255319149 0.0359310581608555
0.230769230769231 0.197802197802198 0.02957401504598
0.256637168141593 0.256637168141593 0.0340721863499256
0.164835164835165 0.175824175824176 0.0388934006289653
0.176470588235294 0.188235294117647 0.0299652625376373
0.197802197802198 0.186813186813187 0.0332341727456242
0.2 0.177777777777778 0.0137379434039046
0.265625 0.25 0.0261178815775461
0.275229357798165 0.247706422018349 0.0354076779734416
0.19047619047619 0.154761904761905 0.0381252694603276
0.272727272727273 0.289256198347107 0.0405977626131172
0.349056603773585 0.273584905660377 0.0256157483322429
0.234782608695652 0.234782608695652 0.0234415119334786
0.207207207207207 0.198198198198198 0.0291903693253174
0.233870967741935 0.25 0.0305146584060414
0.271028037383178 0.242990654205607 0.030095079070379
0.206896551724138 0.172413793103448 0.0294981040923696
0.16504854368932 0.223300970873786 0.023039109992474
0.184466019417476 0.203883495145631 0.0332008471146052
0.221238938053097 0.194690265486726 0.0258900723089614
0.301724137931034 0.241379310344828 0.0218951637534059
0.25531914893617 0.25531914893617 0.0453521545089788
0.247524752475248 0.237623762376238 0.0315893292598376
0.254716981132075 0.245283018867925 0.0251082167902167
0.184 0.144 0.0117863203390309
0.179775280898876 0.157303370786517 0.017840397968789
0.262135922330097 0.271844660194175 0.0336188551182361
0.175675675675676 0.175675675675676 0.0308189738885296
0.196428571428571 0.205357142857143 0.0211878204027628
0.208695652173913 0.191304347826087 0.026666119604448
0.314814814814815 0.287037037037037 0.0489165791766747
0.280373831775701 0.299065420560748 0.0250643630954609
0.232142857142857 0.214285714285714 0.035355941330222
0.285714285714286 0.255102040816327 0.0480232322837213
0.206185567010309 0.247422680412371 0.0390128415670294
0.230769230769231 0.201923076923077 0.039027864064639
0.202127659574468 0.212765957446809 0.0430657266227072
0.288659793814433 0.278350515463918 0.0231155227620449
0.21875 0.208333333333333 0.0253619837703145
0.330357142857143 0.3125 0.0427933211358207
0.252252252252252 0.225225225225225 0.0252439565175183
0.27 0.3 0.0417936101938203
0.293478260869565 0.25 0.0443560795501947
0.223300970873786 0.223300970873786 0.0219422247388683
0.222222222222222 0.185185185185185 0.039150877287895
0.259259259259259 0.222222222222222 0.0344136189100112
0.216494845360825 0.22680412371134 0.0372636302226521
0.224299065420561 0.214953271028037 0.0272670701340682
0.2 0.178947368421053 0.0211833423389302
0.289719626168224 0.242990654205607 0.030751450507061
0.189473684210526 0.210526315789474 0.0347178166113364
0.272727272727273 0.227272727272727 0.0205825705728438
0.19 0.19 0.0172134578741525
0.266666666666667 0.247619047619048 0.0368687613439391
0.233333333333333 0.222222222222222 0.026910899181109
0.245283018867925 0.226415094339623 0.0293785891070373
0.2 0.147826086956522 0.0152428336932884
0.296703296703297 0.285714285714286 0.0423961177425362
0.290598290598291 0.290598290598291 0.025214319437139
0.262626262626263 0.222222222222222 0.0351621915759145
0.217821782178218 0.217821782178218 0.0394018179289227
0.246913580246914 0.222222222222222 0.0480137693412631
0.220183486238532 0.211009174311927 0.0228294648200626
0.284403669724771 0.284403669724771 0.0260943611922606
0.183908045977011 0.149425287356322 0.0265687409473553
0.325581395348837 0.325581395348837 0.0361268675258059
0.186915887850467 0.224299065420561 0.0274902901405887
0.207920792079208 0.148514851485149 0.0282215181181795
0.206896551724138 0.229885057471264 0.0394537476228466
0.171428571428571 0.219047619047619 0.0278028514541848
0.185185185185185 0.135802469135802 0.0123119799709614
0.283185840707965 0.31858407079646 0.0297902441637358
0.244897959183673 0.23469387755102 0.0237334413845749
0.252427184466019 0.223300970873786 0.0294355109960447
0.225806451612903 0.204301075268817 0.0169796169476826
0.206185567010309 0.195876288659794 0.0355130568957411
0.262135922330097 0.242718446601942 0.0246505692698575
0.257731958762887 0.237113402061856 0.0338832357985656
0.254716981132075 0.264150943396226 0.0260600357200275
0.230769230769231 0.175824175824176 0.0248626502698318
0.178082191780822 0.164383561643836 0.030458303370769
0.19 0.16 0.0246605332606328
0.290598290598291 0.299145299145299 0.0412286734557673
0.277777777777778 0.277777777777778 0.0240304925230694
0.230769230769231 0.239316239316239 0.0258061606884445
0.25 0.259615384615385 0.0430824744452483
0.155844155844156 0.142857142857143 0.0276801182505036
0.25 0.221153846153846 0.0201497509917448
0.369127516778524 0.308724832214765 0.0327653765213806
0.105263157894737 0.136842105263158 0.0173092143123832
0.257352941176471 0.235294117647059 0.0257075747233691
0.245454545454545 0.218181818181818 0.0194003148904377
0.207547169811321 0.150943396226415 0.017560914669078
0.254545454545455 0.190909090909091 0.0205393928930351
0.226890756302521 0.235294117647059 0.0307959044488581
0.252252252252252 0.216216216216216 0.032600032448151
0.21505376344086 0.21505376344086 0.0315565644689864
0.254098360655738 0.188524590163934 0.0305124609980505
0.280373831775701 0.242990654205607 0.0290589504407586
0.204081632653061 0.23469387755102 0.030178783897954
0.274193548387097 0.258064516129032 0.034468482449943
0.241379310344828 0.224137931034483 0.0233706883451787
0.32 0.328 0.0329403202821494
0.188888888888889 0.2 0.0276061475358649
0.203883495145631 0.194174757281553 0.0219896982687052
0.271028037383178 0.224299065420561 0.0232618880218784
0.205128205128205 0.256410256410256 0.0245142464499864
0.196261682242991 0.186915887850467 0.0199338276440906
0.168539325842697 0.157303370786517 0.0221575831930836
0.233333333333333 0.233333333333333 0.0476100606739648
0.247619047619048 0.266666666666667 0.0296300970407018
0.258064516129032 0.233870967741935 0.0240754519700409
0.209302325581395 0.197674418604651 0.0259417554115523
0.195876288659794 0.134020618556701 0.0200914833409922
0.23469387755102 0.224489795918367 0.043132645893446
0.241071428571429 0.214285714285714 0.0206983657899512
0.248062015503876 0.248062015503876 0.0232807817574021
0.228346456692913 0.188976377952756 0.0138223959111893
0.211009174311927 0.220183486238532 0.0214205151352048
0.225225225225225 0.207207207207207 0.0188546074249848
0.225225225225225 0.207207207207207 0.0188546074249848
