0.000312184542514929
0.000313719811464911
0.000314463446855277
0.000314463446855277
0.000314285585128998
0.000313263946580285
0.000313263946580285
0.000313236891399878
0.000313888172891684
0.000313888172891684
0.000313888172891684
0.000313888172891684
0.00031236743321275
0.00031236743321275
0.00031236743321275
0.000312646220036801
0.000312646220036801
0.000314451952047506
0.000314451952047506
0.000311616164074139
0.000312661774740757
0.000312661774740757
0.000312661774740757
0.000312661774740757
0.000312661774740757
0.000314592545233185
0.000314592545233185
0.000314592545233185
0.000314195346733998
0.000314195346733998
0.000314195346733998
0.000314195346733998
0.000314195346733998
0.000312373932376436
0.000312373932376436
0.000312373932376436
0.000312373932376436
0.000312373932376436
0.000312373932376436
0.000312373932376436
0.000312373932376436
0.000312373932376436
0.000312373932376436
0.000312373932376436
0.000312373932376436
0.000312373932376436
0.000312373932376436
0.000312373932376436
0.000312373932376436
0.000312373932376436
0.000312373932376436
0.000312373932376436
0.000312373932376436
0.000312373932376436
0.000312373932376436
0.000312373932376436
0.000312373932376436
0.000312373932376436
0.000312373932376436
0.000312373932376436
0.000312373932376436
0.000312373932376436
0.000312373932376436
0.000312373932376436
0.000312373932376436
0.000312373932376436
0.000312373932376436
0.000312373932376436
0.000312373932376436
0.00031382083299043
0.00031382083299043
0.00031382083299043
0.00031382083299043
0.00031382083299043
0.00031382083299043
0.00031382083299043
0.00031382083299043
0.00031382083299043
0.00031382083299043
0.000314056919257838
0.000314056919257838
0.000314056919257838
0.000314056919257838
0.000314056919257838
0.000314056919257838
0.000314056919257838
0.000314056919257838
0.000314056919257838
0.000314056919257838
0.000314056919257838
0.000314056919257838
0.000314056919257838
0.000314056919257838
0.000314056919257838
0.000314056919257838
0.000314056919257838
0.000314056919257838
0.000314056919257838
0.000314056919257838
0.000314056919257838
0.000314056919257838
0.000314056919257838
0.000314056919257838
0.000314056919257838
0.000314591284309561
0.000314591284309561
0.000314591284309561
0.000314591284309561
0.00031402838508612
0.00031402838508612
0.000313578940492628
0.000313578940492628
0.000313578940492628
0.000313578940492628
0.000313578940492628
0.000313578940492628
0.000313578940492628
0.000313578940492628
0.000313578940492628
0.000313578940492628
0.000313578940492628
0.000313578940492628
0.000313578940492628
0.000313578940492628
0.000313578940492628
0.000313578940492628
0.000313578940492628
0.000313578940492628
0.000313578940492628
0.000313578940492628
0.000313578940492628
0.000313578940492628
0.000313578940492628
0.000313578940492628
0.000313578940492628
0.000313578940492628
0.000313578940492628
0.000313578940492628
0.000313578940492628
0.000313578940492628
0.000313578940492628
0.000313578940492628
0.000313578940492628
0.000313578940492628
0.000313578940492628
0.000313578940492628
0.000313578940492628
0.000313578940492628
0.000313578940492628
0.000313578940492628
0.000313578940492628
0.000313578940492628
0.000313578940492628
0.000313578940492628
0.000313578940492628
0.000313578940492628
0.000313578940492628
0.000313578940492628
0.000313578940492628
0.000313578940492628
0.000313578940492628
0.000313578940492628
0.000313578940492628
0.000313578940492628
0.000313578940492628
0.000313578940492628
0.000313578940492628
0.000313578940492628
0.000313578940492628
0.000313578940492628
0.000313578940492628
0.000313578940492628
0.000313578940492628
0.000313578940492628
0.000313578940492628
0.000313578940492628
0.000313578940492628
0.000313578940492628
0.000313578940492628
0.000313578940492628
0.000313578940492628
0.000313578940492628
0.000313578940492628
0.000313578940492628
0.000313578940492628
0.000313578940492628
0.000313578940492628
0.000313578940492628
0.000313578940492628
0.000313578940492628
0.000313578940492628
0.000313578940492628
0.000313578940492628
0.000313578940492628
0.000313578940492628
0.000313578940492628
0.000313578940492628
0.000313578940492628
0.000313578940492628
0.000313578940492628
0.000313578940492628
0.000313578940492628
0.000313578940492628
0.000313578940492628
0.000313578940492628
0.000313578940492628
0.000313578940492628
0.000313578940492628
0.000313578940492628
0.000313578940492628
0.000313578940492628
0.000313578940492628
0.000313578940492628
0.000313578940492628
0.000313578940492628
0.000313578940492628
0.000313578940492628
0.000313578940492628
0.000313578940492628
0.000313578940492628
0.000313578940492628
0.000313578940492628
0.000313578940492628
0.000313578940492628
0.000313578940492628
0.000313578940492628
0.000313578940492628
0.000313578940492628
0.000313578940492628
0.000313578940492628
0.000313578940492628
0.000314018422234627
0.000314018422234627
0.000314018422234627
0.000314018422234627
0.000314018422234627
0.000314018422234627
0.000314018422234627
0.000314018422234627
0.000314264911073044
0.000314264911073044
0.000314264911073044
0.000314264911073044
0.000314264911073044
0.000314264911073044
0.000314264911073044
0.000314264911073044
0.000314264911073044
0.000314264911073044
0.000314264911073044
0.000314264911073044
0.000314264911073044
0.000314264911073044
0.000314264911073044
0.000314264911073044
0.000314264911073044
0.000314264911073044
0.000314264911073044
0.000314264911073044
0.000314264911073044
0.000314264911073044
0.000314264911073044
0.000314264911073044
0.000314264911073044
0.000314264911073044
0.000314264911073044
0.000314264911073044
0.000314264911073044
0.000314264911073044
0.000314264911073044
0.000314264911073044
0.000314264911073044
0.000314264911073044
0.000314264911073044
0.000314264911073044
0.000314264911073044
0.000314264911073044
0.000314264911073044
0.000314264911073044
0.000314264911073044
0.000314264911073044
0.000314264911073044
0.000314264911073044
0.000314264911073044
0.000313368479141204
0.000313368479141204
0.000313968947694747
0.000313968947694747
0.000313968947694747
0.000313968947694747
0.000313968947694747
0.000313968947694747
0.000313968947694747
0.000313968947694747
0.000313968947694747
0.000313968947694747
0.000313968947694747
0.000313968947694747
0.000313968947694747
0.000313968947694747
0.000313968947694747
0.000313968947694747
0.000313968947694747
0.000313968947694747
0.000313968947694747
0.000313968947694747
0.000313968947694747
0.000313968947694747
0.000313968947694747
0.000313968947694747
0.000313968947694747
0.000313968947694747
0.000313968947694747
0.000313968947694747
0.000313968947694747
0.000313968947694747
0.000313968947694747
0.000313968947694747
0.000313234849582956
0.000313234849582956
0.000313234849582956
0.000313234849582956
0.000313234849582956
0.000313234849582956
0.000313234849582956
0.000313234849582956
0.000313234849582956
0.000313234849582956
0.000313234849582956
0.000313234849582956
0.000313234849582956
0.000313234849582956
0.000313234849582956
0.000313234849582956
0.000313234849582956
0.000313234849582956
0.000313234849582956
0.000313234849582956
0.000313234849582956
0.000313234849582956
0.000313234849582956
0.000313234849582956
0.000313234849582956
0.000313234849582956
0.000313234849582956
0.000313234849582956
0.000313234849582956
0.000313234849582956
0.000313234849582956
0.000313234849582956
0.000313234849582956
0.000313234849582956
0.000313234849582956
0.000313234849582956
0.000313234849582956
0.000313234849582956
0.000313234849582956
0.000313234849582956
0.000313234849582956
0.000313234849582956
0.000313234849582956
0.000313234849582956
0.000313234849582956
0.000313234849582956
0.000313234849582956
0.000313234849582956
0.000313234849582956
0.000313234849582956
0.000313234849582956
0.000313234849582956
0.000313234849582956
0.000313234849582956
0.000313234849582956
0.000313234849582956
0.000313234849582956
0.000313234849582956
0.000313234849582956
0.000313234849582956
0.000313234849582956
0.000313234849582956
0.000313234849582956
0.000313234849582956
0.000313784981993536
0.000313784981993536
0.000313784981993536
0.000313784981993536
0.000313784981993536
0.000313784981993536
0.000313784981993536
0.000313784981993536
0.000313784981993536
0.000313784981993536
0.000313784981993536
0.000313784981993536
0.000313784981993536
0.000313784981993536
0.000313784981993536
0.000313784981993536
0.000313784981993536
0.000313784981993536
0.000313784981993536
0.000313784981993536
0.000313784981993536
0.000313784981993536
0.000313784981993536
0.000313784981993536
0.000313784981993536
0.000313784981993536
0.000313784981993536
0.000314386564593796
0.000314386564593796
0.000314386564593796
0.000314386564593796
0.000314386564593796
0.000314386564593796
0.000314386564593796
0.000314386564593796
0.000314386564593796
0.000314386564593796
0.000314386564593796
0.000314386564593796
0.000314386564593796
0.000314386564593796
0.000314386564593796
0.000314386564593796
0.000314386564593796
0.000314386564593796
0.000314386564593796
0.000314386564593796
0.000314091934232346
0.000315242973300465
0.000315242973300465
0.000315242973300465
0.000315242973300465
0.000315242973300465
0.000315242973300465
0.000315242973300465
0.000315242973300465
0.000315242973300465
0.000315242973300465
0.000315242973300465
0.000315242973300465
0.000315242973300465
0.000315242973300465
0.000315242973300465
0.000315242973300465
0.000315242973300465
0.000315242973300465
0.000315242973300465
0.000315242973300465
0.000315242973300465
0.000315242973300465
0.000315242973300465
0.000315242973300465
0.000315242973300465
0.000315242973300465
0.000315242973300465
0.000315242973300465
0.000315242973300465
0.000315242973300465
0.000315242973300465
0.000315242973300465
0.000315242973300465
0.000315242973300465
0.000315242973300465
0.000315242973300465
0.000315242973300465
0.000315242973300465
0.000315242973300465
0.000315242973300465
0.000315242973300465
0.000315242973300465
0.000315242973300465
0.000315242973300465
0.000315242973300465
0.000315242973300465
0.000315242973300465
0.000315242973300465
0.000315242973300465
0.000315242973300465
0.000315242973300465
0.000315242973300465
0.000315242973300465
0.000315242973300465
0.000315242973300465
0.000315242973300465
0.000315242973300465
0.000315242973300465
0.000315242973300465
0.000315242973300465
0.000315242973300465
0.000315242973300465
0.000315242973300465
0.000315242973300465
0.000315242973300465
0.000315242973300465
0.000315242973300465
0.000315242973300465
0.000315242973300465
0.000315242973300465
0.000315242973300465
0.000315242973300465
0.000315242973300465
0.000315242973300465
0.000315242973300465
0.000315242973300465
0.000315242973300465
0.000315242973300465
0.000315242973300465
0.000315242973300465
0.000315242973300465
0.000315242973300465
0.000315242973300465
0.000315242973300465
0.000315242973300465
0.000315242973300465
0.000315242973300465
0.000315242973300465
0.000315242973300465
0.000315242973300465
0.000315242973300465
0.000315242973300465
0.000315242973300465
0.000315242973300465
0.000315242973300465
0.000315242973300465
0.000315242973300465
0.000315242973300465
0.000315242973300465
0.000315242973300465
0.000315242973300465
0.000315242973300465
0.000315242973300465
0.000315242973300465
0.000315242973300465
0.000315242973300465
0.000315242973300465
0.000315242973300465
0.000315242973300465
0.000315242973300465
0.000315242973300465
0.000315242973300465
0.000315242973300465
0.000315242973300465
0.000315242973300465
0.000315242973300465
0.000315242973300465
0.000315242973300465
0.000315242973300465
0.000315242973300465
0.000315242973300465
0.000315242973300465
0.000315242973300465
0.000315242973300465
0.000315242973300465
0.000315242973300465
0.000315242973300465
0.000315242973300465
0.000315242973300465
0.000315242973300465
0.000315242973300465
0.000315242973300465
0.000315242973300465
0.000315242973300465
0.000315242973300465
0.000315242973300465
0.000315242973300465
0.000315242973300465
0.000315242973300465
0.000315242973300465
0.000315242973300465
0.000315242973300465
0.000315242973300465
0.000315242973300465
0.000315242973300465
0.000315242973300465
0.000315242973300465
0.000315242973300465
0.000315242973300465
0.000315242973300465
0.000315242973300465
0.000315242973300465
0.000315242973300465
0.000315242973300465
0.000315242973300465
0.000315242973300465
0.000315242973300465
0.000315242973300465
0.000315242973300465
0.000315242973300465
0.000315242973300465
0.000315242973300465
0.000315242973300465
0.000315242973300465
0.000315242973300465
0.000315242973300465
0.000315242973300465
0.000315242973300465
0.000315242973300465
0.000315242973300465
0.000315242973300465
0.000315242973300465
0.000315242973300465
0.000315242973300465
0.000315242973300465
0.000314598459755542
0.000314598459755542
0.000314598459755542
0.000314598459755542
0.000314598459755542
0.000314598459755542
0.000314598459755542
0.000314598459755542
0.000314598459755542
0.000314598459755542
0.000314598459755542
0.000314598459755542
0.000314598459755542
0.000314598459755542
0.000314598459755542
0.000314598459755542
0.000314598459755542
0.000314598459755542
0.000314598459755542
0.000314598459755542
0.000314598459755542
0.000314598459755542
0.000314598459755542
0.000314598459755542
0.000314598459755542
0.000314598459755542
0.000314598459755542
0.000314598459755542
0.000314598459755542
0.000314598459755542
0.000314598459755542
0.000314598459755542
0.000314598459755542
0.000314598459755542
0.000314598459755542
0.000314598459755542
0.000314598459755542
0.000314598459755542
0.000314598459755542
0.000314598459755542
0.000314598459755542
0.000314598459755542
0.000314598459755542
0.000314598459755542
0.000314598459755542
0.000314598459755542
0.000314598459755542
0.000314598459755542
0.000314598459755542
0.000314598459755542
0.000314598459755542
0.000314598459755542
0.000314598459755542
0.000314598459755542
0.000314598459755542
0.000314598459755542
0.000314598459755542
0.000314598459755542
0.000314598459755542
0.000314598459755542
0.000314598459755542
0.000314598459755542
0.000314598459755542
0.000314598459755542
0.000314598459755542
0.000314598459755542
0.000314598459755542
0.000314598459755542
0.000314598459755542
0.000314598459755542
0.000314598459755542
0.000314598459755542
0.000314598459755542
0.000314598459755542
0.000314598459755542
0.000314598459755542
0.000314598459755542
0.000314598459755542
0.000314598459755542
0.000314598459755542
0.000314598459755542
0.000314598459755542
0.000314598459755542
0.000314598459755542
0.000314598459755542
0.000314598459755542
0.000314598459755542
0.000314598459755542
0.000314598459755542
0.000314598459755542
0.000314598459755542
0.000314598459755542
0.000314598459755542
0.000314598459755542
0.000314598459755542
0.000314598459755542
0.000314598459755542
0.000314598459755542
0.000314598459755542
0.000314598459755542
0.000314598459755542
0.000314598459755542
0.000314598459755542
0.000314598459755542
0.000314598459755542
0.000314598459755542
0.000314598459755542
0.000314598459755542
0.000314598459755542
0.000314598459755542
0.000314598459755542
0.000314598459755542
0.000314598459755542
0.000314598459755542
0.000314598459755542
0.000314598459755542
0.000314598459755542
0.000314598459755542
0.000314598459755542
0.000314598459755542
0.000314598459755542
0.000314598459755542
0.000314598459755542
0.000314598459755542
0.000314598459755542
0.000314598459755542
0.000314598459755542
0.000314598459755542
0.000314598459755542
0.000314598459755542
0.000314598459755542
0.000314598459755542
0.000314598459755542
0.000314598459755542
0.000314598459755542
0.000314598459755542
0.000314598459755542
0.000314598459755542
0.000314598459755542
0.000314598459755542
0.000314598459755542
0.000314598459755542
0.000314598459755542
0.000314598459755542
0.000314598459755542
0.000314598459755542
0.000314598459755542
0.000314598459755542
0.000314598459755542
0.000314598459755542
0.000314598459755542
0.000314598459755542
0.000314598459755542
0.000314598459755542
0.000314598459755542
0.000314598459755542
0.000314598459755542
0.000314100219381568
0.000314100219381568
0.000314100219381568
0.000314100219381568
0.000314100219381568
0.000314100219381568
0.000314100219381568
0.000314100219381568
0.000314100219381568
0.000314100219381568
0.000314100219381568
0.000314100219381568
0.000314100219381568
0.000314100219381568
0.000314100219381568
0.000314100219381568
0.000314100219381568
0.000314100219381568
0.000314100219381568
0.000314100219381568
0.000314100219381568
0.000314100219381568
0.000314100219381568
0.000314100219381568
0.000314100219381568
0.000314100219381568
0.000314100219381568
0.000314100219381568
0.000314100219381568
0.000314100219381568
0.000314100219381568
0.000314100219381568
0.000314100219381568
0.000314100219381568
0.000314100219381568
0.000314100219381568
0.000314100219381568
0.000314100219381568
0.000314100219381568
0.000314100219381568
0.000314100219381568
0.000314100219381568
0.000314100219381568
0.000314100219381568
0.000314100219381568
0.000314100219381568
0.000314100219381568
0.000314100219381568
0.000314100219381568
0.000314470356248746
0.000314470356248746
0.000314470356248746
0.000314470356248746
0.000314470356248746
0.000314470356248746
0.000314470356248746
0.000314470356248746
0.000314470356248746
0.000314470356248746
0.000314470356248746
0.000314470356248746
0.000314470356248746
0.000314470356248746
0.000314470356248746
0.000314470356248746
0.000314470356248746
0.000314470356248746
0.000314470356248746
0.000314470356248746
0.000314470356248746
0.000314470356248746
0.000314470356248746
0.000314470356248746
0.000314470356248746
0.000314470356248746
0.000314470356248746
0.000314470356248746
0.000314470356248746
0.000314470356248746
0.000314470356248746
0.000314470356248746
0.000314470356248746
0.000314470356248746
0.000314470356248746
0.000314470356248746
0.000314470356248746
0.000314470356248746
0.000314470356248746
0.000314470356248746
0.000314470356248746
0.000314470356248746
0.000314470356248746
0.000314470356248746
0.000314470356248746
0.000314470356248746
0.000314470356248746
0.000314470356248746
0.000314470356248746
0.000314470356248746
0.000314470356248746
0.000314470356248746
0.000314470356248746
0.000314470356248746
0.000314470356248746
0.000314470356248746
0.000314470356248746
0.000314470356248746
0.000314470356248746
0.000314470356248746
0.000314470356248746
0.000314470356248746
0.000314470356248746
0.000314470356248746
0.000314470356248746
0.000314470356248746
0.000314470356248746
0.000314470356248746
0.000314470356248746
0.000313408799757459
0.000313408799757459
0.000313408799757459
0.000313408799757459
0.000313408799757459
0.000313408799757459
0.000313408799757459
0.000313408799757459
0.000313408799757459
0.000313408799757459
0.000313408799757459
0.000313408799757459
0.000313408799757459
0.000313408799757459
0.000313408799757459
0.000313408799757459
0.000313408799757459
0.000313408799757459
0.000313408799757459
0.000313408799757459
0.000313408799757459
0.000313408799757459
0.000313408799757459
0.000313408799757459
0.000313408799757459
0.000313408799757459
0.000313408799757459
0.000313408799757459
0.000313408799757459
0.000313408799757459
0.000313408799757459
0.000313408799757459
0.000313408799757459
0.000313408799757459
0.000313408799757459
0.000313408799757459
0.000313408799757459
0.000313408799757459
0.000313408799757459
0.000313408799757459
0.000313408799757459
0.000313408799757459
0.000313408799757459
0.000313408799757459
0.000313408799757459
0.000313408799757459
0.000313408799757459
0.000313408799757459
0.000313408799757459
0.000313408799757459
0.000313408799757459
0.000313408799757459
0.000313408799757459
0.000313408799757459
0.000313408799757459
0.000313408799757459
0.000313408799757459
0.000313408799757459
0.000313408799757459
0.000313408799757459
0.000313408799757459
0.000313408799757459
0.000313408799757459
0.000313408799757459
0.000313408799757459
0.000313408799757459
0.000313408799757459
0.000313408799757459
0.000313408799757459
0.000313408799757459
0.000313408799757459
0.000313408799757459
0.000313408799757459
0.000313408799757459
0.000313408799757459
0.000313408799757459
0.000313408799757459
0.000313408799757459
0.000313408799757459
0.000313408799757459
0.000313408799757459
0.000313408799757459
0.000313408799757459
0.000313408799757459
0.000313408799757459
0.000313408799757459
0.000313408799757459
0.000313408799757459
0.000313408799757459
0.000313408799757459
0.000313408799757459
0.000313408799757459
0.000313408799757459
0.000313408799757459
0.000313408799757459
0.000313408799757459
0.000313408799757459
0.000313408799757459
0.000313408799757459
0.000313408799757459
0.000313408799757459
0.000313408799757459
0.000313408799757459
0.000313408799757459
0.000313408799757459
0.000313408799757459
0.000313408799757459
0.000313408799757459
0.000313408799757459
0.000313408799757459
0.000313408799757459
0.000313408799757459
0.000313408799757459
0.000313408799757459
0.000313408799757459
0.000313408799757459
0.000313408799757459
0.000313408799757459
0.000313408799757459
0.000313408799757459
0.000313408799757459
