0.503225806451613 0.541935483870968 0.0302480122018886
0.480916030534351 0.465648854961832 0.0255891112849332
0.473684210526316 0.473684210526316 0.447641083886883
0.53099173553719 0.570247933884298 0.0252484848979161
0.482479784366577 0.528301886792453 0.0233630653883382
0.47098976109215 0.494880546075085 0.0291011298398909
0.483091787439614 0.463768115942029 0.0632695608496023
0.452830188679245 0.39622641509434 0.136126872022711
0.494577006507592 0.542299349240781 0.0217357335952607
0 0 NA
0.476635514018692 0.495327102803738 0.0239290486999381
0 0 NA
0.484090909090909 0.556818181818182 0.0246121963664292
0.519553072625698 0.569832402234637 0.0701162024640509
0.485772357723577 0.563008130081301 0.0238621101046615
0.431192660550459 0.403669724770642 0.05890158950086
0.472140762463343 0.585043988269795 0.0156834677364983
0.427184466019417 0.422330097087379 0.030770707580434
0.483483483483483 0.534534534534535 0.0350320298016668
0.666666666666667 0.666666666666667 1
0 0 NA
0.487252124645892 0.54957507082153 0.0343532532158623
0.474048442906574 0.512110726643599 0.0300876424800828
0.468571428571429 0.451428571428571 0.0507272389271869
0.489483747609943 0.569789674952199 0.0170519064381975
0.486678507992895 0.571936056838366 0.0190081338821496
0.437837837837838 0.481081081081081 0.0437596726495129
0.45823927765237 0.54176072234763 0.0221988121815653
0.512931034482759 0.568965517241379 0.0246058837736684
0.473186119873817 0.594637223974763 0.0185942651694737
0.486175115207373 0.569124423963134 0.027209057016742
0 0 NA
0.452865064695009 0.548983364140481 0.0208325478946219
0.333333333333333 0.333333333333333 0.499999999820913
0.405228758169935 0.392156862745098 0.0469720252963564
0.455172413793103 0.5 0.0366873546258652
0.442028985507246 0.485507246376812 0.0721890005461009
0.75 0.75 1
0.514285714285714 0.576470588235294 0.0144338999924133
0.425925925925926 0.462962962962963 0.173779283836038
0.468085106382979 0.446808510638298 0.118647267864413
0.465263157894737 0.553684210526316 0.0178743546046318
0 0 NA
0.333333333333333 0.333333333333333 0.139213534487323
0 0 NA
0.450331125827815 0.410596026490066 0.0465836254896215
0.494011976047904 0.544910179640719 0.0154852971650604
0.483375959079284 0.50383631713555 0.02227116178576
0.456973293768546 0.483679525222552 0.0315703689095841
0.458947368421053 0.530526315789474 0.0213342444608216
0.485714285714286 0.548214285714286 0.0173953152272947
0.428571428571429 0.436974789915966 0.0904418181827839
0.483516483516484 0.512820512820513 0.044699502375188
0.482919254658385 0.559006211180124 0.0171759936788308
0.448717948717949 0.423076923076923 0.0857714421913859
0.442508710801394 0.480836236933798 0.032223575685185
0.486725663716814 0.548672566371681 0.0374752550967184
0.487437185929648 0.49748743718593 0.0412881020926878
0.519417475728155 0.574433656957929 0.0214595346457138
0.465909090909091 0.448863636363636 0.0632352999196913
0.495697074010327 0.561101549053356 0.0207154352811167
0.516666666666667 0.45 0.0782756353728262
0 0 NA
0 0 NA
0.478571428571429 0.521428571428571 0.0395243734423701
0 0 NA
0.475862068965517 0.496551724137931 0.0367690677895159
0 0 NA
0.477516059957173 0.558886509635974 0.0215606872540028
0.507621951219512 0.588414634146341 0.0172786968935551
0.454248366013072 0.496732026143791 0.0412861861028401
0.333333333333333 0.333333333333333 0.249016521313435
0.499151103565365 0.567062818336163 0.0211884770170872
0.492982456140351 0.547368421052632 0.016357517954059
0.439834024896266 0.54149377593361 0.0161851102815584
0.505102040816326 0.565051020408163 0.0166288642937291
0.51123595505618 0.49438202247191 0.0442787329751531
0.494505494505495 0.553113553113553 0.0180395449247797
0 0 NA
0.477430555555556 0.571180555555556 0.019900196483827
0.489130434782609 0.510869565217391 0.0605290127179664
0.5 0.51219512195122 0.102175834254175
0.5 0.5 0.599998212092706
0.470319634703196 0.497716894977169 0.0165359314763091
0.333333333333333 0.333333333333333 0.399614646203077
0.479905437352246 0.529550827423168 0.0239005758535665
0.497014925373134 0.577611940298507 0.0198155875570007
0.509615384615385 0.504807692307692 0.0379114181175493
0.46583850931677 0.422360248447205 0.0510984820206093
0 0 NA
0.528391167192429 0.586750788643533 0.018466023141161
0.333333333333333 0.333333333333333 0.5
0.469026548672566 0.542035398230089 0.0219748203796106
0.491319444444444 0.571180555555556 0.0204514984455845
0.492957746478873 0.436619718309859 0.132071326385871
0.455399061032864 0.460093896713615 0.0555610315471352
0.485967503692762 0.574593796159527 0.0137800743148553
0.515723270440252 0.509433962264151 0.0521529190054593
0.5 0.5 1
0.473417721518987 0.529113924050633 0.0269015574186466
0.475746268656716 0.555970149253731 0.0201170024817273
0.489795918367347 0.476190476190476 0.0432681580782568
0.484848484848485 0.424242424242424 0.0599283678813122
0.436708860759494 0.424050632911392 0.0425119818599895
0 0 0
0.495708154506438 0.55793991416309 0.0287399969634647
0.480662983425414 0.511049723756906 0.0258267596901914
0.523489932885906 0.483221476510067 0.0693063461955659
0.499290780141844 0.59290780141844 0.0157071337685297
0.525641025641026 0.520512820512821 0.0271168637941298
0.491007194244604 0.557553956834532 0.0216238889859323
0.478134110787172 0.504373177842566 0.024483649114531
0 0 NA
0.486547085201794 0.535874439461883 0.0280875314289664
0.455555555555556 0.411111111111111 0.109880459602661
0 0 NA
0.512820512820513 0.512820512820513 0.264960196670385
0.480645161290323 0.519354838709677 0.0300314585393853
0.518581081081081 0.579391891891892 0.020466197686669
0.488421052631579 0.534736842105263 0.0195570929543588
0.477064220183486 0.477064220183486 0.0856006710581231
0.484615384615385 0.488461538461538 0.0336568624293686
0.490196078431373 0.480392156862745 0.0395673945315499
0.464912280701754 0.43859649122807 0.0673713657364056
0.477401129943503 0.562146892655367 0.0158435105744813
0.454545454545455 0.5311004784689 0.0260613743232579
0.51171875 0.57421875 0.0224272957322021
0.493449781659389 0.565502183406114 0.024195792603023
0 0 0
0.511811023622047 0.519685039370079 0.0616997520953238
0 0 NA
0.491596638655462 0.57703081232493 0.0159198177409494
0 0 NA
0.49906191369606 0.564727954971857 0.0218048175144323
0.481617647058824 0.533088235294118 0.0155945246819164
0 0 NA
0.46481178396072 0.563011456628478 0.0185480589455666
0.497584541062802 0.492753623188406 0.0420288954969361
0.427672955974843 0.421383647798742 0.0708645386508926
0.50377358490566 0.573584905660377 0.0207733550311149
0.480978260869565 0.527173913043478 0.0221132406003158
0.481099656357388 0.52233676975945 0.0351841599996689
0 0 NA
0.451713395638629 0.517133956386293 0.026919020983888
0 0 NA
0.484641638225256 0.539249146757679 0.015623722416245
0.489871086556169 0.543278084714549 0.0183017294785958
0.333333333333333 0.333333333333333 0.5
0.5 0.5 0.666666666666667
0.507739938080495 0.526315789473684 0.0273404346690138
0.436823104693141 0.552346570397112 0.0156209801520444
0.476190476190476 0.547619047619048 0.0288619804730391
0.544776119402985 0.477611940298507 0.0623458557317383
0.478841870824053 0.530066815144766 0.0219657882517875
0.440677966101695 0.406779661016949 0.112842617565513
0.461538461538462 0.534615384615385 0.0537748509460736
0.422680412371134 0.487113402061856 0.0242482176068832
0.474264705882353 0.488970588235294 0.024653143349887
0.493119266055046 0.541284403669725 0.0266889243413018
0.509658246656761 0.607726597325409 0.0192238635234299
0 0 0
0.666666666666667 0.666666666666667 1
0 0 NA
0 0 NA
0.465725806451613 0.542338709677419 0.0184339899432786
0 0 NA
0.490196078431373 0.529411764705882 0.0263049774806329
0 0 0
0.477272727272727 0.363636363636364 0.134336206788369
0.432203389830508 0.406779661016949 0.0405363671408363
0.461538461538462 0.51417004048583 0.051304847930326
0 0 NA
0.450980392156863 0.490196078431373 0.0242405052062452
0.513513513513513 0.5 0.122477487960623
0.506517690875233 0.554934823091248 0.0185347386358629
0.474393530997305 0.517520215633423 0.0246186487915554
0.45985401459854 0.416058394160584 0.0560277224219598
0.495697074010327 0.564543889845095 0.0176668513464657
0.451219512195122 0.402439024390244 0.111942660127092
0 0 NA
0.471910112359551 0.47565543071161 0.030318962582243
0.476351351351351 0.516891891891892 0.0275304425878251
0.469026548672566 0.501474926253687 0.0329633799297429
0 0 0
0.485477178423237 0.524896265560166 0.0225122620409868
0.497777777777778 0.553333333333333 0.0231240559089409
0.518218623481781 0.576923076923077 0.0220287137375313
0.471177944862155 0.536340852130326 0.023326868162526
0.5 0.25 0.361561013942587
0.466666666666667 0.533333333333333 0.0229343365910966
0 0 NA
0.49203821656051 0.584394904458599 0.0190717959599741
0.457831325301205 0.506024096385542 0.0505912301967996
0.483193277310924 0.527310924369748 0.0255434285979643
0.481012658227848 0.481012658227848 0.035573161694204
0.5 0.5 1
0.583333333333333 0.583333333333333 0.480711826357717
0.494871794871795 0.530769230769231 0.0333272731864812
0.513698630136986 0.523972602739726 0.0322201512565835
0 0 NA
0.458860759493671 0.539556962025316 0.0157799374847697
0.452830188679245 0.452830188679245 0.0573017789949175
0.498817966903073 0.555555555555556 0.026749340950819
0.453629032258065 0.530241935483871 0.0177491273394708
0.486682808716707 0.527845036319613 0.0214493629116596
0.518394648829431 0.578595317725752 0.022848571525736
0.486075949367089 0.516455696202532 0.0273240058735764
0.473684210526316 0.460526315789474 0.0586507067062246
0.5 0.5 1
0.471111111111111 0.488888888888889 0.0567612742715683
0.492462311557789 0.505025125628141 0.0220451881507286
0.43030303030303 0.448484848484848 0.0496851235208853
0.487619047619048 0.563809523809524 0.0240810950728924
0.470982142857143 0.520089285714286 0.0184012913510678
0 0 NA
0.469453376205788 0.498392282958199 0.0292296235378662
0 0 NA
0.5 0.5 1
0.443645083932854 0.474820143884892 0.0227668319853197
0.45 0.455 0.0375486686978252
0.525454545454546 0.576363636363636 0.0215686709544736
0.502722323049002 0.586206896551724 0.0204644059694956
0.428571428571429 0.285714285714286 0.3333333350779
0.5 0.55188679245283 0.0267571906250307
0.483796296296296 0.516203703703704 0.0207583021984652
0.479115479115479 0.530712530712531 0.0225719401715111
0.509090909090909 0.516363636363636 0.0391852195697283
0.575757575757576 0.53030303030303 0.129313217529107
0.475 0.502777777777778 0.0297342654763536
0.504983388704319 0.541528239202658 0.0196661761718648
0.467889908256881 0.562691131498471 0.017116108282045
0.514150943396226 0.495283018867925 0.039801476440561
0.496376811594203 0.532608695652174 0.0450302595392848
0.520787746170678 0.551422319474836 0.0278276609601106
0.441747572815534 0.485436893203884 0.0373851073796143
0.482573726541555 0.533512064343164 0.0315780596792588
0.480549199084668 0.496567505720824 0.0213620068751707
0.522222222222222 0.5 0.0578311410342555
0.473684210526316 0.473684210526316 0.0761690207713425
0.483478260869565 0.542608695652174 0.0179547542558165
0.472684085510689 0.522565320665083 0.0213709437477861
0.456896551724138 0.422413793103448 0.072646911478696
0.449715370018975 0.518026565464896 0.0195956913186901
0.333333333333333 0.333333333333333 0.5
0.504 0.536 0.0341749506873881
0.482649842271293 0.517350157728707 0.0282379222617214
0.456310679611651 0.549514563106796 0.0154138565279744
0.510028653295129 0.555873925501433 0.0383528649037556
0.476331360946746 0.523668639053254 0.0277400547513945
0.510548523206751 0.542194092827004 0.0257412557248635
0.45766590389016 0.521739130434783 0.0244600644925715
0.470422535211268 0.52112676056338 0.0276949293579212
0 0 NA
0.517345399698341 0.606334841628959 0.0172829607393702
0.510556621880998 0.5489443378119 0.0225317408575204
0 0 0
0 0 NA
0.461538461538462 0.384615384615385 0.0965556150527444
0.491935483870968 0.451612903225806 0.0585030461723684
0.485981308411215 0.476635514018692 0.0445916319398929
0 0 NA
0.428571428571429 0.428571428571429 0.335812532308826
0.477168949771689 0.536529680365297 0.0180418639082198
0.467509025270758 0.523465703971119 0.0152171614850322
0.489208633093525 0.534772182254197 0.0289521076032701
0.5 0.375 0.529397165630902
0 0 NA
0.509677419354839 0.516129032258065 0.0743324762765699
0.480680061823802 0.553323029366306 0.0147540517602496
0.476868327402135 0.491103202846975 0.0325957637936112
0.477142857142857 0.531428571428571 0.0289818934112594
0.498525073746313 0.584070796460177 0.0161600015211093
0 0 NA
0.492447129909366 0.537764350453172 0.026813166150672
0.4875 0.554166666666667 0.0196334651509331
0.484210526315789 0.56140350877193 0.0190137257211854
0.501170960187354 0.557377049180328 0.0209341949342534
0.453287197231834 0.57439446366782 0.0187844316391566
0.5 0.5 1
0.473262032085562 0.529411764705882 0.0296052199456215
0.471380471380471 0.488215488215488 0.0357111653973167
0.472972972972973 0.521621621621622 0.0227014189264936
0.469135802469136 0.55026455026455 0.0194091150199152
0.524444444444444 0.502222222222222 0.0519396476069697
0.505970149253731 0.607462686567164 0.0163813765445257
0.514598540145985 0.556569343065693 0.020903769265819
0.484042553191489 0.553191489361702 0.0163171752909993
0.5 0.395348837209302 0.0584822941773968
0.45933014354067 0.483253588516746 0.0411658371667231
0.496621621621622 0.576013513513513 0.0165194315379157
0.484536082474227 0.484536082474227 0.0458165066523117
0.482421875 0.529296875 0.021593411469306
0 0 NA
0.439024390243902 0.536585365853659 0.0177717549847735
0.477987421383648 0.433962264150943 0.0758766881303389
0.48780487804878 0.560975609756098 0.0192832349513599
0.455938697318008 0.542145593869732 0.0184522107203426
0 0 0
0.498106060606061 0.577651515151515 0.0175262966586697
0.502747252747253 0.538461538461538 0.0276105215188869
0.48951048951049 0.48951048951049 0.0627304297152165
0 0 NA
0 0 NA
0.5 0.25 0.666666666666667
0.461538461538462 0.384615384615385 0.256696798179676
0.448275862068966 0.402298850574713 0.033388577156945
0.518628912071535 0.603576751117735 0.0187029095894684
0.491150442477876 0.495575221238938 0.0355071586039994
0 0 NA
0.45578231292517 0.496598639455782 0.0226598448872334
0.485714285714286 0.485714285714286 0.218208700596604
0.48048048048048 0.534534534534535 0.0355382881187155
0.469565217391304 0.541304347826087 0.0214018650460772
0.449197860962567 0.475935828877005 0.0384634954392468
0.467304625199362 0.57097288676236 0.0190194062906448
0.441176470588235 0.294117647058824 0.241769412925897
0 0 NA
0.504244482173175 0.580645161290323 0.0152613975091321
0.477797513321492 0.575488454706927 0.0191279346579804
0.422222222222222 0.422222222222222 0.132001155774591
0 0 NA
0 0 0
0.480392156862745 0.523529411764706 0.0168284940623057
0.53125 0.5 0.32866596511198
0.467647058823529 0.485294117647059 0.0216620244990099
0.434042553191489 0.476595744680851 0.0493473917374957
0.478559176672384 0.572898799313894 0.0181195726231917
0.522082018927445 0.624605678233438 0.0186622317233987
0.497307001795332 0.587073608617594 0.0191242267718699
0.507317073170732 0.548780487804878 0.0254721111496085
0.451127819548872 0.552631578947368 0.0162874946265125
0.75 0.5 1
0.509761388286334 0.546637744034707 0.0334732015647278
0.495145631067961 0.529126213592233 0.0156443445697545
0.502626970227671 0.595446584938704 0.0198203617932081
0.488172043010753 0.531182795698925 0.0204601280242412
0.533333333333333 0.56078431372549 0.0230514229656185
0.437007874015748 0.521653543307087 0.0166420954909932
0.465783664459161 0.496688741721854 0.0199395889564269
0.477815699658703 0.488054607508532 0.0338696874997524
0.393939393939394 0.363636363636364 0.103100022625209
0.53125 0.577302631578947 0.0202638191138832
0.25 0.25 0.333333333333333
0.480984340044743 0.550335570469799 0.0221532340047253
0.472283813747228 0.534368070953437 0.021396053022089
0.5 0.5 1
0.666666666666667 0.333333333333333 1
0 0 0
0.48868778280543 0.561085972850679 0.0212310630568889
0.498281786941581 0.501718213058419 0.0298337235952091
0.492099322799097 0.534988713318284 0.0221818974254141
0.492091388400703 0.56414762741652 0.0186980004056775
0.5125284738041 0.553530751708428 0.0265394863217106
0.509893455098935 0.575342465753425 0.0205755135095444
0.482269503546099 0.543735224586288 0.0269483142791511
0.502431118314425 0.589951377633712 0.019679157323042
0.483754512635379 0.509025270758123 0.0261642865032228
0.5 0.510869565217391 0.0367230164660154
0 0 0
0 0 NA
0.333333333333333 0.333333333333333 0.499999999999826
0.505420054200542 0.596205962059621 0.0157538344271747
0.467213114754098 0.475409836065574 0.0356170624764224
0.555555555555556 0.444444444444444 0.499999734570383
0.491390728476821 0.588079470198675 0.014146922127897
0.333333333333333 0 0.5
0.482142857142857 0.540584415584416 0.0161685023749361
0.488226059654631 0.571428571428571 0.0179504994112678
0.491150442477876 0.530973451327434 0.0420445115638513
0.483709273182957 0.523809523809524 0.0290620503104101
0.481081081081081 0.516216216216216 0.0288291664491239
0.517345399698341 0.621417797888386 0.0194562128653762
0.495867768595041 0.541322314049587 0.0263009456499377
0.448979591836735 0.510204081632653 0.026014977430818
0 0 NA
0.489603024574669 0.563327032136106 0.0214116933085222
0.506607929515419 0.54625550660793 0.0204244864456963
0.45643153526971 0.452282157676349 0.032923360451103
0.505703422053232 0.566539923954373 0.0185463551618512
0.465686274509804 0.450980392156863 0.0381688525415706
0.483108108108108 0.552364864864865 0.0188052574439587
0.521739130434783 0.495652173913044 0.0805434231855559
0.448170731707317 0.48780487804878 0.0314281763725562
0.487101669195751 0.576631259484067 0.0164697323107465
0.48567335243553 0.561604584527221 0.0186262585279352
0.553571428571429 0.535714285714286 0.165424210614997
0.5 0.25 0.666666666666667
0 0 NA
0 0 NA
0.507936507936508 0.5 0.0392616243729393
0.333333333333333 0.333333333333333 0.5
0.497237569060773 0.535911602209945 0.0306417046087233
0.5 0.25 0.333354016832008
0.451923076923077 0.451923076923077 0.0353329371617451
0.455089820359281 0.48502994011976 0.0534367613348215
0.54635761589404 0.576158940397351 0.0336232617388097
0.5 0.25 0.00804896004224025
0.486238532110092 0.486238532110092 0.0749664026974535
0.485632183908046 0.540229885057471 0.0252736869824222
0.5 0.25 0.666666666666667
0.466386554621849 0.474789915966387 0.0435575924478589
0.508771929824561 0.519298245614035 0.031226376579693
0.25 0.25 0.333333333333333
0 0 NA
0 0 NA
0.496420047732697 0.558472553699284 0.0276097915015134
0.499168053244592 0.574043261231281 0.0157046181807395
0.474747474747475 0.513131313131313 0.0196956509008646
0.469798657718121 0.476510067114094 0.0541975674831551
0.479166666666667 0.4375 0.142438677222446
0.419075144508671 0.473988439306358 0.0225355215736412
0.450592885375494 0.490118577075099 0.0377026484972428
0.482288828337875 0.520435967302452 0.0265561274247296
0 0 NA
0.478036175710594 0.545219638242894 0.0288282821520367
0.47093023255814 0.549418604651163 0.012580739203258
0 0 NA
0.453089244851259 0.510297482837529 0.01650461765558
0.514124293785311 0.590395480225989 0.0156340693226543
0 0 NA
0.522727272727273 0.564935064935065 0.0335446502579334
0.490168539325843 0.567415730337079 0.0143583195032733
0.459016393442623 0.53864168618267 0.0252291007904445
0.474820143884892 0.551558752997602 0.0310808359831284
0.482051282051282 0.505128205128205 0.0324834953890258
0.470914127423823 0.509695290858726 0.0279543503217158
0.493449781659389 0.510917030567686 0.0462634375303482
0.472019464720195 0.527980535279805 0.0235192321457447
0.428571428571429 0.414285714285714 0.122052971776185
0.508928571428571 0.5625 0.0287404759115862
0.512 0.496 0.0646990399686471
0.535714285714286 0.517857142857143 0.184201506113602
0.486666666666667 0.543333333333333 0.0183128520571598
0.51685393258427 0.565543071161049 0.0186572598536141
0.496957403651116 0.525354969574036 0.0216215579562387
0 0 NA
0.499282639885222 0.596843615494978 0.0165597134902544
0 0 NA
0.484403669724771 0.563302752293578 0.0232433617716374
0.333333333333333 0.333333333333333 0.305724473229056
0 0 0
0 0 NA
0.447183098591549 0.475352112676056 0.0294445932414143
0.512479201331115 0.585690515806988 0.0158881952825807
0.514991181657848 0.608465608465608 0.0215982066936948
0.487584650112867 0.5372460496614 0.018664483227062
0.504716981132076 0.523584905660377 0.0470727688095819
0.486394557823129 0.510204081632653 0.0279481161905496
0.48943661971831 0.514084507042254 0.0344842252634232
0.5 0.375 0.571428571428571
0.443254817987152 0.531049250535332 0.016065608476668
0.462328767123288 0.51027397260274 0.0305506732702819
0.453296703296703 0.486263736263736 0.0272644581525731
0.497289972899729 0.601626016260163 0.0174435632709148
0.470588235294118 0.514705882352941 0.0267188272991433
0.466666666666667 0.459259259259259 0.0806579776989346
0.48411214953271 0.560747663551402 0.0165362541460805
0.516778523489933 0.540268456375839 0.0345900624331226
0.466257668711656 0.556237218813906 0.0222394685837113
0.464527027027027 0.559121621621622 0.0167901235699996
0.492063492063492 0.501587301587302 0.0248295589585248
0.384615384615385 0.384615384615385 0.415072996937426
0.504016064257028 0.542168674698795 0.0177153641548891
0.5 0.473684210526316 0.0845467885180634
0.42 0.46 0.0602852693624511
0.455465587044534 0.518218623481781 0.0234997573538468
0 0 NA
0.4375 0.375 0.240635118679997
0.500717360114778 0.619799139167862 0.0202994814623615
0.468085106382979 0.411347517730496 0.0418397705869949
0 0 NA
0.571428571428571 0.545454545454545 0.160295510276508
0 0 NA
0.486404833836858 0.578549848942598 0.01495402755176
0.481617647058824 0.503676470588235 0.0306837823963916
0.490243902439024 0.539024390243902 0.0233800112763129
0.45679012345679 0.432098765432099 0.0798816459456235
0 0 NA
0.46551724137931 0.493103448275862 0.0310632940263323
0.474522292993631 0.581210191082803 0.0187503033780094
0.503496503496504 0.545454545454545 0.0836051849173622
0 0 NA
0.445482866043614 0.482866043613707 0.022786099970405
0.476190476190476 0.519668737060041 0.0173643071077136
0.471304347826087 0.549565217391304 0.0212370848358347
0.486257928118393 0.505285412262156 0.0194683985465652
0.485981308411215 0.570093457943925 0.0198466373729286
0.476874003189793 0.574162679425837 0.0151608833323969
0.510436432637571 0.580645161290323 0.0240689143193279
0 0 NA
0.477157360406091 0.456852791878173 0.0383400790776099
0.527093596059113 0.524630541871921 0.0225015322304683
0 0 NA
0.481481481481481 0.53968253968254 0.0216618494646929
0.482866043613707 0.538940809968847 0.032803971279898
0.714285714285714 0.714285714285714 0.804126070386706
0 0 NA
0.488636363636364 0.59280303030303 0.0189465341145687
0 0 NA
0 0 NA
0 0 0
0 0 NA
0.466911764705882 0.503676470588235 0.0413846099225023
0.5 0.5 1
0.5 0.5 1
0.444954128440367 0.481651376146789 0.04289140039817
0 0 NA
0.50801282051282 0.565705128205128 0.0173778829683439
0 0 NA
0.507552870090634 0.513595166163142 0.0315154214815606
0 0 NA
0.435087719298246 0.487719298245614 0.0276237066817086
0.486238532110092 0.492354740061162 0.0211416054720753
0.445682451253482 0.504178272980501 0.0259135894937968
0.431137724550898 0.449101796407186 0.0521390086945619
0.485380116959064 0.47953216374269 0.0492314164607836
0.465408805031447 0.477987421383648 0.0335982052835699
0 0 NA
0.500897666068223 0.545780969479354 0.0164091437143387
0.509554140127389 0.597133757961783 0.0175659781733658
0.531055900621118 0.608695652173913 0.0185708717168111
0.452296819787986 0.469964664310954 0.0263343859479473
0.516819571865443 0.504587155963303 0.0351594457943211
0.515957446808511 0.542553191489362 0.0719296904684413
0.482352941176471 0.551260504201681 0.0155938175833068
0.45 0.531818181818182 0.0225332676626506
0.467136150234742 0.509389671361502 0.022285817381847
0.42 0.428 0.0402322173138768
0 0 NA
0.538461538461538 0.490384615384615 0.0738771796242132
0.52396694214876 0.593388429752066 0.0224191467710529
0.512589928057554 0.56294964028777 0.0190813100698401
0.5 0.566539923954373 0.0163786183058305
0.493464052287582 0.57516339869281 0.0200347955823861
0.488250652741514 0.545691906005222 0.0341969228996057
0.504950495049505 0.537128712871287 0.029517444677623
0.470588235294118 0.352941176470588 0.28262097672837
0.509578544061303 0.53639846743295 0.0428247184433401
0.498062015503876 0.567829457364341 0.0185835685319216
0.461176470588235 0.531764705882353 0.0245896146744763
0.483180428134557 0.510703363914373 0.024849857242472
0.508064516129032 0.540322580645161 0.0258532807111782
0.458498023715415 0.535573122529644 0.0161707107175147
0.473880597014925 0.458955223880597 0.0360106531197645
0.666666666666667 0.666666666666667 1
0.497674418604651 0.46046511627907 0.0389435583171422
0.503731343283582 0.526119402985075 0.0380007655515574
0.470919324577861 0.559099437148218 0.0193225162197359
0.512048192771084 0.530120481927711 0.027249864708157
0.481818181818182 0.593506493506494 0.0150262482558411
0.471655328798186 0.526077097505669 0.0161842168765752
0 0 NA
0.450980392156863 0.446078431372549 0.0315510873866659
0.468085106382979 0.446808510638298 0.0948537558399307
0.501650165016502 0.521452145214521 0.0297624373735446
0 0 NA
0.486803519061584 0.530791788856305 0.0203483224367725
0.492700729927007 0.545620437956204 0.0200279465644983
0.472868217054264 0.544573643410853 0.0219421605382212
0 0 NA
0 0 NA
0 0 0
0.442622950819672 0.524590163934426 0.0230778464147498
0.75 0.75 1
0.476439790575916 0.49738219895288 0.043323446929711
0.502801120448179 0.599439775910364 0.0161967440791791
0.571428571428571 0.142857142857143 0.666666666321772
0.46257197696737 0.554702495201535 0.0221864889619398
0.5 0.5 1
0.488721804511278 0.526315789473684 0.0205418415647686
0.523121387283237 0.540462427745665 0.027188861182631
0.512747875354108 0.543909348441926 0.0297827428230685
0.497422680412371 0.52319587628866 0.0218305428487153
0.487980769230769 0.538461538461538 0.0260989244587819
0.476394849785408 0.467811158798283 0.0364820734779876
0.455357142857143 0.494047619047619 0.0321124446649851
0.443609022556391 0.421052631578947 0.0390005039632809
0.495260663507109 0.54739336492891 0.0227188910449836
0.484567901234568 0.569444444444444 0.01692455068144
0.482587064676617 0.524875621890547 0.0299548927807057
0.498333333333333 0.563333333333333 0.0173168139829483
0.502423263327948 0.55735056542811 0.0186547412171829
0.5 0.5 1
0.476923076923077 0.492307692307692 0.0654856676060682
0.469421487603306 0.540495867768595 0.0195807202713746
0.477272727272727 0.477272727272727 0.0880342869957597
0 0 NA
0.50709219858156 0.535460992907801 0.0376071396908184
0.494047619047619 0.476190476190476 0.0712824554950502
0.516883116883117 0.516883116883117 0.0269998116822803
0.506512301013025 0.597684515195369 0.0168765957731044
0.475409836065574 0.590163934426229 0.0199295065198063
0.425287356321839 0.413793103448276 0.0759861495771405
0.473751600512164 0.572343149807939 0.0124272565468689
0.485225505443235 0.566096423017107 0.0175600671336221
0.495145631067961 0.456310679611651 0.0469202891749161
0.48841059602649 0.572847682119205 0.0185401629490698
0.475073313782991 0.466275659824047 0.0289115244893599
0.50199203187251 0.575697211155379 0.0171350575883447
0.427272727272727 0.427272727272727 0.0864021946991932
0.482051282051282 0.533333333333333 0.0280912826649764
0.486486486486487 0.452702702702703 0.051342616732907
0.467836257309941 0.497076023391813 0.0269463815259331
0.514893617021277 0.534042553191489 0.0224917035963648
0.506535947712418 0.486928104575163 0.0331052994649154
0.520833333333333 0.486111111111111 0.0588287687307506
0.473484848484849 0.488636363636364 0.038141448802124
0.48169014084507 0.51830985915493 0.0305126377376952
0.466796875 0.537109375 0.027262867050121
0.46690518783542 0.572450805008945 0.0176741492625286
0.550561797752809 0.50561797752809 0.0515242929126424
0.481481481481481 0.466666666666667 0.0615428969179216
0.484042553191489 0.565602836879433 0.0190049090494348
0.5 0.5 1
0.482993197278912 0.561224489795918 0.0210865542803138
0.505133470225873 0.542094455852156 0.0248218476527552
0 0 0
0.447368421052632 0.368421052631579 0.162740207316199
0.478787878787879 0.478787878787879 0.046138220189723
0.501176470588235 0.562352941176471 0.0264506655919808
0 0 NA
0.473413379073756 0.524871355060034 0.0135018180620026
0.493506493506494 0.538961038961039 0.0196003888158202
0.488721804511278 0.488721804511278 0.06839190772362
0.507064364207221 0.574568288854003 0.0167791028544085
0.513227513227513 0.544973544973545 0.0329579374316526
0.450704225352113 0.464788732394366 0.036056340310142
0.466666666666667 0.488888888888889 0.0565269606625699
0 0 NA
0.496212121212121 0.585227272727273 0.0203933072430491
0.468609865470852 0.522421524663677 0.0197263312218319
0.513184584178499 0.572008113590264 0.0231629351164171
0.498559077809798 0.487031700288184 0.0298514830609303
0.504970178926441 0.554671968190855 0.0173898591507348
0.488372093023256 0.453488372093023 0.0637528581080618
0 0 NA
0.494163424124514 0.560311284046693 0.0216357258792864
0 0 NA
0.50383631713555 0.521739130434783 0.0298220563875899
0 0 NA
0.446384039900249 0.488778054862843 0.0250475724944925
0.490015360983103 0.568356374807988 0.0158016854202653
0 0 NA
0.48019801980198 0.450495049504951 0.0444077908387954
0.666666666666667 0.555555555555556 0.75
0.483443708609272 0.534216335540839 0.0242427267597622
0.518382352941177 0.522058823529412 0.0467770005901473
0.488 0.542 0.0155439742123014
0.481605351170569 0.588628762541806 0.0203261532133751
0 0 NA
0.512396694214876 0.566942148760331 0.0164230802757554
0.474654377880184 0.556067588325653 0.0170619650429929
0.464367816091954 0.503448275862069 0.0188984770424282
0.487903225806452 0.504032258064516 0.0340247942425351
0.498956158663883 0.544885177453027 0.0220627650656482
0.488505747126437 0.482758620689655 0.0602283629889385
0.479744136460554 0.567164179104478 0.0220234888472662
0.486443381180223 0.569377990430622 0.0195440468402644
0.476394849785408 0.549356223175966 0.0228089531531381
0.473988439306358 0.569364161849711 0.0180070902735028
0.489151873767258 0.577909270216962 0.019170131178024
0.517882689556509 0.586552217453505 0.0153161562488501
0.431876606683805 0.498714652956298 0.0187020946489779
0.51207729468599 0.555555555555556 0.0176207944400386
0.494915254237288 0.542372881355932 0.0406160847729405
0.483627204030227 0.523929471032746 0.0261959402102262
0.488721804511278 0.538847117794486 0.0225605571751146
0.46218487394958 0.453781512605042 0.087387235210495
0.504225352112676 0.543661971830986 0.025576416070821
0.487179487179487 0.461538461538462 0.0580278169936023
0 0 NA
0.463157894736842 0.491228070175439 0.0285240019678606
0.490140845070423 0.535211267605634 0.0299044340460736
0.509473684210526 0.549473684210526 0.0234981337750786
0 0 NA
0.492217898832685 0.568093385214008 0.0215196450839523
0.480555555555556 0.530555555555556 0.0255120035397439
0.504573170731707 0.547256097560976 0.0137083532893294
0.488782051282051 0.548076923076923 0.020384211127802
0 0 NA
0.480597014925373 0.519402985074627 0.0272781617642258
0.501766784452297 0.521201413427562 0.0185429604170003
0.46264367816092 0.482758620689655 0.0326640001031886
0.4627539503386 0.516930022573363 0.0243848556845385
0.47787610619469 0.501474926253687 0.0283625493764857
0.483636363636364 0.516363636363636 0.0277929293559704
0.464028776978417 0.496402877697842 0.037624325637076
0.485294117647059 0.436274509803922 0.0371902037909487
0 0 NA
0.517799352750809 0.524271844660194 0.0294457967364761
0 0 NA
0.511343804537522 0.56020942408377 0.016571215957797
0.5 0 1
0.486238532110092 0.55045871559633 0.0176158715187298
0.435897435897436 0.333333333333333 0.0991796913078881
0.462222222222222 0.466666666666667 0.0358024715259199
0.441509433962264 0.483018867924528 0.0354477853898374
0.547511312217195 0.594268476621418 0.0172808253424544
0.666666666666667 0.333333333333333 1
0.435135135135135 0.472972972972973 0.0232442810857314
0.483660130718954 0.503267973856209 0.085829097151017
0.483221476510067 0.550335570469799 0.0239899846779523
0.483870967741935 0.451612903225806 0.144432450071716
0 0 NA
0.495555555555556 0.535555555555556 0.0243426143478138
0.49438202247191 0.548689138576779 0.0209139406536931
0.50109409190372 0.555798687089716 0.0216441592714743
0.49415692821369 0.559265442404007 0.016322526062601
0 0 NA
0.50805270863836 0.60614934114202 0.0167440344223429
0.441860465116279 0.478405315614618 0.0280300151810195
0.512333965844402 0.574952561669829 0.019118170682408
0.456375838926175 0.469798657718121 0.0567723668696204
0.503484320557491 0.559233449477352 0.0210110693614653
0.504451038575668 0.528189910979229 0.0376794392275962
0.420600858369099 0.459227467811159 0.0547311425319766
0.6 0.6 0.749999999999585
0.504051863857374 0.583468395461912 0.0144000836127647
0.482051282051282 0.528205128205128 0.0196936917929097
0.464102564102564 0.487179487179487 0.0220906385042473
0.453125 0.48046875 0.0359547369950323
0.482857142857143 0.488571428571429 0.0283053253532839
0.506726457399103 0.55829596412556 0.0159630816166944
0.333333333333333 0.166666666666667 0.189317732232965
0.498293515358362 0.522184300341297 0.029592423064069
0 0 NA
0.519354838709677 0.512903225806452 0.0378701098935851
0.478902953586498 0.561181434599156 0.0226635457424301
0.444444444444444 0.333333333333333 0.467896885515049
0.4875 0.4375 0.105142191181224
0.481481481481481 0.476190476190476 0.0599735502058944
0.505494505494505 0.596546310832025 0.018679773783732
0.475538160469667 0.542074363992172 0.0196246892335945
0 0 NA
0.5 0.5 1
0.333333333333333 0.333333333333333 0.5
0.507157464212679 0.543967280163599 0.0179157347605601
0 0 NA
0.474468085106383 0.527659574468085 0.0229823146904622
0.4 0.2 0.204582470456593
0.5 0.537931034482759 0.0307410841551186
0.465201465201465 0.450549450549451 0.0396135242999468
0.515297906602254 0.576489533011272 0.021709620811172
0.470588235294118 0.554367201426025 0.0181360132459035
0 0 NA
0.492481203007519 0.602756892230576 0.0116696996913616
0.464285714285714 0.392857142857143 0.0761838337848483
0.5 0.594395280235988 0.0164164013132165
0.501694915254237 0.515254237288136 0.0363980647901951
0 0 NA
0.514774494556765 0.576982892690513 0.016168719271721
0.491329479768786 0.5626204238921 0.0262722726884116
0.333333333333333 0.333333333333333 0.000850361205717644
0.519203413940256 0.580369843527738 0.0158580855946109
0.468354430379747 0.430379746835443 0.0854819650312913
0.512720156555773 0.557729941291585 0.0215329674059916
0.495726495726496 0.52991452991453 0.0249463744033505
0.500738552437223 0.561299852289513 0.0148428547236533
0.504918032786885 0.575409836065574 0.0181284039055364
0.503685503685504 0.515970515970516 0.0264447883667493
0.481132075471698 0.530660377358491 0.0232446977523317
0 0 NA
0.5 0.25 0.66666666218653
0.488505747126437 0.544061302681992 0.0156763760737595
0.477911646586345 0.465863453815261 0.0325164206454302
0.476117103235747 0.548536209553159 0.0118631888731739
0.432835820895522 0.373134328358209 0.18182846746147
0.454545454545455 0.465909090909091 0.0290056965525559
0.493788819875776 0.509316770186335 0.0277990154475127
0.477157360406091 0.520304568527919 0.0210952659392876
0.478571428571429 0.533333333333333 0.0241883477394006
0 0 NA
0 0 NA
0.499115044247788 0.578761061946903 0.0188310808588991
0 0 NA
0.513711151736746 0.572212065813528 0.0174433147302057
0.527868852459016 0.534426229508197 0.0373354658673445
0 0 NA
0 0 NA
0.469298245614035 0.495614035087719 0.0351822206738059
0.51424287856072 0.593703148425787 0.0130405885617288
0.493297587131367 0.597855227882037 0.0135387004068952
0.498015873015873 0.56547619047619 0.0227973735659902
0.511363636363636 0.505681818181818 0.0583935669490076
0.478723404255319 0.478723404255319 0.0313645673407727
0.455197132616487 0.537634408602151 0.0229583758470292
0.495535714285714 0.5625 0.0214174176966898
0.526315789473684 0.517543859649123 0.0225028718545243
0.47752808988764 0.531835205992509 0.0171189525628611
0.494186046511628 0.494186046511628 0.054336144150491
0.489425981873112 0.495468277945619 0.045567305782841
0.496371552975327 0.587808417997097 0.0136874164346934
0 0 NA
0.485148514851485 0.524752475247525 0.0222899591509798
0.489130434782609 0.56055900621118 0.019555880601417
0.504273504273504 0.517094017094017 0.0402247400769492
0.473922902494331 0.53968253968254 0.0262704972271447
0.533333333333333 0.466666666666667 0.453439056371859
0 0 NA
0.506535947712418 0.493464052287582 0.0363711414285092
0.453074433656958 0.524271844660194 0.0163011812101077
0.488038277511962 0.59170653907496 0.0194494500570392
0.503896103896104 0.527272727272727 0.0266743411467828
0.514680483592401 0.587219343696028 0.0172423905152653
0 0 NA
0 0 NA
0.483870967741935 0.451612903225806 0.0831384149095557
0.509146341463415 0.608231707317073 0.01657854023326
0.470363288718929 0.502868068833652 0.0181156069837535
0.47276688453159 0.518518518518518 0.0217525280264279
0 0 NA
0.481081081081081 0.464864864864865 0.0585946106618237
0.487765089722675 0.549755301794454 0.0205555229906145
0.457142857142857 0.511428571428571 0.029524682442094
0.445378151260504 0.484593837535014 0.0266007254936163
0.492537313432836 0.517412935323383 0.0563201525112447
0.492581602373887 0.580118694362018 0.0128496730791167
0 0 NA
0 0 NA
0.487084870848708 0.501845018450184 0.0416851451304195
0.51219512195122 0.536585365853659 0.0646075153095789
0.5 0.375 0.29027309419501
0.522765598650928 0.583473861720067 0.0207524311598961
0.492805755395683 0.517985611510791 0.0440533574222905
0 0 NA
0.502581755593804 0.559380378657487 0.0200261110561533
0.493421052631579 0.480263157894737 0.0599121144616985
0.50390625 0.578125 0.0217501914591123
0.504477611940298 0.540298507462687 0.0295751681076058
0.498595505617978 0.580056179775281 0.0146128555260802
0.464530892448513 0.517162471395881 0.0224443276980029
0.467105263157895 0.550438596491228 0.0337776369295114
0.495440729483283 0.547112462006079 0.0313869833786504
0.465408805031447 0.440251572327044 0.042210580913409
0.459016393442623 0.459016393442623 0.110212294476763
0 0 NA
0.493975903614458 0.493975903614458 0.0431532866887817
0.503076923076923 0.563076923076923 0.0158929884569053
0.451063829787234 0.493617021276596 0.0377655413924381
0.505139500734214 0.584434654919236 0.0178908168561595
0 0 NA
0.474074074074074 0.496296296296296 0.0354235510695524
0.49644128113879 0.571174377224199 0.0196491480145438
0.467857142857143 0.528571428571429 0.0159227358755754
0.46943231441048 0.548034934497817 0.0279304396901267
0.441717791411043 0.447852760736196 0.0435303021897417
0.516587677725118 0.507109004739337 0.0539093073670925
0.495762711864407 0.5 0.0330948257462795
0.5 0.5 0.666666666666667
0.5 0.5 1
0.50974025974026 0.599025974025974 0.0184131821731253
0.5078125 0.572265625 0.0232897920091658
0.505823627287854 0.590682196339434 0.0219118151882855
0.491329479768786 0.5 0.0273347110629286
0.454148471615721 0.475982532751092 0.0380928674396288
0 0 NA
0.523613963039014 0.572895277207392 0.0197780153102952
0.445945945945946 0.405405405405405 0.103551348963798
0.48695652173913 0.521739130434783 0.0332645676021658
0.469721767594108 0.60556464811784 0.0165061307247059
0.527472527472527 0.461538461538462 0.0787134241676571
0.509463722397476 0.550473186119874 0.0151864380485041
0.509833585476551 0.580937972768533 0.0149431371952687
0.504132231404959 0.586776859504132 0.01657204419468
0.507592190889371 0.570498915401301 0.0240247677713698
0.524691358024691 0.552469135802469 0.0305085607346811
0 0 NA
0.486187845303867 0.505524861878453 0.0196300962659911
0.495867768595041 0.552066115702479 0.0172539953018137
0.666666666666667 0 1
0 0 NA
0.445859872611465 0.53927813163482 0.0209892777497852
0.525157232704403 0.573899371069182 0.0181810889018316
0.480211081794195 0.546174142480211 0.0217185397481761
0.5 0.5 1
0.469184890656064 0.530815109343936 0.0178291291535602
0.478927203065134 0.494252873563218 0.0387847473356885
0.5 0.5 1
0.6 0.4 0.500844186802474
0 0 NA
0 0 NA
0.391304347826087 0.347826086956522 0.21079209855911
0.492462311557789 0.492462311557789 0.0545211821812147
0.494301994301994 0.582621082621083 0.0146306033749509
0.496674057649667 0.547671840354767 0.0191537284260691
0.477211796246649 0.553619302949062 0.0107976372182477
0.512328767123288 0.520547945205479 0.0283063296604626
0.485981308411215 0.539719626168224 0.0166911474676285
0.25 0.25 0.00865245239926562
0.484029484029484 0.511056511056511 0.0219660131787232
0.5 0.613354037267081 0.01446485324591
0.5 0.5 1
0.520481927710843 0.551807228915663 0.0286635579765148
0.522508038585209 0.593247588424437 0.0187363073948117
0.505279034690799 0.580693815987934 0.0174555436534096
0 0 NA
0.483870967741935 0.564516129032258 0.0151967224777898
0.508474576271186 0.559322033898305 0.0261890276308714
0 0 NA
0.502702702702703 0.448648648648649 0.0467052325958161
0.5 0 1
0.478510028653295 0.495702005730659 0.0336643923837995
0.498257839721254 0.562717770034843 0.0185175972018886
0.496583143507973 0.539863325740319 0.0149135043236094
0 0 NA
0 0 0
0.486301369863014 0.573630136986301 0.016624640611126
0.495934959349593 0.463414634146341 0.0800730959953776
0.444444444444444 0.508960573476703 0.0334388885517641
0.485013623978202 0.525885558583106 0.0211187490753687
0.333333333333333 0.333333333333333 0.5
0.477443609022556 0.492481203007519 0.0274669520067099
0.509719222462203 0.550755939524838 0.0192737132699291
0.507645259938838 0.54434250764526 0.0298158184639264
0.474576271186441 0.474576271186441 0.0579314877462456
0.468879668049793 0.489626556016597 0.0317832965361389
0.536585365853659 0.51219512195122 0.169528168332311
0.492565055762082 0.553903345724907 0.0179375746712901
0.496981891348089 0.535211267605634 0.0217343037508752
0.462068965517241 0.512643678160919 0.0219372431037439
0.5 0.5 1
0.423469387755102 0.451530612244898 0.0220568013650812
0.46900826446281 0.514462809917355 0.0187465541374086
0.490909090909091 0.573553719008264 0.017218856823989
0 0 NA
0 0 0
0.475 0.51 0.0530627444798349
0.517110266159696 0.539923954372624 0.0447573899129004
0.493464052287582 0.580065359477124 0.0192473960099913
0.491909385113269 0.491909385113269 0.0358994608963423
0.496763754045307 0.52588996763754 0.0206022479373749
0 0 0
0.454128440366972 0.486238532110092 0.0440684278121826
0.471810089020772 0.516320474777448 0.0260679585949502
0.46448087431694 0.494535519125683 0.0310759722860458
0.462230215827338 0.546762589928058 0.0167681265915142
0.49718574108818 0.577861163227017 0.0176614312814114
0.471074380165289 0.413223140495868 0.0504352793811066
0.488695652173913 0.580869565217391 0.0192823773091969
0 0 NA
0 0 NA
0 0 NA
0.492957746478873 0.507042253521127 0.0436002163137067
0.411764705882353 0.364705882352941 0.0721356243824993
0 0 NA
0.495741056218058 0.579216354344123 0.0188046522885409
0.545454545454545 0.5 0.22594178211953
0.333333333333333 0.333333333333333 0.5
0.524137931034483 0.587931034482759 0.0219848086834659
0.499139414802065 0.547332185886403 0.0206027832771744
0 0 NA
0.5 0.5 1
0.421052631578947 0.421052631578947 0.34156685430957
0.472972972972973 0.561776061776062 0.0192690112176654
0.5 0 1
0.503311258278146 0.564569536423841 0.0126938593112137
0.503076923076923 0.578461538461538 0.014412861469167
0.461864406779661 0.51271186440678 0.0300347440822957
0 0 0
0.511504424778761 0.55929203539823 0.0198799298269239
0.515151515151515 0.53030303030303 0.0365344497595448
0.464285714285714 0.484126984126984 0.0378718061724367
0 0 NA
0 0 0
0.450980392156863 0.398692810457516 0.0533305445320683
0.461538461538462 0.471153846153846 0.0753918372314007
0.446969696969697 0.484848484848485 0.0740254296977892
0.493540051679587 0.527131782945736 0.0235215143513626
0.436893203883495 0.516990291262136 0.0321449407958937
0.50207468879668 0.551867219917012 0.0230421135385113
0.465116279069767 0.530232558139535 0.0233473154016701
0 0 NA
0.457202505219207 0.524008350730689 0.017945992306902
0.49238578680203 0.50507614213198 0.0208981045170048
0.468152866242038 0.515923566878981 0.038824052931081
0.46652719665272 0.562761506276151 0.0192073989364055
0.480263157894737 0.550438596491228 0.026939196737693
0.48062015503876 0.507751937984496 0.0267198501891797
0.5078125 0.51953125 0.0471929062653949
0.502016129032258 0.5625 0.0197042862053776
0.479905437352246 0.548463356973995 0.0247858734572468
0.502304147465438 0.506912442396313 0.0443232235783052
0.471986417657046 0.548387096774194 0.0180023837693492
0.543478260869565 0.530434782608696 0.0384985975239456
0.571428571428571 0.571428571428571 0.500812170936485
0.505030181086519 0.557344064386318 0.0191352789690572
0.5 0.5 1
0.441025641025641 0.425641025641026 0.040692258538116
0.503875968992248 0.590697674418605 0.0155201538448692
0.506329113924051 0.468354430379747 0.116652221810173
0.502450980392157 0.524509803921569 0.0264200039579431
0.463235294117647 0.455882352941176 0.0820758704336339
0.529190207156309 0.585687382297552 0.0209410090865894
0.447368421052632 0.394736842105263 0.194906746653169
0.506283662477558 0.578096947935368 0.0183953491643435
0.5125 0.48125 0.0655602950361894
0.50709219858156 0.521276595744681 0.0322895056622723
0.43956043956044 0.489010989010989 0.0300837616823681
0.486315789473684 0.55578947368421 0.0210887247847779
0.490514905149051 0.536585365853659 0.0301833767565698
