0 0 NA
0.527472527472527 0.494505494505495 0.0475604355880603
0.5 0.5 0.666666666666667
0.5 0.5 1
0.527777777777778 0.518518518518518 0.0842456705491629
0.566433566433566 0.559440559440559 0.0782923979047014
0.548780487804878 0.475609756097561 0.112877267925127
0.518518518518518 0.530864197530864 0.0405137199414145
0.571428571428571 0.5 0.599604352101423
0.508928571428571 0.526785714285714 0.0823382709012867
0.521739130434783 0.489130434782609 0.0966995623069652
0.5 0 1
0.517647058823529 0.529411764705882 0.0322699001404149
0 0 0
0.511278195488722 0.496240601503759 0.0299714106996794
0.569506726457399 0.551569506726457 0.0415562763931487
0.55 0.483333333333333 0.0897550888143219
0.52212389380531 0.495575221238938 0.042113246569926
0.8 0.6 1
0 0 NA
0.5 0.5 1
0.521341463414634 0.536585365853659 0.0277926122314748
0.540322580645161 0.467741935483871 0.0822196835107292
0.561224489795918 0.575510204081633 0.0190095546724877
0.6 0.6 0.75
0 0 0
0.547738693467337 0.512562814070352 0.0565394038643294
0.533333333333333 0.509523809523809 0.0515151674229656
0.540740740740741 0.511111111111111 0.0709450414062093
0.52112676056338 0.47887323943662 0.0628657602694733
0.528925619834711 0.520661157024793 0.0288010881138413
0.525581395348837 0.516279069767442 0.0568629267362912
0.5 0.5 1
0.5 0.49 0.0473707479907872
0.333333333333333 0.333333333333333 0.5
0 0 NA
0.5625 0.557065217391304 0.0269120494143666
0.564705882352941 0.482352941176471 0.105628451872439
0.555555555555556 0.492063492063492 0.157101015339306
0.591836734693878 0.551020408163265 0.133368807212597
0 0 0
0 0 NA
0.543103448275862 0.53448275862069 0.0435116921400009
0.514492753623188 0.471014492753623 0.0657357738800474
0.533073929961089 0.498054474708171 0.040787312012353
0 0 NA
0.5 0 1
0.56656346749226 0.582043343653251 0.0389326583094062
0 0 NA
0.5 0.5 1
0.5 0.5 0.135677315615903
0 0 NA
0.526717557251908 0.530534351145038 0.0355133459021333
0.588235294117647 0.551470588235294 0.0889541322417031
0.522151898734177 0.512658227848101 0.0307699331385476
0 0 NA
0.540540540540541 0.540540540540541 0.076081514248787
0 0 NA
0 0 NA
0.2 0.2 0.132802343343439
0.416666666666667 0.333333333333333 0.445374670229602
0.622950819672131 0.590163934426229 0.22970251192273
0 0 NA
0 0 NA
0.504385964912281 0.508771929824561 0.0343331905356476
0.549242424242424 0.53030303030303 0.032983645072119
0.5390625 0.5625 0.0396309179626475
0.540540540540541 0.522522522522523 0.051723746442836
0 0 NA
0.5 0.5 1
0.441176470588235 0.382352941176471 0.148817191817182
0.59375 0.546875 0.150505712927594
0.629032258064516 0.645161290322581 0.22222294973875
0 0 NA
0 0 NA
0.524752475247525 0.577557755775578 0.0422923453722393
0.512953367875648 0.518134715025907 0.044793735098946
0.615384615384615 0.551282051282051 0.136361911597086
0 0 NA
0.521739130434783 0.507246376811594 0.101999695148719
0 0 NA
0.553459119496855 0.559748427672956 0.0779725659216637
0.54 0.48 0.144944459239467
0.5635103926097 0.575057736720554 0.0229848987009054
0.424657534246575 0.417808219178082 0.0676727824752308
0 0 NA
0 0 0
0.534883720930233 0.488372093023256 0.171328343425677
0.509090909090909 0.454545454545455 0.101900590358234
0.559090909090909 0.563636363636364 0.0400562819275898
0.333333333333333 0.333333333333333 0.5
0 0 NA
0.541935483870968 0.535483870967742 0.0661146346493961
0.53448275862069 0.46551724137931 0.110693406059678
0 0 NA
0.75 0.5625 0.546665952444804
0.537037037037037 0.527777777777778 0.0431985006316622
0 0 NA
0 0 NA
0 0 NA
0.666666666666667 0.5 0.458968598804916
0 0 NA
0.529940119760479 0.538922155688623 0.0276373297518535
0.537878787878788 0.545454545454545 0.0791199093033888
0.555555555555556 0.555555555555556 0.0416806930869924
0.44 0.4 0.196445064343303
0.5 0 1
0.625 0.5 0.714285714285714
0.333333333333333 0.333333333333333 0.499964844078665
0.571428571428571 0.428571428571429 0.666666666666667
0.5 0.5 1
0.522267206477733 0.510121457489879 0.052037146570162
0.526315789473684 0.497975708502024 0.0389094595017096
0 0 NA
0 0 NA
0.549763033175355 0.516587677725118 0.0463347238599279
0.666666666666667 0.666666666666667 1
0.666666666666667 0.666666666666667 1
0.513888888888889 0.486111111111111 0.0445846784911676
0.491978609625668 0.481283422459893 0.0519546214558755
0.430769230769231 0.415384615384615 0.101583027969545
0 0 NA
0.5 0.5 1
0.524390243902439 0.50609756097561 0.0537740342827274
0.5 0.25 0.666666666666667
0.25 0.25 0.333333333333333
0.517857142857143 0.53125 0.0624579195667439
0.533132530120482 0.530120481927711 0.0331865057479763
0.5 0.462962962962963 0.146181798491329
0.521400778210117 0.505836575875486 0.038476702551226
0.558139534883721 0.540697674418605 0.0604919801873199
0.5 0.484848484848485 0.150612877305538
0.545454545454545 0.554545454545455 0.0659114355827392
0.546052631578947 0.519736842105263 0.0580706077737866
0.540983606557377 0.426229508196721 0.115664873298591
0 0 NA
0.548387096774194 0.483870967741935 0.231265146284703
0.5 0 1
0 0 NA
0.5 0.5 1
0.562043795620438 0.525547445255474 0.0427599168121733
0.515151515151515 0.393939393939394 0.202094360572809
0.52 0.505 0.0395796649602609
0.333333333333333 0.333333333333333 0.5
0 0 NA
0.666666666666667 0.666666666666667 1
0.595238095238095 0.579365079365079 0.0958282441599273
0 0 NA
0 0 0
0.477777777777778 0.455555555555556 0.108327076329599
0.549707602339181 0.526315789473684 0.0616322468336175
0.576354679802956 0.58128078817734 0.0523317594401979
0 0 NA
0.4375 0.25 0.0518329337967013
0.566831683168317 0.54950495049505 0.0325827887094675
0.493333333333333 0.453333333333333 0.111573042855783
0.548076923076923 0.528846153846154 0.0770260187733852
0.666666666666667 0.5 0.6
0.552631578947368 0.473684210526316 0.10570330186736
0 0 NA
0 0 NA
0 0 NA
0 0 NA
0.333333333333333 0.333333333333333 0.499999999090519
0.580952380952381 0.571428571428571 0.0576853636693305
0.551724137931034 0.540229885057471 0.0945503094254941
0.551724137931034 0.559386973180077 0.04780369251643
0.727272727272727 0.545454545454545 0.687604652931684
0 0 NA
0.416666666666667 0.333333333333333 0.293447378830601
0.615384615384615 0.538461538461538 0.25813235119488
0.52212389380531 0.513274336283186 0.097184169897244
0.6875 0.6875 0.632292085130533
0.555851063829787 0.542553191489362 0.0303240878787821
0.607142857142857 0.535714285714286 0.120019004496794
0.571428571428571 0.428571428571429 0.5
0 0 NA
0.532374100719424 0.510791366906475 0.0774202042453223
0 0 NA
0.518518518518518 0.472222222222222 0.0813651142378748
0.547169811320755 0.528301886792453 0.0869564926305997
0.588235294117647 0.588235294117647 0.2953909830514
0.57089552238806 0.555970149253731 0.035309245100526
0.577777777777778 0.511111111111111 0.207015439087316
0.602564102564103 0.564102564102564 0.0811662268066247
0.5078125 0.5 0.066620495358329
0.56 0.544 0.0673327634080277
0.531365313653137 0.535055350553506 0.0371223162380148
0.48780487804878 0.48780487804878 0.0724946822921129
0.50561797752809 0.460674157303371 0.116375152831443
0 0 NA
0.539432176656151 0.529968454258675 0.03543611469257
0.453703703703704 0.361111111111111 0.0592383981021291
0.554913294797688 0.502890173410405 0.0512576916510935
0.508771929824561 0.491228070175439 0.13330860093838
0.508982035928144 0.479041916167665 0.0433819614240238
0.833333333333333 0.833333333333333 1
0.548042704626335 0.544483985765125 0.027948828778869
0 0 NA
0.52317880794702 0.536423841059603 0.0651452774965793
0.5 0.25 0.334210557991628
0.517133956386293 0.514018691588785 0.0261401744102233
0.5 0.5 1
0 0 NA
0.5 0.5 1
0.532374100719424 0.532374100719424 0.0582394151473702
0 0 NA
0.5 0.333333333333333 0.5
0 0 NA
0 0 NA
0.333333333333333 0.333333333333333 0.0701681247450416
0.5 0.421348314606742 0.0625943788303894
0.536231884057971 0.492753623188406 0.103839977040811
0 0 NA
0.48936170212766 0.382978723404255 0.144193543837677
0 0 NA
0.559322033898305 0.525423728813559 0.131587448305189
0.54 0.5 0.096384916799448
0.5 0.5 1
0.540540540540541 0.545945945945946 0.0633684913424571
0.537634408602151 0.510752688172043 0.0574031448901719
0.5 0.5 0.666594485316703
0.5 0.475247524752475 0.0467016626882367
0 0 NA
0.568627450980392 0.519607843137255 0.116519195193175
0 0 NA
0.584677419354839 0.568548387096774 0.0428777592425243
0.575581395348837 0.578488372093023 0.0343268626366707
0.523809523809524 0.512820512820513 0.0448381365549923
0.588235294117647 0.470588235294118 0.386682249354818
0.524017467248908 0.51528384279476 0.0489619074556128
0.554945054945055 0.505494505494505 0.0532711805840136
0.611111111111111 0.555555555555556 0.314828799344097
0.556122448979592 0.563775510204082 0.0289597866776487
0.469135802469136 0.419753086419753 0.0981719743576449
0.490740740740741 0.50462962962963 0.0451860990164695
0 0 NA
0.504132231404959 0.479338842975207 0.0676247913934857
0.592592592592593 0.592592592592593 0.102312231537136
0.833333333333333 0.833333333333333 1
0.521072796934866 0.517241379310345 0.0443532288908968
0.666666666666667 0.666666666666667 1
0.52212389380531 0.504424778761062 0.0708028545851035
0 0 NA
0 0 0
0.536144578313253 0.536144578313253 0.0673291423252432
0.502392344497608 0.502392344497608 0.0419184686377665
0.541935483870968 0.516129032258065 0.0675783954740198
0.5 0.388888888888889 0.310779141006479
0 0 NA
0.615384615384615 0.538461538461538 0.507479542823825
0.625 0.625 0.714285714285714
0.490683229813665 0.46583850931677 0.0474032140021552
0.333333333333333 0 0.5
0.513513513513513 0.432432432432432 0.171303070511952
0.586206896551724 0.517241379310345 0.118502840330215
0.555984555984556 0.532818532818533 0.0391479679981462
0 0 NA
0.523809523809524 0.476190476190476 0.325414926186833
0.666666666666667 0.666666666666667 1
0 0 NA
0.53125 0.515625 0.0543093841832221
0.582822085889571 0.56441717791411 0.0521206499955085
0.533123028391167 0.533123028391167 0.0275128197789239
0.515432098765432 0.537037037037037 0.0294984784603572
0 0 NA
0.571428571428571 0.558441558441558 0.0615464886084267
0.5 0.5 1
0.535353535353535 0.565656565656566 0.0375747065571833
0.567415730337079 0.578651685393258 0.0701734164086954
0.556291390728477 0.536423841059603 0.0358727449016024
0.55448717948718 0.586538461538462 0.035620875643278
0 0 NA
0.476923076923077 0.446153846153846 0.137791676537526
0.567307692307692 0.528846153846154 0.0459072284580399
0.75 0 1
0.53448275862069 0.517241379310345 0.194228360493585
0.6 0.6 0.679648598419865
0.5 0.5 1
0.559322033898305 0.457627118644068 0.140873440821462
0 0 NA
0.543942992874109 0.548693586698337 0.0297138304650787
0.7 0.7 0.464687224898296
0 0 0
0.491228070175439 0.473684210526316 0.19362416743076
0.5 0.5 1
0.484848484848485 0.484848484848485 0.231346895755119
0 0 0
0.479452054794521 0.410958904109589 0.0665436986551528
0 0 0
0.552795031055901 0.521739130434783 0.0504740251618545
0.495049504950495 0.475247524752475 0.0422465124900925
0.518796992481203 0.496240601503759 0.0853757936505586
0 0 NA
0.522842639593909 0.512690355329949 0.0498665765994001
0.548148148148148 0.522222222222222 0.0437224518473233
0 0 NA
0 0 NA
0.666666666666667 0.666666666666667 1
0.534545454545455 0.570909090909091 0.0307206299459805
0.542372881355932 0.474576271186441 0.0675287035618566
0.541666666666667 0.375 0.185611260389976
0.495535714285714 0.482142857142857 0.0433746698960436
0.5 0.5 1
0.363636363636364 0.363636363636364 0.399193800847173
0.552486187845304 0.535911602209945 0.0475381618609313
0 0 NA
0 0 NA
0 0 NA
0.590551181102362 0.574803149606299 0.108377027632944
0.549019607843137 0.470588235294118 0.149732721736886
0.569037656903766 0.558577405857741 0.0203368000976195
0.528688524590164 0.5 0.045292930443925
0.575757575757576 0.545454545454545 0.281335611933665
0.588888888888889 0.5 0.0905578619011855
0.5 0.482142857142857 0.0523964964045133
0.5 0.5 1
0.594795539033457 0.598513011152416 0.0478306179058873
0 0 NA
0.5 0.5 1
0.470588235294118 0.352941176470588 0.347352990531908
0.5 0.5 0.400000398945944
0.5 0.492424242424242 0.0621639520001382
0.595588235294118 0.602941176470588 0.103879593889036
0.494505494505495 0.483516483516484 0.0813687350408313
0 0 NA
0.524509803921569 0.549019607843137 0.0461040106103526
0.531468531468531 0.552447552447552 0.0255419767398684
0.518987341772152 0.531645569620253 0.0559256123283004
0.494252873563218 0.413793103448276 0.0996423689083367
0.569444444444444 0.583333333333333 0.129294932194329
0.536144578313253 0.551204819277108 0.0279414261129599
0.5 0.5 1
0.558823529411765 0.514705882352941 0.0565704610601511
0.557142857142857 0.528571428571429 0.0737515715064707
0.559090909090909 0.527272727272727 0.0498624086494327
0.596774193548387 0.532258064516129 0.0543375327284114
0.51304347826087 0.417391304347826 0.0555802855283291
0.571428571428571 0.560846560846561 0.0540547787085944
0.539007092198582 0.531914893617021 0.0422555525532836
0.333333333333333 0.333333333333333 0.5
0.540229885057471 0.540229885057471 0.0938705748701805
0 0 NA
0.530864197530864 0.45679012345679 0.0956328447542381
0.533333333333333 0.5 0.070740966704892
0.531645569620253 0.493670886075949 0.0815020924833947
0.504464285714286 0.491071428571429 0.0512406965091974
0.556034482758621 0.543103448275862 0.0535412527591925
0.532467532467532 0.512987012987013 0.0635227364567262
0.529411764705882 0.516339869281046 0.0630128713657447
0 0 NA
0.530612244897959 0.489795918367347 0.0710317298167097
0.543147208121827 0.517766497461929 0.0567225374270242
0.516129032258065 0.508064516129032 0.0993867621011467
0.333333333333333 0.111111111111111 0.124932264305058
0.527777777777778 0.490740740740741 0.0775933899450144
0.545454545454545 0.363636363636364 0.300509905950151
0.492753623188406 0.463768115942029 0.11353724480888
0.548076923076923 0.5 0.0861835508038043
0.666666666666667 0.666666666666667 1
0.5 0.5 1
0.5 0.466666666666667 0.127682772660659
0.536458333333333 0.5234375 0.0300734681757237
0.552238805970149 0.572139303482587 0.0274029202162269
0 0 NA
0.532608695652174 0.478260869565217 0.107200581211923
0.523465703971119 0.534296028880866 0.0426158531851166
0.545454545454545 0.363636363636364 0.289837167216984
0.46031746031746 0.412698412698413 0.116033273265927
0.530612244897959 0.469387755102041 0.157622320662434
0.546134663341646 0.543640897755611 0.021850929426862
0.6 0.4 0.429648665632158
0.510869565217391 0.489130434782609 0.111040696012848
0.459016393442623 0.491803278688525 0.152884897097411
0.5375 0.5375 0.117794804636899
0.571942446043165 0.575539568345324 0.046288948861451
0.558823529411765 0.46078431372549 0.109052186594744
0 0 NA
0.75 0.75 1
0.333333333333333 0.333333333333333 0.5
0.546296296296296 0.509259259259259 0.0951511517403141
0 0 NA
0 0 NA
0.714285714285714 0.714285714285714 0.833333333333333
0 0 NA
0.546666666666667 0.44 0.039337757235351
0 0 NA
0.520348837209302 0.494186046511628 0.0252758651755362
0.4 0.4 0.5
0.511450381679389 0.50763358778626 0.0266496336669254
0 0 NA
0.528846153846154 0.53525641025641 0.0306590825626978
0.508333333333333 0.491666666666667 0.0614493445189571
0 0 0
0.544117647058823 0.529411764705882 0.0496765204308841
0.557142857142857 0.5 0.124035442113559
0.540229885057471 0.540229885057471 0.0900458678892141
0.536184210526316 0.552631578947368 0.038552098208303
0.556701030927835 0.551546391752577 0.0558193892175738
0.493243243243243 0.466216216216216 0.0575788242909551
0.5 0.5 1
0 0 NA
0.469387755102041 0.469387755102041 0.102360937077391
0.549132947976879 0.554913294797688 0.0571519939065051
0 0 NA
0.575757575757576 0.525252525252525 0.0467204453795391
0 0 0
0.564885496183206 0.547709923664122 0.0202848572579317
0 0 NA
0 0 NA
0.540268456375839 0.526845637583893 0.0312362029214954
0.547619047619048 0.55952380952381 0.0809155922361239
0.564814814814815 0.546296296296296 0.098165408110141
0.5 0.5 0.666666666666667
0.5 0.49375 0.0622510380076396
0 0 NA
0.536842105263158 0.531578947368421 0.0727632163201573
0.495145631067961 0.398058252427184 0.0597074826256615
0.714285714285714 0.714285714285714 0.833333333297757
0.562913907284768 0.543046357615894 0.0811304641393555
0.569444444444444 0.559027777777778 0.0354973713449114
0.5 0.5 0.660292238258921
0.545454545454545 0.5 0.180355981192831
0.5 0.5 1
0.5625 0.4375 0.0832405471257626
0.545138888888889 0.555555555555556 0.0341823346834906
0.538775510204082 0.510204081632653 0.0370830611482773
0.666666666666667 0.333333333333333 1
0.527950310559006 0.484472049689441 0.0473095630512328
0 0 NA
0.4 0.4 0.49826096268859
0.5 0.444444444444444 0.368205846677015
0 0 NA
0 0 NA
0.666666666666667 0.666666666666667 1
0.568627450980392 0.535947712418301 0.0662398206241875
0.441860465116279 0.418604651162791 0.220064811056796
0.549019607843137 0.490196078431373 0.204282105127157
0.54421768707483 0.517006802721088 0.0578080412160212
0.51219512195122 0.439024390243902 0.197422999195179
0.519083969465649 0.49618320610687 0.0695777747289427
0.51792828685259 0.51394422310757 0.0330796800411639
0.530534351145038 0.519083969465649 0.0397638541129166
0.494845360824742 0.463917525773196 0.0974762386677955
0.547826086956522 0.552173913043478 0.0496482176805084
0.532374100719424 0.503597122302158 0.0596564866515932
0.25 0.25 0.333333333333333
0.5 0.441176470588235 0.143007706425283
0.536 0.528 0.0954687177821509
0.522727272727273 0.454545454545455 0.0771874415171737
0.5 0 0.666666666666667
0.333333333333333 0.166666666666667 0.200000012047147
0.714285714285714 0.571428571428571 0.833333333333333
0.547413793103448 0.525862068965517 0.0494245133779317
0 0 NA
0.518518518518518 0.493827160493827 0.0632976179201568
0.518518518518518 0.526748971193416 0.0380126866827327
0.578199052132701 0.57345971563981 0.0617666541928077
0.566265060240964 0.55421686746988 0.105153391844543
0 0 NA
0.553530751708428 0.562642369020501 0.0247477992423119
0.548780487804878 0.516260162601626 0.0380501630649743
0.4609375 0.4296875 0.0499565641611543
0.567741935483871 0.548387096774194 0.0876844685913467
0.515527950310559 0.540372670807453 0.0679346423251043
0.5 0.5 1
0.542521994134897 0.551319648093842 0.0307586073864097
0 0 NA
0.5 0.46875 0.147314952098744
0.553191489361702 0.51063829787234 0.180250039012654
0.5 0 1
0 0 NA
0 0 NA
0.574074074074074 0.606481481481482 0.0318406083707032
0.544959128065395 0.550408719346049 0.0349896926043019
0.555023923444976 0.54066985645933 0.053898573452979
0.580645161290323 0.532258064516129 0.0567174145766561
0.527638190954774 0.492462311557789 0.0370582775686295
0.59375 0.59375 0.302253736619961
0.557575757575758 0.539393939393939 0.0671799763406463
0.547619047619048 0.5 0.101701609472051
0.531531531531532 0.537537537537538 0.0371957968332114
0.5 0.5 0.555555555555556
0.5625 0.4375 0.500216532990945
0.576323987538941 0.551401869158878 0.0297486378565979
0.666666666666667 0.333333333333333 1
0.75 0.75 1
0.5 0.5 0.63510587460212
0.56 0.570666666666667 0.0244401295453522
0 0 NA
0.636363636363636 0.490909090909091 0.16331785776968
0.550925925925926 0.555555555555556 0.0381507663967962
0.577854671280277 0.560553633217993 0.0435928412853909
0.520833333333333 0.494791666666667 0.0455340167442177
0.536423841059603 0.509933774834437 0.065590190947692
0.533333333333333 0.528205128205128 0.0367764517351766
0.551724137931034 0.497536945812808 0.0518551116864097
0.54 0.56 0.169565041279482
0.538461538461538 0.492307692307692 0.123452447532245
0.53030303030303 0.54040404040404 0.0603319006403855
0 0 NA
0.285714285714286 0.142857142857143 0.16514869019378
0.333333333333333 0.333333333333333 0.0210438639578094
0 0 0
0.590909090909091 0.545454545454545 0.167593669459694
0.558139534883721 0.542635658914729 0.0389076596046388
0.56 0.48 0.295110614230085
0 0 NA
0.578947368421053 0.473684210526316 0.413736877010331
0.465346534653465 0.415841584158416 0.10090840137528
0.622222222222222 0.555555555555556 0.236535784088119
0 0 NA
0.473684210526316 0.473684210526316 0.363546348711304
0.589285714285714 0.5 0.190983443457352
0.5 0.5 1
0.494880546075085 0.488054607508532 0.0322064182868733
0.594059405940594 0.544554455445545 0.0863901106563117
0 0 0
0 0 0
0 0 NA
0.5 0 1
0.529411764705882 0.382352941176471 0.206593365890804
0.558823529411765 0.470588235294118 0.10690509914623
0 0 NA
0.580645161290323 0.532258064516129 0.129571536998375
0.559782608695652 0.543478260869565 0.0641140602876077
0.546468401486989 0.568773234200744 0.0422925765949841
0.540856031128405 0.482490272373541 0.0307968815598618
0.53030303030303 0.53030303030303 0.0509827628689242
0.515625 0.4375 0.118934487504035
0.591666666666667 0.55 0.0390762973220281
0 0 NA
0.583333333333333 0.5 0.334254831014393
0.552238805970149 0.492537313432836 0.142972150507433
0.624309392265193 0.580110497237569 0.0716273634349563
0.5 0.458333333333333 0.159343578754245
0.5 0.25 0.666666666666667
0.571428571428571 0.457142857142857 0.220187363903565
0 0 0
0.517482517482518 0.468531468531469 0.0786912578227599
0.5 0.5 1
0 0 NA
0.666666666666667 0.333333333333333 1
0.588235294117647 0.529411764705882 0.334179994174608
0.5 0 1
0.568527918781726 0.563451776649746 0.0509041149237454
0.25 0.25 0.33333333318932
0 0 NA
0.666666666666667 0.333333333333333 1
0 0 NA
0.48 0.426666666666667 0.122962693004396
0.625 0.5 0.571423826945981
0.473684210526316 0.315789473684211 0.226655300723641
0 0 NA
0.5 0.5 0.0475572785370818
0.473684210526316 0.447368421052632 0.116405939764659
0 0 NA
0.555555555555556 0.5 0.396413217783293
0.666666666666667 0.666666666666667 1
0.5 0.409090909090909 0.353131783528197
0 0 NA
0.54635761589404 0.503311258278146 0.0331343210283017
0.558375634517767 0.49238578680203 0.0442135967140933
0 0 NA
0.25 0.25 0.328031202762728
0.544061302681992 0.53639846743295 0.0452946442392562
0.55 0.516666666666667 0.0795902076306263
0.5 0.5 1
0.5 0.5 1
0 0 NA
0.533333333333333 0.511111111111111 0.204639027426273
0.470588235294118 0.490196078431373 0.123507623194044
0.521739130434783 0.478260869565217 0.332713413096561
0.543956043956044 0.543956043956044 0.0528358814072906
0.587248322147651 0.573825503355705 0.035823723008172
0.666666666666667 0.5 0.376797436789866
0.551282051282051 0.512820512820513 0.114370527365023
0 0 NA
0.575384615384615 0.584615384615385 0.0351351845842835
0.546762589928058 0.535971223021583 0.029810176967356
0.615384615384615 0.538461538461538 0.622436863485722
0.5 0.5 1
0 0 NA
0.54006968641115 0.554006968641115 0.0267835805046155
0 0 NA
0 0 NA
0.545454545454545 0.515151515151515 0.274918652318343
0.5 0 1
0.551282051282051 0.547008547008547 0.0435528138127368
0.465277777777778 0.409722222222222 0.0433297132801429
0.552238805970149 0.432835820895522 0.143618200940517
0 0 NA
0.522727272727273 0.409090909090909 0.182463442576248
0 0 NA
0 0 NA
0 0 NA
0 0 NA
0.478260869565217 0.420289855072464 0.12880320752905
0.452631578947368 0.410526315789474 0.0755882282557169
0.59047619047619 0.523809523809524 0.110675081064182
0.523316062176166 0.528497409326425 0.0551783997775417
0.514018691588785 0.448598130841121 0.0869243909992214
0.530973451327434 0.460176991150442 0.0921472141231189
0 0 NA
0.571428571428571 0.571428571428571 0.565389471694518
0.551724137931034 0.379310344827586 0.182981122335227
0 0 NA
0.540740740740741 0.488888888888889 0.0502683826287096
0.582781456953642 0.572847682119205 0.0351671590785388
0.530516431924883 0.539906103286385 0.0435754631995918
0.571428571428571 0.523809523809524 0.161085354414445
0 0 NA
0.571428571428571 0.519480519480519 0.136341555747713
0.545454545454545 0.534090909090909 0.12250232404285
0 0 NA
0.540425531914894 0.523404255319149 0.0510262187816692
0 0 NA
0.604938271604938 0.604938271604938 0.112385079330177
0.552845528455285 0.528455284552846 0.0918535232271228
0.666666666666667 0.666666666666667 1
0 0 NA
0.522522522522523 0.477477477477477 0.0599192464874728
0.578512396694215 0.545454545454545 0.0348622720528577
0.465116279069767 0.465116279069767 0.25355727969431
0 0 NA
0 0 NA
0 0 NA
0.576190476190476 0.538095238095238 0.0515585471648348
0.578313253012048 0.560240963855422 0.0776668481626882
0.619047619047619 0.571428571428571 0.43443335909295
0.5 0.441176470588235 0.090246392362815
0.529411764705882 0.505882352941176 0.141646380321392
0.563636363636364 0.521212121212121 0.0621546273484586
0.5 0.483606557377049 0.0687929155299321
0.517241379310345 0.494252873563218 0.133862198696979
0 0 NA
0.636363636363636 0.545454545454545 0.509763309577663
0.6 0.2 0.500000000000001
0.523809523809524 0.404761904761905 0.185090433361672
0.420289855072464 0.391304347826087 0.112748483315215
0.547619047619048 0.476190476190476 0.213032137951324
0.524861878453039 0.486187845303867 0.0470051419390367
0.5 0.5 0.666666666666667
0.529411764705882 0.529411764705882 0.561929456644592
0 0 NA
0.524590163934426 0.508196721311475 0.0552766346751966
0.666666666666667 0.444444444444444 0.725985896697261
0.542857142857143 0.514285714285714 0.0642578008633834
0.666666666666667 0.333333333333333 1
0.474137931034483 0.517241379310345 0.0455695994060371
0.514563106796116 0.540453074433657 0.0327504191029998
0.666666666666667 0.666666666666667 1
0.333333333333333 0.333333333333333 0.5
0 0 NA
0.606299212598425 0.551181102362205 0.0919418020211457
0.507692307692308 0.546153846153846 0.0741243733332001
0.444444444444444 0.425925925925926 0.0666214477962572
0.566666666666667 0.525 0.075967510709716
0.505882352941176 0.458823529411765 0.0734521147637511
0.529750479846449 0.539347408829175 0.0213209980001642
0.75 0.75 1
0.544776119402985 0.522388059701492 0.0767744046479463
0 0 NA
0 0 NA
0.333333333333333 0.333333333333333 0.00956201837544445
0.5 0.5 1
0.529531568228106 0.576374745417515 0.0216096763975609
0.537190082644628 0.508264462809917 0.0409778030823175
0.532786885245902 0.532786885245902 0.0730162601367164
0.552083333333333 0.552083333333333 0.119690086882412
0.525373134328358 0.513432835820895 0.0361983396346959
0.562091503267974 0.470588235294118 0.0563024580051284
0.563025210084034 0.563025210084034 0.0265602336954773
0.544247787610619 0.548672566371681 0.0499511700835641
0.564102564102564 0.586894586894587 0.0347520805779786
0.560693641618497 0.543352601156069 0.0761696690575827
0.540284360189573 0.554502369668246 0.047179759582015
0.53525641025641 0.548076923076923 0.0346615429575251
0.540880503144654 0.534591194968553 0.073579360730912
0 0 NA
0.666666666666667 0.666666666666667 1
0.546961325966851 0.486187845303867 0.0614697523004595
0.478260869565217 0.434782608695652 0.359701068968112
0.5 0.5 1
0.537037037037037 0.481481481481481 0.182718772168627
0.628571428571429 0.6 0.302266994437286
0 0 NA
0.581632653061224 0.581632653061224 0.125768167683874
0.5 0 1
0.533980582524272 0.490291262135922 0.0529104142187118
0.525125628140704 0.565326633165829 0.0238695259562083
0 0 0
0.666666666666667 0.666666666666667 1
0.5 0.5 1
0 0 0
0 0 NA
0.554054054054054 0.513513513513513 0.0464073925084061
0.5 0 1
0.5625 0.543478260869565 0.0283702131358942
0 0 0
0 0 NA
0 0 NA
0 0 NA
0.6 0.2 0.749668744395669
0.5 0.5 0.0613060293184549
0.5 0.5 0.418747860321874
0 0 NA
0.563953488372093 0.546511627906977 0.0679474370160709
0.497041420118343 0.49112426035503 0.0628136442999934
0 0 0
0.53921568627451 0.46078431372549 0.077546063884948
0.547703180212014 0.561837455830389 0.0479372211429511
0.536507936507936 0.526984126984127 0.0374190145336845
0 0 NA
0.563573883161512 0.532646048109966 0.0363913014226623
0.525423728813559 0.502824858757062 0.0597585166005347
0.521739130434783 0.478260869565217 0.0698240107086302
0.5 0.5 1
0.5 0.5 1
0 0 NA
0.549828178694158 0.549828178694158 0.0320041228223952
0.542649727767695 0.609800362976406 0.0212088151021044
0.530434782608696 0.565217391304348 0.0520413405773599
0 0 NA
0.534124629080119 0.510385756676558 0.0325446582873741
0.514450867052023 0.53757225433526 0.0597448844117555
0.542662116040956 0.539249146757679 0.0392227175983684
0 0 NA
0.651162790697674 0.651162790697674 0.26884943144853
0.41025641025641 0.41025641025641 0.192689127052752
0.513698630136986 0.486301369863014 0.06298389765413
0.526479750778816 0.554517133956386 0.0345106812372408
0.333333333333333 0.333333333333333 0.499999002635139
0.482758620689655 0.379310344827586 0.121807821635755
0.51219512195122 0.426829268292683 0.0772480092770365
0.6 0.6 0.75
0.537414965986395 0.530612244897959 0.060791771503865
0.555555555555556 0.333333333333333 0.624868749200384
0.5234375 0.4921875 0.0719617410977815
0.547169811320755 0.522012578616352 0.0690466996771796
0.559322033898305 0.516949152542373 0.0638794800915697
0.518987341772152 0.50210970464135 0.0439081568623179
0.75 0.5 1
0.571428571428571 0.428571428571429 0.344588841924301
0.536585365853659 0.463414634146341 0.177489554239379
0 0 NA
0.538011695906433 0.56140350877193 0.0522942819892062
0 0 0
0.493670886075949 0.462025316455696 0.0707555552233301
0.666666666666667 0.333333333333333 1
0.525773195876289 0.525773195876289 0.0809971049093194
0.510121457489879 0.48582995951417 0.0332272834571331
0.578680203045685 0.573604060913706 0.0512935819498603
0.449275362318841 0.391304347826087 0.107870841878505
0 0 NA
0.5 0.5 1
0 0 NA
0.25 0.25 0.324680880934068
0.550632911392405 0.512658227848101 0.0630581710706075
0 0 NA
0.489795918367347 0.469387755102041 0.0813849714421725
0 0 NA
0.524822695035461 0.51063829787234 0.0681341743179796
0.547892720306513 0.53639846743295 0.0416731709106826
0.59375 0.572916666666667 0.129679963788301
0.549090909090909 0.530909090909091 0.0480158728623806
0.521739130434783 0.489130434782609 0.131492147126305
0.457142857142857 0.371428571428571 0.189642681067909
0.5 0.5 1
0.532846715328467 0.514598540145985 0.0401161460994551
0 0 NA
0.547413793103448 0.521551724137931 0.0403241050943176
0.563157894736842 0.536842105263158 0.0686203520291396
0.6 0.6 0.368745030515654
0.428571428571429 0.428571428571429 0.499999980034491
0.5 0.5 1
0.518918918918919 0.491891891891892 0.0468799453892677
0.333333333333333 0.333333333333333 0.499938302712007
0.666666666666667 0.666666666666667 1
0.5 0.473684210526316 0.271999963534715
0.488372093023256 0.441860465116279 0.182855493393152
0 0 NA
0.591304347826087 0.582608695652174 0.120647255843248
0.503740648379052 0.526184538653367 0.0279930783525085
0.538461538461538 0.461538461538462 0.288922431690104
0.528409090909091 0.517045454545455 0.0658954651746106
0.5 0 1
0.472222222222222 0.453703703703704 0.0861389884738877
0.6 0.6 0.708870862366119
0.493150684931507 0.493150684931507 0.131716490270972
0 0 NA
0.582089552238806 0.552238805970149 0.120859006234425
0 0 NA
0.333333333333333 0.333333333333333 0.5
0.540856031128405 0.556420233463035 0.0394514704303534
0 0 NA
0.532051282051282 0.506410256410256 0.0913525411413053
0.5 0.5 1
0.478260869565217 0.434782608695652 0.137098828989786
0.5 0.5 1
0.552 0.52 0.0634437078202417
0 0 NA
0.5 0.5 1
0.497512437810945 0.45273631840796 0.038036076728417
0.617391304347826 0.565217391304348 0.0838157445229281
0.666666666666667 0.666666666666667 1
0.525525525525526 0.531531531531532 0.0339988350963503
0.533536585365854 0.560975609756098 0.0407921899075893
0 0 NA
0.577464788732394 0.492957746478873 0.113192817831607
0.541463414634146 0.531707317073171 0.0441743567922482
0.8 0.8 1
0.530769230769231 0.496153846153846 0.0233712160070245
0.444444444444444 0.444444444444444 0.394292861256466
0.540540540540541 0.544401544401544 0.0409644792692428
0.604395604395604 0.587912087912088 0.0550754924743626
0 0 NA
0.497816593886463 0.480349344978166 0.0398379914430271
0.7 0.6 0.663206317499851
0.516666666666667 0.466666666666667 0.0400332710494969
0.56969696969697 0.527272727272727 0.0555562806790686
0.538216560509554 0.531847133757962 0.0215083750454561
0 0 NA
0.580459770114943 0.551724137931034 0.062972448555922
0.54 0.5 0.0449899551538085
0.528301886792453 0.490566037735849 0.0496051031616966
0.363636363636364 0.272727272727273 0.345319978959156
0 0 NA
0 0 0
0 0 NA
0 0 NA
0.505 0.505 0.0468712049549538
0.571428571428571 0.5 0.357472580878516
0.483870967741935 0.435483870967742 0.12689514308486
0.5 0.5 0.0329870841213579
0.529032258064516 0.483870967741935 0.0611896240182561
0 0 NA
0.551912568306011 0.540983606557377 0.0493715015321747
0 0 NA
0.576470588235294 0.558823529411765 0.0535685440026077
0.572549019607843 0.568627450980392 0.0513664231585881
0.5 0.5 1
0.51304347826087 0.460869565217391 0.0805330810428706
0.285714285714286 0.285714285714286 0.333333331887037
0.666666666666667 0.666666666666667 1
0.532467532467532 0.502164502164502 0.0482493496956404
0.523809523809524 0.5 0.0552972434903698
0.580952380952381 0.552380952380952 0.0514300531157503
0.546031746031746 0.498412698412698 0.0244648893396428
0 0 NA
0 0 NA
0.559322033898305 0.474576271186441 0.152155200667585
0.525974025974026 0.506493506493506 0.072713501861107
0.493506493506494 0.493506493506494 0.161391584051884
0.554744525547445 0.543795620437956 0.0392342570442921
0.548148148148148 0.518518518518518 0.0682603054495967
0.518518518518518 0.444444444444444 0.122978167679585
0.531400966183575 0.463768115942029 0.0376481983263767
0.546583850931677 0.496894409937888 0.0498166735040269
0.502164502164502 0.480519480519481 0.0398812433827591
0.551839464882943 0.525083612040134 0.0356785284575191
0.569767441860465 0.531007751937985 0.0301870264707536
0.598484848484849 0.545454545454545 0.0757412295670838
0.510344827586207 0.455172413793103 0.0451710585850345
0.541666666666667 0.5 0.19209128310181
0.5 0.5 1
0.524390243902439 0.49390243902439 0.0641811094473677
0.505535055350554 0.509225092250922 0.0361502940581206
0.5 0.5 1
0.554959785522788 0.568364611260054 0.0357489894311426
0.54874651810585 0.554317548746518 0.0336929160698879
0.597402597402597 0.590909090909091 0.0665648565341117
0.545454545454545 0.527272727272727 0.0964915344487086
0 0 NA
0.486725663716814 0.473451327433628 0.0386870114077588
0.539823008849557 0.530973451327434 0.0838288757805154
0.568 0.552 0.0792497426103767
0.571428571428571 0.562770562770563 0.0481705012280813
0.666666666666667 0.666666666666667 1
0.579881656804734 0.544378698224852 0.0598456963120422
0.504761904761905 0.457142857142857 0.111078749352527
0.581447963800905 0.610859728506787 0.023177555659433
0.529411764705882 0.517647058823529 0.110541202223719
0.523809523809524 0.507936507936508 0.0721280122077865
0 0 NA
0.548961424332344 0.545994065281899 0.0304112624574437
0.522522522522523 0.477477477477477 0.0969243761323711
0.582781456953642 0.556291390728477 0.0689856623721493
0.6 0.6 0.749707622433736
0.533333333333333 0.52 0.142402276943152
0 0 NA
0.555555555555556 0.545454545454545 0.0721933276963671
0.561181434599156 0.540084388185654 0.0378833520746853
0.333333333333333 0.333333333333333 0.5
0 0 NA
0.5 0.5 1
0.474137931034483 0.474137931034483 0.097954436186984
0.566844919786096 0.556149732620321 0.0525049294004016
0.546195652173913 0.543478260869565 0.0293375638443798
0.512626262626263 0.537878787878788 0.024369757698199
0.506329113924051 0.493670886075949 0.142676659494895
0.5 0.5 1
0.5 0.473684210526316 0.138013622663492
0.563786008230453 0.584362139917695 0.0310692838551415
0.519774011299435 0.502824858757062 0.065217821348178
0 0 NA
0.550295857988166 0.550295857988166 0.0583200374881579
0.625 0.458333333333333 0.265812151969302
0 0 NA
0.5703125 0.583984375 0.0202283774825876
0.553846153846154 0.430769230769231 0.109093285287617
0.546218487394958 0.495798319327731 0.0932432783949366
0.518072289156627 0.457831325301205 0.126014825562156
0.556451612903226 0.532258064516129 0.0800267178563505
0.533333333333333 0.422222222222222 0.226959991166117
0.51219512195122 0.463414634146341 0.225859230101507
0 0 0
0.482758620689655 0.413793103448276 0.283318464258651
0.545977011494253 0.548850574712644 0.0284741065520439
0.502262443438914 0.484162895927602 0.0392235512395497
0 0 NA
0.553846153846154 0.558974358974359 0.0279578546889459
0.536231884057971 0.543478260869565 0.0302889842555609
0.546099290780142 0.51063829787234 0.0659217625113153
0.590909090909091 0.454545454545455 0.202241192111174
0.54278728606357 0.545232273838631 0.0261299571235199
0 0 NA
0 0 0
0.556818181818182 0.545454545454545 0.0955500144525403
0 0 NA
0.517647058823529 0.525490196078431 0.0304877193496054
0.536144578313253 0.548192771084337 0.0585647272501736
0.513513513513513 0.504504504504504 0.0934433203290591
0 0 NA
0.6 0.6 0.749999998085471
0.8 0.8 1
0.540880503144654 0.534591194968553 0.0722838295555482
0.578616352201258 0.540880503144654 0.0574414176975524
0.777777777777778 0.777777777777778 0.513335375231894
0.575757575757576 0.545454545454545 0.190431195480783
0.584 0.592 0.0856740482472068
0.545774647887324 0.573943661971831 0.0419866979178321
0.542857142857143 0.514285714285714 0.108263784533169
0 0 NA
0.574561403508772 0.56140350877193 0.0511693463951678
0.5 0 1
0.508379888268156 0.463687150837989 0.0476929905236812
0.553719008264463 0.541322314049587 0.045440304393246
0.515151515151515 0.424242424242424 0.126979388636302
0.577903682719547 0.575070821529745 0.031001567140745
0.483870967741935 0.43010752688172 0.0755758055670503
0.556603773584906 0.544025157232704 0.0369809257324104
0.509523809523809 0.49047619047619 0.0399651296491221
0 0 0
0.555555555555556 0.5 0.0918654246388997
0.539877300613497 0.50920245398773 0.0266208619868798
0 0 NA
0.576642335766423 0.562043795620438 0.0855935139036286
0 0 NA
0 0 NA
0.511111111111111 0.466666666666667 0.10309353899454
0.516129032258065 0.419354838709677 0.104160129773359
0.559055118110236 0.543307086614173 0.104023313921876
0.545454545454545 0.454545454545455 0.383791986735597
0.555555555555556 0.540740740740741 0.0810909098409508
0.448275862068966 0.431034482758621 0.137263471726637
0.525974025974026 0.545454545454545 0.0782640016594643
0.666666666666667 0.666666666666667 1
0.538461538461538 0.538461538461538 0.394842345692021
0.559139784946237 0.537634408602151 0.0403726429976895
0 0 NA
0.515625 0.4375 0.126875409314823
0.588235294117647 0.470588235294118 0.322385104464398
0.558139534883721 0.5 0.0911541183518452
0.557142857142857 0.519047619047619 0.0421391462930057
0.5 0.5 1
0 0 NA
0.62962962962963 0.592592592592593 0.360165007523321
0.6 0.6 0.533241060049457
0.492063492063492 0.428571428571429 0.0995584759570547
0.573076923076923 0.573076923076923 0.0483298760940766
0 0 0
0.539192399049881 0.546318289786223 0.0212826326841279
0.6 0.505263157894737 0.0904478265952126
0.5 0.5 1
0.6 0.48 0.382109736299171
0.550561797752809 0.573033707865168 0.100147156302198
0.582089552238806 0.522388059701492 0.103098535468181
0.75 0.75 1
0.583333333333333 0.533333333333333 0.205633659453412
0.567708333333333 0.546875 0.0552667633220935
0.4 0.2 0.5
0.5 0.5 1
0.527272727272727 0.536363636363636 0.101989682857572
0.493827160493827 0.444444444444444 0.0709070222423779
0.535294117647059 0.535294117647059 0.0589891527516478
0.564102564102564 0.487179487179487 0.257098917358352
0.571428571428571 0.357142857142857 0.37036946452765
0.559210526315789 0.539473684210526 0.0687075324019169
0.573913043478261 0.582608695652174 0.0755210246295514
