0.0111571447862158 0.976190476190476
1.93311779150582e-11 0.978260869565217
0.00959445837928265 0.982142857142857
0.00378400103615738 0.979591836734694
3.03972199951302e-14 0.980392156862745
0.000481690078565492 0.980392156862745
1.94172400078101e-28 0.976744186046512
0.00699308214846042 0.982758620689655
2.35131051050522e-09 0.976190476190476
0.0209548018648565 0.976190476190476
0.00488475573629363 0.982758620689655
6.25975186136583e-06 0.981818181818182
0.00781852611350228 0.983050847457627
0.00145788941715293 0.981818181818182
0.00306353179892341 0.980392156862745
4.33465624272265e-07 0.977272727272727
0.0195400774676149 0.983050847457627
3.58136415158296e-07 0.982456140350877
0.0101358399012811 0.981818181818182
0.000247564550195168 0.978260869565217
0.0121454605027599 0.976744186046512
9.82549314377221e-05 0.980392156862745
1.01275856377956e-23 0.978260869565217
0.00329035712797202 0.977777777777778
1.78717061270995e-05 0.981132075471698
0.0221556030188048 0.977777777777778
0.016510326452788 0.980769230769231
2.86092903254785e-52 0.981481481481482
0.000170507116468701 0.983050847457627
2.99656607434384e-12 0.981132075471698
1.14291326390921e-09 0.978723404255319
3.2124576677676e-06 0.981481481481482
1.6456352335999e-29 0.976190476190476
5.57708691882488e-06 0.977272727272727
0 0.978260869565217
3.30079302070043e-06 0.978260869565217
0.0210214350660924 0.979591836734694
0.000443368147458384 0.982456140350877
0 0.978723404255319
0.00366198039421223 0.981132075471698
0.0088914691606304 0.980392156862745
5.16619374332176e-06 0.983050847457627
0 0.978260869565217
3.85046329885063e-34 0.976190476190476
0.000736678996376703 0.981818181818182
0.00432119476835603 0.977777777777778
0.00808649243771569 0.976190476190476
0.00357932116437552 0.981481481481481
0 0.980392156862745
1.50091850932605e-34 0.977272727272727
2.86307976438319e-15 0.977272727272727
1.94658304709126e-10 0.978723404255319
4.18003534964189e-24 0.981818181818182
0.0199019888245255 0.98
0.0146672238703174 0.980392156862745
2.00289997581715e-49 0.98
0.00418019907060193 0.975609756097561
3.533355389159e-13 0.982456140350877
0.0153816196100844 0.978260869565217
2.95272830517224e-270 0.976744186046512
6.07029645593592e-14 0.979166666666667
3.20589515877086e-46 0.979166666666667
0.0125093104563072 0.982142857142857
0.00522477272214363 0.979591836734694
9.96058586342384e-06 0.978260869565217
3.39467618211058e-08 0.983050847457627
5.36145703835847e-05 0.978723404255319
1.18092083956468e-05 0.978260869565217
9.21713835123534e-22 0.978723404255319
4.13271397395738e-06 0.980769230769231
0.00992220666373614 0.981481481481482
4.25590804966837e-08 0.982456140350877
0.000712761237636907 0.982142857142857
0.00149598231321055 0.978260869565217
0.000564282228759647 0.976744186046512
0.0050109662064332 0.979166666666667
0.00159276809383481 0.978723404255319
0.00962646627675291 0.980769230769231
0.00300847203467907 0.978260869565217
0.0115199754234706 0.981132075471698
0.00092020752725194 0.978723404255319
0.00175390205006098 0.981818181818182
0 0.975609756097561
0.0131257909516942 0.979166666666667
1.21376243249718e-15 0.978260869565217
1.92908335010393e-15 0.979166666666667
1.28248370994453e-29 0.981818181818182
5.58556606362874e-07 0.977777777777778
1.44747445471331e-15 0.982142857142857
5.28245461864048e-05 0.981818181818182
1.61442648190704e-10 0.979166666666667
0.000288841654079063 0.980392156862745
0.0267695293560667 0.980769230769231
1.07647614834126e-08 0.980769230769231
0.000230747552896058 0.98
0.0112009523457191 0.98
9.05448535990994e-08 0.980769230769231
9.75629839918844e-11 0.980769230769231
0.00773939817921731 0.980769230769231
6.0805025580309e-05 0.98
6.9782071356806e-36 0.977777777777778
0.00165002124572587 0.978260869565217
0.00548529955141628 0.981132075471698
3.22498425584447e-15 0.981818181818182
5.19981001883741e-36 0.977777777777778
2.5887672119406e-11 0.982758620689655
1.62333558711507e-05 0.975609756097561
1.03697677363393e-08 0.980392156862745
3.58841367418166e-09 0.978723404255319
3.96835736778307e-05 0.976190476190476
0.0099464049860971 0.979166666666667
0.00246459610465614 0.978723404255319
5.55522553000979e-10 0.981818181818182
0.0243902439575444 0.975609756097561
6.05366085511285e-27 0.981818181818182
0.00180773469302145 0.981818181818182
3.09363008609165e-05 0.976190476190476
0.00888663317878128 0.980769230769231
3.8938482674801e-12 0.977272727272727
0.00377679529727614 0.983050847457627
7.16931683611494e-05 0.982456140350877
0.000257170862745528 0.98
0.000698310298141308 0.978723404255319
0.0106382977997548 0.978723404255319
8.47781742446706e-137 0.977272727272727
3.63212547360058e-10 0.977272727272727
2.80160706071128e-15 0.981481481481482
0.00017613455577655 0.979591836734694
0.00287822013622155 0.977272727272727
8.09918516716171e-07 0.976744186046512
0.0204600111556623 0.982456140350877
5.86473599118981e-114 0.980769230769231
7.80352310845911e-05 0.983050847457627
1.07970094391664e-64 0.982142857142857
6.46463840071176e-11 0.981818181818182
0.00911865226563745 0.982758620689655
3.32158998210733e-10 0.978723404255319
0.0034053933637682 0.977777777777778
0.0053968727865893 0.981481481481482
0.0354288741547535 0.976190476190476
5.99802395165951e-10 0.98
0.00115055151311774 0.977777777777778
1.72510799312745e-18 0.980769230769231
1.64349318391829e-259 0.982758620689655
0.00162027733443261 0.977272727272727
0.000195596256124471 0.981481481481482
0.00368308743189374 0.982758620689655
3.03603665196202e-10 0.980769230769231
9.14288032611408e-06 0.975609756097561
4.00775994809748e-148 0.976190476190476
0.00328352332620529 0.980392156862745
0.0101076836939958 0.983050847457627
5.36280619321597e-06 0.978723404255319
4.36704418897403e-05 0.978723404255319
0.0118803403329952 0.982456140350877
0.0194760253279379 0.976744186046512
0.00533848059440102 0.982142857142857
0.00528056604111792 0.981132075471698
0.0100782360229783 0.979591836734694
0.00074593032502051 0.982142857142857
3.07503029005029e-05 0.981481481481482
2.22816133530473e-10 0.982758620689655
3.72635714301034e-32 0.978723404255319
3.56694493719128e-121 0.977272727272727
0.00156644094377746 0.979166666666667
7.55644851587298e-82 0.975609756097561
0.00087849835304238 0.979166666666667
0.00403051469527854 0.982456140350877
0.00513826966368281 0.980769230769231
0.0143150155906505 0.980769230769231
4.28382432527938e-05 0.981818181818182
0.0204084223030937 0.979591836734694
0.00090081224990584 0.981132075471698
1.3212584401731e-20 0.979166666666667
5.7867376563449e-61 0.979591836734694
3.91483740388528e-22 0.976744186046512
0.0144273075629131 0.980392156862745
0.0199717651190326 0.98
7.77273044914628e-31 0.978260869565217
1.38199508356266e-08 0.978723404255319
0.00322322970991947 0.981818181818182
0.00700927492947303 0.98
2.43865548989207e-07 0.978260869565217
6.60338821251502e-05 0.979166666666667
7.04757004757642e-06 0.98
0.00735904479481182 0.977777777777778
9.6145428806935e-06 0.977777777777778
0.00183425156980791 0.976190476190476
0 0.975609756097561
0.00868098089577845 0.978260869565217
5.40610926809565e-40 0.975609756097561
0.00897066527187266 0.981481481481481
0.00194417375047455 0.979591836734694
0.00624966926392282 0.983050847457627
0.00101645452532213 0.975609756097561
1.32170427437681e-29 0.982758620689655
1.82582091956521e-06 0.982456140350877
0 0.976190476190476
0.00468319407173392 0.983050847457627
0.000291414349769717 0.980392156862745
0.0112084471669501 0.980392156862745
0.00476001080780456 0.981132075471698
5.43724053902004e-12 0.982456140350877
0.0226608411806464 0.975609756097561
7.81184329983642e-05 0.978260869565217
0.000776135705066008 0.980392156862745
4.88473468616937e-310 0.977777777777778
0.00192588952513395 0.980392156862745
2.55422067117198e-15 0.976190476190476
3.48280139796435e-12 0.98
0.00600078767529431 0.977272727272727
0 0.976744186046512
1.7851665307198e-05 0.980392156862745
1.00764328069478e-96 0.977272727272727
0 0.980392156862745
0.00354718375528332 0.977272727272727
4.70701517784782e-05 0.983050847457627
0.00548154016134498 0.983050847457627
0.00545089836397262 0.981481481481482
0.00538854974746048 0.976744186046512
0.00762258462871332 0.979166666666667
4.39960751659963e-111 0.976744186046512
7.04668623852167e-09 0.980769230769231
3.64790334585468e-09 0.977272727272727
0.000193034913274058 0.976190476190476
0.00039845510278525 0.976744186046512
4.55043695515661e-05 0.982758620689655
0.00306517315517291 0.981481481481482
9.64519674143101e-127 0.981481481481482
2.30767983201916e-05 0.978723404255319
0.00236236096618966 0.982456140350877
0 0.975609756097561
2.01670283826989e-97 0.977272727272727
0.0113007257648537 0.980769230769231
5.13072895298412e-05 0.980392156862745
8.66419798912435e-12 0.978723404255319
1.48603729089019e-15 0.979166666666667
0.000295363950152773 0.981132075471698
0.00469646627233866 0.977777777777778
0.0112867007748803 0.976744186046512
0.00160644473697877 0.98
0.00338239431716996 0.982142857142857
0.00738500652889164 0.980392156862745
1.10938578215517e-14 0.979166666666667
0.00716186950001396 0.982142857142857
0.0166598614641171 0.982758620689655
1.88935926434535e-55 0.976190476190476
6.01784832059507e-06 0.981132075471698
3.00532689880975e-09 0.981818181818182
0.000236512757107416 0.982142857142857
0.0029647721150917 0.978260869565217
0.0184804437803715 0.980392156862745
9.72708283705712e-12 0.982142857142857
1.96164082707314e-97 0.980769230769231
0.00024224728208437 0.981132075471698
6.6803274128451e-10 0.977777777777778
0.00417160512025224 0.977272727272727
0.00720807189054044 0.978723404255319
2.06389976177733e-88 0.98
0.00354187839894764 0.976744186046512
0.00130076062092596 0.982456140350877
5.47036546099071e-12 0.981818181818182
0.000889225762767823 0.977272727272727
3.55856779146754e-21 0.979166666666667
2.35686949532827e-88 0.978723404255319
1.34246421812843e-27 0.98
0.000280475814513277 0.982142857142857
0.00288061415631485 0.978723404255319
0.00431289819221839 0.980392156862745
2.95804063402243e-07 0.981132075471698
1.86908637638055e-21 0.977272727272727
9.86916092205905e-08 0.982142857142857
4.51750873948107e-153 0.98
0.0129486019474532 0.980392156862745
1.64562696484481e-07 0.975609756097561
0.023489674330294 0.976190476190476
0.0185187156663155 0.981481481481482
2.66186443677643e-14 0.977777777777778
4.20997728207144e-08 0.976190476190476
0.00340349575380439 0.977272727272727
0.0063430769308763 0.982142857142857
7.36538709910884e-05 0.979591836734694
9.95232661334398e-12 0.982142857142857
0.0104713174379413 0.975609756097561
0.000512626826753197 0.978723404255319
2.81019971858872e-54 0.979591836734694
5.86644847811552e-06 0.976190476190476
0.00989745105873898 0.975609756097561
1.74272580694515e-07 0.981818181818182
0.0101522438631344 0.98
0.000285993346088222 0.982456140350877
0.000528677415282304 0.976744186046512
2.50359238152541e-11 0.979591836734694
0.00208434754139117 0.980769230769231
5.02005428058112e-17 0.978723404255319
0 0.976190476190476
0.00185754441866439 0.983050847457627
4.68908230345787e-08 0.978260869565217
7.6546514417227e-05 0.977777777777778
1.48872695090516e-07 0.981132075471698
3.59780313683365e-13 0.977777777777778
3.61670268293365e-09 0.977272727272727
3.82689760507891e-44 0.977272727272727
0.00193144784423158 0.979591836734694
0.0263099295046294 0.980769230769231
0.000346209506458541 0.977272727272727
0.00931843963732 0.978723404255319
0.00204771962396691 0.981132075471698
9.1569833656435e-05 0.978723404255319
0.000195794315778454 0.98
0.00174013443160666 0.980769230769231
0.00861376445449082 0.977272727272727
7.68628437447151e-05 0.977777777777778
3.35376661483633e-31 0.975609756097561
1.44330832992573e-06 0.981481481481481
0.000119475312118334 0.98
1.28489757556892e-34 0.979166666666667
0.000130045410655153 0.981818181818182
4.43701574380511e-32 0.976190476190476
0.00203069246658978 0.982456140350877
0.001006905747821 0.980769230769231
1.5687509387985e-88 0.975609756097561
0.0333038223781795 0.975609756097561
6.27461370373391e-07 0.981132075471698
0.00401147152111775 0.980769230769231
0.0247319184001763 0.978260869565217
7.18031764860535e-05 0.979166666666667
0.00691663728973595 0.982142857142857
7.51770759602037e-12 0.981481481481482
1.11580297099606e-19 0.977777777777778
9.63424201687883e-07 0.980392156862745
0.00462532299450027 0.983050847457627
0.0103650358632389 0.981132075471698
0.0138932186480375 0.981818181818182
1.01451524470278e-07 0.981132075471698
7.57463000797583e-17 0.976190476190476
0.0107078722266005 0.979591836734694
1.33784232128842e-13 0.979166666666667
0.00209194501916776 0.978723404255319
0.00726782727419906 0.980769230769231
0.0100712997515779 0.979591836734694
4.79473691312608e-05 0.981481481481482
0.00334984489955908 0.977777777777778
0.0121157897090011 0.977272727272727
4.03911768613423e-05 0.980392156862745
0.008561006120859 0.976190476190476
0.00406208191631496 0.979166666666667
0.0262647567763166 0.979591836734694
0.0079930444657445 0.978723404255319
1.55147917733012e-153 0.976744186046512
0.00699404100038076 0.982142857142857
3.60032321516359e-21 0.977777777777778
0.0189012449761958 0.977777777777778
1.12994845719124e-05 0.977777777777778
1.9897172718507e-07 0.976744186046512
1.31662499890205e-34 0.978723404255319
7.81666615484853e-06 0.981132075471698
0.000168674050788913 0.982142857142857
0.00784735741000954 0.978260869565217
0.000299166065339406 0.981132075471698
3.00125583632783e-19 0.980392156862745
6.51853107775648e-19 0.978723404255319
1.65280357919641e-05 0.982142857142857
0.000998422708574625 0.981481481481482
9.71649422179778e-06 0.976744186046512
0.0069558046108288 0.975609756097561
0 0.976190476190476
6.00731275159361e-11 0.976744186046512
0.015170955616618 0.976190476190476
0.00959087272389785 0.982758620689655
0.0016864086830114 0.980769230769231
0.007929434077535 0.979591836734694
5.48215081235976e-08 0.98
0.0199283564198881 0.98
1.57997383586463e-22 0.978260869565217
8.82905344725592e-156 0.978723404255319
4.73147142844226e-05 0.981818181818182
4.41350656991884e-06 0.982456140350877
8.10703551433919e-124 0.977272727272727
1.10019890563892e-06 0.981818181818182
0.000226038977581261 0.978723404255319
0.000207951774986038 0.978260869565217
0.00402988785579617 0.980769230769231
0.0228177256422983 0.981132075471698
8.17557427095525e-09 0.981481481481482
5.47731098246e-05 0.982456140350877
2.67717077780254e-08 0.98
0.00547841914661346 0.978723404255319
1.53436510029624e-15 0.979166666666667
0.000501121391276889 0.982142857142857
8.62357380920936e-24 0.980392156862745
0.00205380238712441 0.980392156862745
4.96245977497936e-06 0.976744186046512
4.47463825997629e-06 0.979166666666667
2.01816604372458e-06 0.98
0.00237441389691493 0.982142857142857
0.000800466948515075 0.980769230769231
0.0024582685800748 0.98
0.00646242946489802 0.981818181818182
4.45643460515087e-230 0.976744186046512
2.82100179332157e-05 0.981481481481482
0.00411248311130431 0.981132075471698
0.00113281131419992 0.979166666666667
6.35950862029625e-25 0.978723404255319
0.00192982968701362 0.982456140350877
0.00283854826973805 0.979166666666667
3.66037326586311e-09 0.978723404255319
0.000105207458848828 0.981818181818182
3.33672064828703e-06 0.983050847457627
0.0174794460529843 0.979591836734694
0.00548086378487563 0.982758620689655
0.0122833709500084 0.978723404255319
0.000701673870061712 0.978260869565217
0.00254023528522129 0.982758620689655
1.54160814323431e-28 0.981818181818182
0.00562717288406664 0.981481481481482
0.0048197543232633 0.975609756097561
0.0103120324506261 0.981132075471698
0.00416207294039816 0.981132075471698
0.00804111188886133 0.982142857142857
0.0081158986965246 0.977272727272727
0.00528494812404872 0.976190476190476
0.00361144311104985 0.978723404255319
7.29083011582489e-06 0.982456140350877
0.00951458256163935 0.978723404255319
1.82517214519413e-07 0.982142857142857
7.38816980425553e-05 0.976744186046512
0.00668277177931849 0.978260869565217
4.34336397278798e-11 0.977272727272727
0.00622053604950517 0.982758620689655
1.67572975451062e-17 0.978260869565217
0.00340700591090158 0.981132075471698
0.00488148809315677 0.982142857142857
3.43220136832398e-09 0.975609756097561
0 0.976744186046512
3.92006192100185e-84 0.976190476190476
0.00320772001392582 0.980769230769231
0.0101580296142944 0.978260869565217
1.96500775353875e-14 0.981818181818182
0.00763622502995042 0.983050847457627
1.0614213318498e-14 0.982456140350877
0.000280340269602356 0.982456140350877
0.0169112678370096 0.983050847457627
0.00188220821154876 0.975609756097561
0 0.978723404255319
0.0246290334661712 0.981481481481481
0.000188497722816911 0.982456140350877
0.019490796437591 0.979591836734694
0.00454232699841253 0.983050847457627
5.72970885547346e-17 0.978723404255319
1.5960258095864e-06 0.975609756097561
5.34271057876008e-06 0.980392156862745
1.27136528709053e-108 0.977777777777778
0.000671918351254832 0.983050847457627
3.6101264960249e-07 0.978723404255319
0.00508418556640326 0.981481481481482
0.00117651378709742 0.980392156862745
0.016904342673253 0.977272727272727
0.00201533311681267 0.976744186046512
0.00675888471448222 0.98
5.86892264793964e-07 0.982142857142857
1.99570612633173e-07 0.979591836734694
1.78009580292864e-06 0.979166666666667
4.01341377962143e-12 0.975609756097561
6.65780616400093e-31 0.980392156862745
7.80030287314497e-07 0.98
0.000551418600348885 0.982758620689655
0.02896707694635 0.980769230769231
4.3668243626896e-08 0.982456140350877
2.35109405814182e-08 0.978723404255319
0.00717455790846562 0.979166666666667
0.0110246919813199 0.979166666666667
0 0.977777777777778
0.00323650294621475 0.981818181818182
9.90097026532798e-100 0.982142857142857
0.000647332790021729 0.977272727272727
1.19810958848199e-99 0.976744186046512
0.00506752281027318 0.978260869565217
1.04949583320534e-06 0.981481481481482
1.21109668618419e-289 0.977777777777778
0.0102970290354769 0.981481481481482
0.0229692090588277 0.979591836734694
0.000424786192154227 0.981481481481482
0.00465670251843522 0.979591836734694
9.60278887159707e-05 0.982758620689655
0.00798728354342627 0.982456140350877
0.000153483271067697 0.979591836734694
0.0175200221600989 0.983050847457627
1.06108799128927e-05 0.977777777777778
4.69882192729384e-05 0.981132075471698
0.00220546308731352 0.978723404255319
4.76944271158562e-07 0.978723404255319
0.00587005676818913 0.980392156862745
4.04824783443672e-68 0.981481481481482
0.00123995145663772 0.982456140350877
0 0.975609756097561
5.15801859427048e-07 0.975609756097561
7.07975476156865e-89 0.98
6.58756513130783e-05 0.979591836734694
4.79814905420057e-06 0.977777777777778
0.00453161857278027 0.980769230769231
5.65806345388057e-07 0.977272727272727
1.73359683247102e-30 0.977777777777778
0.000840098042120192 0.982758620689655
0.00625774486136383 0.976190476190476
1.07775320217509e-07 0.981481481481482
3.72397199427381e-05 0.981481481481482
2.92783422959222e-06 0.982142857142857
7.84839711914369e-06 0.981818181818182
3.98953980244776e-17 0.980392156862745
0.00257850905826588 0.979591836734694
0 0.98
0.00736950596992201 0.981818181818182
0.00296700610941229 0.977777777777778
1.8996282975686e-62 0.979166666666667
0.0122756779927525 0.977777777777778
3.62862354113699e-11 0.98
0.00669574469500682 0.983050847457627
0.00284282570883313 0.981818181818182
7.39269857202668e-10 0.976744186046512
0.00455664758986285 0.981481481481482
0.00611954846828831 0.977777777777778
3.41460843060244e-213 0.975609756097561
4.15183716268189e-190 0.977272727272727
5.84020657866983e-05 0.981818181818182
0.00264747131335613 0.983050847457627
7.16103755614192e-11 0.976190476190476
1.37722891425107e-07 0.980769230769231
0.00549478835460608 0.981481481481482
1.68096406211004e-06 0.982758620689655
0.000162972673768464 0.977777777777778
0.00946732812898189 0.977777777777778
0.00804518262381252 0.976744186046512
5.12124391083541e-06 0.980392156862745
7.1360765987092e-59 0.980392156862745
1.21868287025767e-11 0.978723404255319
6.39731905015674e-13 0.977777777777778
0.011979665101841 0.983050847457627
0.00249655177747781 0.981818181818182
1.70044998234309e-06 0.977777777777778
3.15517466709929e-37 0.978723404255319
2.68975342496441e-29 0.979166666666667
1.35366741366931e-06 0.982758620689655
1.22708613505545e-55 0.976744186046512
0.0161642156867018 0.980769230769231
0.00406373514917398 0.979166666666667
0.00360594695809368 0.983050847457627
0.00402071504657971 0.982758620689655
0.00331948371151791 0.979591836734694
7.86451306402412e-14 0.981132075471698
6.87390930651924e-05 0.977272727272727
2.64665729474431e-05 0.976190476190476
0 0.975609756097561
0.00324816880228362 0.978260869565217
2.31743479395183e-88 0.976744186046512
1.29948909548289e-09 0.978723404255319
0.00769740915126751 0.975609756097561
1.7377381648045e-42 0.975609756097561
0.013063090119206 0.981818181818182
0.0149083359062011 0.976744186046512
8.95627673816816e-05 0.981132075471698
7.73633472262376e-19 0.975609756097561
0.00441361179722831 0.981481481481482
0.00623200915674986 0.98
4.02835432537393e-11 0.979166666666667
0.00406302865531985 0.975609756097561
6.41595244627371e-102 0.975609756097561
0.0203602894991263 0.981481481481482
0.00542959382583028 0.977272727272727
0.0027284458971427 0.979166666666667
0.0138111373717766 0.982758620689655
0.0068254281741895 0.981132075471698
5.56298593021103e-36 0.976744186046512
0.00185972041022083 0.982758620689655
0.0184246821416395 0.975609756097561
2.75007242693208e-06 0.975609756097561
8.3253035724807e-46 0.979166666666667
0.00693436241799695 0.977777777777778
0.00505316378400373 0.981481481481482
2.71900250543318e-08 0.980392156862745
0.00766192000428655 0.981481481481482
2.04015151919476e-08 0.977272727272727
0.000950158633253277 0.975609756097561
0.0214934555026849 0.982456140350877
4.09155312802914e-22 0.981818181818182
0.00901602013499923 0.980392156862745
6.94769974016995e-15 0.978723404255319
1.75607112261974e-07 0.981818181818182
0.00178771634828698 0.980392156862745
0.00175949164888968 0.978723404255319
0.000299184978584611 0.979166666666667
0.00324657380374285 0.982142857142857
1.41924598097544e-11 0.98
3.50393527692405e-06 0.981818181818182
0.00320724588574792 0.977777777777778
8.52595808562205e-12 0.977777777777778
7.5225300077325e-10 0.975609756097561
5.36560980708972e-109 0.979166666666667
0.00512579506388404 0.98
2.30183929695155e-10 0.981481481481482
0 0.979591836734694
0.0107231548409103 0.979166666666667
5.94179281141302e-251 0.977272727272727
0.00100473046025385 0.978260869565217
0.0167921904048089 0.975609756097561
0.0197731333691248 0.98
0.0363385798184351 0.979166666666667
5.04375009710467e-05 0.981481481481482
0.00270108130157153 0.979166666666667
0.0109176024646919 0.979591836734694
0.00453210801367238 0.981132075471698
0.00689727127728941 0.982758620689655
3.82123106112858e-74 0.98
0.0151673738272322 0.976190476190476
0.00746332257656911 0.983050847457627
0.00491341350208865 0.982456140350877
0.000132433206504804 0.978723404255319
0.0212689335232126 0.978723404255319
0.00811063548359653 0.980769230769231
2.18795398735305e-59 0.977272727272727
2.79031622022052e-07 0.977777777777778
0.0290477960098407 0.981132075471698
3.68623181384538e-05 0.981818181818182
0 0.978260869565217
7.69921401993154e-13 0.980392156862745
1.44195741373718e-20 0.979591836734694
0.000859259807120251 0.982758620689655
3.0154753185978e-05 0.978260869565217
0.000673416401338028 0.977272727272727
0.00695770040837339 0.982758620689655
0.0013647035082591 0.983050847457627
1.55196332002335e-06 0.980769230769231
3.16629112423478e-05 0.981818181818182
0.0036650420802203 0.977777777777778
6.56774450891439e-72 0.976190476190476
0.0130163857681538 0.976190476190476
0.0245614649793864 0.976190476190476
0.0169856926149375 0.980769230769231
4.99801566061966e-14 0.976190476190476
0.00503891859295246 0.982758620689655
0.00104341857199705 0.982456140350877
7.55659071701339e-09 0.980769230769231
6.55813703521e-39 0.982142857142857
0.00953911291794752 0.98
0.0103247419520814 0.981481481481482
7.79529712721663e-10 0.981481481481482
0.00872275176661237 0.977777777777778
0.00603355398449582 0.975609756097561
0.00621640822495089 0.981132075471698
1.51512682112129e-06 0.975609756097561
0.00183471365175218 0.978723404255319
2.38679351649439e-86 0.980392156862745
0.00215063336695455 0.976744186046512
4.72830988892204e-08 0.977777777777778
0.00431973194764364 0.977272727272727
0.0160026365423816 0.976190476190476
9.26518041127937e-07 0.982456140350877
0.00349205015128224 0.981132075471698
6.00871653698235e-07 0.981132075471698
0.00648903145049259 0.977777777777778
5.9851379146601e-121 0.975609756097561
0.00363821886765786 0.976744186046512
3.61154821359912e-13 0.978260869565217
0.000553466576300497 0.979166666666667
0.00309136311615709 0.976744186046512
0.0120796173240366 0.980392156862745
0.0121150960779387 0.981481481481482
0.000493522085545568 0.975609756097561
0.000193989347756182 0.981481481481482
0.00429586808803215 0.975609756097561
0.00124569062594173 0.977272727272727
0.0186002314890259 0.977272727272727
0.010672150793516 0.979166666666667
0.0118335488494943 0.977777777777778
0.000136169923142078 0.982456140350877
0.00284738806185589 0.976190476190476
0.00298904514312312 0.980769230769231
3.4150819653562e-05 0.978723404255319
8.03275008329552e-05 0.977777777777778
7.31010470397505e-13 0.982758620689655
0.00470181392051373 0.983050847457627
0.0133975551280199 0.975609756097561
2.97127108858478e-05 0.977272727272727
1.66869045342993e-28 0.976744186046512
2.23236396120981e-12 0.977272727272727
6.60775955586786e-07 0.982142857142857
4.83930449979099e-13 0.976744186046512
1.19452133768658e-20 0.979166666666667
0.00475170119397604 0.981132075471698
4.00300134679528e-19 0.982142857142857
3.12617665027486e-37 0.976190476190476
0.0170134628953663 0.979591836734694
0.00888852105144153 0.976190476190476
2.60626775964996e-12 0.978723404255319
1.92207350184929e-09 0.978260869565217
0 0.977272727272727
4.05292678035107e-12 0.982758620689655
3.58278924097715e-14 0.977777777777778
3.43801436031235e-15 0.981132075471698
7.00802783817055e-05 0.976744186046512
0.0092010713805764 0.975609756097561
0.00626634857478328 0.977272727272727
0.000130165703980547 0.980769230769231
0.0016049197317454 0.982142857142857
2.28367593353448e-13 0.979166666666667
1.56031673850349e-05 0.982456140350877
0.00352220818574805 0.983050847457627
0.00348581101994367 0.977272727272727
0.00615866772087451 0.979166666666667
9.42670114818936e-14 0.982456140350877
5.02981269913537e-12 0.979591836734694
0.000132665930274443 0.979166666666667
0.00910175520020765 0.977777777777778
0.00441018168846364 0.982142857142857
4.74689239144066e-11 0.983050847457627
0.00109149152749373 0.979166666666667
0.00676470306592105 0.975609756097561
0 0.975609756097561
0.00275915049559716 0.979591836734694
0.0118044862896595 0.981481481481482
0.00196937126598069 0.982758620689655
7.47359338876388e-05 0.981481481481482
0.000382272874462981 0.979166666666667
3.90624744455675e-41 0.978260869565217
1.09037882075659e-08 0.982758620689655
0.00374143993412611 0.976190476190476
6.53521613982097e-25 0.981132075471698
2.70041225925577e-05 0.976744186046512
1.83040718737436e-34 0.975609756097561
0.0136550049935028 0.979591836734694
0.000146426021067725 0.983050847457627
3.54295941084793e-17 0.981481481481482
8.20392651194032e-07 0.977272727272727
0.00314861722187071 0.982758620689655
0.0177290458150111 0.980769230769231
1.12517792994721e-06 0.976744186046512
0.00145580923820194 0.979591836734694
0.000115291389453975 0.98
0.000691039470594598 0.980769230769231
5.31986653410488e-08 0.982142857142857
0.00600604130233997 0.979166666666667
0.00116917066448107 0.976190476190476
0.00022912443048369 0.979591836734694
0.00745430408256942 0.978260869565217
9.37386905242529e-09 0.983050847457627
0.0236306351650402 0.975609756097561
2.81885223560771e-15 0.980392156862745
1.31819206561786e-05 0.980392156862745
0.00323913632338442 0.980769230769231
4.6382250385994e-11 0.982758620689655
2.50084983875482e-14 0.978260869565217
0.0172112747239444 0.979591836734694
0.00177662340522534 0.977272727272727
0.00162054084964082 0.976744186046512
0 0.976744186046512
1.32689245830643e-13 0.979591836734694
0.00738753006604949 0.978260869565217
1.12020327950406e-06 0.977777777777778
0.000197021050219498 0.979166666666667
0.00578670896483603 0.981481481481482
0.0096421456320833 0.975609756097561
0 0.980392156862745
4.77713902747367e-85 0.977777777777778
0.0202472920811176 0.979166666666667
0.0100779820643587 0.976744186046512
0.0120263732044008 0.977777777777778
1.56965408015892e-08 0.981132075471698
0.0132190567763326 0.979591836734694
0.00606828428193063 0.982456140350877
0 0.975609756097561
0.0235772952549556 0.976190476190476
3.39079381192228e-10 0.976744186046512
0.0137777276698257 0.980392156862745
5.97811797075964e-05 0.981481481481482
3.00069021453676e-05 0.980392156862745
5.04083624159828e-23 0.976190476190476
5.45256994509411e-09 0.979591836734694
0.0070652663050321 0.982456140350877
0.00818029832016912 0.980392156862745
0.00362409365714698 0.981132075471698
5.40072516944839e-06 0.981132075471698
5.79452692703046e-31 0.980769230769231
2.7720882848062e-104 0.981132075471698
0.000620210272196143 0.979166666666667
7.77474522491883e-07 0.980769230769231
0.00934602135954764 0.980769230769231
0.00175420710388594 0.977777777777778
9.02342885658276e-08 0.976190476190476
1.87898221166868e-05 0.979166666666667
0.00381834232392459 0.982142857142857
0.000494915453165437 0.982456140350877
2.73366326045033e-06 0.977272727272727
0.0141649448130161 0.981481481481482
2.45063658567971e-29 0.983050847457627
8.56139532988265e-23 0.976744186046512
0.0105116707317327 0.976744186046512
0.0362482527505152 0.976744186046512
0.00265490063352761 0.979591836734694
0.0115696644488022 0.981132075471698
0.000983555144352296 0.976190476190476
0.00611739084100403 0.981132075471698
0.00863118227833949 0.981132075471698
1.7688380898768e-05 0.982456140350877
1.48349626620301e-23 0.975609756097561
0.0170782436788126 0.981132075471698
6.61316606163008e-07 0.979591836734694
0.00481242117262019 0.982142857142857
0.00128203303624103 0.982142857142857
0.00999955787679936 0.980769230769231
0.0208333332954383 0.979166666666667
3.98241828473983e-20 0.982456140350877
0.000963806454381501 0.981818181818182
0.000312889022472811 0.979166666666667
0 0.975609756097561
6.86952115775584e-11 0.979166666666667
7.89681987944502e-05 0.976190476190476
7.88061369365258e-07 0.975609756097561
3.67722424583108e-24 0.980769230769231
5.37079517657037e-05 0.981818181818182
0 0.977777777777778
0.00903740667561607 0.982758620689655
0.0175838190768878 0.981481481481482
3.05263845971127e-07 0.982142857142857
0.000632624426153196 0.978260869565217
2.21819012910095e-12 0.978723404255319
1.49536791279341e-18 0.976190476190476
7.83849188328892e-49 0.978260869565217
0.00268247063432725 0.982758620689655
0.0169137264281339 0.976190476190476
0.0142113947614911 0.975609756097561
2.02708275189545e-05 0.976744186046512
2.19828639972122e-09 0.98
0.0193024013797379 0.977272727272727
0.000419230320351785 0.982758620689655
6.95333127334581e-06 0.978723404255319
0.00137496009704201 0.975609756097561
0 0.976190476190476
7.2363977961098e-05 0.980392156862745
7.80030287024223e-28 0.977272727272727
0.00194642107404872 0.979591836734694
0.00961384931426794 0.983050847457627
0.0072456564105158 0.979166666666667
0.000251612405209619 0.982758620689655
0 0.976190476190476
0.00708936147696824 0.976744186046512
7.16364978892246e-06 0.975609756097561
0.00237397762249156 0.978723404255319
0.000489106469954213 0.981818181818182
1.20968289051539e-06 0.976190476190476
0.0013256668612005 0.981818181818182
0.000918349739534066 0.981132075471698
0.000123232027083218 0.980392156862745
0.00771794843833041 0.979591836734694
0.000241777854094813 0.978723404255319
0.0212444720003135 0.976190476190476
0.00173628965271344 0.981132075471698
0.000655991366471105 0.980769230769231
7.78301362940811e-08 0.981818181818182
0.00182395393401648 0.982142857142857
0.00343840664023603 0.979591836734694
1.48298261715482e-19 0.98
0.00475699898845308 0.978723404255319
0.00240432684061491 0.981481481481482
6.2203016670728e-50 0.976190476190476
0.013361803179034 0.981481481481482
0.00241705361669198 0.982456140350877
5.72862338559457e-74 0.975609756097561
3.78479913347075e-12 0.976190476190476
0.0162470835102339 0.980392156862745
1.34945596467292e-05 0.981481481481482
6.08720089849512e-58 0.982758620689655
2.68834030066193e-05 0.977777777777778
2.37420086061405e-67 0.981818181818182
4.27217520718007e-39 0.980769230769231
7.22125167519644e-17 0.979166666666667
4.53919311300868e-13 0.978260869565217
0 0.978260869565217
0.000110526664084881 0.980392156862745
0.0154569715720963 0.980392156862745
4.6376329435584e-06 0.981132075471698
0.0168717942520189 0.976190476190476
1.63544238304108e-06 0.981132075471698
0.0173926463665399 0.977272727272727
7.31075173870711e-05 0.983050847457627
0.0196480467930878 0.981481481481481
0.00879465833931652 0.976190476190476
2.8224830789095e-06 0.976744186046512
3.14608512027215e-09 0.981481481481481
5.33596760622966e-09 0.976190476190476
0 0.977777777777778
2.95045958526726e-12 0.982456140350877
1.12733219102045e-11 0.979166666666667
2.17550265214236e-27 0.978723404255319
4.84061034614758e-24 0.982456140350877
3.81938391744499e-310 0.976744186046512
0.00789111111307574 0.977272727272727
0.00692486768063462 0.978260869565217
0.00216824732282504 0.983050847457627
1.57290752960281e-17 0.976190476190476
8.75361186340763e-22 0.980392156862745
1.15552852032043e-22 0.980769230769231
3.1187773902308e-05 0.977777777777778
0.000775830061985094 0.981132075471698
0.000133869521460752 0.978723404255319
1.35161887462051e-41 0.977777777777778
5.6360455073763e-36 0.979591836734694
0.00667008639868057 0.978260869565217
3.36042198093615e-09 0.978723404255319
0.0168526518160735 0.981481481481481
0.00616785669431508 0.978260869565217
0.00303093253333223 0.98
1.07536210821697e-06 0.979591836734694
0.00631937855821521 0.982142857142857
0.00573390720853857 0.981481481481482
0.000214571427541254 0.979591836734694
0.000310428361181138 0.978260869565217
0.0385541044103978 0.978260869565217
0.000186925511697031 0.976744186046512
4.30938465207423e-06 0.981818181818182
5.47033536617093e-14 0.982142857142857
0 0.977777777777778
6.22365188720023e-84 0.978723404255319
0.00586686507820071 0.98
1.03137619095925e-10 0.978260869565217
0.00176170759841397 0.981481481481482
0.00355960144651407 0.978260869565217
2.97041723677657e-09 0.976744186046512
8.98577766906039e-06 0.977777777777778
0.0164815495808304 0.979591836734694
0.00620375668346113 0.981132075471698
6.23934233061275e-40 0.982142857142857
0.00460899413547604 0.979591836734694
0.00100249797413654 0.98
8.02378937591529e-08 0.975609756097561
0.0098744968852225 0.979591836734694
0.00772817030391713 0.981481481481482
5.06497840767195e-46 0.981132075471698
1.74876352719778e-52 0.979591836734694
0.00520943304372962 0.983050847457627
8.57904415779319e-13 0.977272727272727
2.20869452327653e-07 0.977272727272727
0.00947247400867797 0.980392156862745
2.28660846829024e-05 0.981818181818182
3.32522436838585e-07 0.983050847457627
4.3639475759851e-61 0.980392156862745
0.0151071995962714 0.976744186046512
9.91898784637789e-07 0.981481481481482
2.38431402102031e-07 0.981481481481482
0.0168778881000594 0.982142857142857
0.00334887570083607 0.982758620689655
1.9176616002276e-180 0.978260869565217
0.0103066960233963 0.983050847457627
0.00463746843647213 0.980769230769231
2.58768327127476e-08 0.976744186046512
0 0.977272727272727
0.000188654780149526 0.983050847457627
0.0242497082021568 0.98
1.11467142327328e-05 0.980769230769231
0.0131859461629948 0.977272727272727
0.0113381697544214 0.979166666666667
3.150371773425e-07 0.983050847457627
3.16151041618056e-05 0.981818181818182
0.00400222952677346 0.978260869565217
0.000665126477311874 0.975609756097561
1.47622407112464e-08 0.981132075471698
0.000292742510678796 0.982758620689655
8.26776320842611e-206 0.976744186046512
1.10849350491216e-06 0.981818181818182
0.00531703856348739 0.981132075471698
5.54923564251801e-07 0.978723404255319
4.41128416974286e-06 0.977272727272727
0.00426526965786642 0.977272727272727
0.000210855146389921 0.978723404255319
1.78826155776093e-06 0.981132075471698
0.000175802376700631 0.981132075471698
3.94931965877353e-17 0.976190476190476
0.0146696489069655 0.980769230769231
0.0159237650145709 0.98
0.0247204266419933 0.975609756097561
0.00756022391310528 0.979166666666667
6.21510705069215e-129 0.978260869565217
0.00208415688562413 0.980392156862745
1.61804099650374e-29 0.975609756097561
0.00827276542436222 0.982456140350877
3.28509204027789e-31 0.978723404255319
1.26878339763677e-226 0.979591836734694
1.08524299717607e-53 0.977777777777778
0.013421932704708 0.983050847457627
0.00337338166424608 0.977777777777778
0.000454359747878009 0.977272727272727
2.26113664865448e-05 0.977272727272727
0.00189611137146698 0.982758620689655
0.00746332957021442 0.979166666666667
1.30104507014134e-07 0.977272727272727
0.0178572526418512 0.982142857142857
1.9479044806795e-12 0.975609756097561
1.09982596075965e-18 0.980769230769231
0.000175756179937658 0.982456140350877
2.96755333321867e-40 0.979166666666667
4.10409496409494e-49 0.978723404255319
1.15043680104219e-17 0.977272727272727
1.18409149129478e-11 0.978260869565217
0.00042525526805994 0.979166666666667
0.00501207096155576 0.978723404255319
1.12229937803791e-79 0.976190476190476
0.000433031980608451 0.983050847457627
0.00401999616463798 0.98
0.017483483996907 0.980392156862745
0.00705643961825468 0.982758620689655
1.15984643980867e-06 0.980392156862745
0.000505995976693562 0.977272727272727
0.000689198942413868 0.976190476190476
3.30060171707537e-10 0.977272727272727
0.00592648296691987 0.976744186046512
1.01757400948893e-09 0.976744186046512
3.59367795907062e-07 0.975609756097561
0.000736182507697375 0.977777777777778
0.0108757198897987 0.980392156862745
1.62480117890249e-06 0.982142857142857
2.54436295973094e-52 0.977272727272727
0.0034043636599235 0.981132075471698
1.05432608738212e-10 0.977777777777778
0.00975882201620611 0.981818181818182
0.00185187882078864 0.978260869565217
4.15574062236337e-162 0.975609756097561
0.0049353434318394 0.98
2.61199281841608e-09 0.979591836734694
6.79435482317322e-16 0.976744186046512
0.00148122197323355 0.980769230769231
0.000185879385522356 0.976190476190476
9.983211845959e-08 0.979166666666667
2.1507005637988e-06 0.976744186046512
0.000268190778660854 0.981818181818182
0.000131165925123191 0.982142857142857
0 0.979166666666667
0.0150552968128616 0.98
1.77535909885692e-08 0.981481481481481
0.000244151634623622 0.977777777777778
0.0196077984573323 0.980392156862745
0.0228894082349921 0.980769230769231
0.000651409121105935 0.979166666666667
0.0189215969143994 0.982142857142857
0.0198772939040526 0.982758620689655
0.000436593095934399 0.98
0.0011646700591219 0.981818181818182
0.00379110278603215 0.980769230769231
0.00985686484318799 0.982142857142857
0.000968914755644023 0.975609756097561
1.02501150072395e-06 0.977777777777778
0.00132664122612835 0.977777777777778
1.4988584191173e-06 0.983050847457627
0.00742165857520733 0.979166666666667
0.00210841688264796 0.978260869565217
0.0019109180092863 0.982758620689655
4.82901022341111e-11 0.983050847457627
4.1381692584828e-07 0.981818181818182
0.00783075005767543 0.983050847457627
4.40293909103474e-05 0.979591836734694
3.86968740413957e-72 0.980769230769231
0.00134461423898122 0.976744186046512
7.68021380763559e-09 0.979591836734694
0.00238535431441921 0.98
7.17555236412892e-32 0.976744186046512
9.85802846427123e-07 0.982758620689655
0.0147011237551273 0.976744186046512
0.000186307422260727 0.982142857142857
9.63992922620681e-14 0.981132075471698
0.00809969107082058 0.982758620689655
3.06688955481891e-22 0.976744186046512
0.0226954946850911 0.977272727272727
0.000134137693391227 0.981132075471698
0.00461260437137635 0.981818181818182
1.0139016321824e-05 0.982758620689655
0.00700909761215251 0.983050847457627
0.0135099839728076 0.976744186046512
1.93722471753221e-12 0.977777777777778
1.46668945892718e-50 0.982142857142857
0.00187217952721509 0.978723404255319
0.00275107106707587 0.977777777777778
0.00656739485497923 0.980769230769231
0.0315033781606982 0.982456140350877
0.00944230978317275 0.977272727272727
2.93573241757551e-10 0.982456140350877
0.00805908087275125 0.983050847457627
8.5995595053492e-07 0.976744186046512
0.010176831964617 0.980392156862745
0.000381366295144288 0.976744186046512
0.0028947101733406 0.983050847457627
0.006138412840561 0.982758620689655
3.02397028037524e-10 0.977272727272727
0.00507061908916713 0.982456140350877
0.00326663587988119 0.98
1.6900397091186e-12 0.977777777777778
0.00408560584515862 0.980769230769231
1.63762836232506e-06 0.977777777777778
0.0047009263741494 0.978260869565217
0.0238095052088512 0.976190476190476
4.79148493509834e-05 0.981818181818182
2.38278927179021e-06 0.981481481481482
0.00498049968309992 0.977777777777778
5.70454360248427e-05 0.980392156862745
8.63557000119016e-08 0.976744186046512
0.0272982096784537 0.981481481481482
0.00187916845621678 0.980769230769231
3.20794475047044e-40 0.980769230769231
5.79201049823361e-05 0.979591836734694
5.51455633471326e-06 0.976744186046512
6.20865540661183e-22 0.979166666666667
0.00232931424288407 0.980392156862745
0.00411925171736589 0.980392156862745
0.00201931908517927 0.981481481481482
9.36621302885053e-05 0.976744186046512
0.0028508306429824 0.976190476190476
4.37246398374448e-14 0.980769230769231
8.49083355021139e-10 0.975609756097561
0.00519321735776672 0.975609756097561
0.000107935699414889 0.980769230769231
0.0261261389071393 0.980392156862745
0.0119160903693869 0.979591836734694
1.08608053269602e-32 0.978723404255319
0.00127813724522396 0.982142857142857
0.0122999991163324 0.979166666666667
2.15984455882215e-97 0.976744186046512
0 0.978723404255319
0.00169880114483317 0.981481481481482
8.66704901376604e-05 0.975609756097561
0.00378514099756069 0.981132075471698
3.61251978295043e-06 0.98
9.2445964309699e-12 0.980769230769231
5.10029602801508e-20 0.979166666666667
0.0146954516835654 0.983050847457627
0.00266070636176516 0.983050847457627
0.00662433451428091 0.982758620689655
0.0236628444284803 0.981818181818182
3.34618898421112e-09 0.978260869565217
0.00959849031087918 0.980392156862745
0.0155273169538788 0.979591836734694
0.00402665272441114 0.983050847457627
5.71702842118876e-06 0.978260869565217
0.00237128440364397 0.981481481481482
0.011413620987552 0.979591836734694
0.00832924309929753 0.981481481481482
0.00218869595054514 0.983050847457627
0.000604981960319153 0.981818181818182
1.65014658903811e-10 0.979166666666667
2.10947552355579e-25 0.977777777777778
0.00216405236145014 0.976744186046512
0.00482782204468497 0.976744186046512
0.0113850357316503 0.978260869565217
7.56599596120655e-124 0.977272727272727
1.02278709033386e-37 0.982142857142857
1.88588608049127e-14 0.978260869565217
0.000487754269161165 0.981818181818182
5.24579476673869e-08 0.980392156862745
1.28096664585744e-06 0.977272727272727
0.000861006482199237 0.976744186046512
0.0304457137296942 0.982142857142857
0.00990620216556151 0.982456140350877
1.88891445187808e-05 0.978723404255319
0.000134909335849843 0.977272727272727
0.0177855407217148 0.977777777777778
5.00240283850625e-08 0.980392156862745
6.55590288948614e-106 0.977272727272727
4.54241170234001e-07 0.982456140350877
1.57169215315862e-101 0.977777777777778
0.000221372689585682 0.976190476190476
0.0106373194232232 0.981132075471698
3.8931494089843e-12 0.978260869565217
0.00127926150547521 0.982758620689655
0.0001319880593742 0.978723404255319
0.000101987717522975 0.980392156862745
8.84282125709803e-09 0.98
0.0157502415271819 0.98
3.03477722902774e-36 0.976744186046512
6.14006293754048e-06 0.980769230769231
0.00920882221418836 0.981132075471698
0.006839558970448 0.981481481481482
0.0118980690289218 0.978723404255319
3.32923218617464e-05 0.980392156862745
0.000506889483956091 0.976190476190476
0.00037900377760574 0.978260869565217
0.0133628602836163 0.976744186046512
6.08185798819779e-05 0.981481481481482
1.17195749523358e-51 0.979166666666667
2.15946293068808e-196 0.976744186046512
0.00504014488218239 0.976190476190476
0.000219934484894532 0.981132075471698
0.0130316979709126 0.979591836734694
2.76620777082856e-06 0.982142857142857
2.4522835256467e-05 0.982142857142857
3.02786213414749e-10 0.976190476190476
0.000890213220527234 0.979166666666667
0.000184025238870372 0.982758620689655
9.87378494950475e-76 0.982758620689655
0.000590304797425243 0.979591836734694
0.00191588951742758 0.976744186046512
7.17289236239232e-05 0.982758620689655
7.86371655949026e-22 0.981481481481482
2.2050154262674e-17 0.983050847457627
0.0238095238095238 0.976190476190476
1.13195260227491e-11 0.982142857142857
0.000115581630044905 0.976744186046512
1.0488095072019e-14 0.981481481481482
0.0215710540060478 0.976190476190476
0.00240986462813485 0.982758620689655
0.00488098394604915 0.980392156862745
0.0021935205844727 0.983050847457627
1.28228186905906e-08 0.977272727272727
0.00904245053530018 0.981132075471698
2.20712294517486e-15 0.978723404255319
1.35823804573411e-47 0.977272727272727
2.17710728451252e-110 0.981818181818182
0.00722616697947475 0.982456140350877
0.0088073108578345 0.982456140350877
0.00152798048482592 0.980392156862745
2.95113215068114e-15 0.978723404255319
0.00460990531438665 0.979166666666667
0.00610967205809225 0.980769230769231
1.04197680226801e-171 0.982456140350877
0.0127132785416501 0.977777777777778
1.83789916540048e-08 0.982142857142857
0.0127463668273372 0.981818181818182
3.48257685874259e-162 0.981481481481482
8.93420586236274e-06 0.977777777777778
0.000131612233997759 0.982758620689655
0.000471230061340264 0.981818181818182
5.09088529853001e-09 0.983050847457627
9.71852222696274e-22 0.978260869565217
0.00501446382440911 0.980769230769231
6.12418301086074e-39 0.98
6.14235676795679e-15 0.977777777777778
0.000550237854197307 0.976190476190476
4.97739068593114e-05 0.979166666666667
1.02652237251017e-106 0.976744186046512
2.739417529801e-68 0.982142857142857
0.00238211847999195 0.983050847457627
2.28633054144511e-05 0.977272727272727
2.6949419566656e-106 0.982142857142857
1.07833919569507e-27 0.976744186046512
1.29081103064202e-14 0.975609756097561
0.0098555963768089 0.981818181818182
0.000266508642106704 0.977272727272727
1.91113536184536e-36 0.975609756097561
0.00748479844381889 0.980769230769231
0.0221920392582279 0.981818181818182
0.0175439803602014 0.982456140350877
0.00862580140183014 0.982758620689655
0.0193671873693527 0.977272727272727
0.0422388724129771 0.977777777777778
0.00153956917426066 0.982456140350877
2.96535438613344e-06 0.976190476190476
3.2092755996202e-12 0.980769230769231
1.25333726582062e-09 0.98
0.00182878179634195 0.978723404255319
0.0214244429652059 0.980392156862745
6.06640393141292e-08 0.982456140350877
5.26868908927671e-24 0.976190476190476
0.00217843124030887 0.978723404255319
4.83433607622565e-13 0.981132075471698
4.18787717910936e-05 0.982456140350877
0.002617853117057 0.978723404255319
0.01155196464691 0.98
0.00992665146476916 0.975609756097561
0.00813337475349931 0.981481481481482
0.00379155519312318 0.983050847457627
4.53985922862042e-05 0.980392156862745
0.00205769170783715 0.981132075471698
0.00165994517798839 0.979591836734694
0.00460888013248598 0.976744186046512
2.47802040773143e-15 0.981481481481482
0.00287851281900883 0.980392156862745
6.04098284951216e-06 0.982456140350877
0.00822417472242803 0.981818181818182
0.0111156941732589 0.978260869565217
6.5743804278031e-08 0.977272727272727
0.00240568262196664 0.982142857142857
0.00857948553840686 0.981818181818182
0 0.979166666666667
6.24420731981352e-36 0.981818181818182
0.0222126131747535 0.979591836734694
0.0145909148582128 0.979166666666667
4.11427967466946e-07 0.978723404255319
4.0147064242004e-49 0.982142857142857
0.000632352790450625 0.976190476190476
0.017853904859327 0.979591836734694
1.77182074591401e-08 0.980769230769231
0.000302441896668895 0.98
0.010996720624267 0.983050847457627
0.000184027419076282 0.977777777777778
5.54828392785002e-05 0.979591836734694
2.54699587436554e-116 0.978260869565217
1.84576255585781e-08 0.978260869565217
0.00369641884873902 0.979166666666667
5.27536338151332e-05 0.979591836734694
3.29228127516693e-05 0.982456140350877
0.00605755111034528 0.98
0.00300914105748584 0.980392156862745
9.81802412562204e-76 0.978260869565217
0.00413175004998029 0.982142857142857
0.0123192474614626 0.977272727272727
4.14839841046295e-93 0.982758620689655
0.00512753377383369 0.982142857142857
0.000388630267118775 0.982142857142857
0.0183044040543605 0.981481481481482
0.00713739465022057 0.979166666666667
3.27443365672644e-70 0.979166666666667
1.55793156845872e-86 0.981132075471698
0.00239782261485182 0.978723404255319
4.0532374462238e-08 0.982758620689655
1.88220989107311e-12 0.979166666666667
0.00715520576032137 0.978260869565217
0.0164407610008538 0.980392156862745
0.00415910046241803 0.977272727272727
1.24600178530446e-44 0.982758620689655
0.00948904763435881 0.980769230769231
0.000315568933290933 0.976744186046512
0.0218520286735396 0.977777777777778
0.00279380299113464 0.980392156862745
1.56021662886738e-28 0.977777777777778
0.0223282665532859 0.975609756097561
2.56172922616487e-07 0.981481481481481
4.26838544837368e-07 0.978723404255319
0.00204679838870566 0.983050847457627
1.40649544239583e-192 0.981818181818182
1.41448583590367e-121 0.979166666666667
2.56843759028185e-31 0.981132075471698
0.00414291519210631 0.981818181818182
1.89497542011398e-11 0.978723404255319
7.09576084397074e-08 0.979166666666667
8.0957219990133e-15 0.977272727272727
7.73705586284098e-06 0.981481481481482
0.0342895586242445 0.977777777777778
0 0.980392156862745
1.42841641203668e-05 0.978260869565217
1.72171378682552e-72 0.980769230769231
5.29515362104291e-06 0.979166666666667
4.54208993329456e-306 0.981818181818182
0.00144156161829738 0.982758620689655
0.0043745601817079 0.981481481481482
2.30923563305352e-13 0.977272727272727
7.58490248982098e-09 0.982142857142857
0.00207618354881565 0.979591836734694
0.000119752879556127 0.979166666666667
0.0128399569273676 0.983050847457627
0.0227272711759993 0.977272727272727
0.00711721078398795 0.983050847457627
0.00420207554129358 0.978260869565217
0.0162959858096094 0.977777777777778
0.0111297502328212 0.978723404255319
0.00901653335765922 0.983050847457627
1.92731429459896e-26 0.980392156862745
9.42152641487146e-11 0.975609756097561
0.000152988185386955 0.980392156862745
0.000767314403376205 0.976190476190476
0.000137271831900087 0.982142857142857
0.0062095777481887 0.981481481481481
0.00158423959981792 0.978723404255319
0.0314951734698521 0.980769230769231
0.00895666863489106 0.977777777777778
0.0056519459562606 0.976190476190476
0.00465249621811127 0.982142857142857
0.00223739044731948 0.978723404255319
0.000470009187769069 0.982142857142857
2.23650460199086e-09 0.977272727272727
0.00750337948839092 0.980769230769231
0.0107239242551333 0.975609756097561
0.000393556919158398 0.981132075471698
1.56960556243074e-07 0.977777777777778
0.00765572848514176 0.981818181818182
8.67459747658698e-11 0.976744186046512
6.95564483985553e-10 0.982758620689655
9.0166974736231e-07 0.982142857142857
1.84443646637671e-12 0.982456140350877
1.10751204290505e-05 0.978723404255319
0 0.978260869565217
3.09661871824667e-70 0.981132075471698
5.38074151854053e-06 0.982758620689655
0.0104954142850473 0.982456140350877
0.00460073450469024 0.978723404255319
3.29816461680911e-171 0.978260869565217
0.0135530658687638 0.978260869565217
6.65000839481132e-05 0.980392156862745
0.00101789800592141 0.979166666666667
9.07203452522178e-08 0.975609756097561
4.79583276758462e-07 0.98
0.0025713232994512 0.982456140350877
0.00215757864124118 0.976744186046512
0.0112942557182758 0.977272727272727
0.00773420269738974 0.979166666666667
0.00505374213691228 0.981132075471698
3.59150034778759e-06 0.977777777777778
0.000767064506402583 0.982456140350877
8.03730228519884e-06 0.975609756097561
0.000591390301357524 0.980392156862745
6.87880242306952e-10 0.982142857142857
0.0207540442798592 0.978260869565217
4.16267652142776e-05 0.978723404255319
0.0117293874368902 0.979166666666667
0.000424182830433608 0.982758620689655
4.83255459479541e-78 0.979591836734694
5.17747780544888e-97 0.982142857142857
4.4699864455032e-09 0.975609756097561
2.686519235281e-27 0.977777777777778
0.00278469215718088 0.981481481481482
1.0101039772479e-136 0.976744186046512
4.96470769409061e-05 0.981132075471698
0.00472736014360206 0.977777777777778
2.55018215833174e-10 0.98
0.00119822479438268 0.982758620689655
2.08582082263085e-09 0.982456140350877
9.23367317277609e-06 0.979166666666667
0.00945452349267445 0.977777777777778
9.14768703776814e-13 0.976190476190476
0.00602735641153485 0.981132075471698
2.80430904452289e-37 0.980392156862745
0.0137962642539988 0.977272727272727
0.0012338071826381 0.976744186046512
0.00965605871252956 0.981132075471698
6.26227998848255e-09 0.981818181818182
0.0110941020326589 0.978260869565217
0.000794648346194573 0.982142857142857
0.000550057880675144 0.976190476190476
0.00151705222034494 0.981818181818182
4.96379651298769e-28 0.975609756097561
2.44033879201696e-05 0.978260869565217
0.00442227109657551 0.976190476190476
0.00919009785806334 0.981818181818182
0.000311460351043923 0.982758620689655
2.12685229179721e-05 0.982758620689655
0.0126118153559223 0.977272727272727
0.00134438585558666 0.980392156862745
6.72619312062786e-05 0.980392156862745
0.00331531300769774 0.982456140350877
0.00253404970030624 0.982758620689655
2.78148769219526e-08 0.979591836734694
3.81884014806235e-78 0.982456140350877
0.00263659481790075 0.982456140350877
9.13928113615719e-10 0.979591836734694
0.0136285005564369 0.979166666666667
0.00776588296028826 0.981481481481482
0.00212476044443815 0.975609756097561
2.01686505142945e-180 0.977272727272727
3.04035397948471e-78 0.977777777777778
0.0237172105602607 0.975609756097561
2.80941771331521e-08 0.981818181818182
1.84890980087347e-05 0.98
0.00347656608725548 0.980392156862745
1.25789228289359e-14 0.98
0.00410505077978473 0.98
1.30142944841637e-09 0.982142857142857
0.00201867653360879 0.977272727272727
5.13515801753232e-104 0.981132075471698
4.06000939754683e-68 0.979591836734694
0.00732620841206335 0.978260869565217
9.14885848793515e-09 0.977272727272727
0.00246563698955632 0.982456140350877
3.52612653651114e-17 0.982456140350877
0.00363007645918505 0.982758620689655
0.000101926176566842 0.976744186046512
6.20651618767341e-05 0.977777777777778
0.00446930035185719 0.982142857142857
0.00343857730259406 0.982456140350877
0.00323083643659405 0.982142857142857
6.73612082515381e-18 0.977777777777778
3.77867675288709e-61 0.979591836734694
6.66132264242779e-298 0.975609756097561
1.51820224132494e-34 0.977777777777778
4.10212277015387e-07 0.981481481481482
0.00839146409066144 0.981818181818182
0 0.979166666666667
1.8938763282477e-05 0.979591836734694
0.00419470394231695 0.983050847457627
0.00125053348900976 0.978723404255319
0.00374301459743295 0.982142857142857
1.91821347362785e-17 0.980769230769231
0.0103398263581669 0.982142857142857
3.19334031481509e-59 0.98
3.48185667487533e-07 0.982758620689655
0.00015212968691031 0.982142857142857
0.00540914019941637 0.981132075471698
0.000115969471308353 0.98
0.000614068204882151 0.981481481481482
5.17562624492355e-16 0.977777777777778
0.036971020492467 0.978260869565217
1.6176447642955e-06 0.976190476190476
0.00610522535071018 0.978260869565217
5.90983818719364e-51 0.979591836734694
1.98157583873517e-174 0.979591836734694
0.00912508531614524 0.981481481481482
0.00660555285050765 0.981818181818182
2.09379374197095e-13 0.976744186046512
1.50346320132364e-10 0.980392156862745
0.00101853565583776 0.981132075471698
1.09180554428614e-62 0.977272727272727
7.83427378336699e-07 0.978723404255319
0.0173539654967064 0.983050847457627
3.92873072950257e-40 0.982758620689655
0.00448681814152533 0.98
0.0227768118746286 0.981132075471698
1.72664278474051e-22 0.978260869565217
0.00199876734951826 0.978723404255319
0.000290744183102937 0.979166666666667
0.000375632039347921 0.981818181818182
0 0.975609756097561
8.50458625203619e-06 0.978723404255319
0.000202450223219332 0.977272727272727
0.00590765957006208 0.977777777777778
4.75140611691763e-19 0.978723404255319
0.000435620461811586 0.981481481481482
0.00211600979340221 0.981132075471698
8.63600301583543e-06 0.977272727272727
9.50955152726276e-05 0.976190476190476
0.000629177601898971 0.981132075471698
0.00218257368383119 0.978260869565217
0.000139460818376772 0.976744186046512
6.38327390357527e-13 0.977777777777778
2.79523472735335e-08 0.983050847457627
0.00178749797732619 0.980392156862745
0.00246518272687622 0.981132075471698
0.00516334694428443 0.981818181818182
7.80798748976411e-162 0.976190476190476
0.00157799930657793 0.977777777777778
0.00220585803868333 0.975609756097561
0.00209786088378031 0.980769230769231
7.69740477191581e-06 0.982142857142857
0.00614884972958445 0.98
7.59913552626267e-10 0.981818181818182
1.92046433521154e-97 0.981481481481482
4.43734796756646e-06 0.977272727272727
6.52148136207611e-17 0.978723404255319
3.21156588658985e-47 0.981132075471698
9.22653376854305e-07 0.976190476190476
0.00107314535664691 0.982142857142857
0.00567521234509897 0.980392156862745
0.0024403079382723 0.983050847457627
5.6185220614234e-78 0.977777777777778
0.0144815907121975 0.983050847457627
4.49308544178394e-12 0.98
0.00631185699418423 0.975609756097561
0.0121586085011815 0.976744186046512
0.00408645759465235 0.977272727272727
1.85485313501929e-20 0.979591836734694
0.0110205164970331 0.979166666666667
0.00364812575566626 0.981818181818182
7.95336785320495e-07 0.977777777777778
1.33529160725834e-88 0.977777777777778
0.0138354960337555 0.980769230769231
0.0128805551124846 0.977777777777778
1.81237717307894e-39 0.980392156862745
0.0294630733090703 0.975609756097561
0.00822773507110943 0.981481481481482
3.56895244757819e-08 0.980769230769231
5.1271294750881e-36 0.975609756097561
1.30682753880186e-19 0.977777777777778
3.28584392444186e-05 0.98
1.20021169606708e-24 0.979591836734694
8.45811798854584e-05 0.983050847457627
0.0146238354530874 0.978260869565217
0.0262271813821659 0.977777777777778
5.27889930008222e-05 0.98
0.000144569412133 0.983050847457627
0.000213181287627245 0.982456140350877
0.00136404413234952 0.979591836734694
0.000484411899145782 0.981818181818182
0.000136810065673391 0.982456140350877
6.83892511046802e-11 0.979591836734694
0.000160879842002074 0.976190476190476
3.55278390667963e-56 0.976744186046512
0.00919466565910585 0.981481481481482
0.00014548897723762 0.982758620689655
0.0158286354686093 0.981132075471698
6.01689369050107e-193 0.975609756097561
0.000138825496414989 0.976744186046512
0.00212479405930109 0.980392156862745
0.00429018400604115 0.981132075471698
0.00795236591843259 0.980769230769231
0.00792460524347659 0.981818181818182
7.62357354031471e-89 0.979591836734694
0.00185464589793048 0.980769230769231
0.00111603472108648 0.978723404255319
8.16465654965791e-160 0.979591836734694
0.00983721099918266 0.982758620689655
0.00562889212275834 0.982456140350877
3.09403132917889e-70 0.977272727272727
7.78505574726696e-10 0.978260869565217
0.0146598991694827 0.978260869565217
0.0231650267947179 0.981818181818182
0.000236683877045328 0.982456140350877
0.00957625878525661 0.977272727272727
1.49011297699252e-05 0.977777777777778
1.25941085666357e-07 0.975609756097561
0.00941340228801634 0.977272727272727
5.00588681984031e-06 0.979591836734694
0.00240654430282565 0.977777777777778
0.00153258981226997 0.98
1.06192563054884e-06 0.983050847457627
0.00715637808443215 0.982142857142857
7.12369546580559e-10 0.983050847457627
0.000437882333210595 0.983050847457627
1.1604221866056e-10 0.978260869565217
3.88293099628619e-66 0.980769230769231
0.00482250217384244 0.982456140350877
0.00223099026110458 0.980392156862745
1.78072515518457e-09 0.980769230769231
0.00197807849332552 0.982456140350877
4.20791176945028e-13 0.98
6.0134501183958e-12 0.980392156862745
0 0.975609756097561
5.97687283616606e-88 0.979591836734694
1.03540195300084e-05 0.980769230769231
0.0179010767316958 0.982758620689655
2.87771810960146e-159 0.978260869565217
0.0111845628235899 0.983050847457627
0.0148576451019889 0.982142857142857
4.52316695876751e-08 0.982142857142857
0.000632383045248651 0.977777777777778
8.17503330898808e-08 0.983050847457627
0.00116074592085407 0.981132075471698
4.74395365066295e-07 0.980769230769231
0.000351430824800753 0.982758620689655
0.00808543624111088 0.977272727272727
0.00193591672983521 0.976190476190476
1.55191093647544e-09 0.976190476190476
0 0.979166666666667
3.29577005250068e-05 0.982456140350877
0.00149599852518946 0.982456140350877
0.00610708064685259 0.979591836734694
5.6672216296105e-21 0.979166666666667
1.49596691187909e-12 0.982456140350877
0.0052466420095562 0.978723404255319
8.96993691564706e-23 0.976190476190476
1.50634075997211e-06 0.978260869565217
0.00176863667925759 0.975609756097561
1.96640502989325e-05 0.979166666666667
7.96619164337444e-21 0.977777777777778
0.00870968449501953 0.980392156862745
0.00302829866264313 0.977272727272727
2.69499489884135e-08 0.983050847457627
0.000855401723793878 0.982456140350877
5.68696622543936e-10 0.978723404255319
0.00634616196322315 0.979591836734694
1.00558201392107e-47 0.978260869565217
0.000957411644732532 0.981818181818182
1.64919249454367e-07 0.981818181818182
0.0230084774315128 0.975609756097561
0.000116428793692597 0.978723404255319
8.99424862253752e-17 0.980392156862745
0.000182321293049655 0.979591836734694
0.000254760616937284 0.979591836734694
0.00433604424734809 0.982456140350877
0.0018287808111046 0.981818181818182
0.0111353069961075 0.979166666666667
0.00490945695193078 0.981818181818182
0.00621876623362396 0.979166666666667
4.1851088990551e-05 0.978260869565217
1.90240393906449e-08 0.975609756097561
0.000113732405294965 0.979166666666667
3.65775125808645e-08 0.980392156862745
3.84185002198878e-119 0.983050847457627
4.15909772259033e-08 0.98
0.000181357291548419 0.980392156862745
7.53773144620343e-09 0.981818181818182
0.000572924353534632 0.982758620689655
0.00331223838294132 0.977272727272727
0.00432909357109113 0.980392156862745
1.02114197960945e-23 0.978260869565217
0.00112483122212843 0.98
0.00477941858384769 0.982758620689655
0.00234302404270683 0.977272727272727
0.0059474022822784 0.977272727272727
0.0130210744143539 0.976190476190476
2.41857658149695e-06 0.975609756097561
0.0253957197463191 0.978260869565217
7.45301569975527e-06 0.981481481481482
0 0.977777777777778
0.000671980343586689 0.976744186046512
1.12603848134334e-07 0.977777777777778
7.68166922700316e-37 0.975609756097561
0 0.979166666666667
0.00514421929605629 0.979166666666667
0.00835765092402025 0.98
0.000120696781931223 0.980769230769231
0.000250095501146889 0.977777777777778
1.29174116159295e-20 0.982758620689655
1.38190914629728e-52 0.98
0.00357516306650986 0.982758620689655
0.021186119131951 0.980769230769231
1.50995411241701e-21 0.977777777777778
0.00352960491656594 0.98
0.00209733284923935 0.977272727272727
0.006396651778389 0.980392156862745
7.95198108226305e-05 0.978723404255319
0.00647193592209839 0.978260869565217
0.00118146858182751 0.979591836734694
1.3113027374356e-180 0.980392156862745
6.8547184961127e-06 0.983050847457627
0.00812741597579084 0.976190476190476
0.0222222222223041 0.977777777777778
0.00893627208998295 0.976190476190476
0.00355405101723389 0.981481481481482
0.00312282022357537 0.982456140350877
0.00941876513780934 0.98
0.00920883854151646 0.981818181818182
0.00925263544881704 0.979166666666667
0.00116636898288395 0.979591836734694
0.00997442098597385 0.980392156862745
0.000154473287610399 0.977272727272727
0.0118950562031233 0.981481481481482
4.05563199402123e-25 0.979166666666667
0.0102705692963639 0.979591836734694
0.00138736135087844 0.980769230769231
1.06067726026299e-13 0.981132075471698
4.11536971150058e-25 0.979166666666667
1.49266243167968e-60 0.977272727272727
0.00306949372048496 0.981132075471698
1.43233458841777e-07 0.976744186046512
4.93520373193478e-05 0.979166666666667
2.53187922370085e-10 0.976744186046512
1.01960015532557e-05 0.977777777777778
0.00722628516720579 0.976190476190476
4.86328661850018e-102 0.979166666666667
0.00586340528253089 0.983050847457627
0.00819962014490921 0.977272727272727
2.74877301860791e-07 0.979166666666667
4.35692041984295e-05 0.981132075471698
0.00947124915851224 0.982758620689655
2.18042919786644e-06 0.980392156862745
0.000151983044338967 0.982142857142857
0.000221898065033795 0.980769230769231
0.00532280928077105 0.982456140350877
0.00425680783144839 0.98
0.00385288544465052 0.982142857142857
0.00332732809646277 0.983050847457627
0.0207164957641335 0.981481481481482
0.0049634941833887 0.981818181818182
0.00141344976455462 0.98
6.46319652440239e-07 0.982142857142857
0.00186673560173163 0.975609756097561
5.28376339973773e-13 0.980392156862745
7.00680889905001e-09 0.976744186046512
0.00362329972790739 0.983050847457627
0 0.975609756097561
2.75867741642524e-12 0.982142857142857
1.80236367617157e-07 0.975609756097561
0.00271200890080362 0.978260869565217
0.00848041573482499 0.981818181818182
0.0036112699283513 0.982758620689655
0.00170324918986664 0.981481481481482
3.46464476596548e-08 0.980392156862745
9.60132712103771e-10 0.981132075471698
1.06566966124445e-07 0.977272727272727
7.15987749943072e-19 0.975609756097561
4.63531129407831e-07 0.981818181818182
2.90953742856623e-41 0.982758620689655
0.000593559273540317 0.978260869565217
0 0.981132075471698
0.000439886235035208 0.980392156862745
0.00071855724599212 0.982758620689655
4.58951973419253e-18 0.976190476190476
8.30862065817971e-07 0.976744186046512
0.0227511777068813 0.978723404255319
1.17387456986725e-14 0.98
0.00387853762635429 0.981818181818182
1.15250117876738e-255 0.980392156862745
0.0130028752090091 0.979591836734694
0.00441581846587242 0.978260869565217
0.00181756236326838 0.981132075471698
6.18451652726113e-05 0.983050847457627
0.00689702936171551 0.981132075471698
0.000509995201034196 0.981818181818182
7.77878729858105e-62 0.978260869565217
2.3438791171579e-57 0.975609756097561
0.00576514463380648 0.979166666666667
0.00627437822574474 0.982456140350877
3.8546366424211e-14 0.981818181818182
3.88094175389585e-25 0.976190476190476
6.96950825599897e-56 0.981818181818182
0.000951829099558603 0.978260869565217
0.00557272887145909 0.979591836734694
0.00469616049547015 0.982142857142857
0.000508045411423553 0.978723404255319
0.00164082247967953 0.980392156862745
0.00817405404542707 0.981818181818182
0.00206774910772737 0.978723404255319
0.00261407993531582 0.983050847457627
4.96291139410577e-10 0.977777777777778
0.0239715928689447 0.977272727272727
0.00686743213218158 0.979166666666667
0.00284624907032155 0.98
1.66732730776114e-13 0.976744186046512
0.0133274974177608 0.982758620689655
1.11314129556794e-09 0.979591836734694
0.0182317272031511 0.981818181818182
4.74855637362459e-06 0.982142857142857
2.20410391162187e-16 0.977777777777778
1.61105762557223e-12 0.978260869565217
8.44322000038638e-05 0.982456140350877
5.31679460768141e-06 0.980392156862745
1.09983096994379e-06 0.981132075471698
3.47724831264625e-17 0.980769230769231
0.000793805063223447 0.981132075471698
7.72181942260104e-95 0.976190476190476
4.64903802755223e-08 0.982456140350877
0.00749680396077394 0.981481481481482
0.0256613820719503 0.975609756097561
4.11782708589403e-10 0.978723404255319
1.04282061641439e-21 0.975609756097561
0.00494763230566369 0.975609756097561
0.00632920149534563 0.982142857142857
0.00482444811495398 0.977777777777778
5.06444438486303e-31 0.981481481481482
7.67391779476966e-109 0.983050847457627
4.2179849998788e-05 0.981818181818182
0.0110439025253576 0.982142857142857
7.17126728591534e-06 0.983050847457627
5.77042418910779e-20 0.981481481481482
0.0088580084318467 0.977777777777778
0.00239748104570015 0.980392156862745
0.00941222007084766 0.981818181818182
0.0170179819971809 0.982142857142857
0.00193230468492209 0.977777777777778
0.00873690729320293 0.982142857142857
2.47567813190461e-07 0.981132075471698
3.57302328227309e-13 0.975609756097561
5.13893805971112e-18 0.982456140350877
0.00596007464855089 0.979166666666667
8.3438747912175e-06 0.980392156862745
0.00582020578158188 0.975609756097561
7.19142649506065e-60 0.979591836734694
9.68263444729625e-05 0.981132075471698
0.00100653507008306 0.982758620689655
0.0232378690032704 0.976744186046512
0.0010117698332248 0.975609756097561
0.00101485643792555 0.981132075471698
0.00470249721783432 0.977777777777778
0.0171336281161524 0.982142857142857
6.88362663513368e-298 0.982456140350877
6.4776754355486e-05 0.976744186046512
8.80138742426346e-10 0.983050847457627
0.0103979217134362 0.979166666666667
0.00261829055509342 0.98
9.63784187091032e-140 0.977777777777778
5.99174761617322e-74 0.98
0.00342086716228571 0.981818181818182
2.02010961074232e-18 0.980769230769231
5.47801097494437e-08 0.982758620689655
9.37326432721765e-06 0.982456140350877
6.30734162334251e-05 0.981132075471698
2.46360867119718e-66 0.977777777777778
0.00369034161724857 0.980392156862745
0.000179869956860212 0.976190476190476
1.65870969409051e-19 0.976190476190476
0.00724098411693439 0.977272727272727
9.38128356152452e-05 0.982142857142857
0.00797293297732581 0.982142857142857
0.00375844423367075 0.979591836734694
1.51689606822638e-13 0.981481481481481
1.24731686793355e-18 0.982758620689655
0.0117768754769371 0.979591836734694
0.00441285276738528 0.983050847457627
0.0190257963700682 0.977272727272727
0.00637644970075985 0.983050847457627
0.0114950398747286 0.982456140350877
6.61235479425099e-13 0.982758620689655
5.6783406402304e-08 0.978723404255319
2.61641813258358e-111 0.976744186046512
0.00575236658405706 0.983050847457627
1.0192286337588e-18 0.978260869565217
1.49295317999274e-23 0.979166666666667
0.00168622428784603 0.983050847457627
0.00190602232968793 0.983050847457627
0.000207557475431772 0.979591836734694
0.0146880565904059 0.982142857142857
0.0134624980213506 0.980392156862745
0.000324411929270166 0.983050847457627
1.01666016296331e-50 0.979591836734694
0.00706491787081075 0.980769230769231
2.24227828876342e-15 0.976744186046512
0.000164831178361169 0.977272727272727
0.00501089304671808 0.979591836734694
3.13885477707667e-12 0.975609756097561
0.00909939194714476 0.981481481481482
1.55716195991469e-07 0.977272727272727
2.88877934868131e-06 0.981132075471698
2.26018550190741e-08 0.980392156862745
3.35348579889571e-09 0.981132075471698
0.000134887013666688 0.977272727272727
1.56903828522659e-79 0.977777777777778
0.0038573892325113 0.978723404255319
9.83011537302592e-42 0.982142857142857
1.29741602722502e-08 0.975609756097561
2.99702109507302e-11 0.981481481481481
0.0141931948820548 0.981481481481482
0.000218730681091401 0.977777777777778
0.0135619496015993 0.979166666666667
0.00347324660783432 0.980392156862745
0.0101114630081167 0.980769230769231
0.0055432937734596 0.979591836734694
6.92440236115288e-09 0.981818181818182
0.0179960443711916 0.976744186046512
0.00700097467772313 0.977777777777778
0.0197107724628201 0.980769230769231
0.012078365647027 0.975609756097561
7.42454021542773e-24 0.975609756097561
3.01242841365716e-06 0.981818181818182
1.68996666077194e-11 0.980769230769231
0.00799696208559598 0.981132075471698
0.000143449598239086 0.981481481481482
0.00410466144811994 0.983050847457627
0.0091788455859564 0.976190476190476
1.58951365435499e-15 0.983050847457627
0 0.978723404255319
1.67009348421202e-37 0.982142857142857
8.30313146201116e-11 0.976744186046512
5.94677989422405e-11 0.981481481481482
7.40493428608839e-15 0.976744186046512
0.00738478020494572 0.976190476190476
0.00432081005413125 0.981132075471698
2.12921623290799e-06 0.982758620689655
1.41027933129535e-05 0.978260869565217
1.22493655507725e-24 0.975609756097561
0.00319577533394266 0.979591836734694
1.46654513414098e-10 0.980769230769231
0.0166542902201522 0.979166666666667
0.000815711356427927 0.976744186046512
0.00620230127665739 0.981818181818182
0.00769986034426852 0.975609756097561
4.05568210916112e-05 0.980392156862745
0.00640729051461534 0.977272727272727
1.12682530155813e-150 0.975609756097561
0.0188176099961991 0.98
0.000639996366876996 0.975609756097561
0.0112656567306581 0.978723404255319
0.0095412571573289 0.982758620689655
0.000191631632068735 0.980392156862745
1.10272282765646e-07 0.982758620689655
0.00632512756864281 0.981481481481482
0.000641120786249641 0.981818181818182
1.08786581301413e-301 0.975609756097561
5.85888417023635e-08 0.982758620689655
6.19789821149467e-10 0.976744186046512
0 0.975609756097561
9.37607473074427e-05 0.98
2.90863535367584e-05 0.977777777777778
0.00762459554620023 0.976744186046512
4.88684970390455e-16 0.982758620689655
0.00648586547278967 0.982142857142857
8.90676843050567e-11 0.975609756097561
2.26880152421284e-104 0.977272727272727
0.00472223530939835 0.980392156862745
1.15142934153076e-05 0.979591836734694
0.0201552849908023 0.976190476190476
0 0.975609756097561
2.03908194645359e-44 0.976744186046512
0.0238095231743911 0.976190476190476
1.27539026720846e-12 0.977777777777778
0.00184480257132167 0.982758620689655
0.0145638291214809 0.981132075471698
2.12129666668269e-09 0.981481481481482
0.00695834398918757 0.977777777777778
0.000710804601816639 0.979591836734694
7.23532596164151e-06 0.981481481481482
6.31761808357247e-08 0.977777777777778
0.00012829107015486 0.977777777777778
0.00408313807566816 0.981132075471698
9.44278142020958e-32 0.979591836734694
0.000244355807596161 0.977272727272727
4.21308578893472e-07 0.978723404255319
1.30795025984765e-06 0.977777777777778
0.00122687925308866 0.982456140350877
0.00227842226098706 0.982456140350877
0.000252205304431328 0.980769230769231
0.00175443621561874 0.98
0.0240661673485216 0.975609756097561
0.000108422955413754 0.98
0.000397461910318649 0.982758620689655
0.000427926956382774 0.983050847457627
9.90676381809004e-26 0.976744186046512
1.06525554965344e-19 0.978723404255319
0.0121648920157033 0.976744186046512
0.00814225045960399 0.983050847457627
0.0167737868240931 0.975609756097561
0.00769528533716548 0.982142857142857
4.00622942255662e-05 0.976190476190476
3.87582053646563e-12 0.981818181818182
0.000556378751867592 0.980769230769231
2.9221191172689e-05 0.975609756097561
4.74418962183545e-82 0.978260869565217
0.0185447799807661 0.978723404255319
2.61431190463398e-47 0.980392156862745
3.01901302737015e-14 0.982142857142857
0.000782464950695673 0.979591836734694
0.00807861728210215 0.982758620689655
1.47182889679458e-05 0.977272727272727
0.022222057527114 0.977777777777778
0.0124700132789272 0.981132075471698
9.9258210921689e-26 0.977272727272727
0.000373128535901448 0.978260869565217
0.00877109894845104 0.982142857142857
0.00862995970554584 0.976744186046512
0.00132899802518493 0.980769230769231
0.0148894937968642 0.975609756097561
9.01688260239939e-05 0.981818181818182
0.00207709627398362 0.983050847457627
0.00239474570698203 0.981481481481482
0.00547663792784908 0.982758620689655
0.000629055878631834 0.978723404255319
0.00215106307487895 0.975609756097561
1.86355660950879e-13 0.981481481481482
0.000281606101736101 0.98
0.00124941683908866 0.982456140350877
0.0190293574640594 0.978723404255319
0.00020345839601855 0.981481481481482
1.61200044655321e-14 0.977777777777778
0.00712840819436588 0.982456140350877
1.26098177078713e-11 0.982142857142857
4.04054657286257e-07 0.977272727272727
0.000184449526622696 0.975609756097561
4.11451297765129e-11 0.982758620689655
1.05438188305234e-26 0.975609756097561
1.13109451551994e-11 0.982142857142857
1.3097965252782e-29 0.978723404255319
0.000629634475355184 0.981132075471698
7.88522690367988e-11 0.978723404255319
0.0180119800847417 0.976190476190476
0.000605637297450953 0.976744186046512
0.00700746904580795 0.981818181818182
0.000794363787246428 0.975609756097561
9.22298509942672e-07 0.978260869565217
1.31277877650155e-38 0.982758620689655
0.000523861883858533 0.976744186046512
0.0103082648988555 0.982142857142857
0.00639369424374748 0.981481481481482
1.07468701983051e-06 0.978723404255319
2.50267920990736e-145 0.975609756097561
3.94950689348308e-11 0.982456140350877
1.26991098507036e-16 0.979166666666667
0.000209278767619073 0.977272727272727
0.000128488651177605 0.980392156862745
0.00693987964834915 0.976744186046512
3.74716968988391e-11 0.981818181818182
0.00525434646473692 0.977777777777778
9.26331631818569e-19 0.977272727272727
4.38890642644168e-23 0.979591836734694
3.08584742148015e-07 0.977777777777778
7.61828821697536e-28 0.979166666666667
2.04583742554943e-05 0.981818181818182
3.73803324928792e-12 0.977272727272727
0.000825762845726889 0.981481481481482
0.00438427842335666 0.980392156862745
2.07707328457909e-15 0.979166666666667
0.00190290054854524 0.979166666666667
0.000771871514283791 0.982758620689655
0.00367037922597504 0.981132075471698
0.00376898588465088 0.976744186046512
1.16534279367335e-29 0.977777777777778
2.3599457272641e-08 0.979591836734694
0.00394081753604515 0.983050847457627
0.00345274270939799 0.981481481481482
0.00437507661490212 0.982758620689655
0.000200717722104054 0.979166666666667
0 0.977777777777778
0.0147757806643611 0.982758620689655
7.32356874440311e-08 0.982142857142857
2.06838238298784e-08 0.979166666666667
0.0253272489002823 0.981481481481482
7.76623291870549e-09 0.981132075471698
0.00374036634864851 0.977272727272727
4.2601850593859e-05 0.976744186046512
1.85242679577093e-11 0.981132075471698
3.89117182724767e-05 0.981818181818182
4.56100987317425e-16 0.976744186046512
2.19336303056766e-07 0.977777777777778
0.00354335392041022 0.976744186046512
7.71651472858938e-05 0.975609756097561
2.24738893407117e-12 0.979166666666667
0.000696240332393386 0.981132075471698
0.00804630736544538 0.983050847457627
0.00709797217496221 0.979591836734694
0.023274048218627 0.979591836734694
1.62381379992225e-06 0.978260869565217
0.00153043829706891 0.977777777777778
0.000155978375679787 0.982456140350877
0.0205072224344786 0.978260869565217
7.77929656170632e-66 0.976190476190476
0.0143438844608731 0.975609756097561
0.0100877732568813 0.981132075471698
1.15141163409166e-05 0.976190476190476
0.00498358118584338 0.981818181818182
0.00630802270332926 0.981132075471698
1.44987340095136e-131 0.978260869565217
2.53188093336723e-237 0.983050847457627
1.3372352012992e-44 0.980769230769231
0.00426398159948953 0.980392156862745
0.00523328859083481 0.976744186046512
4.3111493590629e-97 0.979591836734694
0.00567694165714065 0.976744186046512
0.0234499064666764 0.976190476190476
0.00452415278489298 0.983050847457627
0.00871900303162888 0.979591836734694
4.93974832483181e-05 0.975609756097561
5.43867331227561e-05 0.980769230769231
0.00471051704950875 0.982142857142857
0.00645667586480474 0.977777777777778
0.00369793771529659 0.982758620689655
0 0.978723404255319
4.85916824686207e-09 0.979591836734694
0.00323008778696722 0.981132075471698
0.000777948357304573 0.981818181818182
0 0.98
0.000972294224817544 0.982758620689655
0.0139842177517287 0.976190476190476
0.00447788777604158 0.982456140350877
0.000199784950357082 0.977272727272727
0.00768554447907698 0.981132075471698
0.000133954607540833 0.982456140350877
0.000172558731253938 0.981818181818182
0.00119129307878861 0.981481481481482
0.000200546256339894 0.980769230769231
2.91134604895555e-12 0.977272727272727
1.40626720763992e-255 0.979166666666667
1.55542100665386e-13 0.981132075471698
0.00999828695917332 0.978723404255319
9.39594496283948e-05 0.980769230769231
3.0328566409093e-10 0.980392156862745
0.0022839030402731 0.982142857142857
0.0106594242449239 0.981818181818182
9.06487837267323e-25 0.981818181818182
5.81267370923007e-05 0.982758620689655
0 0.976744186046512
0.00494812435601425 0.977272727272727
3.65662090016159e-06 0.975609756097561
2.98016502688813e-07 0.98
0.00540269889237241 0.983050847457627
0.00434267435291203 0.983050847457627
2.69615604210438e-19 0.980392156862745
0.00381981889052236 0.979166666666667
0.000735178719187254 0.979591836734694
0.00199875639277343 0.975609756097561
0.000985172312548403 0.977777777777778
1.68795608905497e-07 0.978723404255319
1.10322504719224e-34 0.977272727272727
0.000258867991853005 0.975609756097561
3.33503779872872e-50 0.979591836734694
0.00483477229516354 0.979591836734694
0.00262608916921963 0.981818181818182
0.00173450874015542 0.980769230769231
0.00306103829344916 0.983050847457627
0.00963405040728434 0.975609756097561
1.97900958190109e-16 0.975609756097561
6.93114695601038e-31 0.977272727272727
0.0295255413759599 0.977777777777778
0.00497585765204553 0.982456140350877
5.77651469315119e-07 0.976190476190476
0.00864976915208844 0.980392156862745
0.00692500493454849 0.981132075471698
2.54293049827289e-10 0.982758620689655
0.000721913521044642 0.976744186046512
0.0192178341141187 0.975609756097561
0.000103904424358867 0.975609756097561
2.49138502896739e-07 0.977777777777778
1.17167785328105e-06 0.981132075471698
2.59598105699605e-15 0.979166666666667
0.0065862986649849 0.977272727272727
8.59723137148396e-10 0.980392156862745
0.00886060317378239 0.975609756097561
0.00220739043086395 0.979591836734694
0.0157009335842965 0.981132075471698
2.02044411808504e-11 0.981481481481482
1.56994333766669e-08 0.980392156862745
1.92161007763766e-06 0.980392156862745
3.4087953732077e-13 0.976744186046512
1.19491412431042e-19 0.976190476190476
0.00116953439172243 0.982456140350877
0.000310250851392397 0.981818181818182
8.17139964684257e-05 0.979591836734694
0.00359850398541919 0.980769230769231
0.00767487075227938 0.981132075471698
0.0085620588411194 0.975609756097561
4.62648268743679e-06 0.976744186046512
0.0238894283740266 0.975609756097561
2.50859335508244e-08 0.975609756097561
0.00275159400572041 0.980392156862745
2.76658712375473e-137 0.977777777777778
0.00298935082318536 0.979591836734694
0.000253759836270395 0.976190476190476
0.000270646971881217 0.976190476190476
0.0156669710916656 0.979166666666667
0.00703413554675874 0.982142857142857
5.02066172281169e-05 0.977272727272727
0.00149017317147615 0.977272727272727
6.3535662149514e-109 0.976190476190476
1.62012991298415e-06 0.982758620689655
0.00101664744626787 0.979591836734694
0.000931082698383151 0.982456140350877
0.00391211829592139 0.981481481481482
6.3610669744093e-14 0.977777777777778
3.86234831769958e-213 0.979166666666667
0.0223652032434926 0.977272727272727
2.57094568679227e-270 0.977272727272727
1.83683788310077e-23 0.980769230769231
5.53518016238215e-200 0.981481481481482
8.98889998870279e-267 0.978723404255319
0.00502086019694665 0.980769230769231
0.00409712434683714 0.977272727272727
0.0151710512554779 0.978260869565217
3.10498633921176e-49 0.978723404255319
0.00445111522529338 0.981818181818182
0.00300594658696964 0.978260869565217
3.27730040567015e-17 0.981132075471698
0 0.975609756097561
2.29677038186627e-29 0.981132075471698
2.77142175078539e-09 0.977272727272727
0 0.981481481481482
7.51056937771101e-16 0.975609756097561
1.83341420570096e-50 0.976190476190476
3.0670586127311e-09 0.976190476190476
1.41125365986785e-19 0.978260869565217
3.56726061792818e-09 0.980769230769231
7.27684598210626e-06 0.978723404255319
0.00718461045119096 0.976190476190476
6.35507834069677e-07 0.981481481481482
0.00186263796356704 0.977272727272727
0.00638680972702943 0.982456140350877
4.90737618156368e-06 0.98
0.00969633083914779 0.978723404255319
0.01920765684168 0.981818181818182
0 0.977777777777778
0.000398821407516092 0.983050847457627
0.00249403443283229 0.976744186046512
1.51007563706079e-05 0.976744186046512
0.0125539321164651 0.979166666666667
1.44346542202259e-09 0.975609756097561
0.00062357176057331 0.979591836734694
0.00212641143734418 0.981132075471698
2.44784490301637e-05 0.981818181818182
5.07993117708604e-10 0.981481481481482
8.7898452254228e-14 0.976744186046512
0.0374477939796468 0.975609756097561
0.00159503787680215 0.979591836734694
0.0004593382338568 0.976744186046512
0.000833497622450609 0.982456140350877
0.0219821321513287 0.977272727272727
0.00113671536184943 0.983050847457627
0.00819067459624091 0.979166666666667
0.00145846712792208 0.981132075471698
1.51332508271673e-15 0.975609756097561
0.00321328953920719 0.977272727272727
2.27333010501811e-06 0.977777777777778
0.00823128548820196 0.976744186046512
6.19763374039623e-16 0.98
2.12067929904515e-15 0.983050847457627
0.00448171029124813 0.982758620689655
5.96294532482776e-05 0.979166666666667
3.02897818452535e-09 0.982758620689655
5.80376259857114e-21 0.980392156862745
1.61794379700048e-11 0.979591836734694
0.00827323672879148 0.981818181818182
0.00051552253491031 0.982758620689655
0.0255356030988601 0.979166666666667
0.00293623904911734 0.981132075471698
0.0178162614299816 0.978723404255319
0.00230141285446606 0.979166666666667
1.10223429245537e-09 0.981818181818182
0.000270706072243633 0.977272727272727
8.2985076576836e-11 0.981132075471698
8.80207306872239e-06 0.979591836734694
0.00319709044790433 0.982456140350877
0.00531435620877195 0.98
0.00720957038459822 0.981481481481482
0.00170629096506159 0.98
0.00918600652079986 0.982758620689655
0.00399266207847964 0.980769230769231
1.07653074999038e-11 0.977777777777778
0.00186208810983608 0.976190476190476
4.88106339037535e-07 0.977272727272727
4.13872881932792e-05 0.978260869565217
0.00787994200316886 0.980769230769231
9.1189208209601e-05 0.981132075471698
0.0204081615850513 0.979591836734694
0.00643643755336138 0.977777777777778
6.22061002612666e-19 0.977272727272727
0.00262453229004699 0.982758620689655
2.16990282516677e-28 0.978723404255319
5.16434233893381e-06 0.979591836734694
2.79939005223336e-28 0.982142857142857
0 0.976190476190476
0.0094802135512402 0.980392156862745
5.41957981946311e-06 0.977272727272727
0.00334961157835845 0.983050847457627
0 0.978260869565217
1.30460239069502e-05 0.977272727272727
1.33574696919164e-30 0.977777777777778
8.90205192689577e-09 0.977272727272727
0.014198052185928 0.981132075471698
0.0200288033741081 0.977272727272727
2.65824509317629e-10 0.977272727272727
1.91888085359407e-06 0.979591836734694
3.9647233441801e-07 0.982142857142857
0.000269184229899639 0.981481481481482
0.0239142954697624 0.979166666666667
1.52512293208897e-28 0.981132075471698
0 0.976190476190476
1.81927079586776e-21 0.976744186046512
5.83117274417859e-23 0.977272727272727
6.2494472760752e-16 0.975609756097561
0.00133385889359098 0.982758620689655
2.79527771391391e-126 0.982456140350877
2.422749108413e-11 0.978260869565217
1.0444351764874e-65 0.978723404255319
0.00646799534917376 0.98
0.00792484970734644 0.98
0.00822353593868393 0.98
1.23380794775578e-251 0.980392156862745
3.14014456799387e-41 0.979591836734694
5.56573825652567e-18 0.976744186046512
2.73687896824543e-24 0.981132075471698
0.0243801503682683 0.975609756097561
4.46913559515403e-06 0.976190476190476
2.16300119628813e-10 0.980769230769231
0.0214674094136476 0.976190476190476
5.37614429832721e-23 0.982142857142857
5.37587404138511e-09 0.980392156862745
0.00821907295039599 0.98
0.00948815990154416 0.977272727272727
0.00525701996369447 0.982142857142857
6.08512922004004e-37 0.976744186046512
0.000291608486097566 0.977777777777778
1.9164916443996e-101 0.978260869565217
0.0111838113175417 0.98
1.78980895794744e-22 0.979591836734694
0.00372611616143284 0.983050847457627
1.66878149355273e-28 0.975609756097561
1.9504962610171e-08 0.978260869565217
0 0.977777777777778
3.01207507530736e-10 0.975609756097561
0.00747337591697299 0.981132075471698
3.73333937763248e-06 0.977272727272727
0.0226123868649742 0.976744186046512
0 0.978260869565217
7.33826844227914e-05 0.981132075471698
2.35217523118099e-14 0.982142857142857
1.68648430257817e-06 0.98
0.00107689965024481 0.976744186046512
3.01790948935836e-05 0.982142857142857
6.56113257039136e-05 0.980392156862745
9.03009851459584e-05 0.979166666666667
0.0131127710998775 0.975609756097561
1.49401338171972e-92 0.975609756097561
2.96744704558107e-13 0.976744186046512
8.06543504480031e-84 0.978723404255319
0.000763850176870432 0.981818181818182
4.58734364748743e-07 0.976744186046512
0.0196956308679172 0.977272727272727
1.12170050670873e-15 0.975609756097561
1.7114891833951e-11 0.978723404255319
7.73908355839837e-06 0.978260869565217
6.52454687818577e-06 0.976744186046512
0.00588713383234606 0.977777777777778
0.00182880701923564 0.982456140350877
0.00531706335815158 0.975609756097561
0.0029709801894163 0.982758620689655
1.47877779773546e-10 0.979166666666667
4.16304336504204e-12 0.982758620689655
0.000602543097457217 0.976190476190476
6.6775709249911e-08 0.975609756097561
0.00430057551160395 0.981481481481482
0.00388870828867376 0.978260869565217
0.0291822752802939 0.978260869565217
3.95533014331916e-09 0.982758620689655
6.21296457847931e-95 0.979166666666667
2.35317752987244e-15 0.982456140350877
0.00026722842818063 0.981481481481482
0.00459148893302533 0.981132075471698
6.35726485568739e-190 0.975609756097561
0.0040231556358906 0.979166666666667
1.72376616052869e-12 0.977272727272727
4.10747938194196e-05 0.979166666666667
2.07413067888618e-06 0.976744186046512
0.0146362997164357 0.977777777777778
0.000100310382667217 0.982456140350877
0.000114709680267146 0.98
0.00241711943565989 0.981481481481481
7.06115255527249e-35 0.978723404255319
0.00349252962387005 0.982142857142857
2.05839052528404e-07 0.976744186046512
0.0176504690832459 0.982142857142857
0.0220438242615213 0.977777777777778
0.00499802505444902 0.979591836734694
0.000232637271167722 0.980392156862745
0.00415083711709914 0.976744186046512
0.00619914573040199 0.98
0.0144726736538904 0.980392156862745
9.11390071546908e-30 0.979591836734694
2.00436081339797e-35 0.977272727272727
0.0132743978000096 0.980392156862745
0.00915371315787384 0.979591836734694
0.00121534012118574 0.976190476190476
0.0136978014685963 0.976190476190476
7.97995247857488e-25 0.975609756097561
0.00208321549675006 0.980392156862745
0.0217574490852816 0.978260869565217
0.00270415894995455 0.979166666666667
0.00645010603603537 0.978723404255319
0.011685408100506 0.977777777777778
0.00424756911149403 0.980769230769231
6.08399149106894e-20 0.977777777777778
0.00703298140598352 0.975609756097561
1.5762925597414e-59 0.979591836734694
0.00919703945984932 0.975609756097561
0.00843250290227894 0.976744186046512
1.31735519222335e-13 0.977777777777778
0.0124296344915146 0.976744186046512
9.31279193444788e-05 0.982758620689655
0.00604816872652026 0.980769230769231
1.58797586288517e-05 0.977272727272727
0.00402439806733428 0.982456140350877
2.44689363682714e-223 0.976744186046512
0.000837437518492589 0.983050847457627
7.65674989043171e-10 0.979591836734694
0.00628471081556696 0.976190476190476
0.000159063966329843 0.977272727272727
9.44195084521104e-30 0.980769230769231
0.00311206369703273 0.980392156862745
0.000744005841140103 0.977272727272727
8.23810682737783e-26 0.981481481481482
0.000361514073118589 0.977272727272727
0.0188356536101234 0.981132075471698
8.88235369344472e-06 0.982456140350877
0.0172214009740177 0.980392156862745
2.47322142477494e-70 0.981481481481482
5.67626659740314e-14 0.981818181818182
1.87983328699391e-08 0.977777777777778
0.000981229149876538 0.980392156862745
5.6649552458402e-61 0.98
3.09635475826629e-05 0.978260869565217
0.000235617171373907 0.981481481481481
1.47101122633754e-44 0.980392156862745
0.00796528066290317 0.976190476190476
1.3677129425689e-21 0.981132075471698
0.000860900568670004 0.981132075471698
0.00384207345595673 0.980769230769231
8.20643547226992e-10 0.979166666666667
4.83251585323639e-13 0.977272727272727
0.000844567481982798 0.980392156862745
0.0100478964280951 0.979591836734694
4.37066120176599e-07 0.978260869565217
0.000246162869174515 0.978723404255319
0.00493738976087941 0.975609756097561
0.00757603737136342 0.982142857142857
1.95608251708774e-111 0.975609756097561
0.00369529814063371 0.982758620689655
4.79788326489454e-23 0.977777777777778
2.17106772483929e-15 0.977272727272727
0.0153306767407047 0.976190476190476
0.00348392404185304 0.981481481481482
3.18542435461516e-11 0.981481481481482
0.00345521721693109 0.978260869565217
0.000381540657316433 0.978723404255319
7.1712363064364e-11 0.977777777777778
0.000314949637193644 0.982142857142857
4.97615332705883e-07 0.982758620689655
0.00420763563958335 0.981481481481482
0.00394597152380625 0.98
0.0212765965382354 0.978723404255319
0.00312109720843536 0.975609756097561
1.30358385913947e-07 0.981132075471698
1.3693535618198e-15 0.981818181818182
2.0648930560397e-05 0.982142857142857
1.64932625416287e-09 0.975609756097561
0.00576542382043103 0.98
0.0217391264013353 0.978260869565217
4.03445130683001e-09 0.98
0.0103053125223661 0.976744186046512
1.68202542160506e-29 0.977777777777778
0.000717330281303063 0.978723404255319
0.0226686881695476 0.982758620689655
5.79338690923622e-08 0.982456140350877
0.0073572030693051 0.982456140350877
7.99124732245189e-13 0.979166666666667
0.000368669945295967 0.980392156862745
1.2429466742779e-11 0.979591836734694
7.16670869186116e-13 0.977272727272727
8.14018748602624e-07 0.979166666666667
0.00273755486011849 0.981481481481482
0.023809523817527 0.976190476190476
0.00580266505025012 0.976190476190476
5.7817552422569e-07 0.979166666666667
0 0.975609756097561
1.93802837138254e-08 0.982456140350877
0.00322374348841743 0.976744186046512
0.00244095940911816 0.982456140350877
4.07541979451993e-06 0.981481481481482
1.19205346132543e-17 0.982142857142857
1.34695452811821e-05 0.979591836734694
0.00715755347527928 0.981481481481482
3.58265250554802e-14 0.976190476190476
0.000222940417609347 0.978723404255319
0.00819363641301474 0.977777777777778
1.02435959352723e-07 0.983050847457627
